# Position (bp)	A	C	G	T	N
0.0	26.357838200738502	23.63432919324158	23.856159785162806	26.151672820857115	0.0
1.0	26.398399910484503	23.705941591137965	23.71153630972362	26.184122188653912	0.0
2.0	26.215164627989136	23.745535002503477	23.699101825718945	26.340198543788446	0.0
3.0	26.166428453554037	23.8664365649203	23.667847942649843	26.299287038875818	0.0
4.0	26.209581558478607	23.824959934664836	23.75699570119231	26.208462805664247	0.0
5.0	26.297949457999124	23.658981329216587	23.86957299951897	26.173496213265317	0.0
6.0	26.296654678472148	23.639022971468844	23.743616705912622	26.320705644146386	0.0
7.0	26.292887684533444	23.74220827705395	23.805688621917216	26.15921541649538	0.0
8.0	26.34260515034661	23.639078653382064	23.69192996781383	26.326386228457498	0.0
9.0	26.304736871539625	23.674570773446675	23.765728986074606	26.254963368939098	0.0
10.0	26.242485250118836	23.706624164639432	23.737661829264884	26.313228755976848	0.0
11.0	26.287783463355986	23.86796409697173	23.619383161367892	26.224869278304393	0.0
12.0	26.310152951374327	23.736263736263734	23.752761233677262	26.200822078684677	0.0
13.0	26.19411123227917	23.670553365209855	23.846713083354302	26.28862231915667	0.0
14.0	26.30372172356905	23.716690434247685	23.661885188602746	26.317702653580515	0.0
15.0	26.266812068338787	23.855381259961415	23.69152476022705	26.186281911472754	0.0
16.0	26.192713139278023	23.7387803036658	23.739339540866258	26.32916701618992	0.0
17.0	26.213964152895453	23.639795319184632	23.834409864944217	26.311830662975698	0.0
18.0	26.310712188574787	23.7617090288846	23.70718340183989	26.220395380700722	0.0
19.0	26.23018203170875	23.78547660990409	23.693761709028884	26.290579649358275	0.0
20.0	26.344825657802755	23.680899253418335	23.660766714201827	26.313508374577076	0.0
21.0	26.149372256242486	23.743533819869697	23.803372200318766	26.30372172356905	0.0
22.0	26.33252243939267	23.725638229455022	23.65209853759472	26.289740793557588	0.0
23.0	26.182367251069543	23.830495204541005	23.686491625422924	26.30064591896653	0.0
24.0	26.227945082906917	23.74325420126947	23.809803428124038	26.21899728769958	0.0
25.0	26.356216323529004	23.634975715192475	23.853077613517844	26.15573034776068	0.0
26.0	26.39312587555329	23.692576985775844	23.711590997424718	26.202706141246146	0.0
27.0	26.224516331078686	23.73451965853072	23.70068590250845	26.34027810788215	0.0
28.0	26.17222779904427	23.86957506480143	23.663217114847427	26.29498002130688	0.0
29.0	26.215215640658556	23.824210361488905	23.74423988904796	26.216334108804578	0.0
30.0	26.299100751610595	23.6553216714388	23.863356746599855	26.18222083035075	0.0
31.0	26.285399516821762	23.636307712956334	23.748154527559056	26.330138242662848	0.0
32.0	26.29071224051539	23.750671080887617	23.802120615604867	26.156496062992122	0.0
33.0	26.34244139226915	23.64441660701503	23.684122226198998	26.32901977451682	0.0
34.0	26.304413475304223	23.681046438797424	23.756822655690765	26.257717430207588	0.0
35.0	26.237864620615603	23.70677120615605	23.737808697208305	26.317555476020043	0.0
36.0	26.292949176807447	23.867830619183966	23.617293754473874	26.221926449534717	0.0
37.0	26.30581156048676	23.738927165354333	23.742282569792412	26.212978704366503	0.0
38.0	26.18753355404438	23.674056012884755	23.847698192555473	26.29071224051539	0.0
39.0	26.29546573013601	23.724387079455976	23.665947118826054	26.31420007158196	0.0
40.0	26.275612920544024	23.853849767358625	23.688036864710092	26.18250044738726	0.0
41.0	26.19899785254116	23.740325250536863	23.73529214387974	26.325384753042236	0.0
42.0	26.219969130279168	23.64273890479599	23.83064155332856	26.306650411596276	0.0
43.0	26.31420007158196	23.7624149964209	23.707330440229065	26.216054491768077	0.0
44.0	26.23227227988547	23.78422512526843	23.693908822476736	26.28959377236936	0.0
45.0	26.331256710808876	23.68719801360057	23.661473246241947	26.32007202934861	0.0
46.0	26.14810755189692	23.750111846814605	23.795409806728703	26.30637079455977	0.0
47.0	26.33461211524696	23.72578516463851	23.653643969219758	26.28595875089477	0.0
48.0	26.173273085182537	23.832319255547603	23.69446805654975	26.299939602720112	0.0
49.0	26.21577487473157	23.754306102362204	23.813584914101646	26.216334108804578	0.0
50.0	26.347400827104885	23.6401562495631	23.856299614409185	26.156143308922836	0.0
51.0	26.391580195339913	23.695240651729566	23.717330335847084	26.195848817083434	0.0
52.0	26.208431548542784	23.74473272880299	23.702790290605176	26.344045432049057	0.0
53.0	26.167607575363572	23.87391543845227	23.66028861989805	26.29818836628611	0.0
54.0	26.213391344223425	23.823797513659215	23.743827488437898	26.218983653679462	0.0
55.0	26.292802138499137	23.656587460923735	23.8676971428891	26.18291325768803	0.0
56.0	26.281617519587066	23.64624168843007	23.742988642019494	26.32915214996337	0.0
57.0	26.289167137352713	23.75445287640437	23.79947096752546	26.15690901871746	0.0
58.0	26.33530369036501	23.64428438012046	23.69125977955116	26.32915214996337	0.0
59.0	26.307342143084828	23.68007516063909	23.76228210964282	26.250300586633262	0.0
60.0	26.23743827488438	23.711951324538493	23.72984671479781	26.320763685779312	0.0
61.0	26.291404061135125	23.865739834579486	23.624990912497136	26.217865191788253	0.0
62.0	26.305384834775218	23.74662364316592	23.741310949182683	26.206680572876177	0.0
63.0	26.180955949378415	23.674482851183054	23.84952213715698	26.29503906228155	0.0
64.0	26.292522523026335	23.723135943450565	23.670568234563827	26.31377329895927	0.0
65.0	26.272669824457406	23.855953293031423	23.684549008203916	26.18682787430725	0.0
66.0	26.188225951671264	23.747182874111523	23.73292248499863	26.331668689218585	0.0
67.0	26.22233903935308	23.640928994446835	23.826593668387233	26.310138297812845	0.0
68.0	26.309579066867244	23.758926723969196	23.7122309400113	26.21926326915226	0.0
69.0	26.221220577461875	23.79359904259662	23.68930247124155	26.295877908699953	0.0
70.0	26.333905613001	23.691539395023963	23.65518938355973	26.319365608415307	0.0
71.0	26.14432632244138	23.746064412220313	23.800869044889467	26.30874022044884	0.0
72.0	26.324678302398542	23.72481363628738	23.656028229978133	26.29447983133595	0.0
73.0	26.170330561411948	23.831906362370468	23.694894780697584	26.30286829552	0.0
74.0	26.21423019064183	23.756689800186784	23.815129434002362	26.213950575169026	0.0
75.0	26.349210787534776	23.6414221203182	23.852810826680834	26.156556265466186	0.0
76.0	26.38444223859522	23.704055811092314	23.716638472185327	26.19486347812714	0.0
77.0	26.212199588966406	23.75242915262768	23.698183902582244	26.337187355823676	0.0
78.0	26.175570064451186	23.871824625665834	23.65428439610217	26.29832091378081	0.0
79.0	26.21044861255578	23.827858492992878	23.743974320258587	26.217718574192755	0.0
80.0	26.301043519108813	23.653659027614673	23.861691775995705	26.18360567728081	0.0
81.0	26.276996722924984	23.64527061034124	23.740059725530987	26.33767294120279	0.0
82.0	26.291257032289817	23.757395787896073	23.797100962990303	26.15424621682381	0.0
83.0	26.336834099475443	23.639119104340725	23.694482658345358	26.329564137838474	0.0
84.0	26.302441588654386	23.674070842980015	23.766063819078617	26.257423749286986	0.0
85.0	26.24735764855887	23.702871075618788	23.73195092216667	26.317820353655673	0.0
86.0	26.287901665380442	23.862251003813935	23.625418022794126	26.224429308011498	0.0
87.0	26.3027212025635	23.75459964880493	23.735306289076043	26.207372859555527	0.0
88.0	26.18472413291727	23.66875817870684	23.850786833540248	26.295730854835643	0.0
89.0	26.292934715744497	23.723003277075012	23.677705823798497	26.306356183381986	0.0
90.0	26.27196367256093	23.85861602299545	23.684975785435473	26.184444519008153	0.0
91.0	26.190316411099552	23.74565200371327	23.7325101499849	26.33152143520227	0.0
92.0	26.231699269648466	23.634645281794896	23.824503126083503	26.30915232247313	0.0
93.0	26.310830005927816	23.75851424353253	23.7148944737107	26.215761276828953	0.0
94.0	26.230301200102897	23.79094945698979	23.686373854981042	26.29237548792627	0.0
95.0	26.3340379603843	23.688890380163073	23.66092898925164	26.316142670200986	0.0
96.0	26.138028610095184	23.746490845440615	23.802134013354358	26.313346531109843	0.0
97.0	26.332360276929617	23.724121732711474	23.649464818977954	26.294053171380956	0.0
98.0	26.178293013007636	23.82618080953819	23.693643816618014	26.30188236083616	0.0
99.0	26.216040890738068	23.761869610441902	23.813598183628045	26.208491315191985	0.0
100.0	26.340395428884595	23.643247203169697	23.858828924300337	26.157528443645372	0.0
101.0	26.384853916121653	23.707837835570704	23.716505842516295	26.190802405791345	0.0
102.0	26.21932294477361	23.74950019153499	23.700008668006944	26.33116819568445	0.0
103.0	26.175423683791106	23.87616493819152	23.65555018076989	26.292861197247486	0.0
104.0	26.20946320021922	23.827166017033985	23.74719688623692	26.216173896509883	0.0
105.0	26.30509062236116	23.656882098658418	23.863236009596296	26.174791269384123	0.0
106.0	26.279366286580284	23.64569760484065	23.742443476364368	26.3324926322147	0.0
107.0	26.293067291507054	23.76089789116369	23.78634261459912	26.159692202730135	0.0
108.0	26.34255867665069	23.638707296204544	23.69770550109328	26.32102852605148	0.0
109.0	26.306768296433823	23.67785302456674	23.766490138072577	26.248888540926856	0.0
110.0	26.249447765617745	23.703856972693057	23.727344409710376	26.319350851978818	0.0
111.0	26.285797370525504	23.862397172559962	23.628361639423105	26.223443817491432	0.0
112.0	26.310403256924598	23.75362797018214	23.737690066491815	26.198278706401446	0.0
113.0	26.185136926165566	23.667227755439857	23.849535004669526	26.298100313725055	0.0
114.0	26.303972172979385	23.71560069120172	23.677014187530407	26.30341294828849	0.0
115.0	26.280205123616618	23.859321436760077	23.68148798505752	26.17898545456579	0.0
116.0	26.195202970601557	23.74719688623692	23.72762402205582	26.329976121105698	0.0
117.0	26.234628311309198	23.636190785095543	23.83024175283387	26.298939150761385	0.0
118.0	26.31823240259704	23.756703705982027	23.708610382565613	26.216453508855324	0.0
119.0	26.233509861927423	23.78634261459912	23.682606434439293	26.297541089034166	0.0
120.0	26.33528875566914	23.68763945665729	23.65240830113131	26.32466348654226	0.0
121.0	26.14235623731259	23.74719688623692	23.79556982199878	26.314877054451706	0.0
122.0	26.33165379517837	23.730699757855707	23.650171402367757	26.287475044598168	0.0
123.0	26.180103903947565	23.82632717999765	23.69099480480262	26.30257411125216	0.0
124.0	26.215335059473542	23.75754254301836	23.81430384914355	26.212818548364545	0.0
125.0	26.33256626132084	23.63905300626054	23.861345442445835	26.167035289972794	0.0
126.0	26.37961502756993	23.7109798789831	23.7148944737107	26.194510619736267	0.0
127.0	26.2087709291011	23.749007370622643	23.705387600800815	26.336834099475443	0.0
128.0	26.165151159279265	23.882103591361048	23.659810533615182	26.292934715744497	0.0
129.0	26.204649992310596	23.825688201658117	23.756902987682974	26.212758818348313	0.0
130.0	26.296643225635073	23.659317460539377	23.861478882100464	26.182560431725083	0.0
131.0	26.279586729486766	23.637227899953864	23.741244564989444	26.341940805569923	0.0
132.0	26.290491702434043	23.758580675828707	23.78738098899716	26.163546632740086	0.0
133.0	26.337466970514633	23.644777496609674	23.698463517273197	26.319292015602503	0.0
134.0	26.298674063427974	23.676440159492664	23.767594803626054	26.25729097345331	0.0
135.0	26.238277121302783	23.70691824602806	23.730685561216216	26.32411907145294	0.0
136.0	26.28273598147827	23.86042714059625	23.63002399100757	26.226812886917912	0.0
137.0	26.31545099179608	23.746064412220313	23.73935364087307	26.199130955110533	0.0
138.0	26.179837487487205	23.666653617944604	23.845327905064956	26.30818098950323	0.0
139.0	26.29839444795517	23.71446786379371	23.67867708327508	26.308460604976037	0.0
140.0	26.271624822094157	23.859095776955705	23.684056001543482	26.185223399406652	0.0
141.0	26.189770490336432	23.74927299570508	23.732495973514673	26.32846054044381	0.0
142.0	26.22779840730136	23.639942734430925	23.831480404438082	26.300778453829636	0.0
143.0	26.308328113815314	23.757102272727273	23.707050823192553	26.227518790264853	0.0
144.0	26.22332453471725	23.784784359341447	23.68552031138153	26.30637079455977	0.0
145.0	26.33908598783107	23.681605672870436	23.64637392627058	26.33293441302792	0.0
146.0	26.141396743020756	23.743960272011453	23.79680789191124	26.31783509305655	0.0
147.0	26.32846054044381	23.732216356478165	23.654762437365783	26.28456066571224	0.0
148.0	26.171595382963492	23.82980270221904	23.693629205440228	26.30497270937724	0.0
149.0	26.216054491768077	23.756822655690765	23.814982999284183	26.21213985325698	0.0
150.0	26.331050719876075	23.638331129012865	23.860068058976992	26.17055009213407	0.0
151.0	26.375304085227754	23.69935408103347	23.720605094650896	26.204736739087885	0.0
152.0	26.208371780890864	23.747728098873136	23.701031792634847	26.342868327601153	0.0
153.0	26.158320051449824	23.881385789782737	23.657970528199534	26.302323630567905	0.0
154.0	26.20313229631825	23.82161401899734	23.752268412237264	26.222985272447147	0.0
155.0	26.301558318816426	23.662230971202	23.857684919287866	26.17852579069371	0.0
156.0	26.287297730329474	23.641259517544718	23.734932010547244	26.33651074157856	0.0
157.0	26.289255066004152	23.76680862010631	23.785822738088914	26.158113575800616	0.0
158.0	26.33511264466808	23.651046195918116	23.700538826549298	26.313302332864502	0.0
159.0	26.292404397865937	23.6827094075408	23.774424821322715	26.25046137327055	0.0
160.0	26.240954287695594	23.710671423937725	23.732481796727324	26.31589249163936	0.0
161.0	26.296878320489448	23.85579428903777	23.63181853769839	26.215508852774395	0.0
162.0	26.314214770655543	23.748420146073574	23.742548122630218	26.194816960640665	0.0
163.0	26.18223405326205	23.672083841309966	23.846287203462815	26.299394901965172	0.0
164.0	26.300233762457076	23.713467625577415	23.686344469672395	26.299954142293107	0.0
165.0	26.268150894647217	23.861173792806472	23.686131080706993	26.18454423183932	0.0
166.0	26.201394753177905	23.74491787509857	23.735969979811312	26.317717391912222	0.0
167.0	26.228238439039668	23.6417374575674	23.830482123782947	26.299541979609987	0.0
168.0	26.308210253169513	23.761974800489895	23.706050454944553	26.22376449139604	0.0
169.0	26.230755034589208	23.78154832143077	23.68284185154323	26.304854792436792	0.0
170.0	26.349035025417617	23.679206769082782	23.645092918300122	26.326665287199475	0.0
171.0	26.139598351350298	23.74967144446992	23.791335081901206	26.319395122278582	0.0
172.0	26.336452047669912	23.72758132797951	23.65152421803784	26.284442406312742	0.0
173.0	26.1888117754302	23.826008176139318	23.689552773008675	26.295627275421808	0.0
174.0	26.21677394820287	23.752188040019462	23.816221415668885	26.214816596108786	0.0
175.0	26.331492485145052	23.639007340090878	23.854875917511357	26.17462425725271	0.0
176.0	26.381339060018345	23.702827550723665	23.726875153792808	26.188958235465183	0.0
177.0	26.210209605619312	23.749245017112948	23.694438851978614	26.34610652528913	0.0
178.0	26.163512515938525	23.868364539292664	23.6592063172494	26.30891662751941	0.0
179.0	26.21112176789524	23.823971053315923	23.74567631276512	26.219230866023718	0.0
180.0	26.3053550806296	23.66039097037942	23.863118423591324	26.171135525399652	0.0
181.0	26.288018388079067	23.641935781535302	23.736169094269663	26.333876736115965	0.0
182.0	26.2860610195653	23.76413150160924	23.787060675627686	26.162746803197777	0.0
183.0	26.33471560833615	23.646969014856428	23.698699468434636	26.319615908372786	0.0
184.0	26.29116776932068	23.689258490808733	23.775942195949913	26.243631543920674	0.0
185.0	26.24111492022303	23.707993356113437	23.730083719681673	26.32080800398186	0.0
186.0	26.29116776932068	23.861227776814626	23.632774270039313	26.214830183825377	0.0
187.0	26.31018225948068	23.753572207526382	23.742107588459323	26.19413794453361	0.0
188.0	26.18854544742773	23.66604962781932	23.841654036944036	26.303750887808913	0.0
189.0	26.30878413520421	23.706315606981672	23.68394561855814	26.300954639255973	0.0
190.0	26.268311983915932	23.863251878385217	23.690163608960326	26.17827252873853	0.0
191.0	26.200715843632906	23.746434763156422	23.734131200715844	26.318718192494828	0.0
192.0	26.23175437615346	23.629550919970917	23.838152228622562	26.300542475253064	0.0
193.0	26.309770147083494	23.759017952016105	23.715675857054975	26.21553604384542	0.0
194.0	26.22616184777138	23.78054918628712	23.686874335887254	26.30641463005425	0.0
195.0	26.342486438118673	23.681561433924276	23.64660813153627	26.329343996420786	0.0
196.0	26.135562887981656	23.76069571053073	23.784743582573682	26.31899781891393	0.0
197.0	26.32710698506795	23.732173815782115	23.648565516469997	26.292153682679942	0.0
198.0	26.181421620714723	23.83004306246854	23.69218723785023	26.296348078966503	0.0
199.0	26.21134164755886	23.75650131424417	23.811028465969464	26.221128572227503	0.0
200.0	26.328299111624382	23.651707543503	23.85555577304338	26.164437571829236	0.0
201.0	26.387653865297604	23.707140020916174	23.71385109250653	26.191355021279687	0.0
202.0	26.215123399828865	23.75048235827056	23.690641969923217	26.343752271977362	0.0
203.0	26.167586642730512	23.86401131934075	23.65988289180075	26.30851914612799	0.0
204.0	26.212400417206116	23.824091136607038	23.74439693862428	26.21911150756256	0.0
205.0	26.304398280842356	23.65938979410934	23.864357678745698	26.171854246302605	0.0
206.0	26.282307608419064	23.642891696983085	23.73572844691388	26.339072247683976	0.0
207.0	26.281468722124508	23.761733922045092	23.786900510881754	26.16989684494865	0.0
208.0	26.33208152856268	23.652399074988047	23.69322487465641	26.322294521792866	0.0
209.0	26.286295915171582	23.690494832445978	23.766833698715942	26.2563755536665	0.0
210.0	26.2362422262986	23.70028186658315	23.736074448570534	26.327401458547715	0.0
211.0	26.287694062905466	23.862187374166705	23.636526329918127	26.21359223300971	0.0
212.0	26.304751465258825	23.75201333273679	23.736913337210865	26.20632186479352	0.0
213.0	26.183671871504632	23.672318911905506	23.840376269518142	26.30363294707172	0.0
214.0	26.311462574381462	23.701680014317034	23.682944834683013	26.303912576618494	0.0
215.0	26.268473078590105	23.85526334186206	23.68972218726843	26.186541392279405	0.0
216.0	26.204511009076825	23.751586906552877	23.72809789325921	26.315804191111088	0.0
217.0	26.23499080013646	23.631065897867533	23.833518821970056	26.300424480025953	0.0
218.0	26.31021156889831	23.7647295687529	23.709082977735772	26.21597588461302	0.0
219.0	26.23778711124285	23.768924035412482	23.69174584887616	26.301543004468503	0.0
220.0	26.34628398217072	23.674688351127195	23.649801182280335	26.329226484421753	0.0
221.0	26.133764338085196	23.756340635433737	23.783464853165704	26.326430173315362	0.0
222.0	26.32503201776217	23.732571991029435	23.645886346731395	26.296509644477005	0.0
223.0	26.183259044668272	23.831841035306223	23.68559396444211	26.299305955583396	0.0
224.0	26.210662893510882	23.756340635433737	23.811707595340227	26.221288875715153	0.0
225.0	26.327342686088034	23.649867314666974	23.855956019495935	26.16683397974906	0.0
226.0	26.38278357549523	23.70669888035077	23.70669888035077	26.20381866380323	0.0
227.0	26.212487276713308	23.746965985481474	23.690200552554163	26.350346185251055	0.0
228.0	26.163831191347047	23.87000436226972	23.654127937541247	26.312036508841985	0.0
229.0	26.21843287818328	23.823092690101817	23.729695115642414	26.228779316072494	0.0
230.0	26.300085847471134	23.651397747832142	23.864478441658672	26.184037963038048	0.0
231.0	26.278554071323306	23.644127277964046	23.737524852423444	26.3397937982892	0.0
232.0	26.274639202932796	23.772479034481602	23.785901440391935	26.166980322193666	0.0
233.0	26.328049193117664	23.653075548570936	23.692503865932537	26.32637139237887	0.0
234.0	26.287855485025585	23.69201084980845	23.768071362657643	26.252062302508318	0.0
235.0	26.235563882441763	23.70795000139817	23.735354156762952	26.32113195939711	0.0
236.0	26.295964877939653	23.866502614580128	23.630211683118482	26.207320824361734	0.0
237.0	26.309666955622045	23.75381001649842	23.73870976762395	26.197813260255586	0.0
238.0	26.182713011381114	23.676351332457145	23.836302116831185	26.304633539330556	0.0
239.0	26.312463298006207	23.698162803053606	23.680825480271807	26.30854841866838	0.0
240.0	26.261332557788354	23.858075268877343	23.685535153999744	26.195057019334563	0.0
241.0	26.193239498066152	23.764392005078626	23.720485377974533	26.32188311888069	0.0
242.0	26.23159425558989	23.634583921804428	23.834547564778433	26.29927425782725	0.0
243.0	26.31044609145574	23.76171164872046	23.709131589987415	26.218710669836387	0.0
244.0	26.23238304073122	23.77978346418153	23.688045220241708	26.299788274845543	0.0
245.0	26.349780852033867	23.680287311794274	23.64056936515617	26.32936247101569	0.0
246.0	26.13831531012414	23.759027921522115	23.779727106421785	26.32292966193196	0.0
247.0	26.31593670188512	23.729799738728836	23.64839726644344	26.305866292942603	0.0
248.0	26.17135376016516	23.836059428597007	23.693390512796842	26.29919629844099	0.0
249.0	26.209398804378537	23.76892111527928	23.8066864165205	26.21499366382168	0.0
