# Position (bp)	A	C	G	T	N
0.0	26.15608417408732	23.678801612425698	23.73146735293448	26.433646860552507	0.0
1.0	26.183413423216194	23.760504680133913	23.775877382768908	26.280204513880985	0.0
2.0	26.129285706152288	23.795276756128946	23.74289748465629	26.33254005306248	0.0
3.0	26.249089087265443	23.70935051922026	23.879008016032063	26.16255237748224	0.0
4.0	26.131398496497425	23.83430160569065	23.724997367020293	26.30930253079163	0.0
5.0	26.141208750547907	23.82378222680154	23.799019747365787	26.235989275284773	0.0
6.0	26.27129980390092	23.72485790643598	23.73538862625337	26.268453663409737	0.0
7.0	26.23032000273215	23.787894311442003	23.833430096877382	26.148355588948462	0.0
8.0	26.329884115383738	23.702843612685836	23.851683628167475	26.115588643762948	0.0
9.0	26.167269498601296	23.88751184557637	23.687453222423642	26.25776543339869	0.0
10.0	26.34342204111367	23.73540191681654	23.79772121929565	26.12345482277415	0.0
11.0	26.277897768178544	23.759806725343395	23.78314082699471	26.179154679483347	0.0
12.0	26.43469154878677	23.74330211685832	23.669885065321257	26.152121269033657	0.0
13.0	26.285011823560044	23.757245665406057	23.856842440747034	26.10090007028687	0.0
14.0	26.25143348215937	23.728789443880064	23.836923085678837	26.182853988281728	0.0
15.0	26.214155831960323	23.925421934624676	23.731065941602143	26.12935629181286	0.0
16.0	26.363266432756525	23.710577462103426	23.74187930578202	26.184276799358024	0.0
17.0	26.279320579254843	23.858265251823333	23.708585526596607	26.153828642325216	0.0
18.0	26.345908137625667	23.81842654168694	23.61724105549817	26.21842426518922	0.0
19.0	26.25769385089509	23.592199580555295	23.803060182062904	26.34704638648671	0.0
20.0	26.17403255960867	23.70147147121511	23.86111087397593	26.263385095200288	0.0
21.0	26.219847076265516	23.75297723217716	23.676714558487493	26.35046113306983	0.0
22.0	26.136470347194358	23.729358568310584	23.917454192597397	26.21671689189766	0.0
23.0	26.208749149870382	23.798507186618746	23.7441558035041	26.248587860006772	0.0
24.0	26.08545948130147	23.847384026999187	23.76770683345759	26.299449658241752	0.0
25.0	26.163144745004523	23.676931745101275	23.732136657769377	26.427786852124818	0.0
26.0	26.186763341661496	23.758885429886913	23.77254437735119	26.2818068511004	0.0
27.0	26.13155842899339	23.788479816059507	23.744372798206125	26.335588956740974	0.0
28.0	26.247090359628704	23.705387885651845	23.87640929036077	26.171112464358682	0.0
29.0	26.133265797426425	23.84169279888907	23.721323324360164	26.30371807932434	0.0
30.0	26.144079130835646	23.824334553153225	23.79217911433108	26.23940720168005	0.0
31.0	26.26843246504163	23.72217700857668	23.73953525431253	26.269855272069158	0.0
32.0	26.234569657786455	23.791609991520072	23.824619114558732	26.149201236134743	0.0
33.0	26.3267675531703	23.705957008462857	23.843400167322105	26.12387527104474	0.0
34.0	26.167697727492616	23.882954202687397	23.688029639915996	26.26131842990399	0.0
35.0	26.33729632517401	23.74664928945017	23.79417104416962	26.1218833412062	0.0
36.0	26.267504033646443	23.76820832112094	23.780159866142693	26.184127779089916	0.0
37.0	26.427711649057105	23.743451549290164	23.66861211260632	26.16022468904641	0.0
38.0	26.28941519951966	23.75085012477982	23.85869859057137	26.10103608512915	0.0
39.0	26.245308307177474	23.731215443672653	23.835933742910882	26.18754250623899	0.0
40.0	26.215714005218842	23.925570330574043	23.7263779135448	26.132337750662316	0.0
41.0	26.365108317990778	23.70247482350129	23.744874352268944	26.18754250623899	0.0
42.0	26.274048927348836	23.857844908784102	23.708735156607926	26.159371007259143	0.0
43.0	26.3474655610539	23.816868182995226	23.616252962987204	26.219413292963672	0.0
44.0	26.247300231347765	23.594341797113984	23.804347516781963	26.35401045475629	0.0
45.0	26.167623264536065	23.700767459926755	23.867235408444053	26.264373867093127	0.0
46.0	26.20945367211221	23.753411170141625	23.686254869543195	26.350880288202973	0.0
47.0	26.136606159598657	23.734061049630213	23.920448239850433	26.208884550920697	0.0
48.0	26.202624217814062	23.81373801644191	23.744874352268944	26.23876341347508	0.0
49.0	26.081896306413977	23.862329975527857	23.765010528712082	26.290763189346084	0.0
50.0	26.161573046497068	23.677935234192702	23.738261908827045	26.422229810483184	0.0
51.0	26.180638552159806	23.76728700700017	23.77696203972455	26.275112401115475	0.0
52.0	26.130271470035854	23.798304023675374	23.73769278925502	26.33373171703375	0.0
53.0	26.251493938876557	23.699846337715556	23.87342780718229	26.1752319162256	0.0
54.0	26.125149393887654	23.842126230721075	23.72346479995447	26.3092595754368	0.0
55.0	26.140800182118262	23.83302031756872	23.790051789881055	26.236127710431962	0.0
56.0	26.26885208582323	23.724603039098515	23.739400147971086	26.267144727107166	0.0
57.0	26.22446075920551	23.801434181321497	23.825621763132435	26.148483296340565	0.0
58.0	26.310682374366856	23.71492800637414	23.84867110579933	26.125718513459677	0.0
59.0	26.168971600933354	23.877980763758465	23.689033065847134	26.264014569461043	0.0
60.0	26.329463320243583	23.743099425189232	23.79915770303341	26.12827955153378	0.0
61.0	26.268208217494116	23.768073051980387	23.781447323865105	26.18227140666039	0.0
62.0	26.425853890348044	23.73648700561435	23.673030353906	26.16462875013161	0.0
63.0	26.28357440221273	23.757544369858373	23.85571721667174	26.103164011257153	0.0
64.0	26.239467760890783	23.73221862097029	23.83722088321415	26.191092734924776	0.0
65.0	26.208450832477286	23.926003283810587	23.73278773892283	26.132758144789296	0.0
66.0	26.356990618090553	23.712868610583886	23.74217818513976	26.187962586185797	0.0
67.0	26.2741839559958	23.858847365410718	23.708884784916098	26.158083893677386	0.0
68.0	26.34674649494481	23.805350277871838	23.61071193810273	26.23719128908062	0.0
69.0	26.24715085325009	23.594207517479035	23.797382626536262	26.36125900273461	0.0
70.0	26.163775073202792	23.698356102794087	23.86340030903105	26.27446851497207	0.0
71.0	26.209589068382368	23.751568631356694	23.69124212838732	26.34760017187362	0.0
72.0	26.132473585813027	23.74160906718722	23.919742986332633	26.206174360667124	0.0
73.0	26.197637591379003	23.825269406210783	23.739048036400785	26.238044966009433	0.0
74.0	26.080040521082914	23.864470636442796	23.76430616182254	26.291182680651755	0.0
75.0	26.151180062716623	23.6871908986916	23.73585034516906	26.425778693422725	0.0
76.0	26.179920437536637	23.7697127669867	23.771135557819374	26.279231237657292	0.0
77.0	26.11817131539858	23.803006072471273	23.73613490333559	26.342687708794553	0.0
78.0	26.245937932172716	23.703695272350622	23.878698544769534	26.171668250707125	0.0
79.0	26.12585438589502	23.84341333211922	23.72076876234271	26.30996351964305	0.0
80.0	26.13922861972216	23.83516114528971	23.789916396810675	26.23569383817746	0.0
81.0	26.26671067832976	23.728736391005686	23.73613490333559	26.268418027328966	0.0
82.0	26.228295325847554	23.79816858364018	23.83174644729129	26.14178964322097	0.0
83.0	26.309678961476518	23.723329785841525	23.846828030117635	26.120163222564326	0.0
84.0	26.167968994542175	23.893780127595882	23.69060559669002	26.247645281171923	0.0
85.0	26.33472008013158	23.738695926834406	23.797599467307112	26.128984525726906	0.0
86.0	26.256107312270398	23.773059816801972	23.78700312728535	26.183829743642278	0.0
87.0	26.43025641463422	23.73350634420627	23.674033856634313	26.162203384525203	0.0
88.0	26.284278490593955	23.76480765345467	23.852735876706987	26.098177979244387	0.0
89.0	26.241879444430218	23.733790901563072	23.840499910364432	26.183829743642278	0.0
90.0	26.214561938177066	23.920745084983057	23.737205589844717	26.127487386995156	0.0
91.0	26.355702387151663	23.70533516588271	23.74147395019677	26.19748849676885	0.0
92.0	26.276026327246647	23.862695384195113	23.697936674605817	26.16334161395242	0.0
93.0	26.35285681358363	23.797816306843888	23.603463632147015	26.245863247425465	0.0
94.0	26.24643236213908	23.601756288006193	23.796393520059873	26.355417829794863	0.0
95.0	26.1698864331589	23.688261724474494	23.868671088687993	26.273180753678616	0.0
96.0	26.208870791040994	23.7434658516944	23.699074904033033	26.348588453231574	0.0
97.0	26.13488587827205	23.734929130990288	23.931558264541593	26.198626726196068	0.0
98.0	26.19179734963278	23.83537787794197	23.737774704558323	26.23505006786693	0.0
99.0	26.08472955745766	23.86661127299217	23.77043116008013	26.27822800947004	0.0
100.0	26.154730468038608	23.68307230012748	23.74368284465489	26.41851438717902	0.0
101.0	26.186316244764157	23.772138499362594	23.77156938626844	26.269975869604806	0.0
102.0	26.121437352030597	23.801732380258606	23.73713804407212	26.339692223638682	0.0
103.0	26.253471589874337	23.694454562010563	23.878278091422327	26.17379575669277	0.0
104.0	26.127413039519215	23.846123201602623	23.720918320888725	26.305545437989437	0.0
105.0	26.144201875796757	23.8390092879257	23.78892733564014	26.227861500637406	0.0
106.0	26.27822800947004	23.72177199052996	23.729170460753963	26.270829539246037	0.0
107.0	26.232414405390642	23.79831770169368	23.829049808778	26.14021808413768	0.0
108.0	26.31607403023129	23.71664997268257	23.84356219267893	26.12371380440721	0.0
109.0	26.174080313239845	23.879416317610634	23.695308231651794	26.251195137497724	0.0
110.0	26.33684665816791	23.73599981788381	23.80116326716445	26.125990256783826	0.0
111.0	26.26534822508359	23.77861563633777	23.77491641175215	26.18111972682649	0.0
112.0	26.437504446183397	23.735647719997154	23.671053567617555	26.155794266201895	0.0
113.0	26.28640534964786	23.7663797396315	23.856014796898343	26.091200113822293	0.0
114.0	26.242299210357828	23.73934694458277	23.833534893647293	26.184818951412108	0.0
115.0	26.216689193995872	23.923739062388847	23.73251760688625	26.127054136729033	0.0
116.0	26.35555239382514	23.70093192003984	23.740200611794833	26.20331507434019	0.0
117.0	26.271323895568045	23.867397026392545	23.69211069218183	26.169168385857578	0.0
118.0	26.354129615138365	23.793127978942877	23.60589030376325	26.24685210215551	0.0
119.0	26.249982215266414	23.607882193924734	23.7917052002561	26.35043039055275	0.0
120.0	26.166607384221386	23.694956249555382	23.870242583766096	26.26819378245714	0.0
121.0	26.206445187451095	23.742761613431032	23.697232695454222	26.353560503663655	0.0
122.0	26.131037917052	23.73650138720922	23.92516184107562	26.207298854663158	0.0
123.0	26.187949064523014	23.836380451020844	23.735363164259798	26.240307320196344	0.0
124.0	26.097819158623203	23.856367237297395	23.767301038062282	26.27851256601712	0.0
125.0	26.156722363868145	23.672543707885634	23.735715261336733	26.43501866690949	0.0
126.0	26.191722819158624	23.77356128209798	23.774699508286286	26.260016390457114	0.0
127.0	26.123144691313062	23.804862502276453	23.734577035148423	26.337415771262062	0.0
128.0	26.25233336368603	23.69160899653979	23.88169276998725	26.174364869786928	0.0
129.0	26.121437352030597	23.842708523037697	23.721202877435804	26.314651247495902	0.0
130.0	26.13651884902568	23.83132626115462	23.80002504097614	26.23212984884356	0.0
131.0	26.271398652340196	23.72632489528319	23.726609451830267	26.27566700054635	0.0
132.0	26.22956883991987	23.789211892187215	23.835310052813696	26.14590921507922	0.0
133.0	26.30782189036605	23.72177199052996	23.842708523037697	26.12769759606629	0.0
134.0	26.174933982881075	23.877993534875248	23.694170005463487	26.25290247678019	0.0
135.0	26.339976780185758	23.732585139318886	23.80002504097614	26.127413039519215	0.0
136.0	26.25809921376802	23.77675906244042	23.771352472661153	26.193789251130404	0.0
137.0	26.430825529347825	23.734929130990288	23.678871331699973	26.155374007961914	0.0
138.0	26.276026327246647	23.770783357947543	23.86468728569274	26.088503029113063	0.0
139.0	26.239887542932593	23.73663647513111	23.83082496023311	26.19265102170319	0.0
140.0	26.202041414477712	23.926151674762323	23.739197491342342	26.132609419417623	0.0
141.0	26.346596551733953	23.69822123196262	23.747165097332847	26.208017118970584	0.0
142.0	26.269766065396972	23.876069579964888	23.69082274068573	26.16334161395242	0.0
143.0	26.346311994377146	23.794401618562244	23.608301107212675	26.25098527984793	0.0
144.0	26.24444046064145	23.60488641893103	23.79326338913503	26.357409731292485	0.0
145.0	26.168748203731685	23.697083002535408	23.864118170979136	26.270050622753775	0.0
146.0	26.20317964390492	23.73521368834709	23.700782248173855	26.36082441957413	0.0
147.0	26.124641813427125	23.734929130990288	23.923590658551092	26.2168383970315	0.0
148.0	26.183829743642278	23.83480876322836	23.737774704558323	26.243586788571037	0.0
149.0	26.089715498745097	23.857641240445957	23.767151743487887	26.28549151732106	0.0
150.0	26.157440342380383	23.674101223031	23.73499667066945	26.433461763919162	0.0
151.0	26.18418881003466	23.78137965181463	23.774834813984327	26.259596724166386	0.0
152.0	26.12756173489423	23.79987593263939	23.73499667066945	26.33756566179693	0.0
153.0	26.246507048505784	23.695443085521113	23.88296691726756	26.175082948705548	0.0
154.0	26.123293362396204	23.84768170461724	23.7190614133435	26.30996351964305	0.0
155.0	26.139797736055225	23.829185423792477	23.799022258139786	26.231994582012508	0.0
156.0	26.267848910995895	23.729874623671826	23.723045227674987	26.279231237657292	0.0
157.0	26.23626295451053	23.78564802431265	23.838291285121592	26.139797736055225	0.0
158.0	26.310248077809582	23.712516575513202	23.84881993728338	26.128415409393835	0.0
159.0	26.167115320042573	23.88069045193528	23.70084969068527	26.25134453733688	0.0
160.0	26.344964174126833	23.738980485000937	23.79816858364018	26.117886757232046	0.0
161.0	26.27446851497207	23.770918641743094	23.775756144339695	26.17885669894514	0.0
162.0	26.424146536490422	23.743031862068573	23.686120066814446	26.14670153462656	0.0
163.0	26.28898102276187	23.77006496481428	23.862831191078506	26.07812282134534	0.0
164.0	26.241459673724677	23.739617154353326	23.830960585736197	26.187962586185797	0.0
165.0	26.207597155548473	23.9268569607394	23.734210533804184	26.131335349907946	0.0
166.0	26.34987664368379	23.698640661770355	23.746162010807552	26.205320683738307	0.0
167.0	26.271907484185636	23.867668693675107	23.693803159173754	26.1666206629655	0.0
168.0	26.35670605911428	23.79681350858372	23.599329579051904	26.24715085325009	0.0
169.0	26.238329524985698	23.602744286767155	23.80449660094303	26.354429587304118	0.0
170.0	26.163490514226527	23.703193605390684	23.856286334624283	26.277029545758506	0.0
171.0	26.196214796497646	23.74217818513976	23.708884784916098	26.352722233446492	0.0
172.0	26.12877431912151	23.73705612356689	23.924580488929234	26.209589068382368	0.0
173.0	26.18340964256547	23.840351031953126	23.73250317994656	26.24373614553484	0.0
174.0	26.104376529508848	23.85777701895168	23.75362813727164	26.284218314267825	0.0
175.0	26.168687041147344	23.670821239542427	23.735985430538957	26.424506288771273	0.0
176.0	26.183199590233908	23.78037675715668	23.771839963576348	26.264583689033067	0.0
177.0	26.12657219281771	23.79944226281942	23.73996926754311	26.33401627681976	0.0
178.0	26.253770417164645	23.688748506061124	23.88765579648284	26.169825280291388	0.0
179.0	26.121450116669514	23.848386546013316	23.722326560810426	26.307836776506743	0.0
180.0	26.139661942974218	23.834158556712765	23.80001138239144	26.226168117921578	0.0
181.0	26.268567526037224	23.736269990324967	23.726594957600593	26.268567526037224	0.0
182.0	26.233282112571853	23.78948267030903	23.837573274144898	26.139661942974218	0.0
183.0	26.3118206135109	23.722611120596437	23.84041887200501	26.125149393887654	0.0
184.0	26.178931193443745	23.87342780718229	23.702691935575665	26.244949063798305	0.0
185.0	26.340845711684025	23.736269990324967	23.80257242046554	26.12031187752547	0.0
186.0	26.275471730327617	23.773045851248796	23.76621639695065	26.18526602147294	0.0
187.0	26.42315867952501	23.73861401916231	23.68511662716017	26.153110674152508	0.0
188.0	26.288561517732393	23.76251710920582	23.867235408444053	26.081685964617733	0.0
189.0	26.23876341347508	23.74231330690714	23.82113659193157	26.197786687686207	0.0
190.0	26.212299278069768	23.919879118658923	23.734345610225972	26.13347599304534	0.0
191.0	26.349457485224193	23.689669596692266	23.750565564184065	26.210307353899477	0.0
192.0	26.270349639604007	23.867519969039808	23.695645369203145	26.16648502215304	0.0
193.0	26.35799430309687	23.80292471380318	23.593488115326718	26.245592867773226	0.0
194.0	26.22823467143211	23.610277190476324	23.81231521346313	26.349172924628434	0.0
195.0	26.161647492025192	23.70674323243763	23.855852984613808	26.27575629092337	0.0
196.0	26.18924986981353	23.744874352268944	23.708735156607926	26.357140621309604	0.0
197.0	26.132053190066557	23.733491928438703	23.926424012361313	26.208030869133424	0.0
198.0	26.182704976111136	23.84276319720903	23.735483852608994	26.23904797407084	0.0
199.0	26.101679481415296	23.85905104462492	23.756324377237366	26.282945096722422	0.0
200.0	26.159730008138453	23.67522437666824	23.74010437712354	26.424941238069767	0.0
201.0	26.182494920578915	23.783357710760406	23.767422272052087	26.266725096608596	0.0
202.0	26.126436323694293	23.799008588063217	23.741242622745563	26.333312465496928	0.0
203.0	26.25932650006545	23.691444376782066	23.878685781604815	26.170543341547674	0.0
204.0	26.124159832450246	23.84852227262121	23.71563209625005	26.311685798678496	0.0
205.0	26.145786499268674	23.826895605802775	23.79758578103569	26.229732113892858	0.0
206.0	26.264448605364553	23.74266542977309	23.726729991064772	26.266155973797584	0.0
207.0	26.231154920920385	23.793886482764115	23.832302272507384	26.142656323808115	0.0
208.0	26.30371807932434	23.723315254198702	23.842831044511094	26.130135621965866	0.0
209.0	26.17310439419722	23.87555560614425	23.698842973325213	26.25249702633331	0.0
210.0	26.331035974252888	23.737258763068482	23.79758578103569	26.13411948164294	0.0
211.0	26.275336708241205	23.77830326933529	23.759522163128135	26.186837859295366	0.0
212.0	26.42444730903741	23.731919628247923	23.682121240577434	26.161511822137236	0.0
213.0	26.291841316726284	23.770620089523273	23.853143131948652	26.08439546180179	0.0
214.0	26.238059058042158	23.742163867997277	23.809605113013884	26.21017196094668	0.0
215.0	26.216432329682398	23.91489313266006	23.73362700153948	26.135047536118062	0.0
216.0	26.34818463534775	23.679560180640095	23.757814789836576	26.214440394175583	0.0
217.0	26.26793809064445	23.86481018277431	23.69748760020147	26.169764126379768	0.0
218.0	26.354160441868206	23.801921933201868	23.590207645048476	26.25370997988145	0.0
219.0	26.222977260633378	23.61894842878973	23.81615004396486	26.341924266612033	0.0
220.0	26.163219195428795	23.70602446665927	23.853143131948652	26.277613205963284	0.0
221.0	26.189683481447968	23.74159474356676	23.703463406721927	26.365258368263344	0.0
222.0	26.128787167382338	23.727935757234285	23.91944612810422	26.223830947279158	0.0
223.0	26.188260670371665	23.834646587956758	23.727082070588505	26.250010671083075	0.0
224.0	26.10410453707287	23.85804858059963	23.750483757142533	26.287363125184964	0.0
225.0	26.15504131855123	23.671944362237348	23.741093177316912	26.431921141894506	0.0
226.0	26.18776606642839	23.78576957224486	23.754183076467775	26.272281284858973	0.0
227.0	26.12345482277415	23.79800578232067	23.74194686639197	26.336592528513215	0.0
228.0	26.257199444532976	23.691010084913607	23.88422837890136	26.16756209165206	0.0
229.0	26.121462881599015	23.847804311698955	23.70210804288934	26.32862476381269	0.0
230.0	26.15105743620097	23.829592278097753	23.787192387369956	26.23215789833132	0.0
231.0	26.26715915040863	23.74137774034193	23.722027454640653	26.26943565460878	0.0
232.0	26.23301158740638	23.792314521820295	23.829592278097753	26.145081612675575	0.0
233.0	26.30073758736085	23.72771871514103	23.8423976142236	26.129146083274524	0.0
234.0	26.164147335351835	23.88109818562615	23.710360370614882	26.244394108407132	0.0
235.0	26.331185831037857	23.742515992442005	23.796867530220595	26.129430646299546	0.0
236.0	26.276055376122248	23.77360101304725	23.764779534169005	26.1855640766615	0.0
237.0	26.426305080887268	23.73148556549948	23.67798756456042	26.164221789052828	0.0
238.0	26.290283567861362	23.76933255552552	23.85441714212541	26.085966734487716	0.0
239.0	26.243615098957072	23.742298991221205	23.810025183899377	26.20406072592234	0.0
240.0	26.215139442231077	23.92344906089926	23.728229937393284	26.13318155947638	0.0
241.0	26.343754002020574	23.683424164378103	23.74916402236863	26.22365781123269	0.0
242.0	26.269804452817947	23.86722941148011	23.696470702074436	26.166495433627514	0.0
243.0	26.35475130636733	23.80292353055021	23.584911030407905	26.25741413267455	0.0
244.0	26.2200224280339	23.608351881051725	23.820678191867845	26.350947499046523	0.0
245.0	26.15825142957985	23.70355822353534	23.860961440481372	26.277228906403437	0.0
246.0	26.183055093007702	23.751049627826877	23.703513940480764	26.362381338684653	0.0
247.0	26.1253490695748	23.73303045053816	23.92660216174055	26.215018318146495	0.0
248.0	26.1820241799347	23.841176487333573	23.71762937574548	26.25916995698625	0.0
249.0	26.100113299286615	23.864018082338408	23.75299616832061	26.282872450054374	0.0
