# Position (bp)	A	C	G	T	N
0.0	26.214542620955108	23.747327437751135	23.704344594838176	26.333785346455578	0.0
1.0	26.194576397150378	23.660529825933352	23.701848816862586	26.443044960053687	0.0
2.0	26.127490128222192	23.758263454456717	23.73885265539731	26.375393761923778	0.0
3.0	26.26469609582964	23.763309671694767	23.746395297249336	26.225598935226262	0.0
4.0	26.280576058204723	23.645669858979975	23.843641344431568	26.23011273838373	0.0
5.0	26.231180857847896	23.672609310449996	23.769650927440598	26.326558904261514	0.0
6.0	26.24650667613006	23.749334604977154	23.742680654748703	26.26147806414408	0.0
7.0	26.337837613045963	23.830726322034746	23.725096619295023	26.106339445624272	0.0
8.0	26.232153253305977	23.840758504061434	23.725153170136675	26.201935072495914	0.0
9.0	26.26530606587326	23.855700911779955	23.66968560363492	26.209307418711862	0.0
10.0	26.253679956090014	23.818671722967917	23.74354794892692	26.184100372015145	0.0
11.0	26.186872466998206	23.72137118906242	23.823938703435736	26.267817640503633	0.0
12.0	26.136697547804776	23.83890801634427	23.774595412737224	26.24979902311373	0.0
13.0	26.206554341377952	23.81035543801873	23.840848482832417	26.142241737770906	0.0
14.0	26.27197578297823	23.793722868120355	23.71471816110307	26.219583187798346	0.0
15.0	26.23593854819842	23.785961002167777	23.69559070571994	26.282509743913867	0.0
16.0	26.314038681706165	23.668358563947898	23.71354358691464	26.304059167431298	0.0
17.0	26.287981061099575	23.72269147499993	23.731284945625507	26.258042518274987	0.0
18.0	26.194838927867515	23.800032710630123	23.69358455836491	26.31154380313745	0.0
19.0	26.175157108047646	23.74680863449752	23.66808135521804	26.4099529022368	0.0
20.0	26.28049642539343	23.749026304336375	23.78062809954011	26.189849170730085	0.0
21.0	26.214243538957525	23.807794555066128	23.76094627972024	26.217015626256103	0.0
22.0	26.20648169452152	23.856028874061302	23.79199365746426	26.145495773952916	0.0
23.0	26.348966981668188	23.745145382118373	23.809457807445273	26.09642982876817	0.0
24.0	26.260537396843702	23.706613368668204	23.76649045431739	26.266358780170705	0.0
25.0	26.22061933974425	23.74348212973923	23.704950116289062	26.33094841422746	0.0
26.0	26.206204485791666	23.647567909208597	23.711603125805638	26.434624479194095	0.0
27.0	26.12941766762119	23.754570478933523	23.73405703292408	26.38195482052121	0.0
28.0	26.27855596428443	23.745977008307946	23.750135139255804	26.22533188815182	0.0
29.0	26.276061085715714	23.652834875075886	23.85741491771059	26.21368912149781	0.0
30.0	26.225054679421966	23.681110165521332	23.770648585265246	26.323186569791456	0.0
31.0	26.238565171591727	23.755613461218605	23.736763319842545	26.269058047347123	0.0
32.0	26.336419581970393	23.831568442645672	23.73177357653712	26.100238398846816	0.0
33.0	26.236347507900426	23.837112601873926	23.72373454565615	26.202805344569498	0.0
34.0	26.262405056273213	23.854576703442923	23.66940178521927	26.213616455064585	0.0
35.0	26.227754061096636	23.82685590730166	23.75505904529578	26.190330986305927	0.0
36.0	26.176470588235297	23.72234850584909	23.82463824361036	26.276542662305264	0.0
37.0	26.123801075566888	23.83018240283861	23.778067306093032	26.267949215501467	0.0
38.0	26.21250762321894	23.808560181848424	23.842933969063594	26.135998225869045	0.0
39.0	26.2795919498808	23.7883240006653	23.71236901923823	26.219715030215667	0.0
40.0	26.252979985585185	23.78416588124411	23.682153351444253	26.280700781726452	0.0
41.0	26.321100179907468	23.667395721584185	23.713412115617576	26.29809198289077	0.0
42.0	26.29615153253997	23.723391574564577	23.729490132809968	26.250966760085493	0.0
43.0	26.20300991570129	23.799069138245997	23.68652301789927	26.31139792815344	0.0
44.0	26.180556133070542	23.74861742912505	23.671553829478768	26.399272608325642	0.0
45.0	26.28229117289135	23.746399771581274	23.78021904912389	26.191090006403485	0.0
46.0	26.217979104121792	23.80295003894761	23.762200581580693	26.21687027534991	0.0
47.0	26.20384153728021	23.849520847366946	23.794079408772497	26.152558206580345	0.0
48.0	26.34715765604686	23.734479862283468	23.814315533859475	26.1040469478102	0.0
49.0	26.2578969399098	23.709254007722993	23.766358689475275	26.266490362891936	0.0
50.0	26.225463698332046	23.74750860035316	23.706204728600298	26.320822972714495	0.0
51.0	26.212989374648295	23.64494193895343	23.701769413512743	26.440299272885532	0.0
52.0	26.132876495879316	23.760260131229884	23.733371033511578	26.373492339379222	0.0
53.0	26.28755810955783	23.745568150002356	23.748894636318024	26.217979104121792	0.0
54.0	26.28534045201405	23.660188334566907	23.852847333682615	26.20162387973643	0.0
55.0	26.23128504938446	23.676266351759296	23.75970571684394	26.3327428820123	0.0
56.0	26.249507958596446	23.756036169894273	23.731642004535097	26.262813866974184	0.0
57.0	26.338768427297072	23.831990730217164	23.728315527440664	26.100925315045103	0.0
58.0	26.231212334577066	23.841138542226854	23.717781683308292	26.209867439887784	0.0
59.0	26.261982247700573	23.860820198368916	23.664003636948287	26.21319391698222	0.0
60.0	26.22871747675624	23.821179679660258	23.765738394753036	26.184364448830465	0.0
61.0	26.17992914603789	23.72803832101613	23.833099555915307	26.258932977030675	0.0
62.0	26.128368751074177	23.84058412937778	23.77682665173448	26.25422046781356	0.0
63.0	26.21180788485954	23.803992881339017	23.848900322113863	26.135298911687578	0.0
64.0	26.279723458870883	23.77350017464005	23.72498905034623	26.22178731614284	0.0
65.0	26.2514484035682	23.77904430313077	23.694219137222724	26.275288156078307	0.0
66.0	26.31929101881395	23.66393803899175	23.711340206185564	26.305430736008738	0.0
67.0	26.286026340081442	23.72131960980532	23.7332394530178	26.259414597095436	0.0
68.0	26.191499211349907	23.805867334917103	23.691935810258272	26.310697643474718	0.0
69.0	26.190113183069386	23.742387239669238	23.66920494645773	26.398294630803647	0.0
70.0	26.291570453203526	23.74127841704482	23.775097507089534	26.192053622662115	0.0
71.0	26.21533889777487	23.803926895324373	23.771216627904078	26.20951757899668	0.0
72.0	26.20480508284291	23.84384450980338	23.797551165233976	26.153799242119735	0.0
73.0	26.34534835048774	23.735734303922737	23.813351887631914	26.105565457957603	0.0
74.0	26.252761661348938	23.711340206185564	23.77093942224797	26.264958710217524	0.0
75.0	26.211735224245515	23.75707913944276	23.707736532656213	26.32344910365551	0.0
76.0	26.21339845818214	23.638712324286264	23.7135578514344	26.43433136609719	0.0
77.0	26.136612491441273	23.753475465913407	23.738229154827675	26.371682887817645	0.0
78.0	26.281036638271566	23.74127841704482	23.75458428853782	26.223100656145785	0.0
79.0	26.277987376054423	23.653404224059788	23.859922437857424	26.208685962028373	0.0
80.0	26.23363447107775	23.672531414330976	23.764563692157576	26.329270422433698	0.0
81.0	26.242155101678755	23.750083161466303	23.729569999778235	26.278191737076707	0.0
82.0	26.34167165635464	23.821324817599184	23.726520746013794	26.110482780032378	0.0
83.0	26.233561750160778	23.836571086421397	23.719867828709557	26.209999334708268	0.0
84.0	26.26017341937773	23.86401437030138	23.668862129377068	26.206950080943827	0.0
85.0	26.234670569711486	23.81439469540727	23.768655888940636	26.18227884594061	0.0
86.0	26.16841860155678	23.732064843767326	23.833244627769275	26.266271926906615	0.0
87.0	26.12240259020247	23.84433282327634	23.782238928436787	26.251025658084405	0.0
88.0	26.223582374204423	23.797485197258997	23.849599716142194	26.129332712394387	0.0
89.0	26.282627015279537	23.770873528042046	23.730956024216617	26.215543432461804	0.0
90.0	26.2499168385337	23.780021289335373	23.697137027920075	26.272924844210856	0.0
91.0	26.32940165490859	23.659648782380906	23.7153668103508	26.295582752359696	0.0
92.0	26.28615781230509	23.722574117451387	23.740592385202845	26.25067568504068	0.0
93.0	26.202442168290617	23.786331064879622	23.6981801549571	26.313046611872654	0.0
94.0	26.196620881786302	23.73310787398301	23.671568559508792	26.398702684721897	0.0
95.0	26.29114748645165	23.742255609918363	23.780786982494558	26.185809921135426	0.0
96.0	26.21685678249179	23.797142025530498	23.771916450678457	26.214084741299253	0.0
97.0	26.20826345479494	23.83927705165699	23.804626536750337	26.14783295679774	0.0
98.0	26.345202289706027	23.73338507810226	23.816269109758974	26.105143522432744	0.0
99.0	26.257328583902755	23.709822727965737	23.77385687951323	26.258991808618276	0.0
100.0	26.211035495987474	23.75944226531206	23.71453519799304	26.31498704070743	0.0
101.0	26.215193557776267	23.64024449403318	23.7195248721396	26.42503707605095	0.0
102.0	26.14533811972446	23.75251216233073	23.73865195636807	26.36349776157674	0.0
103.0	26.279504913443013	23.735325506937034	23.76110549002758	26.224064089592368	0.0
104.0	26.285326199947328	23.650223842326294	23.86533423886679	26.199115718859584	0.0
105.0	26.241250744986072	23.663806844169706	23.761382694146835	26.33355971669739	0.0
106.0	26.24783088377972	23.739417762081906	23.737200135275234	26.275551218863136	0.0
107.0	26.341802819712484	23.824241987437144	23.731378864907718	26.10257632794265	0.0
108.0	26.23812876650053	23.834775714768842	23.71918191747102	26.207913601259612	0.0
109.0	26.25531537425224	23.86582249006226	23.675938194740898	26.2029239409446	0.0
110.0	26.234247919588853	23.8084413964396	23.77462258763784	26.182688096333706	0.0
111.0	26.169659538844503	23.730547254855217	23.8320036812605	26.26778952503978	0.0
112.0	26.129742256324395	23.833112494663837	23.79097758533705	26.24616766367472	0.0
113.0	26.225100209011327	23.795412838950398	23.84614105215304	26.133345899885235	0.0
114.0	26.274996812161465	23.772959367532835	23.737200135275234	26.214843685030466	0.0
115.0	26.251988934042238	23.77656301109368	23.699777682912632	26.271670371951455	0.0
116.0	26.32454323944482	23.66145803014301	23.714403723385086	26.299595007027087	0.0
117.0	26.292387739884184	23.715789736297182	23.74295558937427	26.248866934444358	0.0
118.0	26.2119989909826	23.781486748330547	23.69139590904429	26.315118351642564	0.0
119.0	26.194258025707768	23.734639511901694	23.67448655151671	26.396615910873827	0.0
120.0	26.290447321807246	23.7318674860775	23.783981571572323	26.19370362054293	0.0
121.0	26.213662206477117	23.79534687745151	23.774556683770065	26.216434232301307	0.0
122.0	26.21615702971889	23.84358012679246	23.79839610585812	26.141866737630526	0.0
123.0	26.349491471862553	23.73353070157202	23.81696867888021	26.10000914768522	0.0
124.0	26.262449860982905	23.714680925967507	23.770953050198614	26.251916162850975	0.0
125.0	26.218097447795824	23.752657679758947	23.71994777503347	26.30929709741176	0.0
126.0	26.208118154828732	23.63789581063737	23.726046231846695	26.4279398026872	0.0
127.0	26.139371914388754	23.750717261682013	23.735471119648953	26.374439704280285	0.0
128.0	26.27575558493903	23.7390747532204	23.75931054173701	26.22585912010356	0.0
129.0	26.291074606509845	23.652098706569166	23.868317320219766	26.188509366701222	0.0
130.0	26.24284122346471	23.66679048416337	23.760208013394465	26.330160278977456	0.0
131.0	26.249289664444415	23.743641630514627	23.747799692303428	26.25926901273753	0.0
132.0	26.341598636155734	23.824308029217313	23.73172185338674	26.102371481240212	0.0
133.0	26.22988537609669	23.833732969271924	23.726177771001677	26.210203883629713	0.0
134.0	26.259823420976037	23.859790156481726	23.682933928398175	26.197452494144063	0.0
135.0	26.236538274958765	23.806844169704362	23.77302526715547	26.1835922881814	0.0
136.0	26.173612939888287	23.716198422708562	23.838445439299228	26.271743198103927	0.0
137.0	26.123438994303456	23.827911682767606	23.797142025530498	26.25150729739844	0.0
138.0	26.23154860081221	23.794647188457223	23.85147403290413	26.12233017782644	0.0
139.0	26.282831362874052	23.770253225962936	23.738097548129566	26.208817863033445	0.0
140.0	26.25926901273753	23.779400961898293	23.69596252200308	26.265367503361098	0.0
141.0	26.32282172399264	23.65555629476859	23.714600935843702	26.307021045395075	0.0
142.0	26.28429024460559	23.719313418934203	23.744261858825094	26.25213447763511	0.0
143.0	26.214989022686446	23.78334774798749	23.698800257246138	26.30286297207992	0.0
144.0	26.198911139201208	23.73844055618389	23.676069456456656	26.386578848158248	0.0
145.0	26.309238684496485	23.732896458430357	23.77198234759275	26.185882509480408	0.0
146.0	26.208336105382212	23.800257246135764	23.777526445346282	26.21388020313574	0.0
147.0	26.21672492605539	23.84911141726936	23.798105576546185	26.136058080129065	0.0
148.0	26.353664520170874	23.725200488990776	23.820004823378415	26.101130167459935	0.0
149.0	26.263018270624794	23.705796093063483	23.779810003243306	26.25137563306842	0.0
150.0	26.225318301394623	23.75430708288172	23.713835057090506	26.30653955863315	0.0
151.0	26.2175565430237	23.631504977227554	23.722982843741942	26.427955636006793	0.0
152.0	26.147146306373237	23.747931352791323	23.746268118854697	26.358654221980743	0.0
153.0	26.282977077864295	23.737674743515466	23.75624752247445	26.223100656145785	0.0
154.0	26.27944625244635	23.65042052214602	23.868859184680463	26.201274040727167	0.0
155.0	26.238974114464074	23.667330114042723	23.76213471123407	26.331561060259133	0.0
156.0	26.252630003243326	23.73364824070455	23.75360715859855	26.260114597453576	0.0
157.0	26.336346575520942	23.82013688491189	23.737806348599133	26.105710190968033	0.0
158.0	26.231839463770406	23.829561929472945	23.728381304038077	26.21021730271857	0.0
159.0	26.253184417629267	23.852570126489642	23.695670855267352	26.19857460061374	0.0
160.0	26.242373337103352	23.805167696491388	23.772734454913635	26.179724511491624	0.0
161.0	26.173903160439206	23.71923346666999	23.83732373087617	26.26953964201463	0.0
162.0	26.131490459914453	23.82762147912214	23.803227246140583	26.23766081482282	0.0
163.0	26.230730634998515	23.801009588596806	23.850629676138837	26.117630100265842	0.0
164.0	26.28423162324216	23.75887409526502	23.740578420528855	26.216315860963963	0.0
165.0	26.26344108376924	23.78687202175522	23.687631846671156	26.262055047804377	0.0
166.0	26.324776847591064	23.657759050839942	23.715695514775184	26.301768586793813	0.0
167.0	26.298442091256863	23.710428563508344	23.73842656761102	26.25270277762377	0.0
168.0	26.225813605366742	23.774186394633254	23.697122581360535	26.302877418639465	0.0
169.0	26.19060819426734	23.72900149692299	23.685479846981206	26.394910461828463	0.0
170.0	26.300659754948164	23.730110328768642	23.78000776182292	26.18922215446028	0.0
171.0	26.218051782447194	23.795254199700615	23.779453345900095	26.207240671952096	0.0
172.0	26.219510504824818	23.838564724080292	23.80252758919884	26.13939718189605	0.0
173.0	26.35977812213262	23.7196421789715	23.82525870504714	26.095320993848738	0.0
174.0	26.26469552779156	23.699960359151632	23.780073682080396	26.255270430976413	0.0
175.0	26.218956087365104	23.75484768766338	23.715206839293785	26.310989385677736	0.0
176.0	26.213134704038097	23.625945628279727	23.73183936308522	26.42908030459695	0.0
177.0	26.148822278711204	23.737660746412224	23.757342566232094	26.356174408644478	0.0
178.0	26.281050842853144	23.733502615464367	23.761777905909813	26.22366863577268	0.0
179.0	26.288331143378297	23.64236648204514	23.866074547178286	26.20322782739828	0.0
180.0	26.235661338700112	23.67396836485205	23.76572470879142	26.324645587656413	0.0
181.0	26.25458436478653	23.72226857793905	23.76662222062056	26.25652483665385	0.0
182.0	26.342737229616038	23.820955432905414	23.727812783274242	26.10849455420431	0.0
183.0	26.23240754344578	23.819014961038096	23.739732824744898	26.208844670771224	0.0
184.0	26.255138785320053	23.843132254246168	23.69815128473098	26.2035776757028	0.0
185.0	26.248485738917825	23.799610242364935	23.773829687556308	26.17807433116093	0.0
186.0	26.181123644095283	23.712566218602472	23.845904356913763	26.260405780388485	0.0
187.0	26.13621558088025	23.814856807036705	23.80071908343197	26.24820852865107	0.0
188.0	26.242941533582638	23.79822419103114	23.844518305579964	26.114315969806256	0.0
189.0	26.296720325333965	23.754424968883146	23.73030767567508	26.218547030107807	0.0
190.0	26.270108139725064	23.785749729026964	23.69011218699496	26.254029944253016	0.0
191.0	26.324791537301518	23.656912534374168	23.71457242969928	26.303723498625033	0.0
192.0	26.292080635145926	23.718730595227537	23.747837753925307	26.24135101570123	0.0
193.0	26.21834249977823	23.77417280227091	23.701820722079304	26.305663975871553	0.0
194.0	26.203241169393515	23.72302028641603	23.677834637156465	26.39590390703399	0.0
195.0	26.2933352553405	23.728564537858922	23.785115902576415	26.192984304224165	0.0
196.0	26.21460688485144	23.790660154019307	23.79038294144716	26.204350019682092	0.0
197.0	26.222718742116747	23.842842212938656	23.804586771933813	26.129852273010783	0.0
198.0	26.357721638996157	23.719759489705684	23.82759547920484	26.09492339209332	0.0
199.0	26.27206271674618	23.69148372896297	23.77797429123479	26.258479263056056	0.0
200.0	26.21883775534814	23.751916237217	23.71393800955277	26.315307997882094	0.0
201.0	26.220223822051214	23.625784167237267	23.7350062234395	26.418985787272025	0.0
202.0	26.143435726700915	23.73583786346134	23.766885757610197	26.35384065222755	0.0
203.0	26.272339930086797	23.72835310326474	23.766885757610197	26.232421209038264	0.0
204.0	26.288491179047046	23.63666101149884	23.87645121586108	26.198396593593028	0.0
205.0	26.239701495847335	23.674084916225898	23.76334785935265	26.322865728574126	0.0
206.0	26.25252612057184	23.725158081783935	23.758701081969665	26.26361471567456	0.0
207.0	26.340622297132466	23.82016366902486	23.723137654964404	26.116076378878265	0.0
208.0	26.239583506595032	23.808375331969415	23.73629846476273	26.215742696672823	0.0
209.0	26.260929348037017	23.830552829571474	23.704141093239745	26.204376729151768	0.0
210.0	26.250263359244187	23.789656357769378	23.78494361339972	26.175136669586717	0.0
211.0	26.17777679210029	23.7032950582443	23.844955395013333	26.273972754642077	0.0
212.0	26.14617350757647	23.814183775871726	23.800322686168297	26.239320030383507	0.0
213.0	26.241815026530123	23.79727324643354	23.849390943718433	26.1115207833179	0.0
214.0	26.296427719961635	23.750699985030025	23.732957790209635	26.21991450479871	0.0
215.0	26.26378835720682	23.781537531776635	23.69310353431045	26.261570576706095	0.0
216.0	26.32789975604347	23.65796185406964	23.711188733643823	26.30294965624307	0.0
217.0	26.28298957640275	23.731148813484143	23.739188290086492	26.246673320026616	0.0
218.0	26.216178753603902	23.784930139720558	23.7000998003992	26.298791306276335	0.0
219.0	26.206139438950753	23.723306636504518	23.677009955172615	26.393543969372114	0.0
220.0	26.29651499652082	23.73661346706698	23.779306215121547	26.187565321290652	0.0
221.0	26.231089746255375	23.790118014953553	23.782632922762165	26.19615931602891	0.0
222.0	26.21896450393107	23.843134210847314	23.79933243881613	26.13856884640548	0.0
223.0	26.353419310482483	23.728085252664147	23.825946173721153	26.092549263132213	0.0
224.0	26.281617671519975	23.694818084032867	23.777986005611062	26.245578238836092	0.0
225.0	26.22118231517316	23.753590081948126	23.715610064427416	26.309617538451302	0.0
226.0	26.220627862362633	23.623293671475622	23.737233724037747	26.418844742123998	0.0
227.0	26.15008011887534	23.73681088064228	23.763701991051082	26.349407009431296	0.0
228.0	26.2767732885333	23.734315829161055	23.76841486607118	26.220496016234467	0.0
229.0	26.29819274603355	23.62903471735147	23.879926700728834	26.192845835886146	0.0
230.0	26.24274700385071	23.680599257581513	23.76127281245755	26.315380926110233	0.0
231.0	26.25806737785269	23.730843442968354	23.759120849874694	26.251968329304265	0.0
232.0	26.341382273848797	23.833550497629673	23.71960854980455	26.105458678716975	0.0
233.0	26.249618807352164	23.813589864434032	23.735965179784312	26.200826148429485	0.0
234.0	26.252391117518226	23.84020404202822	23.71905408777134	26.18835075268221	0.0
235.0	26.24490588006986	23.800282775636937	23.786698455823238	26.168112888469963	0.0
236.0	26.17116242965263	23.705192536941034	23.855174516924954	26.268470516481386	0.0
237.0	26.13872640070971	23.81331263341743	23.807490782068697	26.240470183804167	0.0
238.0	26.23132156025616	23.79806492750409	23.85406559285853	26.116547919381222	0.0
239.0	26.286490532560787	23.75121288569765	23.729034404369163	26.233262177372403	0.0
240.0	26.266731726791832	23.781508877380148	23.69611746309871	26.255641932729308	0.0
241.0	26.324865946911096	23.65849871630651	23.708404726653693	26.308230610128703	0.0
242.0	26.286340131150272	23.71878942479655	23.737921282111714	26.256949161941467	0.0
243.0	26.20627504263313	23.78970427163198	23.700971896793156	26.30304878894173	0.0
244.0	26.206810493039768	23.713049747656815	23.67810992180134	26.402029837502077	0.0
245.0	26.292422116349883	23.729208379321246	23.783839246593196	26.194530257735675	0.0
246.0	26.22335247804275	23.788711184818087	23.790652463899143	26.197283873240025	0.0
247.0	26.22056066472161	23.836848119099653	23.804677013190155	26.137914202988583	0.0
248.0	26.360121589988793	23.71587215300813	23.83790590088641	26.086100356116663	0.0
249.0	26.27636206303598	23.695625644837417	23.783545413195174	26.244466878931426	0.0
