# Position (bp)	A	C	G	T	N
0.0	26.185605150759667	23.805145790021506	23.70243981899453	26.306533148904332	2.7609131996499163E-4
1.0	26.126521608287156	23.78858031082361	23.800452237582103	26.284169751987168	2.7609131996499163E-4
2.0	26.202130802211972	23.787792198469955	23.763220885064232	26.246580032080747	2.7608217309800086E-4
3.0	26.151497415963604	23.74690799063563	23.84905472856575	26.25226379257034	2.760722646760016E-4
4.0	26.33379159558081	23.899204390483604	23.625627349974327	26.1411006023664	2.7606159486304584E-4
5.0	26.285468212145386	23.812665453913063	23.701143650572376	26.2004466393015	2.7604406767496364E-4
6.0	26.21461596853219	23.740252570561037	23.780001380167	26.264854047339732	2.76033400041405E-4
7.0	26.198073366639985	23.72878081095255	23.822904303182533	26.250241519224932	0.0
8.0	26.284338972197613	23.744227961369777	23.766584691987735	26.20484837444488	0.0
9.0	26.305112813082175	23.80183536879873	23.653073897743738	26.239977920375352	0.0
10.0	26.238267267573917	23.76766636952484	23.793332799765963	26.20073356313528	0.0
11.0	26.24130308190351	23.683767500779652	23.835834200380305	26.23909521693653	0.0
12.0	26.237439318211297	23.732892496294927	23.718265390888693	26.311402794605083	0.0
13.0	26.261725832848064	23.814583500073137	23.737860192470627	26.185830474608174	0.0
14.0	26.280216701946507	23.756351061569074	23.744207804250692	26.219224432233723	0.0
15.0	26.178102947223746	23.72268112082265	23.817895297523602	26.28132063443	0.0
16.0	26.186934407091663	23.656721154934164	23.856532934445728	26.299811503528442	0.0
17.0	26.269729343353358	23.836386166622052	23.757454994052562	26.136429495972024	0.0
18.0	26.245442828716598	23.734272411899287	23.81127170262267	26.20901305676145	0.0
19.0	26.268349427748998	23.799680411546028	23.791952884161603	26.140017276543364	0.0
20.0	26.347280600318484	23.713849660954736	23.771806116337924	26.167063622388852	0.0
21.0	26.267797461507254	23.747519601701157	23.696738707460653	26.287944229330932	0.0
22.0	26.17230730168543	23.8388700147099	23.755523112206458	26.23329957139821	0.0
23.0	26.24406291311223	23.74531173673418	23.801612293392136	26.20901305676145	0.0
24.0	26.23992316629915	23.671900226582142	23.778981677480605	26.309194929638103	0.0
25.0	26.192178086388235	23.800232377787776	23.70529418420769	26.302295351616294	0.0
26.0	26.12125042432405	23.790848951678115	23.796920580337307	26.29098004366053	0.0
27.0	26.20928903988232	23.79029698543637	23.75579909532733	26.24461487935398	0.0
28.0	26.145812922081685	23.73924010807499	23.856532934445728	26.258414035397593	0.0
29.0	26.33044562994527	23.89903433506007	23.627742927242572	26.142777107752092	0.0
30.0	26.2862883306057	23.81982717936971	23.70032648803199	26.1935580019926	0.0
31.0	26.215564301129874	23.742486380270574	23.777812122249145	26.264137196350408	0.0
32.0	26.19955732429583	23.727859315232568	23.819485458489492	26.253097901982102	0.0
33.0	26.28593980272781	23.738898609600874	23.762909074851933	26.21225251281938	0.0
34.0	26.296979097096113	23.80292651693704	23.65886372543067	26.24123066053618	0.0
35.0	26.23398271803236	23.778022481460937	23.79016567175301	26.197829128753696	0.0
36.0	26.230670938861795	23.680876959124365	23.82852711381205	26.25992498820179	0.0
37.0	26.23177486525198	23.73524533384114	23.718686437988314	26.314293362918562	0.0
38.0	26.26627256494537	23.816107941922432	23.731381591475483	26.186237901656717	0.0
39.0	26.280899589615363	23.7531841376817	23.74352478176755	26.222391490935383	0.0
40.0	26.170230968998986	23.722550180353974	23.824939353043938	26.2822794976031	0.0
41.0	26.187065846449357	23.649967020199092	23.861368923920153	26.301598209431393	0.0
42.0	26.265720601750274	23.841774230494313	23.755667972059623	26.13683719569579	0.0
43.0	26.24805777950726	23.736901223426422	23.809208401983756	26.205832595082562	0.0
44.0	26.27068827050612	23.796789230094138	23.797065211691685	26.135457287708057	0.0
45.0	26.34906704420949	23.715098677220205	23.773606775900184	26.16222750267012	0.0
46.0	26.261856859384615	23.755667972059623	23.6916402414287	26.29083492712706	0.0
47.0	26.167471153023513	23.8428781568845	23.755667972059623	26.23398271803236	0.0
48.0	26.24612590832443	23.74269683697491	23.80313680683772	26.208040447862935	0.0
49.0	26.2447460003367	23.66238619208871	23.7912695981432	26.301598209431393	0.0
50.0	26.189549680827284	23.80313680683772	23.701851560537943	26.305461951797053	0.0
51.0	26.119726336647876	23.797617174886778	23.799549046069608	26.283107442395742	0.0
52.0	26.203348760704635	23.793753432521118	23.757323861644906	26.24557394512934	0.0
53.0	26.142356827646733	23.74269683697491	23.853365457591288	26.261580877787072	0.0
54.0	26.325608608417987	23.89559064201599	23.638651774699664	26.140148974866356	0.0
55.0	26.28255547920065	23.822455518666015	23.697987818172283	26.197001183961056	0.0
56.0	26.211555869560417	23.7489788709072	23.774921069480936	26.264544190051442	0.0
57.0	26.194721038571085	23.73269600158965	23.817146137372223	26.255436822467047	0.0
58.0	26.287174618594484	23.745943081712404	23.7580862384916	26.20879606120151	0.0
59.0	26.29766189035833	23.803347095577685	23.655145386704348	26.243845627359637	0.0
60.0	26.232733996605447	23.770991734396777	23.78837847907381	26.207895789923967	0.0
61.0	26.230250175937297	23.678262429452595	23.830327450358084	26.26115994425203	0.0
62.0	26.231078116160013	23.73373442437456	23.719107480439913	26.316079979025513	0.0
63.0	26.263919744994414	23.81514854627496	23.728766783038267	26.192164925692364	0.0
64.0	26.284894230636546	23.756916750610607	23.73621824504271	26.22197077371014	0.0
65.0	26.172846320495662	23.7133118988809	23.83529509169438	26.27854668892906	0.0
66.0	26.180021802425863	23.649836481806013	23.861237218672812	26.30890449709531	0.0
67.0	26.259228083732356	23.850198015703267	23.753604989719744	26.136968910844637	0.0
68.0	26.242945259352275	23.74339372697291	23.80714512412204	26.206515889552772	0.0
69.0	26.271371206998857	23.8068691440478	23.79058631966772	26.131173329285623	0.0
70.0	26.342574066152423	23.713863859029377	23.779271136623937	26.164290938194263	0.0
71.0	26.256744263064206	23.76823193365439	23.687645751976707	26.287378051304692	0.0
72.0	26.16346299797155	23.842194593550346	23.751397149125832	26.242945259352275	0.0
73.0	26.245153099946183	23.74780940816073	23.795553961004014	26.21148353088907	0.0
74.0	26.244877119871944	23.670534987373912	23.784238777960233	26.300349114793914	0.0
75.0	26.1902330651727	23.80714512412204	23.691509473016048	26.31111233768922	0.0
76.0	26.123169907132706	23.801349542563027	23.798037781672164	26.277442768632103	0.0
77.0	26.20679186962701	23.801349542563027	23.753329009645505	26.238529578164453	0.0
78.0	26.14442037284908	23.738702065710857	23.84909409540631	26.26778346603375	0.0
79.0	26.320495660213332	23.89435482758145	23.644040900247003	26.14110861195822	0.0
80.0	26.279926589300253	23.82729166954146	23.698132994797774	26.19464874636051	0.0
81.0	26.212239130554778	23.738636551804078	23.778929531442323	26.270194786198825	0.0
82.0	26.193472537298607	23.718490061984955	23.827777869770884	26.26025953094556	0.0
83.0	26.282613855265406	23.745812013931435	23.756299227809883	26.215274902993276	0.0
84.0	26.296688800207534	23.80100787644958	23.653358944213544	26.24894437912934	0.0
85.0	26.230657353310498	23.77638009973865	23.78741924177653	26.205543305174324	0.0
86.0	26.23452105302376	23.676199885744882	23.834887552539417	26.254391508691942	0.0
87.0	26.225413760842507	23.73470733854565	23.712905033020835	26.326973867591008	0.0
88.0	26.257151294201414	23.814465139769336	23.734983317096596	26.19340024893265	0.0
89.0	26.28364523509233	23.75236996580626	23.74657441623637	26.21741038286504	0.0
90.0	26.17849740718151	23.71428492577557	23.82991993862237	26.277297728420546	0.0
91.0	26.18180914979288	23.641702566876504	23.86552117169454	26.310967111636085	0.0
92.0	26.26211890811846	23.855585943860444	23.750438115949628	26.131857032071466	0.0
93.0	26.24362834520501	23.739674952462693	23.808393611648505	26.208303090683792	0.0
94.0	26.273985985809183	23.801494147874827	23.792386855693575	26.132133010622415	0.0
95.0	26.339668880934575	23.71400894722462	23.778311949595277	26.168010222245524	0.0
96.0	26.26046303681278	23.764789000598874	23.69579436286212	26.27895359972623	0.0
97.0	26.166078372388895	23.845926694577297	23.751266051602467	26.236728881431336	0.0
98.0	26.2441803023069	23.748230287542054	23.797078491059676	26.21051091909137	0.0
99.0	26.250527808978685	23.671232271827833	23.78355554206327	26.294684377130213	0.0
100.0	26.190364484872237	23.80508186903714	23.705177633594317	26.299376012496307	0.0
101.0	26.127165396705372	23.79404272699926	23.800666212221984	26.278125664073386	0.0
102.0	26.200851669808223	23.805633826139033	23.752645944357205	26.240868559695542	0.0
103.0	26.15503923035102	23.74105484521743	23.839579187905517	26.26432673652604	0.0
104.0	26.32504201773438	23.90498610447996	23.63535506020472	26.134616817580934	0.0
105.0	26.287784913356532	23.821916560644908	23.70407371939053	26.18622480660803	0.0
106.0	26.218165962003376	23.73988541402188	23.77300274873878	26.26894587523596	0.0
107.0	26.191672094229858	23.72415468003135	23.821574839656904	26.262598386081887	0.0
108.0	26.28909225385541	23.737953569496728	23.756720059169638	26.216234117478226	0.0
109.0	26.302891143320785	23.803360305562606	23.647156876814552	26.24659167430205	0.0
110.0	26.228028778884443	23.778732658293524	23.788943808317395	26.204294754504637	0.0
111.0	26.238515905935987	23.672757479667393	23.83089231652357	26.257834297873046	0.0
112.0	26.237411997825298	23.745339437945184	23.704494837849698	26.312753726379817	0.0
113.0	26.265837631675538	23.813505763780224	23.731540586561575	26.189116017982663	0.0
114.0	26.2771526898101	23.758586335273453	23.741751736585446	26.222509238331	0.0
115.0	26.182492569318526	23.716637827067274	23.82454484488711	26.276324758727082	0.0
116.0	26.1758691206544	23.641020121485088	23.872288870674403	26.31082188718611	0.0
117.0	26.26114602220511	23.85159059359899	23.754170702830695	26.133092681365206	0.0
118.0	26.243483492434088	23.738991966308724	23.81433369486324	26.203190846393948	0.0
119.0	26.28074039116984	23.804674498894713	23.792255532649463	26.122329577285985	0.0
120.0	26.3466989007835	23.711394263541504	23.77680081909982	26.16510601657518	0.0
121.0	26.261973953288127	23.758862312301122	23.696491504047206	26.282672230363545	0.0
122.0	26.166485901713543	23.845795076017872	23.751410932553974	26.236308089714612	0.0
123.0	26.249003032987535	23.740095874419413	23.798878981313596	26.21202211127946	0.0
124.0	26.253215141245434	23.668131188801926	23.786801638204157	26.291852031748487	0.0
125.0	26.196087738858775	23.80198041661607	23.69876472341506	26.303167121110093	0.0
126.0	26.12598938037467	23.795080971883383	23.79977259430161	26.27915705344034	0.0
127.0	26.20243522801285	23.799496616512304	23.753684303487255	26.24438385198759	0.0
128.0	26.149447492465804	23.740437369600496	23.84227317385497	26.26784196407873	0.0
129.0	26.316690032786163	23.900780465188163	23.635841787452947	26.14668771457273	0.0
130.0	26.27722520891519	23.81853908397452	23.70732003488359	26.1969156722267	0.0
131.0	26.20589160636519	23.737808613866303	23.77451386244087	26.28178591732764	0.0
132.0	26.188504909671973	23.72428562754936	23.824190138707202	26.263019324071468	0.0
133.0	26.286753544954273	23.730081193113765	23.753815413996566	26.229349847935403	0.0
134.0	26.295584882957172	23.802939731637718	23.645907502773593	26.25556788263152	0.0
135.0	26.222798713932853	23.77871917647546	23.7911382798162	26.207343829775493	0.0
136.0	26.232733996605447	23.678262429452595	23.82729166954146	26.261711904400503	0.0
137.0	26.223902634229805	23.744221667195628	23.718831500365674	26.31304419820889	0.0
138.0	26.268887386330707	23.815424526349197	23.72573100222164	26.18995708509846	0.0
139.0	26.263091804771694	23.758572631056037	23.741185886379004	26.237149677793266	0.0
140.0	26.1673989358179	23.716689113107986	23.82818537080785	26.28772658026627	0.0
141.0	26.155807740710486	23.64907380831475	23.877585940432297	26.317532510542467	0.0
142.0	26.25330142986066	23.851709568006005	23.754840027266983	26.140148974866356	0.0
143.0	26.23701851560538	23.73800514981661	23.81914373949545	26.205832595082562	0.0
144.0	26.276004437796335	23.79933874626734	23.796026957956848	26.12862985797948	0.0
145.0	26.34279216872458	23.712680285476154	23.776708192812315	26.16781935298696	0.0
146.0	26.263033266913578	23.750213886328385	23.703296885263097	26.28345596149494	0.0
147.0	26.166715423550123	23.842116011944515	23.760425233619067	26.23074333088629	0.0
148.0	26.25261838985928	23.740068057437608	23.801888276513008	26.20542527619011	0.0
149.0	26.25103493955953	23.666169895678095	23.793398465529613	26.289396699232764	0.0
150.0	26.193354308108407	23.803057901418555	23.703703703703706	26.29988408676933	0.0
151.0	26.129326047358838	23.79477838494232	23.7986421592979	26.277253408400945	0.0
152.0	26.20301374399735	23.796158304355025	23.75310481867859	26.247723132969035	0.0
153.0	26.14340122536844	23.736821769608653	23.844179499917203	26.2755975051057	0.0
154.0	26.318375006899597	23.894408566539717	23.631395926477893	26.155820500082793	0.0
155.0	26.28166915052161	23.821824805431362	23.699839929348126	26.196666114698903	0.0
156.0	26.200398522926104	23.74799220617214	23.767035199178668	26.28457407172309	0.0
157.0	26.19294691696703	23.733640965065767	23.821956294951125	26.25145582301608	0.0
158.0	26.293129619305734	23.736676804530575	23.747716220766247	26.222477355397444	0.0
159.0	26.290921736058596	23.81174483493313	23.645601620586305	26.25173180842197	0.0
160.0	26.22641353215377	23.772344530092152	23.79000764481684	26.211234292937235	0.0
161.0	26.232761214007954	23.68320099796598	23.82698979127166	26.2570479967544	0.0
162.0	26.219513877964435	23.746125844172692	23.724046950766827	26.310313327096047	0.0
163.0	26.26863941579248	23.823677957260784	23.720735116755947	26.186947510190787	0.0
164.0	26.261463775435573	23.767652765243405	23.741434079323945	26.22944937999707	0.0
165.0	26.175980305572725	23.711969001148105	23.834231210809858	26.27781948246931	0.0
166.0	26.162732932968296	23.649043981277046	23.869005563896494	26.319217521858164	0.0
167.0	26.258296879959154	23.859411870230588	23.753708584597128	26.12858266521313	0.0
168.0	26.232078049319004	23.744876978486758	23.81580581506065	26.207239157133593	0.0
169.0	26.277964529964066	23.79820828296544	23.800140202133942	26.12368698493655	0.0
170.0	26.345581700861636	23.70575215132999	23.78413287188064	26.164533275927738	0.0
171.0	26.2685809225742	23.754878095900466	23.702716278350913	26.27382470317442	0.0
172.0	26.167293160454168	23.84457434300949	23.759017922690116	26.22911457384623	0.0
173.0	26.257889841664987	23.743076120585208	23.791926211523652	26.20710782622615	0.0
174.0	26.258790280737003	23.656756786593512	23.7969596944239	26.287493238245585	0.0
175.0	26.19503659627082	23.801375534040602	23.70671097225749	26.296876897431087	0.0
176.0	26.13652672134948	23.789783955046754	23.80303147389687	26.270657849706897	0.0
177.0	26.201660355695882	23.797511674375986	23.754733228089155	26.246094741838977	0.0
178.0	26.14618637051102	23.737897839550467	23.844153980327434	26.27176180961108	0.0
179.0	26.314540255897906	23.888312376494486	23.644889217623614	26.152258149983993	0.0
180.0	26.280593488844485	23.82400671207622	23.70201914266474	26.19338065641456	0.0
181.0	26.199873043910248	23.742720724201693	23.77114784864626	26.286258383241794	0.0
182.0	26.18828140093285	23.729197140728065	23.823034250545085	26.259487207794002	0.0
183.0	26.287914332238564	23.738028868710845	23.750448486186627	26.223608312863966	0.0
184.0	26.298126017718655	23.80261087958491	23.651367537879832	26.247895564816602	0.0
185.0	26.229752517739403	23.776181315875903	23.779769215271205	26.214296951113493	0.0
186.0	26.230580494522933	23.683171923859256	23.82861984549953	26.257627736118277	0.0
187.0	26.212640997546426	23.747478120713495	23.724846755296984	26.315034126443095	0.0
188.0	26.267287465259475	23.81040435626185	23.73340251539347	26.188905663085205	0.0
189.0	26.26066365099123	23.75906979568293	23.746926136191142	26.233340417134706	0.0
190.0	26.182354110088095	23.70642070168466	23.83392947826279	26.277295709964456	0.0
191.0	26.167726479874588	23.64791018083063	23.86594466891877	26.318418670376015	0.0
192.0	26.25252879305158	23.860766655534917	23.757544980087047	26.129159571326454	0.0
193.0	26.23928109138982	23.74567724734839	23.809155817810986	26.205885843450805	0.0
194.0	26.282684654151232	23.793213846094403	23.797905753382313	26.126195746372048	0.0
195.0	26.34726737799661	23.711519460375463	23.77610218422084	26.165110977407085	0.0
196.0	26.274956806853496	23.758438533254584	23.69468379304825	26.271920866843672	0.0
197.0	26.162351031943608	23.849792728095693	23.756230576883798	26.231625663076898	0.0
198.0	26.250189746774304	23.74387635410198	23.795487476712896	26.210446422410822	0.0
199.0	26.25964606264007	23.65783111248496	23.78892924564754	26.29359357922743	0.0
200.0	26.18623110806902	23.799141100230734	23.708890385400913	26.305737406299336	0.0
201.0	26.13820779192104	23.799969088440182	23.793069186694783	26.268753932943994	0.0
202.0	26.199202923350374	23.80079707664963	23.75277376050165	26.24722623949835	0.0
203.0	26.152559587551472	23.74338989412791	23.83419260109736	26.26985791722326	0.0
204.0	26.31042933948621	23.884699881873683	23.64596328148287	26.15890749715724	0.0
205.0	26.28531369713295	23.81790883297822	23.713030326448152	26.183747143440677	0.0
206.0	26.201003527249245	23.74407295168386	23.76918873267425	26.285734788392645	0.0
207.0	26.181407698124872	23.72972107683221	23.824940246521052	26.263930978521866	0.0
208.0	26.28021483652663	23.742968961310655	23.748764910769978	26.228051291392738	0.0
209.0	26.30312263677061	23.806172410176583	23.644713818095507	26.245991134957304	0.0
210.0	26.222603713281867	23.780018271091105	23.78581423654715	26.211563779079878	0.0
211.0	26.227571683672767	23.68949081063477	23.82914597828997	26.253791527402498	0.0
212.0	26.216255751115725	23.750486447100773	23.713502667524104	26.3197551342594	0.0
213.0	26.26207147805399	23.810930086856683	23.73199455731244	26.19500387777689	0.0
214.0	26.255999514242895	23.764562363208316	23.74331048986948	26.236127632679306	0.0
215.0	26.17768823139766	23.710808125413998	23.83307573415765	26.278427909030693	0.0
216.0	26.16582026937514	23.639324354162067	23.87309560609406	26.321759770368736	0.0
217.0	26.24786445093964	23.86432949969502	23.753929548271	26.13387650109434	0.0
218.0	26.23737645555436	23.742337553371478	23.80554152556173	26.214744465512435	0.0
219.0	26.29320100022632	23.7893231912298	23.78877118994916	26.128704618594718	0.0
220.0	26.344261118685797	23.707903002334966	23.776903162415337	26.170932716563904	0.0
221.0	26.27608896052639	23.75289110670737	23.700450985046285	26.27056894771996	0.0
222.0	26.161548694792973	23.84645532377635	23.756203114391226	26.235792867039454	0.0
223.0	26.249389346897882	23.742744613142637	23.790768857105792	26.21709718285369	0.0
224.0	26.2602258801709	23.65862948365515	23.7814504465715	26.299694189602445	0.0
225.0	26.19122533920666	23.79635456341978	23.70803387098555	26.304386226388015	0.0
226.0	26.142648958367833	23.79801057640292	23.787798496340212	26.271541968889032	0.0
227.0	26.208337473365788	23.79690656774749	23.7417061349761	26.25304982391062	0.0
228.0	26.152585036266686	23.74253414146767	23.8289228187549	26.275958003510745	0.0
229.0	26.310182271829014	23.882191236379295	23.640689343004446	26.166937148787245	0.0
230.0	26.287274092228884	23.81429470407048	23.71272590777112	26.185705295929516	0.0
231.0	26.206550119509597	23.744597227818964	23.770265570748027	26.278587081923416	0.0
232.0	26.18640185032872	23.733557080322594	23.823258278730606	26.256782790618082	0.0
233.0	26.28659118885828	23.73769713563373	23.744321224131554	26.23139045137643	0.0
234.0	26.28741919992051	23.80973409804755	23.651031977787223	26.251814724244717	0.0
235.0	26.225942762197324	23.778611311214338	23.777507293417568	26.217938633170768	0.0
236.0	26.225114748849755	23.68118174064966	23.826636085373696	26.267067425126893	0.0
237.0	26.21545459312804	23.747422808455674	23.722030399130034	26.315092199286255	0.0
238.0	26.258235282752757	23.815043898507643	23.73251856819932	26.19420225054028	0.0
239.0	26.262375349490636	23.765639102102327	23.734450599343663	26.23753494906338	0.0
240.0	26.18646734420112	23.706161294418347	23.824021374905463	26.283349986475073	0.0
241.0	26.166777078502818	23.638898089875234	23.867726620293695	26.326598211328257	0.0
242.0	26.24183953735525	23.859053455343464	23.753881826839468	26.145225180461818	0.0
243.0	26.238378127691526	23.748923389501115	23.803858130341645	26.208840352465714	0.0
244.0	26.28295203889231	23.800282140402118	23.78868732935613	26.128078491349445	0.0
245.0	26.349631429281356	23.708898153005162	23.77460589160984	26.166864526103637	0.0
246.0	26.272239340025845	23.761444080000885	23.695457707981312	26.27085887199196	0.0
247.0	26.164614280192172	23.853332597051192	23.753934507703352	26.228118615053287	0.0
248.0	26.2425310080516	23.755260047934083	23.788670326150584	26.21353861786373	0.0
249.0	26.25558105052145	23.66531092353443	23.780452448207022	26.298655577737094	0.0
