# Position (bp)	A	C	G	T	N
0.0	26.23902799862541	23.721656269839883	23.64302480677046	26.396290924764248	0.0
1.0	26.403862843430197	23.65525636769237	23.72049135927589	26.220389429601543	0.0
2.0	26.399967383359108	23.654927588145018	23.73122723023563	26.213877798260256	0.0
3.0	26.252566286637837	23.69487033882264	23.75748045254008	26.295082921999445	0.0
4.0	26.198102603823912	23.763169082575754	23.68105341012993	26.357674903470407	0.0
5.0	26.15628312193531	23.73481486658048	23.85157878798467	26.25732322349954	0.0
6.0	26.402695037939004	23.716683263162185	23.736773757737755	26.14384794116106	0.0
7.0	26.28515693239387	23.610900832702498	23.79723985325802	26.306702381645607	0.0
8.0	26.236676846754257	23.75415234030412	23.702621105679793	26.30654970726183	0.0
9.0	26.20079708647136	23.761793997688507	23.807790952573647	26.229617963266485	0.0
10.0	26.279907196357723	23.850361404397404	23.636109582820264	26.233621816424613	0.0
11.0	26.32473706119859	23.834932944419702	23.588950893831818	26.251379100549894	0.0
12.0	26.224306519834307	23.56391603424536	23.91178414128976	26.299993304630576	0.0
13.0	26.23071078624014	23.765941529047716	23.78515432826523	26.21819335644691	0.0
14.0	26.290969111058715	23.92022612882473	23.56100500406089	26.22779975605567	0.0
15.0	26.251087997531446	23.588368687794926	23.82707316292163	26.333470151752003	0.0
16.0	26.244683731125605	23.64571598242902	23.8454126530838	26.26418763336157	0.0
17.0	26.23915277377511	23.789811976560387	23.756044026420508	26.214991223243995	0.0
18.0	26.326774782327718	23.696076804620386	23.73450240305542	26.242646009996477	0.0
19.0	26.302031025759703	23.807569260685664	23.62417435906393	26.2662253544907	0.0
20.0	26.14687311692735	23.724313797409767	23.74760203888554	26.38121104677734	0.0
21.0	26.281362711449958	23.84424824101001	23.731009166834053	26.14337988070598	0.0
22.0	26.360465996355405	23.688148066208278	23.774605411007155	26.176780526429166	0.0
23.0	26.29846123392388	23.743166376534834	23.690476883576597	26.267895505964685	0.0
24.0	26.240746616674866	23.703798581172148	23.68021937395749	26.37523542819549	0.0
25.0	26.244822035205793	23.71748034338312	23.63975628997185	26.397941331439235	0.0
26.0	26.41133199232657	23.64004739129549	23.72010025529586	26.22852036108208	0.0
27.0	26.388917190406463	23.657513470713752	23.732617612212284	26.2209517266675	0.0
28.0	26.263161418594972	23.702343074553962	23.746299374423256	26.288196132427817	0.0
29.0	26.20115683666014	23.761727744576056	23.672650739542913	26.364464679220895	0.0
30.0	26.149340801052624	23.73087100427046	23.84556492578372	26.274223268893206	0.0
31.0	26.40114344599925	23.715442634117657	23.73174430824137	26.151669611641726	0.0
32.0	26.281209700660508	23.613848272168095	23.79054677561619	26.31439525155521	0.0
33.0	26.23667119814394	23.743970563834154	23.707291797055802	26.31206644096611	0.0
34.0	26.201447937983772	23.766385365754257	23.801608625914422	26.23055807034755	0.0
35.0	26.276552079482308	23.850804749609196	23.638009682030024	26.234633488878472	0.0
36.0	26.323710493911616	23.835376379456395	23.58473813980432	26.256174986827663	0.0
37.0	26.225318246522068	23.567272060386056	23.913391534191305	26.294018158900567	0.0
38.0	26.227064854463894	23.777156114728854	23.7713340882561	26.224444942551155	0.0
39.0	26.29372705757693	23.916302547427684	23.558830122000565	26.231140272994825	0.0
40.0	26.2471508457949	23.583282633186133	23.827807745041817	26.341758775977155	0.0
41.0	26.24220212329306	23.642667303208228	23.852260256227385	26.262870317271332	0.0
42.0	26.235797894173025	23.801026423267146	23.75969003531059	26.203485647249238	0.0
43.0	26.319926176704328	23.698558757346667	23.742223955892328	26.23929111005668	0.0
44.0	26.296055868166036	23.8068484497399	23.627530034379067	26.269565647714998	0.0
45.0	26.154289523554464	23.730288801623182	23.738439638685037	26.37698203613732	0.0
46.0	26.278298687424133	23.84410941916553	23.73407311883047	26.143518774579867	0.0
47.0	26.355363817375206	23.69412326358566	23.768353885026954	26.18215903401218	0.0
48.0	26.29772592307961	23.744774746451487	23.698198670253024	26.259300660215878	0.0
49.0	26.229532057346628	23.71122916818281	23.690852194163455	26.368386580307114	0.0
50.0	26.24059384324285	23.715013463357835	23.64194745651699	26.402445236882322	0.0
51.0	26.41117822574776	23.640783058001603	23.72578414962521	26.22225456662543	0.0
52.0	26.38265046212066	23.666690924969068	23.724910850738663	26.225747762171604	0.0
53.0	26.265919510952624	23.703078378575068	23.74412342624263	26.286878684229677	0.0
54.0	26.195182301142566	23.770613492467795	23.680663707153773	26.353540499235862	0.0
55.0	26.142493268321083	23.741503529583	23.846590495597116	26.2694127064988	0.0
56.0	26.401571937995776	23.720253256677097	23.733352739975256	26.144822065351867	0.0
57.0	26.278727894621934	23.622734881013027	23.785168473910197	26.313368750454842	0.0
58.0	26.23040535623317	23.74994541881959	23.70831817189433	26.311331053052907	0.0
59.0	26.209155083327268	23.76129830434466	23.79768575795066	26.23186085437741	0.0
60.0	26.277272396477695	23.843097300050943	23.638454260970818	26.24117604250055	0.0
61.0	26.328797030783786	23.83028891638163	23.589840622953208	26.251073429881377	0.0
62.0	26.213812677388837	23.570919147078087	23.9132523106033	26.30201586492977	0.0
63.0	26.223418965140823	23.772360090240884	23.77585328578706	26.228367658831235	0.0
64.0	26.294156174950878	23.91703660577833	23.55898406229532	26.229823156975474	0.0
65.0	26.245833636562114	23.58896732406666	23.82010042937195	26.345098609999273	0.0
66.0	26.240011643985156	23.642820755403537	23.847172694854816	26.269994905756494	0.0
67.0	26.2263299614293	23.8131140382796	23.758387308056182	26.202168692234917	0.0
68.0	26.301724765300925	23.701040681173133	23.745287824758023	26.251946728767923	0.0
69.0	26.295611673095117	23.80496324867186	23.624772578414962	26.274652499818064	0.0
70.0	26.148606360526887	23.735972636634887	23.731023942944475	26.38439705989375	0.0
71.0	26.273779200931518	23.85066589040099	23.73131504257332	26.14423986609417	0.0
72.0	26.352590488056215	23.696896304792066	23.769088802594275	26.18142440455744	0.0
73.0	26.29699062079726	23.74521870251451	23.695440810884765	26.262349865803465	0.0
74.0	26.23112593769922	23.720988452144955	23.68285462278074	26.365030987375082	0.0
75.0	26.235783504644466	23.721279550079032	23.643556401680218	26.399380543596283	0.0
76.0	26.407822383684543	23.634241267789722	23.725646019090203	26.232290329435532	0.0
77.0	26.377548198540435	23.670919607483544	23.718368570738253	26.233163623237765	0.0
78.0	26.270133060865668	23.693916344275703	23.74602287447566	26.289927720382966	0.0
79.0	26.189790031060152	23.77338608027899	23.683727916582974	26.353095972077885	0.0
80.0	26.14699863475069	23.735543348848854	23.84761605346887	26.26984196293159	0.0
81.0	26.388901017969474	23.726810410826516	23.73467005504662	26.149618516157393	0.0
82.0	26.27682831334946	23.621432958690292	23.787067683180652	26.314671044779598	0.0
83.0	26.22559507695174	23.754755812498	23.705269163704745	26.314379946845516	0.0
84.0	26.203762731895893	23.755338008366156	23.801040384016396	26.239858875721563	0.0
85.0	26.270715256733823	23.854020208018582	23.638607736800893	26.2366567984467	0.0
86.0	26.331845822890195	23.828403589819725	23.58650120660094	26.253249380689148	0.0
87.0	26.2194820203361	23.564086665676935	23.920681634922435	26.295749679064528	0.0
88.0	26.2194820203361	23.776879255487923	23.777752549290156	26.225886174885815	0.0
89.0	26.28876332864666	23.919808341120202	23.568453134688102	26.22297519554504	0.0
90.0	26.247427422007586	23.592614263216575	23.815013084852136	26.344945229923706	0.0
91.0	26.248882911677974	23.642392009943904	23.8484893472711	26.260235731107016	0.0
92.0	26.233163623237765	23.804242461291253	23.764653142256652	26.197940773214334	0.0
93.0	26.309140184032113	23.702649282298044	23.74427628687119	26.243934246798652	0.0
94.0	26.29807846253715	23.80016709021416	23.62871040704224	26.273044040206443	0.0
95.0	26.153111691366327	23.73146797777176	23.727974802562827	26.387445528299086	0.0
96.0	26.271879648470136	23.847907151402946	23.734087859178462	26.146125340948455	0.0
97.0	26.366700822058174	23.688607624414896	23.769532614517594	26.17515893900934	0.0
98.0	26.292179967862882	23.74187839128106	23.70228918748981	26.263652453366248	0.0
99.0	26.233884184450222	23.7132818481118	23.685918801615003	26.366915165822974	0.0
100.0	26.23504856940753	23.721432542812977	23.641381076997867	26.402137810781625	0.0
101.0	26.407668639328847	23.636432440929294	23.723179120248947	26.23271979949291	0.0
102.0	26.378559015396082	23.67980578058912	23.717939387941048	26.22369581607375	0.0
103.0	26.27929519778534	23.69989142110273	23.74035379836928	26.280459582742647	0.0
104.0	26.187308786157793	23.776740828285238	23.679223588110464	26.356726797446505	0.0
105.0	26.148010793848552	23.736569547258018	23.844857348287917	26.27056231060551	0.0
106.0	26.398644655909692	23.722888024009617	23.73162091118945	26.146846408891243	0.0
107.0	26.27725752411005	23.622750917680897	23.789549062815656	26.310442495393403	0.0
108.0	26.237959531800808	23.745593530677176	23.69989142110273	26.31655551641928	0.0
109.0	26.203610175560144	23.75665518777163	23.804686067260697	26.23504856940753	0.0
110.0	26.278130812828028	23.848059406920523	23.63934340332257	26.23446637692888	0.0
111.0	26.3398432155655	23.82564499649229	23.58054196297838	26.25396982496383	0.0
112.0	26.22398691231308	23.565987151011996	23.917049215641185	26.29297672103374	0.0
113.0	26.22748006718501	23.775867539567255	23.77644973204591	26.220202661201817	0.0
114.0	26.30054522325626	23.919377985555805	23.564240573576033	26.215836217611905	0.0
115.0	26.255134209921145	23.587819368961572	23.821278552902374	26.33576786821491	0.0
116.0	26.254843113681815	23.640507788279884	23.849223791877833	26.25542530616047	0.0
117.0	26.233593088210895	23.80439497102137	23.758110668968268	26.203901271799467	0.0
118.0	26.313935650265336	23.700764709820714	23.744429145719867	26.240870494194084	0.0
119.0	26.308695917957436	23.79187783273028	23.6259529763135	26.27347327299879	0.0
120.0	26.15121285248116	23.731038718710792	23.7237613127276	26.393987116080446	0.0
121.0	26.272891080520132	23.852425850510436	23.730165429992812	26.144517638976623	0.0
122.0	26.360587783237467	23.689189818588297	23.771570294124498	26.178652104049743	0.0
123.0	26.29014228825598	23.74042290584756	23.70054260496961	26.268892200926853	0.0
124.0	26.228214958358443	23.716330885199707	23.686056700055598	26.369397456386253	0.0
125.0	26.227632762490284	23.727101508760594	23.638607736800893	26.40665799194823	0.0
126.0	26.40491140434376	23.64064542233944	23.725354921156125	26.229088252160675	0.0
127.0	26.36968855432033	23.682563524846664	23.718077472804175	26.22967044802883	0.0
128.0	26.267804277393044	23.700029400891342	23.73990981786002	26.292256503855594	0.0
129.0	26.17698172196072	23.77047510093821	23.69071426700085	26.361828910100225	0.0
130.0	26.142049969871362	23.732632369508075	23.851691424545958	26.273626236074605	0.0
131.0	26.393849682848803	23.725354921156125	23.731759075705842	26.149036320289238	0.0
132.0	26.273335138140524	23.62609052563554	23.792598543928133	26.3079757922958	0.0
133.0	26.237530092248935	23.74776946208013	23.70206708642989	26.31263335924105	0.0
134.0	26.201725046357343	23.760868869113636	23.80278697162086	26.234619112908153	0.0
135.0	26.252084988952834	23.85140032661188	23.64180981407575	26.254704870359536	0.0
136.0	26.337376683637675	23.822290533204086	23.588538892139482	26.251793891018753	0.0
137.0	26.219190922402024	23.56437776361101	23.918061753515733	26.29836956047123	0.0
138.0	26.22297519554504	23.775714863751613	23.775714863751613	26.22559507695174	0.0
139.0	26.294294189394137	23.91777065558166	23.56437776361101	26.223557391413195	0.0
140.0	26.251793891018753	23.580970345853455	23.82578370841302	26.34145205471477	0.0
141.0	26.230834839765144	23.63889883473497	23.851691424545958	26.278574900953927	0.0
142.0	26.23199923150145	23.805115755093485	23.75883118357509	26.20405382982997	0.0
143.0	26.31408884891144	23.70206708642989	23.745731776541582	26.238112288117094	0.0
144.0	26.3079757922958	23.788814270785117	23.62434393803107	26.27886599888801	0.0
145.0	26.14496094921214	23.732341271573993	23.72331723561758	26.399380543596283	0.0
146.0	26.26955086499751	23.847033857600714	23.734087859178462	26.14932741822331	0.0
147.0	26.35462817952644	23.68059477303028	23.777530667256627	26.18724638018665	0.0
148.0	26.281271286598397	23.73910562810384	23.69864289748083	26.280980187816933	0.0
149.0	26.224874463285058	23.71850665890401	23.680081507896077	26.376537369914853	0.0
150.0	26.23244305363511	23.723455352594424	23.635252165053487	26.40884942871698	0.0
151.0	26.40011643985154	23.642529655774688	23.72141765519249	26.23593624918128	0.0
152.0	26.36809548067826	23.684739101957643	23.7129757659559	26.234189651408197	0.0
153.0	26.263008514664143	23.70249617931737	23.742667928098392	26.29182737792009	0.0
154.0	26.1759697256386	23.767993595808164	23.690561094534605	26.365475584018633	0.0
155.0	26.145695364238406	23.734808238119495	23.850083691143293	26.2694127064988	0.0
156.0	26.387308056182228	23.730732843315625	23.731606142202168	26.150352958299976	0.0
157.0	26.271450403900737	23.629721272105378	23.80147005312568	26.297358270868205	0.0
158.0	26.242922640273637	23.74470562550033	23.70249617931737	26.30987555490867	0.0
159.0	26.199548795575282	23.76188050360236	23.806418746816096	26.232151954006262	0.0
160.0	26.260679717633362	23.848628192999055	23.64398515391893	26.246706935448653	0.0
161.0	26.34364311185503	23.81602503456808	23.592751619241685	26.2475802343352	0.0
162.0	26.221963466996577	23.5685903500473	23.920820900953352	26.288625282002766	0.0
163.0	26.225165562913904	23.779346481333235	23.776435485044757	26.2190524707081	0.0
164.0	26.294447274579724	23.922567498726437	23.565679353758824	26.21730587293501	0.0
165.0	26.250200130994834	23.588385124808966	23.829997816752783	26.331416927443417	0.0
166.0	26.234480751037044	23.638163161341968	23.855323484462556	26.27203260315843	0.0
167.0	26.236227348810132	23.800887853867987	23.758096208427336	26.20478858889455	0.0
168.0	26.315697547485627	23.704533876719307	23.756058511025397	26.22371006476967	0.0
169.0	26.313659850083692	23.786623972054436	23.62215268175533	26.27756349610654	0.0
170.0	26.150644057928822	23.7342260388618	23.72403755185212	26.391092351357255	0.0
171.0	26.270868204643037	23.846881595225966	23.736554835892584	26.145695364238406	0.0
172.0	26.353908314994	23.683061445488523	23.774758095504247	26.188272144013226	0.0
173.0	26.288410707839915	23.746521349308928	23.693541062633177	26.271526880217976	0.0
174.0	26.229393665052996	23.71748034338312	23.674979550132015	26.37814644143187	0.0
175.0	26.233177982260287	23.720973559266774	23.63713637805911	26.40871208041383	0.0
176.0	26.398814635410144	23.642667303208228	23.7203913566195	26.238126704762127	0.0
177.0	26.364173577897258	23.68313038719387	23.722137964561323	26.23055807034755	0.0
178.0	26.259959304034957	23.693901136168467	23.747754881041445	26.29838467875513	0.0
179.0	26.180779744005495	23.769005277666995	23.699140959993944	26.35107401833356	0.0
180.0	26.148758598405347	23.73174430824137	23.846147128430992	26.27334996492229	0.0
181.0	26.382512961286437	23.732326510888647	23.73902184133231	26.14613868649261	0.0
182.0	26.27334996492229	23.62694783173179	23.80568404444535	26.294018158900567	0.0
183.0	26.253263973591288	23.745426070452343	23.700014263964857	26.301295691991513	0.0
184.0	26.2031945459256	23.760563339281504	23.81063276694719	26.2256093478457	0.0
185.0	26.271312255656827	23.84556492578372	23.644122809826413	26.239000008733036	0.0
186.0	26.344960890537166	23.821694617245427	23.589395760982526	26.24394873123488	0.0
187.0	26.23230467828937	23.559994527295117	23.916302547427684	26.29139824698783	0.0
188.0	26.226191550492977	23.773080696197926	23.774536202816115	26.226191550492977	0.0
189.0	26.301586793315153	23.91048052095493	23.573094086858813	26.21483859887111	0.0
190.0	26.252390669620375	23.586775849069785	23.831592062249108	26.329241419060732	0.0
191.0	26.241328819322142	23.637718580706387	23.843527216518254	26.277425383453217	0.0
192.0	26.229975867700272	23.79782430870713	23.764056555165155	26.208143268427442	0.0
193.0	26.30915542772973	23.70874730367399	23.75241250221965	26.229684766376632	0.0
194.0	26.31701516346795	23.786762458408898	23.62199910922995	26.274223268893206	0.0
195.0	26.147594193110795	23.73145320691773	23.72010025529586	26.400852344675613	0.0
196.0	26.272476660951376	23.84527382446008	23.742806158539604	26.139443356048943	0.0
197.0	26.35580836161876	23.67941500107708	23.769074469757395	26.195702167546763	0.0
198.0	26.288272657937483	23.746368500416278	23.705031992128596	26.260326849517647	0.0
199.0	26.22459762285275	23.728098136649578	23.665802090701877	26.381502149795793	0.0
200.0	26.221395489649836	23.727224827594238	23.64076723111542	26.410612451640507	0.0
201.0	26.401879361087094	23.641058334133866	23.714416294782563	26.242646009996477	0.0
202.0	26.3704402350948	23.69083695028834	23.711796367616536	26.22692644700033	0.0
203.0	26.257783366955735	23.698696731786413	23.745273214737963	26.298246686519892	0.0
204.0	26.18209658215946	23.764777116973924	23.695203495565046	26.35792280530157	0.0
205.0	26.141051056558407	23.73304688796318	23.84745037421293	26.278451681265487	0.0
206.0	26.376844501500635	23.74061556644281	23.72693372457579	26.155606207480766	0.0
207.0	26.26942748769362	23.627667595285295	23.804076024464297	26.298828892556784	0.0
208.0	26.24148159792269	23.73741343323989	23.698696731786413	26.322408237051008	0.0
209.0	26.203347102506108	23.761866086789453	23.80087389126138	26.233912919443064	0.0
210.0	26.261276603177098	23.84977919836051	23.64484267337368	26.244101525088716	0.0
211.0	26.339583315139393	23.82794647197697	23.587204275721135	26.245265937162504	0.0
212.0	26.23245740435082	23.558967282931757	23.914695171474232	26.293880141243186	0.0
213.0	26.225762034926543	23.771763589416658	23.77583903167492	26.22663534398188	0.0
214.0	26.29533565633542	23.912366347326657	23.56624485839294	26.226053137944987	0.0
215.0	26.259529985066415	23.58545765761045	23.833186326309015	26.32182603101412	0.0
216.0	26.234495125479956	23.63872950998629	23.850070301378956	26.276705063154797	0.0
217.0	26.23303961038772	23.801164994279826	23.767105941121503	26.19868945421095	0.0
218.0	26.31338404347915	23.70510099819225	23.744691008701068	26.236823949627535	0.0
219.0	26.31280183744225	23.792140800707962	23.61282134134449	26.282236020505295	0.0
220.0	26.149201941074928	23.72984475476026	23.71790953100393	26.403043773160885	0.0
221.0	26.270300796748963	23.845703756102246	23.73013585777871	26.153859589370082	0.0
222.0	26.363821611551003	23.673439683278993	23.761061946902654	26.20167675826735	0.0
223.0	26.289590125756867	23.746797857475546	23.703423381462503	26.260188635305077	0.0
224.0	26.220092629519765	23.732602854572818	23.654877896128017	26.392426619779403	0.0
225.0	26.225623619072014	23.716592095342616	23.64381591702351	26.413968368561857	0.0
226.0	26.397084295191824	23.640613765177473	23.718047618908997	26.244254320721705	0.0
227.0	26.37525144169609	23.679912901469788	23.704365697385008	26.240469959449115	0.0
228.0	26.270744849629864	23.687481624014975	23.740462681831282	26.301310844523883	0.0
229.0	26.175262503675196	23.77306640971824	23.688354938154806	26.36331614845176	0.0
230.0	26.14265877578824	23.73347616871265	23.843222645617857	26.28064240988126	0.0
231.0	26.380491326535065	23.74541146195698	23.72503413202763	26.14906307948032	0.0
232.0	26.267542697783817	23.62372969180744	23.805670137605198	26.30305747280354	0.0
233.0	26.241343273588942	23.733767273425922	23.69767028897965	26.327219164005484	0.0
234.0	26.214561639967513	23.757055650488038	23.791406006654654	26.236976702889798	0.0
235.0	26.266378278930713	23.845260378610792	23.642942602883682	26.24541873957481	0.0
236.0	26.333041258271013	23.82575636282127	23.588506021500994	26.252696357406723	0.0
237.0	26.226788037925118	23.559977759599906	23.922112022915762	26.291122179559206	0.0
238.0	26.21951042009321	23.784128388822744	23.76520658245978	26.23115460862427	0.0
239.0	26.29810869267784	23.91134114852454	23.562015492592842	26.228534666204776	0.0
240.0	26.255451205524277	23.591129018171657	23.831593411392074	26.321826364911992	0.0
241.0	26.232586575833004	23.636840036682823	23.849949779466353	26.280623608017816	0.0
242.0	26.226758980510446	23.809634723669884	23.762468483052178	26.201137812767495	0.0
243.0	26.31102363351026	23.70513578277086	23.752886129979938	26.230954453738942	0.0
244.0	26.311314546608667	23.7938002643885	23.610650081238315	26.28423510776452	0.0
245.0	26.146839748181538	23.73377360798085	23.719214261171388	26.400172382666227	0.0
246.0	26.256628586571306	23.85388425708869	23.738566507182608	26.150920649157396	0.0
247.0	26.359318440602348	23.677811461636804	23.762846218137447	26.2000238796234	0.0
248.0	26.29166363305424	23.761194029850746	23.69304696032035	26.25409537677466	0.0
249.0	26.21689469790957	23.73039309906982	23.65525636769237	26.397455835328245	0.0
