# Position (bp)	A	C	G	T	N
0.0	22.88599445862987	25.874667246156353	22.146466018362577	29.0928722768512	0.0
1.0	27.827049492041073	22.409952735372414	25.342261096322048	24.420057586787635	6.79089476829467E-4
2.0	27.175123594284784	22.549845167599283	26.178220242299126	24.09681099581681	0.0
3.0	27.58393545933612	24.714103330254794	22.42692997229315	25.275031238115936	0.0
4.0	28.506818058347367	23.516868582604445	22.496876188406585	25.479437170641607	0.0
5.0	28.04503721410333	22.453414461889498	23.854376052588687	25.636306839789206	0.010865431629271472
6.0	26.79007986092248	23.336230781767807	24.204107133155865	25.669582224153853	0.0
7.0	25.513391644483075	24.635328950942576	24.55248003476938	25.298120280328135	6.79089476829467E-4
8.0	25.746319335035583	24.608165371869397	24.573531808551095	25.071983484543924	0.0
9.0	25.175205085022	25.057722605530504	24.658417993154778	25.108654316292718	0.0
10.0	25.24243494322812	25.222741348400064	24.52803281360352	25.006790894768294	0.0
11.0	25.901151735752702	24.34943228119737	24.457407508013258	25.29200847503667	0.0
12.0	25.605747813331885	24.74602053566578	23.99358939533873	25.654642255663607	0.0
13.0	25.717118487531916	24.87165208887923	24.09681099581681	25.314418427772047	0.0
14.0	25.72662574020753	24.367767697071766	24.76910957787798	25.136496984842722	0.0
15.0	25.5324061498343	24.933449231270714	24.773184114738957	24.760960504156028	0.0
16.0	25.432579996740373	24.9470310208073	25.004753626337806	24.61563535611452	0.0
17.0	25.503884391807464	24.703916988102353	25.267561253870813	24.524637366219373	0.0
18.0	25.112728853153694	25.143287879611016	24.98370185255609	24.7602814146792	0.0
19.0	25.24039767479763	25.530368881403813	24.729722388221873	24.499511055576683	0.0
20.0	25.880779051447817	24.468272939642528	24.81121312544141	24.839734883468246	0.0
21.0	25.49845167599283	24.76910957787798	24.11854185907535	25.613896887053837	0.0
22.0	25.687238550551424	24.735834193513337	24.113109143260715	25.463818112674524	0.0
23.0	26.277367305916226	24.254359754441246	24.351469549627858	25.11680339001467	0.0
24.0	25.461101754767206	24.866219373064595	24.099527353724127	25.57315151844407	0.0
25.0	25.330716575215952	25.002716357907318	24.54229369261694	25.124273374259793	0.0
26.0	25.895039930461238	24.471668387026675	24.932091052317055	24.701200630195032	0.0
27.0	25.481474439072095	24.920546531210952	24.46691476068887	25.131064269028087	0.0
28.0	25.29200847503667	25.35923833324279	24.454012060629108	24.894741131091433	0.0
29.0	26.03153691530396	24.28695604932906	24.741266909327972	24.93956103656218	6.79089476829467E-4
30.0	25.35923833324279	24.621747161405988	24.2509643070571	25.76805019829413	0.0
31.0	25.36942467539523	24.86010756777313	24.284239691421742	25.4862280654099	0.0
32.0	26.07228228391373	24.035013853425326	24.267941543977834	25.624762318683107	0.0
33.0	25.25397946433422	24.756206877818222	23.98272396370946	26.007089694138095	0.0
34.0	25.356521975335472	24.7949149779975	24.292388765143695	25.556174281523337	0.0
35.0	25.876472106385577	24.141186378516416	24.53714394381885	25.445197571279156	0.0
36.0	25.253526962499066	24.730510857678485	24.12055181595267	25.895410363869775	0.0
37.0	25.623781477782988	24.699233052776023	24.451962202884374	25.22502326655662	0.0
38.0	26.042735333084217	24.076502360974285	24.565003227231035	25.3150796616503	6.794170601623806E-4
39.0	25.383946288292698	24.599064937889043	24.269482725814782	25.747506048003476	0.0
40.0	25.380834879784654	24.938311886942515	24.261272100658687	25.419581132614148	0.0
41.0	25.796141527204476	24.08723385446064	24.588413701182567	25.526850863294186	0.001360053858132782
42.0	25.35479569482808	24.528186357884422	24.262854965779056	25.854162981508445	0.0
43.0	25.392611350501358	24.708477137664143	24.216989673317403	25.680560377397022	0.0013614611200740635
44.0	26.024495245361162	23.970055311844362	24.334486798724832	25.670962644069643	0.0
45.0	25.34889587324529	24.43123325402074	24.091711720310617	26.128159152423354	0.0
46.0	25.26764695847975	24.876667462727305	24.29599808945447	25.559687489338472	0.0
47.0	26.00659795504375	24.036090677485674	24.34959599478174	25.607715372688837	0.0
48.0	25.232711629083994	24.423606978955075	24.33195860776549	26.010354898058285	0.001367886137157943
49.0	25.349633586740634	24.62571056776933	24.397643996986506	25.626326963906582	6.848845969454146E-4
50.0	25.860223905169576	24.083525408846448	24.61996487762046	25.436285808363518	0.0
51.0	25.21694321343914	24.370469614208666	24.584836304922877	25.827750867429316	0.0
52.0	25.344790784463584	24.580501676616194	24.45793999986229	25.61676753905793	0.0
53.0	25.918105411336068	23.86798051311776	24.58148746187499	25.63242661367118	0.0
54.0	25.291626883639832	24.318845392779554	24.318845392779554	26.07068233080106	0.0
55.0	25.236588682596512	24.56428829128854	24.521965975633446	25.677157050481505	0.0
56.0	25.739494687328218	24.016616450843	24.573977301983817	25.66991155984497	0.0
57.0	25.196168774957417	24.34098461366619	24.476417860433944	25.986428750942448	0.0
58.0	25.27744304010313	24.49205504021523	24.396070958159346	25.834430961522294	0.0
59.0	25.671503224762805	23.918807716924203	24.72833922957357	25.681349828739425	0.0
60.0	24.990108523626496	24.347869093375536	24.531567940312005	26.13045444268596	0.0
61.0	25.241437056064488	24.430378848623754	24.55952372504914	25.76866037026262	0.0
62.0	25.81797440376457	23.867241809561158	24.83761719724787	25.477166589426403	0.0
63.0	25.04480479447145	24.42685706912125	24.39244698696718	26.13589114944012	0.0
64.0	25.06023227295679	24.48820601601385	24.747890067085045	25.703671643944315	0.0
65.0	25.705178935751572	24.208057735731245	24.714842700626583	25.3719206278906	0.0
66.0	25.060144053233884	24.434207158787615	24.486856056451316	26.018792731527185	0.0
67.0	25.12554673578487	24.647659160861817	24.775046757875206	25.45174734547811	0.0
68.0	25.498504671510098	23.967555453310872	24.973098929151856	25.560840946027174	0.0
69.0	25.178106384889393	24.39084622983207	24.619091807106294	25.811955578172242	0.0
70.0	25.276932486615873	24.50824190345307	24.621506724154855	25.593318885776206	0.0
71.0	25.55947815080557	23.8758968806472	24.85569848035441	25.70892648819282	0.0
72.0	25.03909710719926	24.459766572936328	24.71322368167636	25.787912638188047	0.0
73.0	25.26547879675582	24.63596487810959	24.459887965220915	25.638668359913673	0.0
74.0	25.55587959423351	23.872279717193052	25.146802657817783	25.424249828566026	7.882021896256828E-4
75.0	24.904202324690257	24.445171797164388	24.57529697279346	26.075328905351896	0.0
76.0	24.845504254699584	24.274436211861392	24.631960397320995	26.247290257870386	8.088782476461642E-4
77.0	25.506790001968117	23.699403004657878	24.540772813750575	26.248933936889063	0.004100242734369875
78.0	24.71828819014196	23.987292822274153	24.39478739594335	26.897136726903792	0.0024948647367501894
79.0	24.772779057697665	24.15082238368904	24.84535473471902	26.226824307788384	0.004219516105892976
80.0	25.320295829084145	23.836008535508917	24.505308983708833	26.336672694084275	0.0017139576138282102
81.0	25.030268716519316	23.938852837419976	24.487609424676627	26.54239797918209	8.710422019946866E-4
82.0	24.855552798553756	24.32916238346744	24.61894296550991	26.195455673318918	8.861791499769594E-4
83.0	25.680382602418334	23.67442699873669	24.495578415448474	26.14870961920231	9.023641941887746E-4
84.0	24.85933362753751	24.247021182700795	24.432737569873492	26.45723006766696	0.0036775522212415413
85.0	25.12859913611364	24.51582073889456	24.42024979620902	25.934393358756452	9.369700263288577E-4
86.0	25.558127522812924	23.779006370401547	24.584393472729708	26.077516117307216	9.565167486082682E-4
87.0	25.1955279988283	24.358736513206072	24.07557486696285	26.370160621002782	0.0
88.0	25.20779492910526	24.425508137179577	24.365639250042406	26.00005986888714	9.978147856194934E-4
89.0	25.840265373819854	23.812196989027814	24.434804797142128	25.912732840010204	0.0
90.0	25.118989089615784	24.181721183719155	24.628387920123014	26.070901806542047	0.0
91.0	25.21625276352787	24.414561377149113	24.395243512417096	25.973942346905922	0.0
92.0	25.75436972382023	23.957988935176	24.47706583790694	25.81057550309683	0.0
93.0	25.137602210695597	24.204398740628328	24.244037237536524	26.412829282656457	0.0011325284830913497
94.0	25.240975791694346	24.30154900520997	24.613914239425622	25.84239542175134	0.0011655419187151066
95.0	25.82977956634032	24.024265721664964	24.038681001861974	26.107273710132738	0.0
96.0	25.499956660103766	24.383025620070086	24.037544732964324	26.079472986861816	0.0
97.0	25.24287957513628	24.367108807496393	24.480729213210605	25.90928240415672	0.0
98.0	25.386694797916533	24.243423221467662	24.28430144392431	26.0855805366915	0.0
99.0	25.19774011299435	24.575590497583555	23.972500170172214	26.252807841535635	0.0013613777142468177
100.0	25.356041076786546	24.59676851343166	24.248827283100198	25.7983631266816	0.0
101.0	25.816330995056074	24.14356341787105	24.594204378071723	25.444442824016683	0.0014583849844682
102.0	25.208774583963688	24.413010590015126	24.193645990922843	26.184568835098336	0.0
103.0	25.270497338211968	24.654909781874714	24.249752665713974	25.824840214199345	0.0
104.0	25.53635474404956	24.329964134333224	24.382132376915553	25.75154874470166	0.0
105.0	24.958924064569675	24.3203414807663	24.620153463082474	26.100580991581552	0.0
106.0	25.035260930888576	24.848377997179124	24.3811706629055	25.7351904090268	0.0
107.0	25.65193471483587	24.177516963139556	24.46359801943884	25.706950302585735	0.0
108.0	25.65854775902878	24.383446590822324	24.085668473696266	25.87233717645262	0.0
109.0	25.26665605349041	24.76319350473613	24.418928599856724	25.55122184191674	0.0
110.0	25.9362516644474	24.194823568575234	24.294690412782955	25.57423435419441	0.0
111.0	25.361008864591728	24.171803192995448	24.70324309019232	25.763944852220504	0.0
112.0	25.23400669566604	25.193012821972715	23.774169304698354	25.798811177662895	0.0
113.0	25.77095665457323	23.949780408630897	24.544109222837502	25.735153713958375	0.0
114.0	25.189251516518773	24.768135559231965	23.978543139319196	26.064069784930066	0.0
115.0	25.011867714541907	24.94066142729047	24.27870668284192	25.768764175325703	0.0
116.0	25.92890863648986	24.26270480422105	24.123854484865316	25.68453207442377	0.0
117.0	25.58753630842355	24.249625913211865	24.320042249801954	25.84279552856263	0.0
118.0	25.99782574933996	24.705699642801676	24.05031837241808	25.24615623544029	0.0
119.0	26.302754111353277	23.882174228914867	24.185985073641106	25.62908658609075	0.0
120.0	25.571608921307337	24.99298639360359	23.723523635853557	25.71188104923552	0.0
121.0	25.92121506864689	24.7951816243313	23.994612996146795	25.288990310875015	0.0
122.0	26.250050042035312	24.292405620721404	23.952119780615718	25.505424556627567	0.0
123.0	26.075395634086718	24.552901316635932	24.063987648496806	25.307715400780545	0.0
124.0	25.583869028349444	25.167645562595386	23.553623456504646	25.694861952550525	0.0
125.0	26.396065182829886	24.24483306836248	24.324324324324326	25.034777424483305	0.0
126.0	25.841846386681798	24.77163396573158	23.350089184368414	26.036430463218203	0.0
127.0	26.119096509240247	24.31211498973306	24.576122029920796	24.992666471105895	0.0
128.0	26.526827396559444	24.314126750655497	24.064718296348406	25.094327556436657	0.0
129.0	25.497783719130375	25.230422852318302	23.485541405755296	25.78625202279603	0.0
130.0	25.857642940490084	24.57409568261377	24.488525865422016	25.079735511474134	0.0
131.0	26.63873614384219	24.648686392598414	23.758400977568296	24.9541764859911	0.0
132.0	25.396510705789055	24.960348929421095	23.6122125297383	26.03092783505155	0.0
133.0	25.810106503512348	25.59483344663494	23.951960117833675	24.643099932019037	0.0
134.0	26.852338413032058	24.448239621650025	22.976878612716764	25.722543352601157	0.0
135.0	26.41656288916563	24.641967621419678	23.972602739726025	24.96886674968867	0.0
136.0	25.736404833836858	24.943353474320244	23.923716012084594	25.39652567975831	0.0
137.0	25.606276747503564	27.5320970042796	22.729434141702328	24.132192106514502	0.0
138.0	25.840537944284343	27.34550112071726	23.150816522574445	23.66314441242395	0.0
139.0	24.740227610094013	27.51113310242454	24.096981692231566	23.651657595249876	0.0
140.0	28.82414151925078	25.59833506763788	25.18210197710718	20.395421436004163	0.0
