# Position (bp)	A	C	G	T	N
0.0	26.200776959799843	23.841689075037635	23.84782135443655	26.10971261072597	0.0
1.0	26.096528210018306	23.990703464431245	23.910983832245364	26.001784493305085	0.0
2.0	26.000441506518353	23.8747715816971	24.074982523700314	26.04980438808423	0.0
3.0	26.055711911900865	24.034729503522616	23.946434155583763	25.963124428992757	0.0
4.0	26.053606957929297	24.117919365766472	23.810122352378528	26.0183513239257	0.0
5.0	26.096086522013696	23.80029797122064	23.914029784859874	26.18958572190579	0.0
6.0	26.003096117591156	23.88945940560673	23.9676287111261	26.139815765676012	0.0
7.0	25.98501707342492	23.915975453503272	23.864479306518554	26.23452816655325	0.0
8.0	26.13407876023736	23.927222794370063	23.774888431170616	26.163810014221962	0.0
9.0	26.082532365633583	23.859846998823066	23.877010592389173	26.18061004315418	0.0
10.0	26.12240144412741	23.790405379313302	23.961726945909582	26.125466230649703	0.0
11.0	26.00287476975791	23.943338226775815	23.9816480583045	26.072138945161775	0.0
12.0	26.050605599960768	23.912923552199285	23.867564850684058	26.16890599715589	0.0
13.0	26.10086794488305	23.888711812876966	24.023868484283824	25.98655175795616	0.0
14.0	26.123853773353602	23.858676997008775	23.905874564801646	26.111594664835973	0.0
15.0	25.984099936252637	23.90648752022753	23.962572941695683	26.146839601824155	0.0
16.0	26.064397097043102	23.908326386505173	23.918440151032215	26.108836365419506	0.0
17.0	26.086463492374833	24.016819496886185	23.87216201637817	26.02455499436081	0.0
18.0	26.086157014661893	24.079953905751974	23.81209238464179	26.021796694944342	0.0
19.0	26.09412543519835	23.934376992105133	23.777460403079488	26.194037169617022	0.0
20.0	26.146839601824155	23.870016672387585	23.98371990388859	25.99942382189967	0.0
21.0	26.10761045456774	24.01038346491443	23.80872112979944	26.073284950718385	0.0
22.0	26.031910459471387	23.94142597950277	23.86480655126759	26.16185700975825	0.0
23.0	25.983486980826754	23.904035698524005	23.98280047074977	26.129676849899475	0.0
24.0	26.125919047225004	23.939513743950915	23.92633524268363	26.008231966140443	0.0
25.0	26.21908798641695	23.78750126421669	23.86657227182038	26.126838477545977	0.0
26.0	26.12408018658306	23.910091973679776	23.930012963967524	26.035814875769642	0.0
27.0	26.030911247391114	23.875460098256454	24.018584751554602	26.07504390279783	0.0
28.0	26.08025400795001	23.963725409069873	23.956982920049406	25.999037662930714	0.0
29.0	26.095577846632896	24.05107128956232	23.8396023157385	26.013748548066285	0.0
30.0	26.077495716987087	23.81293883643028	23.86749170214135	26.24207374444128	0.0
31.0	26.035201922222324	23.881589633729607	23.969241990995712	26.113966453052356	0.0
32.0	25.979729626190277	23.898139379507125	23.914382648510983	26.207748345791614	0.0
33.0	26.1237737098094	23.93215830138313	23.765741413286996	26.178326575520472	0.0
34.0	26.0839317292339	23.861362166668197	23.887412692429105	26.167293411668798	0.0
35.0	26.13296801301913	23.75838597071921	23.97629095678984	26.132355059471816	0.0
36.0	25.992295173910247	23.94962747748162	23.962499501975245	26.095577846632896	0.0
37.0	26.066689141561188	23.91737411505103	23.860063134021882	26.155873609365905	0.0
38.0	26.120322412577767	23.858224279015598	24.003800300346317	26.017653008060314	0.0
39.0	26.07680284409574	23.8723221673971	23.915841735879127	26.13503325262803	0.0
40.0	25.98792485212541	23.908179840019613	23.95047350516412	26.153421802690858	0.0
41.0	26.066995617395566	23.91369640503846	23.924729535076157	26.09457844248981	0.0
42.0	26.03726746146066	24.057740047197278	23.89837261331944	26.00661987802262	0.0
43.0	26.080787029942687	24.093291243985412	23.81838242054614	26.00753930552576	0.0
44.0	26.099175580005518	23.912776977535323	23.804284532164637	26.183762910294522	0.0
45.0	26.152195899353337	23.881209966594135	23.929326672591866	26.03726746146066	0.0
46.0	26.123387170921575	24.030463697937417	23.769959238714026	26.07618989242698	0.0
47.0	26.049832970670263	23.882742345766037	23.89071071745993	26.17671396610377	0.0
48.0	25.99987740966625	23.937295044285758	23.939440375126424	26.123387170921575	0.0
49.0	26.128517182514994	23.958674925143505	23.88083030178583	26.031977590555673	0.0
50.0	26.23731577027868	23.808195751645002	23.87807202772985	26.076416450346468	0.0
51.0	26.122387684612814	23.91086484150651	23.94886772850002	26.017879745380657	0.0
52.0	26.00991139810783	23.890637498429314	24.01414688115823	26.08530422230463	0.0
53.0	26.08499774740952	23.967869171996774	23.9721598205283	25.974973260065404	0.0
54.0	26.096950268318768	24.07697423465557	23.807889276749894	26.01818622027577	0.0
55.0	26.082239473353543	23.810647550805875	23.85968353402331	26.24742944181727	0.0
56.0	26.048833709786663	23.86826483108636	23.96357852346525	26.119322935661728	0.0
57.0	25.993974703562156	23.8900245486391	23.89584757164617	26.22015317615258	0.0
58.0	26.140776178319353	23.9277209607375	23.760385668008006	26.17111719293514	0.0
59.0	26.081013573773106	23.857538209757546	23.885120950317354	26.176327266151993	0.0
60.0	26.147518626011752	23.761305092693334	23.96357852346525	26.12759775782967	0.0
61.0	25.992135854191506	23.955916651087524	23.96020729961905	26.09174019510192	0.0
62.0	26.059480465350056	23.912936878624055	23.88504774864232	26.14253490738357	0.0
63.0	26.125985313768034	23.87370821227612	23.995684846701728	26.004621627254114	0.0
64.0	26.062238730952643	23.892403123582557	23.908033295330565	26.137324850134235	0.0
65.0	25.979797236830816	23.908952717198094	23.973005773969327	26.138244272001764	0.0
66.0	26.041704975911145	23.916614566094175	23.920292253564295	26.12138820443039	0.0
67.0	26.06867468402535	24.045640101504173	23.890257805891654	25.99542740857882	0.0
68.0	26.100854449388887	24.070158017971632	23.824978853297047	26.004008679342427	0.0
69.0	26.110048668064188	23.909872139065623	23.797702671227	26.182376521643192	0.0
70.0	26.12813063145894	23.897613180831893	23.94818138354603	26.02607480416314	0.0
71.0	26.126598261679725	24.030316403712014	23.771652384980325	26.071432949627944	0.0
72.0	26.058254569526685	23.886273644465696	23.899758498522797	26.15571328748483	0.0
73.0	25.992056195064546	23.942971326296693	23.929179998283743	26.13579248035502	0.0
74.0	26.130808812938067	23.943510893583376	23.87700624898481	26.04867404449375	0.0
75.0	26.253398019571367	23.804985090087744	23.882216290266722	26.059400600074166	0.0
76.0	26.136018854219977	23.91868657924013	23.946575623749208	25.99871894279068	0.0
77.0	26.018946161885175	23.89324931886372	24.04096931285685	26.046835206394253	0.0
78.0	26.076256615986242	23.989481846070863	23.975690560324615	25.95857097761828	0.0
79.0	26.086983171566658	24.08142375104584	23.824599363149073	26.00699371423843	0.0
80.0	26.077788981069162	23.805291563104326	23.86842500452048	26.248494451306037	0.0
81.0	26.067368898505332	23.854940191790813	23.971093465075867	26.106597444627987	0.0
82.0	25.984927657044437	23.89110400774764	23.907653550643136	26.216314784564794	0.0
83.0	26.13050233992148	23.93830085230146	23.771886004296753	26.159310803480306	0.0
84.0	26.076256615986242	23.887119858532056	23.87608682993506	26.16053669554664	0.0
85.0	26.147664828850143	23.751658785202256	23.96741578887687	26.13326059707073	0.0
86.0	25.97603993956352	23.953624503130623	23.98611064288845	26.08422491441741	0.0
87.0	26.074950811231588	23.93179157446965	23.873255407699805	26.120002206598958	0.0
88.0	26.108049795583128	23.885207818715635	24.011167842497873	25.99557454320337	0.0
89.0	26.087516166402082	23.89041784403023	23.8996120063501	26.122453983217593	0.0
90.0	25.97657327440897	23.927500965387043	23.960293477661253	26.135632282542737	0.0
91.0	26.059320735287805	23.908806168669972	23.945276345872127	26.086596750170095	0.0
92.0	26.07157961838097	24.028636750905623	23.921984467995124	25.977799162718284	0.0
93.0	26.08720969432475	24.06265515148915	23.806444494842076	26.043690659344026	0.0
94.0	26.11019510012443	23.910338529056617	23.797250332522204	26.18221603829675	0.0
95.0	26.158617688342417	23.87785248885974	23.954470508192	26.00905931460585	0.0
96.0	26.108969211815115	24.035685608684194	23.791120890975623	26.06422428852507	0.0
97.0	26.047368324271975	23.905434975819354	23.900531422582088	26.14666527732658	0.0
98.0	25.994042182816724	23.948954010800076	23.93822748809356	26.118776318289637	0.0
99.0	26.13218100185415	23.95501003692977	23.86337516664368	26.049433794572398	0.0
100.0	26.255075928224457	23.797790343094437	23.88329579061892	26.063837938062186	0.0
101.0	26.12053509860709	23.90995877963193	23.972785362938446	25.99672075882254	0.0
102.0	26.01020548889808	23.917620558083943	24.004045419022663	26.06812853399531	0.0
103.0	26.090500927075194	23.969720651557637	23.97952772797622	25.96025069339095	0.0
104.0	26.10643742625538	24.063807290948375	23.82629215893593	26.00346312386031	0.0
105.0	26.108582724221947	23.799935641061005	23.864907522334082	26.226574112382966	0.0
106.0	26.042997900672702	23.869198118267214	23.96113945969138	26.1266645213687	0.0
107.0	25.968831885257202	23.888199328828208	23.932024701573727	26.21094408434086	0.0
108.0	26.1376974823396	23.934169999540295	23.77296618090991	26.155166337210193	0.0
109.0	26.071499716514197	23.86184281095328	23.897086991832545	26.169570480699978	0.0
110.0	26.150569270138984	23.741093182549534	23.998835409675294	26.109502137636188	0.0
111.0	25.98262308647083	23.92650822108828	23.99117363122328	26.09969506121761	0.0
112.0	26.09379213965234	23.928273714663987	23.878319072253415	26.09961507343026	0.0
113.0	26.098695662833748	23.874334959668523	24.02940888028048	25.997560497217247	0.0
114.0	26.08367862309069	23.87862554245225	23.916014906710473	26.12168092774659	0.0
115.0	25.98683404025793	23.908966092137202	23.988648343835045	26.11555152376983	0.0
116.0	26.05793512638831	23.907127270944173	23.977002476279207	26.05793512638831	0.0
117.0	26.06927452374531	24.037683575649105	23.930112535857013	25.96292936474857	0.0
118.0	26.084598033687207	24.076298820702675	23.82008973447422	26.019013411135898	0.0
119.0	26.10390565621399	23.901610807365092	23.819170323877707	26.175313212543212	0.0
120.0	26.181442616519966	23.86452791330571	23.94206487361169	26.01196459656263	0.0
121.0	26.107276828401204	24.0150047809351	23.785765072204377	26.091953318459314	0.0
122.0	26.047515139627826	23.901304337166255	23.917547257704662	26.13363326550126	0.0
123.0	26.012577536960308	23.93624193983377	23.941145463015175	26.110035060190746	0.0
124.0	26.12727746364486	23.967575353591076	23.88023107923811	26.024916103525953	0.0
125.0	26.24925297660093	23.7984032853706	23.914249375565056	26.038094362463415	0.0
126.0	26.14934338558666	23.92191115401707	23.946122373925434	25.98262308647083	0.0
127.0	26.001011354755665	23.913636433288897	24.037450773073445	26.047901438881993	0.0
128.0	26.096017407560645	23.960220046277144	23.995157756018326	25.948604790143886	0.0
129.0	26.104598599426897	24.06595258891494	23.82384038983129	26.005608421826874	0.0
130.0	26.107969781945783	23.795951516265955	23.867359291438728	26.228719410349534	0.0
131.0	26.05472365412787	23.860077108374654	23.986343604234218	26.098855633263252	0.0
132.0	25.989445101656788	23.896853757654142	23.91340324982991	26.200297890859165	0.0
133.0	26.127357536454852	23.951405787418707	23.76936137348526	26.151875302641177	0.0
134.0	26.060853095674453	23.88153015378769	23.917080914757857	26.140535835780003	0.0
135.0	26.15095588640919	23.74147241444832	23.995844238631417	26.111727460511077	0.0
136.0	25.968911472475742	23.938533960170886	23.98910185293018	26.103452714423188	0.0
137.0	26.08146665726816	23.919299525273296	23.894475210930054	26.10475860652849	0.0
138.0	26.088209063632995	23.86995736960339	24.029936284259854	26.01189728250376	0.0
139.0	26.092806158881743	23.87332857278581	23.915315376057713	26.118549892274736	0.0
140.0	25.999638361840432	23.88282923629989	23.98059412858995	26.136938273269728	0.0
141.0	26.054497031808832	23.912557118908463	23.943817366599955	26.089128482682746	0.0
142.0	26.07511063709806	24.034300565137976	23.927954102460372	25.962634695303592	0.0
143.0	26.11771051696027	24.071383913795007	23.817317004400966	25.993588564843762	0.0
144.0	26.12353352212129	23.895774337096835	23.80996162946073	26.17073051132115	0.0
145.0	26.167665771762717	23.88228948303973	23.937761269047357	26.012283476150195	0.0
146.0	26.116484621136898	24.004879065377025	23.799847988917904	26.07878832456818	0.0
147.0	26.064384048643547	23.87861179556961	23.906194451595503	26.150809704191335	0.0
148.0	26.00676694494502	23.95706912826548	23.918146935873388	26.11801699091611	0.0
149.0	26.135113350434736	23.944723849103095	23.8852673550135	26.03489544544867	0.0
150.0	26.28160924824312	23.793937276463502	23.884347924692527	26.040105550600845	0.0
151.0	26.15748615491175	23.926028765909976	23.95790235037038	25.9585827288079	0.0
152.0	25.99535994164682	23.889558029844707	24.04463527731551	26.07044675119296	0.0
153.0	26.071059704740275	23.973532665826923	24.006325680608295	25.94908194882451	0.0
154.0	26.118870081430877	24.051990719883293	23.838069931870212	25.991069266815614	0.0
155.0	26.109369301447487	23.773709809402092	23.8852673550135	26.231653534136917	0.0
156.0	26.056735154219584	23.84764379934291	23.977590349629775	26.118030696807725	0.0
157.0	25.993600745353795	23.88196930319227	23.90771343107929	26.21671652037464	0.0
158.0	26.14500073554651	23.918133673319275	23.7820575687736	26.154808022360616	0.0
159.0	26.0892217917913	23.852547442749962	23.921811405874564	26.136419359584174	0.0
160.0	26.14438778012063	23.7474255872113	24.011915853479135	26.096270779188934	0.0
161.0	25.958049330652678	23.91935958417104	23.98923650272152	26.133354582454764	0.0
162.0	26.105238639602558	23.89338220646241	23.89184981320126	26.109529340733772	0.0
163.0	26.09083414294777	23.85139463110697	24.029458728052298	26.02831249789296	0.0
164.0	26.09236653620892	23.843426186149003	23.93935400429683	26.124853273345245	0.0
165.0	25.99919702593116	23.88633319746113	23.987164674044628	26.12730510256308	0.0
166.0	26.06846120133502	23.894301642419098	23.966630604345255	26.070606551900628	0.0
167.0	26.092446503987297	24.019112067327438	23.93207186333462	25.956369565350645	0.0
168.0	26.099802014183876	24.089295893786435	23.801205077753874	26.00969701427582	0.0
169.0	26.132595330476942	23.88211568991621	23.81928737365379	26.16600160595306	0.0
170.0	26.171824718192017	23.88303512869078	23.937894975573577	26.007245177543624	0.0
171.0	26.12156206518208	24.000416812244474	23.80886706754197	26.069154055031476	0.0
172.0	26.04800696321632	23.905714618463556	23.907553496012703	26.13872492230742	0.0
173.0	26.00969701427582	23.92900706741938	23.944944006178627	26.116351912126174	0.0
174.0	26.14294952541199	23.946083614530945	23.863639846391017	26.04732701366605	0.0
175.0	26.262784147503854	23.799585022817617	23.907160348531797	26.030470481146732	0.0
176.0	26.166548670939033	23.89888532347686	23.970908689695754	25.963657315888355	0.0
177.0	26.004419476344154	23.88601306228029	24.031898689174735	26.07766877220082	0.0
178.0	26.089928068578505	23.945777132121503	23.995733764860567	25.968561034439432	0.0
179.0	26.13130319385319	24.029753312308642	23.847702761100027	25.991240732738145	0.0
180.0	26.108929977963914	23.773227535605592	23.88570657987085	26.232135906559645	0.0
181.0	26.020129826346533	23.855744417405802	24.00653422499556	26.117591531252103	0.0
182.0	26.006031592303593	23.85605090075456	23.9317522878982	26.206165219043648	0.0
183.0	26.138738882316524	23.918267020552772	23.782801380401004	26.160192716729703	0.0
184.0	26.08694319637614	23.85850276754464	23.911217903531302	26.14333613254792	0.0
185.0	26.150385249569393	23.754911395663875	24.006840708344317	26.087862646422423	0.0
186.0	25.96956007380119	23.92041240399409	23.97557940677083	26.13444811543389	0.0
187.0	26.12717259049715	23.89014377177954	23.865931513020985	26.116752124702323	0.0
188.0	26.125027200480567	23.83129878846761	24.013656939876977	26.030017071174843	0.0
189.0	26.10265384745051	23.842332222838596	23.92937376065416	26.125640169056734	0.0
190.0	26.014999341058783	23.88799838176296	23.964925938071787	26.132076339106476	0.0
191.0	26.08579721160595	23.887691897474873	23.950827660819968	26.075683230099212	0.0
192.0	26.106718156184872	24.022925095010418	23.924543337011155	25.94581341179355	0.0
193.0	26.10763761186711	24.09219075640554	23.805014098320463	25.99515753340689	0.0
194.0	26.138592619835727	23.8644722324384	23.811450288096115	26.185484859629764	0.0
195.0	26.191614564178007	23.88040946426382	23.938028687017283	25.989947284540886	0.0
196.0	26.130317518695602	23.992583057496628	23.793061174451392	26.08403824935638	0.0
197.0	26.096910628907686	23.877957582444527	23.904928282456787	26.120203506191004	0.0
198.0	26.02059580728209	23.93557680519799	23.940787054063996	26.10304033345593	0.0
199.0	26.141897835274936	23.948975870196183	23.85886838483865	26.050257909690234	0.0
200.0	26.255765841697954	23.79924909968585	23.919699639874338	26.025285418741863	0.0
201.0	26.169948662937703	23.90560110336373	23.96475365872347	25.959696574975098	0.0
202.0	26.00660187390237	23.883213647550654	24.038912437820095	26.07127204072688	0.0
203.0	26.09733745674555	23.946644925781648	24.01223537777342	25.943782239699388	0.0
204.0	26.11143633894939	24.02418877790276	23.859293155605684	26.00508172754217	0.0
205.0	26.11634029797681	23.758761995543527	23.886264930256505	26.238632776223152	0.0
206.0	26.045325535918984	23.85046373773225	24.011683861436513	26.092526864912248	0.0
207.0	26.014234220979844	23.86684076308175	23.920786131136285	26.19813888480212	0.0
208.0	26.12565669692939	23.953116283631772	23.76553237661454	26.1556946428243	0.0
209.0	26.11126436781609	23.83448275862069	23.90528735632184	26.14896551724138	0.0
210.0	26.134559386973176	23.740383141762454	23.992337164750957	26.132720306513406	0.0
211.0	25.979622863588435	23.928116034427795	23.97194772075231	26.12031338123146	0.0
212.0	26.148607019920732	23.85032016012604	23.872389599163814	26.128683220789412	0.0
213.0	26.130229678242024	23.862260490008858	24.00295488890047	26.004554942848646	0.0
214.0	26.08731635396136	23.872682297334162	23.92846961889903	26.11153172980545	0.0
215.0	26.017294387753537	23.890900062225466	23.985004582614266	26.10680096740673	0.0
216.0	26.073708959044104	23.907745785935646	23.973956944355038	26.044588310665205	0.0
217.0	26.08543717890555	24.04238753264588	23.92100003678409	25.95117525166448	0.0
218.0	26.113331780227327	24.09511139448484	23.81616538126709	25.975391444020744	0.0
219.0	26.134190004414144	23.880830349698368	23.801130511550344	26.183849134337144	0.0
220.0	26.17925106675168	23.90014223355731	23.91424297415273	26.00636372553828	0.0
221.0	26.165763401834326	23.970952474373437	23.81308548727255	26.050198636519696	0.0
222.0	26.073802050125067	23.912710284957576	23.895544165971845	26.11794349894551	0.0
223.0	26.011280730795168	23.952853902274537	23.922812825700447	26.113052541229848	0.0
224.0	26.187038450573404	23.94707719850036	23.835186428415962	26.030697922510278	0.0
225.0	26.251429307157725	23.857550573715464	23.88759284748641	26.0034272716404	0.0
226.0	26.171885777348603	23.93188332490305	23.93770788307966	25.95852301466869	0.0
227.0	25.96773155201854	23.864427147678885	24.095879534397504	26.071961765905073	0.0
228.0	26.09709964101888	23.9885837259849	23.99348867722662	25.920827955769603	0.0
229.0	26.08010545839145	24.081607627339473	23.83819494474164	26.00009196952743	0.0
230.0	26.141885325558796	23.744225044682135	23.9091580751273	26.204731554631767	0.0
231.0	26.060578190625094	23.860939942978018	23.99644379042889	26.082038075967994	0.0
232.0	26.019657375501243	23.849129949599618	23.8794805449618	26.251732129937338	0.0
233.0	26.162373615053987	23.924080126063043	23.75791726193031	26.155628996952657	0.0
234.0	26.106577228942996	23.840078973346497	23.91549606666135	26.137847731049156	0.0
235.0	26.132635980698126	23.730632215974936	23.992446027726512	26.144285775600423	0.0
236.0	25.96571260392907	23.938942437397298	23.996578618203223	26.09876634047041	0.0
237.0	26.130131001689254	23.892402637815433	23.86327752553046	26.114188834964853	0.0
238.0	26.11849467310493	23.878286196060397	24.005211926113283	25.99800720472139	0.0
239.0	26.094741134306027	23.864329665545583	23.936990492775305	26.103938707373082	0.0
240.0	26.021290425440586	23.890408270888777	23.98668122002968	26.10162008364096	0.0
241.0	26.06222652860354	23.91952926891341	23.961230303160384	26.05701389932267	0.0
242.0	26.133980153814072	24.00493088179376	23.91232352472187	25.948765439670296	0.0
243.0	26.10750274460738	24.09151962317614	23.826258686145714	25.974718946070762	0.0
244.0	26.10658414885102	23.90675650395159	23.79420432973187	26.19245501746552	0.0
245.0	26.179193924839517	23.855003389061153	23.984431787860107	25.98137089823922	0.0
246.0	26.11125424810139	23.963279227551006	23.892733139484953	26.03273338486265	0.0
247.0	26.060230542246654	23.948664781267063	23.90848245780856	26.082622218677727	0.0
248.0	25.97563145333963	23.953815100891426	23.983263495647158	26.087289950121782	0.0
249.0	26.134010656801305	23.935163456435646	23.91859848031682	26.012227406446232	0.0
