# Position (bp)	A	C	G	T	N
0.0	26.202548907788053	23.773276139941977	23.82410552676601	26.20006942550395	0.0
1.0	26.188291884654486	23.87617465473209	23.89291116014976	26.042622300463663	0.0
2.0	26.07690424315303	23.86281577259105	23.876142452914976	26.184137531340944	0.0
3.0	26.21440458150107	23.892354558103936	23.861364967507413	26.03187589288758	0.0
4.0	26.088734916985317	24.01166357827674	23.793513761411035	26.10608774332691	0.0
5.0	26.196710035043797	23.798797170469015	23.739616222396425	26.264876572090763	0.0
6.0	26.07755415654588	23.847469389778418	23.973256332721952	26.101720120953747	0.0
7.0	26.137021948914946	23.9855016341641	23.701110611998327	26.17636580492263	0.0
8.0	26.19326419092227	23.914538492992826	23.75964957932171	26.132547736763197	0.0
9.0	26.266781486001744	23.881595658342263	23.770080476789353	26.081542378866633	0.0
10.0	26.252729722613722	23.74587637647715	23.790790961326994	26.210602939582138	0.0
11.0	26.063159198971608	23.851503089813683	23.82269580435826	26.262641906856445	0.0
12.0	26.11984450260969	23.763222698901913	23.711493487385198	26.405439311103194	0.0
13.0	26.236850908820582	23.730934592176833	23.84585362227261	26.18636087672998	0.0
14.0	26.12286114311911	23.816426916452933	23.79660260937442	26.264109331053536	0.0
15.0	26.17149264642109	23.831604901559924	23.789788003816177	26.207114448202802	0.0
16.0	26.159412209295123	23.78173437906553	23.865368174553023	26.19348523708632	0.0
17.0	26.134012315850775	23.899131447546125	23.835012204339044	26.131844032264063	0.0
18.0	26.004844565042312	23.978738430658293	23.810851330087104	26.205565674212295	0.0
19.0	26.296323830056128	23.845234112676405	23.72040292904137	26.138039128226097	0.0
20.0	26.070741581665054	23.760907207042564	24.049597784640547	26.118753426651843	0.0
21.0	26.18782853266509	23.963795971341575	23.71475388508752	26.13362161090581	0.0
22.0	26.13671914929206	23.84485049730979	23.766792529976428	26.251637823421724	0.0
23.0	26.062687981860815	23.821618959412955	23.95450335618284	26.161189702543393	0.0
24.0	26.12928505716507	23.769270560685424	23.84547000498704	26.255974377162467	0.0
25.0	26.21756490117304	23.75595114562457	23.82130920557433	26.205174747628057	0.0
26.0	26.21973317804341	23.857240650854767	23.876135635010858	26.046890536090967	0.0
27.0	26.083751242887278	23.83184083608756	23.848257789534657	26.236150131490504	0.0
28.0	26.23800865452225	23.84670902034153	23.841752958923543	26.07352936621267	0.0
29.0	26.131763087874067	23.954813110021465	23.781350960391777	26.132072841712688	0.0
30.0	26.210440562884674	23.75316336107695	23.74510976127272	26.291286314765657	0.0
31.0	26.10543401159099	23.828743297701315	23.965344740534697	26.100477950172994	0.0
32.0	26.16057019486614	23.95171557163522	23.715992900442018	26.17172133305662	0.0
33.0	26.227786777847644	23.90215495745531	23.74820729965896	26.121850965038085	0.0
34.0	26.291596068604278	23.867772281367998	23.75935843784944	26.08127321217828	0.0
35.0	26.282922961122797	23.708558808315033	23.80458249828861	26.203935732273564	0.0
36.0	26.067953797117433	23.859099173886513	23.79528988312988	26.27765714586618	0.0
37.0	26.12928505716507	23.779802191198655	23.710727085185404	26.380185666450874	0.0
38.0	26.25620280140504	23.72118523841679	23.812252584887776	26.210359375290395	0.0
39.0	26.122699310490088	23.806367280183867	23.79087963622622	26.28005377309982	0.0
40.0	26.174118288429494	23.829598746120347	23.790569883347064	26.2057130821031	0.0
41.0	26.159869655988455	23.778179768180944	23.860883786914798	26.201066788915806	0.0
42.0	26.158011138713533	23.89929314392977	23.811013573371163	26.13168214398553	0.0
43.0	26.0158345671823	23.978589880992942	23.814730607921	26.190844943903752	0.0
44.0	26.288726853716106	23.830528004757802	23.725521778724932	26.155223362801156	0.0
45.0	26.081111637689375	23.739387124851707	24.019402860249226	26.160098377209696	0.0
46.0	26.211826947797505	23.94289413608641	23.709650940561705	26.135627975554378	0.0
47.0	26.11890137189125	23.827046918123276	23.777486610973273	26.2765650990122	0.0
48.0	26.058499747552183	23.82518840660515	23.938247857291095	26.17806398855157	0.0
49.0	26.104033279746254	23.785849912804835	23.8363394757139	26.273777331735015	0.0
50.0	26.238775364810323	23.746511419004516	23.827046918123276	26.187666298061885	0.0
51.0	26.22607553610313	23.836958979553277	23.879394992550466	26.057570491793125	0.0
52.0	26.0829701492075	23.81124957021921	23.87908524063078	26.22669503994251	0.0
53.0	26.257360479991576	23.838507739151712	23.8512075678589	26.05292421299781	0.0
54.0	26.120759883409377	23.960549995508597	23.76540628610546	26.153283834976566	0.0
55.0	26.1997466229297	23.762928270747956	23.73505059797608	26.30227450834626	0.0
56.0	26.10960881430063	23.816825104773585	23.96860354542047	26.104962535505315	0.0
57.0	26.177754236631884	23.919352990190156	23.69788036761358	26.205012405564382	0.0
58.0	26.223287768825948	23.886209534783593	23.768194053382647	26.122308643007813	0.0
59.0	26.307230539061266	23.859570869690465	23.74372365172733	26.08947493952094	0.0
60.0	26.301345252587204	23.692304833059204	23.793593710797023	26.21275620355657	0.0
61.0	26.086996924163437	23.836958979553277	23.8239493989264	26.25209469735689	0.0
62.0	26.148637556181253	23.75518447275577	23.71646548279483	26.379712488268147	0.0
63.0	26.26688142733242	23.701833725684548	23.817370833849587	26.213914013133436	0.0
64.0	26.107669433775243	23.81489282616776	23.810866063684795	26.266571676372198	0.0
65.0	26.184177920951555	23.816131830008676	23.78608598686656	26.213604262173213	0.0
66.0	26.158778342212862	23.77462520133812	23.825114607855287	26.24148184859373	0.0
67.0	26.16992937678107	23.8706479990088	23.81675133192913	26.142671292281005	0.0
68.0	26.02558542931483	23.97844133316813	23.827902366497337	26.1680708710197	0.0
69.0	26.3031222896791	23.827902366497337	23.71856027753686	26.150415066286705	0.0
70.0	26.082498815206247	23.750700809376752	24.026378310065947	26.140422065351054	0.0
71.0	26.240471315601177	23.93097530982744	23.695875059239686	26.1326783153317	0.0
72.0	26.130200315325503	23.81358005953395	23.793136559482843	26.263083065657707	0.0
73.0	26.063604065159012	23.83650155959125	23.91920480979801	26.180689565451726	0.0
74.0	26.112854315282135	23.77888805944722	23.809243559523107	26.299014065747535	0.0
75.0	26.245737065614342	23.742647309356617	23.834333309585833	26.177282315443207	0.0
76.0	26.216620565541554	23.864069309660174	23.869644809674114	26.049665315124166	0.0
77.0	26.09334006523335	23.826589559566475	23.867166809667918	26.212903565532258	0.0
78.0	26.284455815711137	23.822872559557183	23.844245309610614	26.048426315121066	0.0
79.0	26.126483315316207	23.97217205993043	23.769905309424765	26.1314393153286	0.0
80.0	26.197416065493538	23.780746559451867	23.74295705935739	26.2788803156972	0.0
81.0	26.131749065329373	23.81636780954092	23.97434030993585	26.077542815193855	0.0
82.0	26.15095356537738	23.930665559826664	23.719106309297764	26.199274565498186	0.0
83.0	26.20020381550051	23.89845155974613	23.78012705945032	26.121217565303045	0.0
84.0	26.309545565773863	23.860042559650108	23.752869059382174	26.077542815193855	0.0
85.0	26.29436781573592	23.688750809221876	23.802119309505297	26.214762065536906	0.0
86.0	26.07289656518224	23.82256280955641	23.82256280955641	26.281977815704945	0.0
87.0	26.164582565411454	23.751630059379075	23.716938059292346	26.366849315917122	0.0
88.0	26.26919669683622	23.683721448882117	23.822489019396485	26.224592834885176	0.0
89.0	26.139721597561653	23.81350629719801	23.796160350883714	26.25061175435662	0.0
90.0	26.184015710471375	23.806382069247494	23.792443362387793	26.217158857893335	0.0
91.0	26.153970053462682	23.770760929494923	23.856251664901095	26.219017352141293	0.0
92.0	26.17069650169433	23.884129078620504	23.83147174159496	26.113702678090213	0.0
93.0	25.988564065394215	23.977983038142497	23.826515756933734	26.20693713952955	0.0
94.0	26.29025963164644	23.811957551991377	23.721510831923975	26.17627198443821	0.0
95.0	26.082027487044783	23.75055367469637	24.06246999315457	26.104948845104275	0.0
96.0	26.222343368138695	23.970165064752834	23.705640202823044	26.101851364285427	0.0
97.0	26.127560455081884	23.81993724503861	23.796706138897235	26.255796160982275	0.0
98.0	26.041140740235967	23.845026839671295	23.925251592879512	26.188580827213226	0.0
99.0	26.109904814414435	23.776262765492824	23.809405810254518	26.304426609838217	0.0
100.0	26.266327595766363	23.735066270602122	23.828919939413275	26.169686194218244	0.0
101.0	26.21305092568214	23.871045678549635	23.869187190058323	26.046716205709895	0.0
102.0	26.084505471699863	23.837283137624173	23.856797266782927	26.221414123893037	0.0
103.0	26.27747852671422	23.82489321434877	23.85400953404596	26.043618724891044	0.0
104.0	26.12446297426303	23.977599018718077	23.77657251357471	26.12136549344418	0.0
105.0	26.241238001133677	23.771306796182664	23.72763231663688	26.25982288604678	0.0
106.0	26.11857776070722	23.82489321434877	23.962111614623826	26.094417410320187	0.0
107.0	26.165349721071852	23.916578646586732	23.73878324758474	26.179288384756678	0.0
108.0	26.22760908553074	23.890559807708392	23.779360246311676	26.102470860449195	0.0
109.0	26.310311823394034	23.842548855016215	23.740331987994164	26.10680733359559	0.0
110.0	26.287700213416425	23.676523883125856	23.81374228340091	26.222033620056806	0.0
111.0	26.09162967758322	23.80630832943567	23.837283137624173	26.26477885535694	0.0
112.0	26.175571407774058	23.76046561331669	23.696347760366493	26.36761521854276	0.0
113.0	26.224740122164263	23.681716246856066	23.851147922835796	26.242395708143874	0.0
114.0	26.13429396240909	23.785171785754113	23.82636815303986	26.254166098796944	0.0
115.0	26.187570467470355	23.791056981080647	23.81738548648883	26.203987064960167	0.0
116.0	26.160312720694822	23.776189119203085	23.891415048754197	26.172083111347895	0.0
117.0	26.182614513511172	23.87809592248888	23.83287284261129	26.10641672138866	0.0
118.0	25.992429780327342	23.99487058765224	23.84526272750926	26.167436904511156	0.0
119.0	26.294742971837792	23.836899555203132	23.71207146485609	26.156286008102985	0.0
120.0	26.10525859318616	23.747456193877518	24.048221581387857	26.099063631548464	0.0
121.0	26.248981703180803	23.932375798762866	23.688913806401253	26.129728691655075	0.0
122.0	26.107426829759355	23.834495404887203	23.81064480258206	26.247432962771377	0.0
123.0	26.070257059933155	23.841619610770557	23.93702201999114	26.15110130930514	0.0
124.0	26.114551035642712	23.771306796182664	23.823344473939343	26.29079769423528	0.0
125.0	26.239069764560487	23.758297376743496	23.84471709158941	26.15791576710661	0.0
126.0	26.242167245379335	23.866089709239475	23.848743816653915	26.042999228727275	0.0
127.0	26.103400104694853	23.832636916395895	23.863611724584395	26.200351254324854	0.0
128.0	26.287390465334543	23.805998581353784	23.848743816653915	26.05786713665776	0.0
129.0	26.142118614930475	23.94569496628392	23.788652688768224	26.123533730017378	0.0
130.0	26.244954978116297	23.76789956728193	23.72329584349049	26.263849611111283	0.0
131.0	26.117958264543446	23.82613220667631	23.97233330132603	26.083576227454213	0.0
132.0	26.16999594230013	23.919056631241812	23.75055367469637	26.16039375176169	0.0
133.0	26.190749063786424	23.896445021264206	23.79267941383273	26.12012650111664	0.0
134.0	26.32301149475132	23.843168351179987	23.74807569004129	26.085744464027407	0.0
135.0	26.30132912901937	23.646788067264893	23.81622026805599	26.23566253565975	0.0
136.0	26.083347272040193	23.818462281859237	23.82744500405771	26.27074544204286	0.0
137.0	26.1750329882729	23.73730803303164	23.71810359246938	26.36955538622608	0.0
138.0	26.24821506562054	23.662731809156828	23.847033059617583	26.242020065605047	0.0
139.0	26.103561815258903	23.786322059465807	23.840218559600544	26.269897565674743	0.0
140.0	26.18471631546179	23.7900390594751	23.82256280955641	26.202681815506708	0.0
141.0	26.145768801883285	23.772147193656302	23.885516045099738	26.19656795936067	0.0
142.0	26.19563870647999	23.8839672902986	23.84277041258828	26.07762359063313	0.0
143.0	25.99182257464998	23.994548383099986	23.855779952917857	26.157849089332174	0.0
144.0	26.325114607855284	23.830070623218933	23.720728534258456	26.124086234667327	0.0
145.0	26.094430970235937	23.74744067476358	24.066794903961416	26.091333451039063	0.0
146.0	26.25302395311595	23.946920911042348	23.701907142569517	26.098147993272185	0.0
147.0	26.159869655988455	23.815350113679308	23.798933211084197	26.225847019248043	0.0
148.0	26.0619877461761	23.858405763881578	23.921905104107942	26.157701385834383	0.0
149.0	26.124948503424328	23.757190160979068	23.825336005476448	26.292525330120153	0.0
150.0	26.244513485133364	23.749136561174836	23.84547000498704	26.160879948704764	0.0
151.0	26.257213392516967	23.865294250659	23.856001635500267	26.021490721323765	0.0
152.0	26.10760228846136	23.824716497799198	23.83958468205317	26.22809653168627	0.0
153.0	26.282922961122797	23.80272397525686	23.857240650854767	26.057112412765576	0.0
154.0	26.15654339496402	23.94799852557173	23.784448498778023	26.11100958068623	0.0
155.0	26.243893977456118	23.758119422494943	23.720639208021385	26.277347392027554	0.0
156.0	26.124948503424328	23.8234774824447	23.972159324984435	26.079414689146535	0.0
157.0	26.160260441027518	23.909589049582298	23.76493400694468	26.165216502445503	0.0
158.0	26.224998993300026	23.883879480976468	23.80241422141824	26.08870730430527	0.0
159.0	26.321951944789472	23.817282405672213	23.75997794552669	26.100787704011623	0.0
160.0	26.303056960633388	23.64567877907427	23.832770097603433	26.21849416268891	0.0
161.0	26.073300375422814	23.807753782106083	23.82602931519409	26.292916527277004	0.0
162.0	26.18388283834517	23.73929797172558	23.699339602770447	26.377479587158803	0.0
163.0	26.280297985038796	23.6405594188982	23.851503089813683	26.22763950624932	0.0
164.0	26.124800594731056	23.755478804962287	23.844068951631638	26.27565164867502	0.0
165.0	26.16661762200505	23.79729583223628	23.81897873526724	26.21710781049143	0.0
166.0	26.158025486782684	23.76422557723164	23.884720940173587	26.19302799581209	0.0
167.0	26.207276804797512	23.878835562549174	23.84971843114418	26.064169201509134	0.0
168.0	25.995403210318617	23.985391873222774	23.862728213261306	26.156476703197306	0.0
169.0	26.35596002899323	23.814096408680623	23.703823017402133	26.126120544924014	0.0
170.0	26.115050196231486	23.748811304916163	24.04339085533387	26.09274764351848	0.0
171.0	26.257228969776943	23.927851241973404	23.710091595344963	26.104828192904687	0.0
172.0	26.1563289884522	23.821678148386777	23.800924319770036	26.22106854339099	0.0
173.0	26.062472121722752	23.86411508152847	23.916774049660503	26.156638747088266	0.0
174.0	26.129460925375813	23.740594924279268	23.834142322143784	26.29580182820113	0.0
175.0	26.213715535372994	23.77250016262379	23.84219607162881	26.171588230374404	0.0
176.0	26.245311014121942	23.88122578067162	23.844983907989008	26.028479297217427	0.0
177.0	26.1170705415527	23.80719323732851	23.86233044534137	26.21340577577742	0.0
178.0	26.324299710994296	23.784890546446903	23.816795784791424	26.074013957767377	0.0
179.0	26.205042266696815	23.912821259420564	23.78272222927786	26.099414244604763	0.0
180.0	26.228893755556314	23.73439973236771	23.740904683874845	26.29580182820113	0.0
181.0	26.078970111296623	23.831664245379162	23.982207408830007	26.10715823449421	0.0
182.0	26.17995173945501	23.89888207761956	23.77342944141052	26.14773674151491	0.0
183.0	26.211237458608373	23.87255251199544	23.82020314034278	26.09600688905341	0.0
184.0	26.315936201913694	23.825159293872026	23.743692520235047	26.115211983979236	0.0
185.0	26.319033797869473	23.655101275899774	23.816176265600266	26.209688660630487	0.0
186.0	26.090821794752657	23.812223151503886	23.83266734813989	26.264287705603568	0.0
187.0	26.206052721246476	23.72146330886225	23.69823126723043	26.374252702660844	0.0
188.0	26.250739555616132	23.64006951048388	23.848848771330953	26.26034216256904	0.0
189.0	26.111656635556287	23.76025697815252	23.839246164378043	26.28884022191315	0.0
190.0	26.172679653934438	23.79773812142032	23.802074782624857	26.227507442020386	0.0
191.0	26.171831439652077	23.764047728202016	23.874942693942288	26.18917813820363	0.0
192.0	26.215198186030953	23.87029625683026	23.838080959520237	26.076424597618548	0.0
193.0	26.020977114748412	23.991103621742848	23.85356908322698	26.134350180281764	0.0
194.0	26.35459129939163	23.79192635087415	23.72222979419381	26.131252555540414	0.0
195.0	26.139697113314565	23.748942932282617	24.039810796494717	26.07154915790811	0.0
196.0	26.256787691240202	23.95338679850198	23.688848826151467	26.100976684106346	0.0
197.0	26.176949811973017	23.82366971681339	23.80508385322124	26.194296617992357	0.0
198.0	26.08464002279866	23.860531679604495	23.891508118924744	26.1633201786721	0.0
199.0	26.133663749709594	23.732362735228065	23.847595446449315	26.286378068613026	0.0
200.0	26.204600015488268	23.78471307984202	23.83551459769225	26.175172306977462	0.0
201.0	26.2501510124806	23.88103623989765	23.846961628890316	26.021851118731433	0.0
202.0	26.109381534315318	23.809302541703453	23.865681582330435	26.21563434165079	0.0
203.0	26.32532751768084	23.783870857819068	23.845827382925403	26.044974241574685	0.0
204.0	26.19616298485454	23.918303113663754	23.800894043735653	26.084639857746055	0.0
205.0	26.232423272686717	23.726839302476154	23.747905043076344	26.292832381760782	0.0
206.0	26.113935383538262	23.83355483477232	23.996195751509465	26.056314030179955	0.0
207.0	26.169860127944983	23.89659071546957	23.796527207670504	26.137021948914946	0.0
208.0	26.178239170237088	23.899365223937473	23.84019380961675	26.082201796208693	0.0
209.0	26.29923943181994	23.834131077962112	23.75482132069334	26.111808169524608	0.0
210.0	26.30838674899236	23.665744478488644	23.815380611742253	26.210488160776745	0.0
211.0	26.110501824760984	23.81545439336766	23.82474859192892	26.24929518994244	0.0
212.0	26.20825329946093	23.719561311109736	23.706239543961832	26.365945845467504	0.0
213.0	26.27450251415081	23.634876523129257	23.858872954057496	26.231748008662436	0.0
214.0	26.08660629362613	23.77382106818766	23.8732723819674	26.266300256218805	0.0
215.0	26.163617492602974	23.79935866652208	23.826623084906977	26.210400755967967	0.0
216.0	26.164347060937676	23.766870329289	23.905674875137876	26.163107734635453	0.0
217.0	26.202308879208314	23.890331335940065	23.84974314803225	26.057616636819375	0.0
218.0	26.012071112983882	23.988548554007078	23.863995488824305	26.135384844184735	0.0
219.0	26.343136525877455	23.791641879833435	23.745476402934763	26.119745191354355	0.0
220.0	26.109925111619937	23.75668867564997	24.042981034680416	26.09040517804968	0.0
221.0	26.244558397496476	23.961951385768952	23.71624657237138	26.077243644363197	0.0
222.0	26.16580631967726	23.819320935247788	23.8326444360441	26.182228309030855	0.0
223.0	26.069456580341704	23.868572880452632	23.902346824319718	26.159623714885942	0.0
224.0	26.11030375518627	23.74824542105247	23.86382298351238	26.27762784024888	0.0
225.0	26.197993970135748	23.775203190312556	23.844921559088643	26.181881280463053	0.0
226.0	26.22775569141338	23.886738782175428	23.856372182955663	26.029133343455534	0.0
227.0	26.07035842327226	23.81948382338815	23.885795382360506	26.224362370979087	0.0
228.0	26.305090838102736	23.787714932897863	23.84535057031393	26.061843658685476	0.0
229.0	26.154494495176888	23.935212585640052	23.80940576418348	26.10088715499958	0.0
230.0	26.243899415893278	23.711634104395518	23.76803061524875	26.27643586446245	0.0
231.0	26.11639444335989	23.827983378419834	24.008639255313543	26.046982922906732	0.0
232.0	26.171256457055737	23.907607163109798	23.780247839384707	26.14088854044975	0.0
233.0	26.180405135308497	23.885753950177715	23.85166730191784	26.082173612595945	0.0
234.0	26.304209727150184	23.823306115492475	23.766288095939014	26.106196061418323	0.0
235.0	26.304845662083476	23.680434829765016	23.82391129869446	26.19080820945705	0.0
236.0	26.07794284439321	23.86286868837117	23.8386974818561	26.22049098537952	0.0
237.0	26.211666707985227	23.73131368222724	23.69288742345737	26.36413218633017	0.0
238.0	26.246471082242767	23.67187185263921	23.856258773873456	26.225398291244566	0.0
239.0	26.087185573815198	23.776616019659674	23.899643931810928	26.236554474714204	0.0
240.0	26.150232122823653	23.797393034455826	23.852866980295904	26.199507862424614	0.0
241.0	26.17306142688898	23.78199962809149	23.904729436558604	26.14020950846092	0.0
242.0	26.235788586235543	23.882614032260065	23.860917217352494	26.020680164151905	0.0
243.0	26.009838779173034	23.98845632840568	23.893292333253772	26.108412559167515	0.0
244.0	26.308267949643966	23.80441622776154	23.777136426904082	26.110179395690412	0.0
245.0	26.111638174253276	23.75287559449622	24.090506042623907	26.0449801886266	0.0
246.0	26.200560592342704	23.97214401766114	23.755100522144637	26.07219486785152	0.0
247.0	26.143622629339752	23.859478299698587	23.85730764937175	26.13959142158991	0.0
248.0	26.069172540616307	23.888497809091728	23.92819154709445	26.114138103197515	0.0
249.0	26.11297865214533	23.75522532468338	23.875857449421336	26.255938573749955	0.0
