# Position (bp)	A	C	G	T	N
0.0	25.822921201908166	24.17629573481092	24.331342264431076	25.669440798849834	0.0
1.0	25.79253834660887	24.34199192505145	24.227664686038608	25.637805042301075	0.0
2.0	25.679142274551076	24.265260929077282	24.32539943557506	25.730197360796588	0.0
3.0	25.66894162675829	24.310543014912003	24.254791354107613	25.76572400422209	0.0
4.0	25.74069202244939	24.368297755061135	24.090499098015634	25.80051112447384	0.0
5.0	25.836999921709857	24.120566820637283	24.274015501448368	25.768417756204492	0.0
6.0	25.87745669084213	24.19863966029086	24.20239750479125	25.721506144075757	0.0
7.0	25.79208757898956	24.314380014153926	24.0175233132715	25.87600909358501	0.0
8.0	25.73798571468832	24.265928498288705	24.146310149710818	25.849775637312156	0.0
9.0	25.79660316386728	24.168326256591392	24.245669409686997	25.78940116985433	0.0
10.0	25.746331748924415	24.289051296021444	24.171629686687833	25.792987268366307	0.0
11.0	25.692161246485178	24.23613329074843	24.257738866865814	25.813966595900578	0.0
12.0	25.804259742862335	24.15659972069313	24.234567669290648	25.804572867153887	0.0
13.0	25.705938715313657	24.07142991338982	24.49790519848949	25.72472617280703	0.0
14.0	25.85780399671846	24.284041307356542	24.00974442795323	25.848410267971765	0.0
15.0	25.769189822208027	24.142196003281544	24.212022720298595	25.876591454211834	0.0
16.0	25.87001584408915	24.160670336483363	24.176326551061177	25.792987268366307	0.0
17.0	25.78829040399296	24.257425742574256	24.138438511782866	25.81584534164991	0.0
18.0	25.679323150531374	24.249910759576906	24.136559766033532	25.934206323858195	0.0
19.0	25.803007245696108	24.245213895203563	24.255233872533363	25.696544986566966	0.0
20.0	25.8897426744572	24.252415753909357	24.167872195189158	25.68996937644429	0.0
21.0	25.840269036391305	24.224547691960847	24.140004133240648	25.7951791384072	0.0
22.0	25.725352421390145	24.212022720298595	24.14657974336333	25.916045114947927	0.0
23.0	25.78766415540985	24.284667555939656	24.24959763528535	25.678070653365147	0.0
24.0	25.701868099523423	24.204507737301245	24.196053381429223	25.897570781746104	0.0
25.0	25.854359629511336	24.157539093567802	24.310030623555715	25.678070653365147	0.0
26.0	25.778896675246273	24.32725245959131	24.215780211797274	25.678070653365147	0.0
27.0	25.711888076853228	24.23926453366399	24.308778126389488	25.74006926309329	0.0
28.0	25.673686913283362	24.29280878752012	24.249910759576906	25.783593539619616	0.0
29.0	25.748756117646693	24.358488616402024	24.083566349264004	25.80918891668728	0.0
30.0	25.858975523150775	24.1014143779962	24.256410416986313	25.783199681866716	0.0
31.0	25.891459275309682	24.184316328703297	24.187134429678984	25.737089966308034	0.0
32.0	25.821632995578714	24.303302814343507	24.03589634398367	25.839167846094114	0.0
33.0	25.734898109993615	24.25382948610363	24.146741649027444	25.864530754875314	0.0
34.0	25.798461943111935	24.1570746859383	24.253203241442367	25.7912601295074	0.0
35.0	25.773725278992	24.261657544369434	24.172730802469907	25.79188637416866	0.0
36.0	25.72237321676833	24.211871093798926	24.23786024724139	25.827895442191355	0.0
37.0	25.81850177227239	24.154882829623876	24.22596159867737	25.80065379942636	0.0
38.0	25.718615748800744	24.051865582845906	24.48710562242457	25.742413045928785	0.0
39.0	25.83259227715084	24.2876466978119	24.03808820029809	25.84167282473917	0.0
40.0	25.768089077040617	24.119186883931814	24.227840332661163	25.884883706366402	0.0
41.0	25.878934382084395	24.173983291792435	24.18149822772761	25.76558409839556	0.0
42.0	25.754624816823434	24.27700053857041	24.163337132550943	25.80503751205521	0.0
43.0	25.681041069124888	24.256960709409952	24.155195951954507	25.906802269510653	0.0
44.0	25.783745193572226	24.250385140466676	24.258526321063112	25.707343344897986	0.0
45.0	25.87862125975376	24.23316341228191	24.153317217970717	25.734898109993615	0.0
46.0	25.8253904635463	24.243183326862138	24.15237785097882	25.779048358612744	0.0
47.0	25.728009418719704	24.1921443869691	24.157387808268936	25.92245838604226	0.0
48.0	25.812552447990385	24.275121804586615	24.250072018136045	25.66225372928696	0.0
49.0	25.691060983705118	24.20811362583134	24.19903307824301	25.90179231222054	0.0
50.0	25.86077328690773	24.148307260680603	24.31551458523816	25.67540486717351	0.0
51.0	25.779361480943376	24.32710011147155	24.215941684097142	25.677596723487934	0.0
52.0	25.686677271076263	24.243809571523403	24.333988802745456	25.735524354654878	0.0
53.0	25.690434739043848	24.29453538908581	24.246940794829726	25.768089077040617	0.0
54.0	25.77427081865577	24.35332613154228	24.07339564448202	25.79900740531993	0.0
55.0	25.87071219451098	24.109404599752633	24.249682964632942	25.770200241103442	0.0
56.0	25.888165928746325	24.176649987788306	24.195437209972255	25.739746873493107	0.0
57.0	25.80675463261587	24.289999561631483	24.027291571425888	25.87595423432676	0.0
58.0	25.75383729013107	24.2305066913823	24.157862765604353	25.85779325288227	0.0
59.0	25.809572715943464	24.133126256395485	24.259313765397692	25.797987262263362	0.0
60.0	25.76573586418091	24.27121233944753	24.15848900634382	25.80456279002774	0.0
61.0	25.720020290199958	24.188235441468407	24.256808802439835	25.8349354658918	0.0
62.0	25.8195925677749	24.153165960058367	24.22800172842444	25.79923974374229	0.0
63.0	25.73411070683792	24.055159284332085	24.47630618162234	25.734423827207653	0.0
64.0	25.863742539907193	24.258374404288496	24.05140183989529	25.82648121590902	0.0
65.0	25.7829574845162	24.130308173067892	24.22173932102979	25.86499502138612	0.0
66.0	25.880024799133285	24.164125172999004	24.16255957115034	25.793290456717372	0.0
67.0	25.75133232717321	24.249607033935984	24.177276228527774	25.82178441036303	0.0
68.0	25.71031355873825	24.238021580255882	24.15974148782275	25.89192337318312	0.0
69.0	25.809572715943464	24.24271838580187	24.24522334875973	25.702485549494934	0.0
70.0	25.865621262125586	24.240526543213743	24.158802126713553	25.735050067947117	0.0
71.0	25.82648121590902	24.235829737667753	24.1525397193189	25.785149327104325	0.0
72.0	25.72722205870381	24.18729608035921	24.171640061872584	25.913841799064397	0.0
73.0	25.801431586330416	24.272151700556726	24.2439708672808	25.682445845832053	0.0
74.0	25.700293706906805	24.187922321098675	24.20201273773664	25.90977123425787	0.0
75.0	25.857167012142806	24.16099396930168	24.30315061716025	25.678688401395267	0.0
76.0	25.792351095608172	24.314736070840354	24.222052441399523	25.67086039215195	0.0
77.0	25.705929873561995	24.24522334875973	24.333523293024303	25.715323484653968	0.0
78.0	25.66835542919409	24.307847422706235	24.237082219146686	25.786714928952986	0.0
79.0	25.766594544834	24.36131472569176	24.08263846922193	25.78945226025231	0.0
80.0	25.865227152460964	24.11989967654767	24.262682118064795	25.75219105292657	0.0
81.0	25.900841662283007	24.17775105834022	24.187144610605944	25.734262668770825	0.0
82.0	25.80941108689662	24.30143282983893	24.018060669822898	25.871095413441548	0.0
83.0	25.755241602164276	24.238809148067432	24.155206532902483	25.85074271686581	0.0
84.0	25.80408807394604	24.124520928834446	24.28421131735177	25.787179679867737	0.0
85.0	25.773089351469153	24.261353673505173	24.166165677212494	25.79939129781318	0.0
86.0	25.72424287968738	24.171488690163073	24.26761604168232	25.836652388467225	0.0
87.0	25.822248941659776	24.139863730868466	24.225971293304276	25.81191603416748	0.0
88.0	25.71610180105709	24.062210365471806	24.48899075674457	25.732697076726534	0.0
89.0	25.870469176623835	24.25759625259888	24.030898524586057	25.841036046191228	0.0
90.0	25.801896245084038	24.128278349740736	24.220022043535984	25.84980336163924	0.0
91.0	25.87203476866812	24.16679191403021	24.169923098118783	25.79125021918289	0.0
92.0	25.770271285789438	24.23661731920543	24.197164399689385	25.79594699531575	0.0
93.0	25.682598131309337	24.24068785852058	24.16460008516821	25.91211392500188	0.0
94.0	25.8022093634929	24.224718819668848	24.256656897372313	25.716414919465947	0.0
95.0	25.88581197865785	24.25258635805716	24.151449111996193	25.710152551288797	0.0
96.0	25.815047218256055	24.24037474011172	24.172428045389644	25.772149996242575	0.0
97.0	25.735828260815108	24.189336439467947	24.15959019062649	25.915245109090453	0.0
98.0	25.799704416222042	24.266989804864608	24.24037474011172	25.692931038801632	0.0
99.0	25.7042033015205	24.188710202650235	24.179942887202223	25.92714360862704	0.0
100.0	25.851995190501242	24.16773126925678	24.297049172114924	25.68322436812705	0.0
101.0	25.781856666917164	24.320846171188094	24.242253450564867	25.655043711329878	0.0
102.0	25.695435986072496	24.232233661481427	24.33431026276897	25.73802008967711	0.0
103.0	25.679153828811902	24.296109816888354	24.260101199869744	25.76463515443	0.0
104.0	25.78897764028444	24.330163541232867	24.081861420488526	25.79899739799417	0.0
105.0	25.87602428538775	24.10346652305014	24.258459650122585	25.762049541439524	0.0
106.0	25.898800764004132	24.170084854557413	24.17634718351755	25.75476719792091	0.0
107.0	25.814259323042236	24.289069104800078	24.024798822682154	25.87187274947553	0.0
108.0	25.762281992673074	24.239909822462973	24.145348655164856	25.852459529699097	0.0
109.0	25.821147884898394	24.1249960860444	24.272160816607695	25.781695212449513	0.0
110.0	25.766352506497164	24.26527225475154	24.16601434073332	25.802360898017973	0.0
111.0	25.723768669568216	24.167266806525348	24.274665748191754	25.834298775714686	0.0
112.0	25.83116761123462	24.151297867676988	24.210163759902308	25.807370761186082	0.0
113.0	25.692770141215522	24.057362933274884	24.493221028900646	25.756645896608948	0.0
114.0	25.859661208003253	24.27059523436766	24.055484234586842	25.814259323042236	0.0
115.0	25.798290384193884	24.126561668284435	24.223001534270594	25.852146413251088	0.0
116.0	25.852772646147105	24.170397971005418	24.185114444061746	25.791714938785738	0.0
117.0	25.77167548611329	24.244919685631086	24.190750540125872	25.792654288129757	0.0
118.0	25.662710962206848	24.252434480383258	24.180730813789648	25.90412374362025	0.0
119.0	25.801734665121963	24.217678554654476	24.26120174092745	25.719385039296117	0.0
120.0	25.867176002755425	24.256504994207344	24.137207627516673	25.739111375520558	0.0
121.0	25.80611829539406	24.253686946175282	24.17947834799762	25.760716410433037	0.0
122.0	25.745373704480695	24.192629238813915	24.180730813789648	25.88126624291574	0.0
123.0	25.82396593293046	24.247111500767137	24.238657356670945	25.690265209631463	0.0
124.0	25.694335723455552	24.19513417039797	24.187619375645802	25.922910730500675	0.0
125.0	25.8258446316185	24.187619375645802	24.30096752982434	25.685568462911355	0.0
126.0	25.794846103265805	24.30221999561637	24.248363966559165	25.654569934558662	0.0
127.0	25.71813257350409	24.231768794814794	24.330400475937	25.71969815574412	0.0
128.0	25.69370949055954	24.28437235807997	24.273100165951718	25.748817985408774	0.0
129.0	25.792108814568728	24.323588075235854	24.086871299343393	25.79743181085202	0.0
130.0	25.891053921952352	24.07653842420523	24.26754005554703	25.76486759829539	0.0
131.0	25.91587134590817	24.161155782670775	24.191215149921096	25.731757721499964	0.0
132.0	25.814420981438342	24.282019488489766	24.04404949775807	25.85951003231382	0.0
133.0	25.733010195135392	24.2604143182786	24.130157060193884	25.87641842639212	0.0
134.0	25.81348162621177	24.130157060193884	24.287655619849204	25.768705693745147	0.0
135.0	25.771523759424863	24.256030660554593	24.171488690163073	25.800956889857467	0.0
136.0	25.689173617895346	24.18025600561108	24.31145261892237	25.819117757571203	0.0
137.0	25.834460559605223	24.13673254677989	24.224718819668848	25.80408807394604	0.0
138.0	25.717667393101372	24.02682798527091	24.48993011197114	25.76557450965657	0.0
139.0	25.856065729816386	24.27951454121891	24.06659402319581	25.797825705768894	0.0
140.0	25.798765060995464	24.11293554770672	24.215951504220836	25.87234788707698	0.0
141.0	25.841036046191228	24.168357506074496	24.17962976879337	25.810976678940907	0.0
142.0	25.764948272838854	24.249455173968588	24.19434633400967	25.79125021918289	0.0
143.0	25.681971894491625	24.25196012123945	24.17430675584279	25.89176122842614	0.0
144.0	25.808784850078908	24.22659753012199	24.263545502367176	25.701072117431927	0.0
145.0	25.85700508504296	24.25571754214574	24.148317927907616	25.738959444903685	0.0
146.0	25.83195561233436	24.233486135116856	24.188397084241377	25.746161168307406	0.0
147.0	25.754615365346563	24.18025600561108	24.183700308108513	25.881428320933846	0.0
148.0	25.82318829688635	24.239748503294006	24.247263345106585	25.68979985471306	0.0
149.0	25.706082011973646	24.184639663335087	24.182134716064226	25.92714360862704	0.0
150.0	25.84354099346209	24.177437939931366	24.29329175120864	25.68572931539791	0.0
151.0	25.803461837128328	24.3105132636958	24.261979910322886	25.624044988852983	0.0
152.0	25.74209062899226	24.23160742466371	24.334623381177824	25.691678565166203	0.0
153.0	25.69073920993963	24.297675408932644	24.25196012123945	25.75962525988828	0.0
154.0	25.78726042452727	24.313720578519384	24.111132333647497	25.787886663305855	0.0
155.0	25.871802659636096	24.062598828307245	24.290236624322485	25.77536188773417	0.0
156.0	25.911963076846	24.14158050637826	24.182286154443492	25.764170262332247	0.0
157.0	25.807067752985603	24.26119248761609	24.048583756567698	25.88315600283061	0.0
158.0	25.7435043179299	24.24522334875973	24.121227682345648	25.89004465096472	0.0
159.0	25.826168095539288	24.109642228665543	24.306594941227306	25.757594734567864	0.0
160.0	25.769493308617697	24.252111996893845	24.176649987788306	25.80174470670015	0.0
161.0	25.68808201248724	24.16725637669633	24.28718147830389	25.85748013251254	0.0
162.0	25.84495531772324	24.126237608261366	24.20326521921557	25.825541854799823	0.0
163.0	25.724403975376216	24.01163555293926	24.49571964454576	25.768240827138765	0.0
164.0	25.85528828992441	24.264323691313415	24.0620479324662	25.818340086295976	0.0
165.0	25.800805345590955	24.11058158977474	24.21766875622327	25.870944308411037	0.0
166.0	25.844329076983776	24.16130708967141	24.213911311786475	25.780452521558338	0.0
167.0	25.76730146602957	24.254616959851706	24.202638978476106	25.775442595642616	0.0
168.0	25.669294790303287	24.277787867211913	24.165377654477936	25.88753968800686	0.0
169.0	25.81270391964079	24.234577256188825	24.24992015430572	25.70279866986467	0.0
170.0	25.879085438024084	24.260566246876625	24.132186895286285	25.728161419813006	0.0
171.0	25.848399641790298	24.20796202476156	24.196063450711723	25.747574882736423	0.0
172.0	25.739120632753643	24.17571062667911	24.166317015587133	25.91885172498012	0.0
173.0	25.833996104782603	24.232698533970428	24.238334700625614	25.694970660621358	0.0
174.0	25.69810186431868	24.18854856183814	24.18729608035921	25.926053493483963	0.0
175.0	25.816461364077583	24.198568413669584	24.303776857899713	25.68119336435312	0.0
176.0	25.793916697456837	24.31567543194955	24.24616270986893	25.644245160724687	0.0
177.0	25.739120632753643	24.22299180250872	24.34761370966227	25.690273855075368	0.0
178.0	25.701233068016005	24.293130765328808	24.234577256188825	25.77105891046636	0.0
179.0	25.8115322593271	24.296024924459473	24.1068996289512	25.78554318726222	0.0
180.0	25.874469650713134	24.041770388113914	24.295398681759114	25.788361279413834	0.0
181.0	25.897408599591685	24.147681016019337	24.201224934557434	25.753685449831544	0.0
182.0	25.8253904635463	24.253516363773	24.058754274119813	25.86233889856089	0.0
183.0	25.729888152703502	24.25633446474869	24.14079232474543	25.872985057802385	0.0
184.0	25.8419859470698	24.120752495584973	24.289838554126327	25.7474230032189	0.0
185.0	25.74867549254143	24.26384940068386	24.206234891847547	25.78124021492717	0.0
186.0	25.685737904084366	24.172417680139276	24.28138425119926	25.8604601645771	0.0
187.0	25.83728911211032	24.10948009168222	24.21124484913766	25.8419859470698	0.0
188.0	25.73020127503413	23.998008541977182	24.506832329254394	25.7649578537343	0.0
189.0	25.85044024999687	24.262910033691963	24.053118072168434	25.83353164414273	0.0
190.0	25.80034067709573	24.094450219811876	24.238173369572024	25.86703573352037	0.0
191.0	25.846995904359915	24.148933505341866	24.209052992823235	25.795017597474985	0.0
192.0	25.767775954709986	24.273243070602824	24.189952530654676	25.769028444032514	0.0
193.0	25.67853609047983	24.265728134667654	24.160832153905886	25.89490362094663	0.0
194.0	25.84480404804549	24.225022231685475	24.23003218897559	25.700141531293447	0.0
195.0	25.89177239764031	24.263223156022594	24.12450996355256	25.720494482784535	0.0
196.0	25.828208564521987	24.231910922959383	24.18055886073571	25.75932165178292	0.0
197.0	25.753685449831544	24.179619493743814	24.168347089841056	25.898347966583586	0.0
198.0	25.835097255795898	24.245688305507194	24.250072018136045	25.669142420560863	0.0
199.0	25.685111659423104	24.191518142307835	24.184003206372665	25.939366991896396	0.0
200.0	25.80316883767535	24.189942384769537	24.31707164328657	25.689817134268537	0.0
201.0	25.797380995622465	24.319415828004935	24.256790185309278	25.62641299106332	0.0
202.0	25.75496630677121	24.214659685863875	24.332398106164984	25.697975901199932	0.0
203.0	25.7070745027306	24.29762262638409	24.232802244601434	25.76250062628388	0.0
204.0	25.796097564030703	24.284537748286304	24.114812158865657	25.804552528817336	0.0
205.0	25.883314492213554	24.061101594866866	24.283437246545187	25.772146666374397	0.0
206.0	25.91488428898005	24.152131024332196	24.215701625277923	25.71728306140983	0.0
207.0	25.824241209555186	24.244028009169373	24.061767984868034	25.869962796407407	0.0
208.0	25.72293797483418	24.26422232104271	24.15336243666268	25.859477267460434	0.0
209.0	25.8380308154829	24.116247024927972	24.305712138293874	25.74001002129525	0.0
210.0	25.76867910583313	24.23476577913903	24.228189180555816	25.768365934472026	0.0
211.0	25.704648803036566	24.172585716612176	24.286895411326995	25.835870069024264	0.0
212.0	25.82807175786731	24.100207957506512	24.22673631990379	25.84498396472239	0.0
213.0	25.724576403896144	24.006702370885403	24.519089229227347	25.749631995991106	0.0
214.0	25.829183500892604	24.277615960412163	24.05305521626108	25.84014532243415	0.0
215.0	25.79616637434227	24.08951390628915	24.24924830869456	25.865071410674016	0.0
216.0	25.8431470809321	24.14683036832874	24.234840892007014	25.775181658732148	0.0
217.0	25.75732899022801	24.270233024304684	24.219493861187672	25.75294412427963	0.0
218.0	25.683412678526686	24.25770483588073	24.162490603858682	25.896391881733898	0.0
219.0	25.83344817649933	24.226374672696977	24.23044638494594	25.709730765857753	0.0
220.0	25.87059066734322	24.279440967719708	24.134734046218515	25.71523431871856	0.0
221.0	25.820021299254524	24.235419407379567	24.20973501221575	25.73482428115016	0.0
222.0	25.760831433081915	24.1815345678703	24.168692209386826	25.88894178966096	0.0
223.0	25.817687483946948	24.252162854654916	24.263439142500957	25.66671051889718	0.0
224.0	25.67738580763183	24.202955751436214	24.192618765701255	25.927039675230702	0.0
225.0	25.80832096027465	24.182595021958264	24.311337480657308	25.69774653710978	0.0
226.0	25.812564998934956	24.308035434600107	24.25447004723778	25.62492951922716	0.0
227.0	25.725500269399927	24.213101607628403	24.354066685879687	25.707331437091984	0.0
228.0	25.71188702533033	24.29813734642349	24.21480975621981	25.775165872026363	0.0
229.0	25.777439454171247	24.289442110638085	24.12717208454331	25.805946350647357	0.0
230.0	25.88755681835981	24.053079547270055	24.285208587208153	25.77415504716198	0.0
231.0	25.925554643593323	24.14743714248122	24.206331802489867	25.72067641143559	0.0
232.0	25.83925416337732	24.236557522900142	24.049221207222786	25.874967106499756	0.0
233.0	25.728051928523094	24.259417057216613	24.139432595674293	25.873098418586	0.0
234.0	25.823459752758442	24.103232435886994	24.32002305749964	25.753284753854928	0.0
235.0	25.774274597276957	24.22259259027199	24.226038683968145	25.7770941284829	0.0
236.0	25.67371976014887	24.20002631595436	24.29965100031955	25.826602923577212	0.0
237.0	25.811100389729198	24.121229589343223	24.233073096154087	25.834596924773496	0.0
238.0	25.700518809995238	24.0403894834457	24.52661720845134	25.73247449810772	0.0
239.0	25.834304547790016	24.28036141709588	24.07264684135995	25.81268719375415	0.0
240.0	25.8092107942814	24.098831653450052	24.24577574889792	25.846181803370627	0.0
241.0	25.83447960369856	24.152517147055782	24.24306989481468	25.769933354430975	0.0
242.0	25.791996991821513	24.260959483596025	24.2252373640836	25.721806160498854	0.0
243.0	25.65242733050051	24.278945587184598	24.190889833164118	25.87773724915078	0.0
244.0	25.829460376755364	24.242462228879983	24.254370982754246	25.673706411610407	0.0
245.0	25.866899845800894	24.274449333684355	24.156292702496017	25.70235811801873	0.0
246.0	25.79585593887024	24.23909057572424	24.23094161267979	25.734111872725734	0.0
247.0	25.747151655722543	24.18749706154304	24.198467300850975	25.866883981883433	0.0
248.0	25.801476949309798	24.26309256635615	24.280958888652066	25.654471595681994	0.0
249.0	25.675489298744935	24.19881640482967	24.235490301791693	25.890203994633698	0.0
