# Position (bp)	A	C	G	T	N
0.0	27.90962125191386	22.71566512813062	23.03780775377463	26.178628505012348	0.15827736116854235
1.0	26.68363526637535	20.767442640172554	25.2905709719599	27.25835112149219	0.0
2.0	26.569502341331486	23.004839124263793	24.11236155969557	26.313157277126475	1.3969758267302944E-4
3.0	27.714463728919636	22.97019412376088	23.4067490696141	25.908593077705383	0.0
4.0	27.058723275852437	23.080974306820597	23.533873869846555	26.32642854748041	0.0
5.0	26.369874495691725	23.497971591099585	24.445121201622726	25.68703271158596	0.0
6.0	26.427709294918362	23.301417092278633	24.583561506051698	25.687172409168628	1.3969758267302944E-4
7.0	25.64386615853999	24.07394472446049	24.443584528213325	25.79320287441746	0.045401714368734566
8.0	25.149197018294796	24.52460912616368	24.799533968864203	25.526659886677322	0.0
9.0	25.3454721219504	24.367030252908503	24.65215301914416	25.62305121872171	0.01229338727522659
10.0	25.063422702533554	24.42304898356039	24.717531487835135	25.795996826070922	0.0
11.0	25.23846377362286	24.459370355055377	24.847031146973034	25.45513472434873	0.0
12.0	25.755484527095746	23.947937504889417	24.547798924887402	25.74877904312744	0.0
13.0	25.671386582326576	24.04446853451648	24.47976620212564	25.804378681031302	0.0
14.0	25.594273516691068	24.376669386112944	24.909336268845202	25.11944143318544	2.793951653460589E-4
15.0	25.86836017389555	24.057600107287744	24.811547960974085	25.26235206025995	1.3969758267302944E-4
16.0	25.530012628661474	24.313665776327404	24.96032588652086	25.19599570849026	0.0
17.0	25.205495144112028	24.715296326512366	25.15925524424725	24.919953285128354	0.0
18.0	25.382212586193408	24.557996848422533	24.842141731579474	25.217648833804578	0.0
19.0	25.042328367549928	24.682467394584204	24.817415259446353	25.457788978419515	0.0
20.0	25.06356240011623	24.84228142916215	24.781652678282054	25.312503492439564	0.0
21.0	25.368801618256796	24.431151443355425	24.540953743336424	25.65909319505135	0.0
22.0	25.228545245253077	24.440371483811845	24.433945395008884	25.897137875926195	0.0
23.0	25.21653125314319	24.68959197130053	24.712502374858904	25.38137440069737	0.0
24.0	25.57583343577823	24.313246683579386	24.635948099554085	25.4749717810883	0.0
25.0	25.27757909677131	24.442746342717285	24.798556085785492	25.478324523072455	0.0027939516534605884
26.0	25.22449401535556	24.86714759887795	24.941187317694656	24.96339923333967	0.0037718347321717945
27.0	25.5335050682283	24.549335598296807	24.690150761631223	25.22421462019021	0.0027939516534605884
28.0	25.318510488494507	24.623934107444203	24.545424065981962	25.50905799126052	0.0030733468188066473
29.0	25.16596072821556	24.799673666446875	24.562886263816093	25.471479341521473	0.0
30.0	25.52540260843326	24.34328166385409	24.23906726718001	25.89224846053264	0.0
31.0	25.29196794778663	24.306680897193754	24.102722426491134	26.298628728528485	0.0
32.0	25.285122766235652	24.333502833066976	24.21615686362163	26.16521753707574	0.0
33.0	25.769035192615025	24.029800288335814	23.87850780630092	26.322656712748245	0.0
34.0	25.53727690296047	24.05648252662636	23.8356206484203	26.570619921992872	0.0
35.0	25.618530103693253	24.37709711367194	24.038352218895668	25.957274998469526	0.008745565269611202
36.0	26.082542478353737	24.02914810890482	23.76876608275653	26.119543329984907	0.0
37.0	25.785086970664107	24.020553481886076	23.850186952307034	26.343689514246055	4.8308089672696595E-4
38.0	25.799594969452528	24.348632596450027	23.79928864382839	26.048229267711577	0.0042545225574786
39.0	26.070248611664365	24.065025117114065	23.612790892590315	26.25193537863126	0.0
40.0	25.93908872442483	24.0847511177918	23.398661522111695	26.57749863567168	0.0
41.0	25.837120756846392	24.259542575665286	23.545721043271357	26.35761562421697	0.0
42.0	26.204742630826882	23.806675699834923	23.38060884714009	26.607972822198107	0.0
43.0	26.063221802419644	23.822826241308107	23.293223175895726	26.82072878037652	0.0
44.0	26.01708889222006	24.121570978863737	23.354069854594513	26.50677059911058	4.996752111127767E-4
45.0	26.401616743616067	23.806119761573317	23.330180109968666	26.462083384841957	0.0
46.0	26.302467955957905	23.883454095787503	23.2657411107829	26.54833683747169	0.0
47.0	26.187578032348807	24.03411988897894	23.506863717578437	26.26862215602402	0.002816205069794949
48.0	26.412151761700976	23.82178318307143	23.14315194776637	26.622913107461223	0.0
49.0	26.4606546279525	23.973873428838026	23.07554384616792	26.48992809704155	0.0
50.0	26.419035689936738	24.07723042285678	23.116804870701273	26.386929016505206	0.0
51.0	26.750895087963322	23.831234062282665	22.972207196764806	26.44566365298921	0.0
52.0	26.54537667247046	23.873613839722164	22.90807348162494	26.67293600618244	0.0
53.0	26.379158154901518	24.098257294897984	23.162593629416662	26.359990920783837	0.0
54.0	26.568441585482123	23.75373960308154	23.026640220047558	26.651178591388774	0.0
55.0	26.462179868969628	23.745681953543777	23.257296009529483	26.534842167957116	0.0
56.0	26.48138539369568	23.981709689972757	23.290958619795042	26.245946296536516	0.0
57.0	26.717912224954375	23.739704504301386	23.089388505682336	26.452994765061895	0.0
58.0	26.233921627280886	24.13462497219602	23.10070027688933	26.530753123633772	0.0
59.0	26.493461028731463	24.027906278912756	23.156876963983564	26.321755728372214	0.0
60.0	26.658142445182005	23.79073943087219	22.87211854108856	26.67809275078441	9.068320728367521E-4
61.0	26.37757215854164	23.882849645865804	23.032532996626355	26.707045198966206	0.0
62.0	26.336835334476845	23.850771869639793	23.43696397941681	26.375428816466552	0.0
63.0	26.892871291743376	23.72002516837175	23.026729742956352	26.360373796928528	0.0
64.0	26.1717114030078	23.822577574719208	23.27812678469446	26.727584237578526	0.0
65.0	26.449225330718885	24.201165456102075	23.3091220414814	26.040487171697645	0.0
66.0	26.489369694237848	23.887010742994516	23.107204567650815	26.516414995116822	0.0
67.0	26.450252537635464	23.846417888491146	23.009529413687705	26.690531064580984	0.003269095604700959
68.0	26.34735867862737	23.79503061369785	23.362523138260002	26.495087569414782	0.0
69.0	26.89712668191865	23.647679243088138	23.044708984450736	26.41048509054248	0.0
70.0	26.297585152377938	23.891173679215438	23.131920278392915	26.67932089001371	0.0
71.0	26.186609328178967	24.388681748518884	23.126015051353022	26.298693871949126	0.0
72.0	26.432527756389558	23.742579667668462	23.211047912371775	26.6138446635702	0.0
73.0	26.955636519502786	23.82661808829833	22.85415773681955	26.36358765537934	0.0
74.0	26.22728192088763	23.63835996417117	23.109595769886447	27.024762345054754	0.0
75.0	26.02040816326531	24.244260204081634	23.2015306122449	26.533801020408166	0.0
76.0	26.001713143618538	24.383744170552966	23.64138193585229	25.94460835633387	0.02855239364233368
77.0	26.372045220966083	24.450154162384376	23.854059609455295	25.26207605344296	0.06166495375128469
78.0	26.413212148082465	24.240744845932166	23.45377964974507	25.81467523830636	0.07758811793393926
79.0	25.24817605549575	24.566439421121874	24.028226288721445	26.0853964836742	0.07176175098672408
80.0	26.472868217054263	24.573643410852714	23.63049095607235	25.297157622739018	0.025839793281653745
81.0	25.694444444444443	24.583333333333332	23.305555555555554	26.375	0.04166666666666667
82.0	27.62090717933313	23.595674376689697	23.06999098828477	25.698407930309404	0.015019525382997898
83.0	26.43511818620357	24.071394114809454	22.81717317896768	26.62807525325615	0.0482392667631452
84.0	27.14261079496465	23.53854112778065	23.245387135713052	26.056216589067084	0.01724435247456458
85.0	25.98629375810335	24.448972031857753	23.170957584737913	26.33821077977403	0.05556584552694943
86.0	26.599799398194584	23.891675025075227	24.393179538615847	25.09528585757272	0.020060180541624874
87.0	25.722917565817866	24.708675010789815	23.52179542511869	26.003452740612857	0.04315925766076824
88.0	25.279850746268657	24.253731343283583	23.763992537313435	26.679104477611943	0.023320895522388058
89.0	25.601805416248745	24.899699097291876	23.545636910732195	25.90270812437312	0.05015045135406219
90.0	26.01581674393237	24.025088628306516	23.67057540223616	26.288519225524954	0.0
91.0	27.066784348337748	23.71285672256546	24.124742571344512	25.007355104442485	0.088261253309797
92.0	25.428027901078	24.47685478757134	24.889029803424222	25.17438173747622	0.03170577045022194
93.0	27.64423076923077	23.214285714285715	21.703296703296704	27.369505494505496	0.06868131868131869
94.0	26.3216679076694	25.61429635145197	22.85927029039464	25.20476545048399	0.0
95.0	27.075812274368232	24.468511833132773	24.187725631768952	24.147613317288407	0.12033694344163659
96.0	27.260926006057986	24.707918649935092	22.241453916053654	25.703158805711812	0.08654262224145391
97.0	25.41899441340782	24.115456238361265	24.30167597765363	26.0707635009311	0.0931098696461825
98.0	24.81165243596183	26.268206931190356	21.195379206428928	27.674535409342038	0.05022601707684581
99.0	25.785482123510295	23.564463705308775	25.46045503791983	25.189599133261105	0.0
100.0	25.49476135040745	24.79627473806752	23.981373690337602	25.669383003492435	0.05820721769499418
101.0	24.688279301745634	24.438902743142144	22.194513715710723	28.553615960099748	0.12468827930174563
102.0	24.594594594594597	23.91891891891892	24.45945945945946	27.027027027027028	0.0
103.0	25.562817719680464	24.836601307189543	23.965141612200437	25.562817719680464	0.07262164124909223
104.0	27.091633466135455	21.91235059760956	23.02788844621514	27.96812749003984	0.0
105.0	26.329331046312177	24.271012006861064	24.614065180102916	24.69982847341338	0.08576329331046312
106.0	23.262279888785915	26.32066728452271	24.65245597775718	25.764596848934197	0.0
107.0	29.678068410462778	23.440643863179076	24.14486921529175	22.736418511066397	0.0
108.0	25.43103448275862	25.323275862068968	25.43103448275862	23.70689655172414	0.10775862068965517
109.0	26.006904487917147	28.078250863060987	20.94361334867664	24.856156501726122	0.11507479861910241
110.0	26.856435643564357	23.26732673267327	24.133663366336634	25.61881188118812	0.12376237623762376
111.0	24.797843665768195	23.71967654986523	23.71967654986523	27.762803234501348	0.0
112.0	30.14705882352941	24.852941176470587	22.058823529411764	22.941176470588236	0.0
113.0	25.159235668789808	23.56687898089172	26.43312101910828	24.840764331210192	0.0
114.0	25.39404553415061	21.015761821366024	25.91943957968476	27.670753064798596	0.0
115.0	26.425855513307983	21.863117870722434	24.524714828897338	26.996197718631176	0.19011406844106463
116.0	28.662420382165603	25.265392781316347	24.840764331210192	21.231422505307858	0.0
117.0	23.502304147465438	26.72811059907834	22.119815668202765	27.64976958525346	0.0
118.0	25.0	24.00990099009901	24.752475247524753	26.237623762376238	0.0
119.0	23.387096774193548	26.61290322580645	25.268817204301076	24.731182795698924	0.0
120.0	24.137931034482758	25.0	24.137931034482758	26.72413793103448	0.0
121.0	25.391849529780565	22.570532915360502	21.316614420062695	30.721003134796238	0.0
122.0	24.22145328719723	21.10726643598616	26.989619377162633	27.68166089965398	0.0
123.0	25.190839694656486	25.954198473282442	23.282442748091604	25.572519083969464	0.0
124.0	22.127659574468083	23.404255319148938	25.53191489361702	28.085106382978726	0.851063829787234
125.0	26.88679245283019	27.358490566037734	27.830188679245282	17.92452830188679	0.0
126.0	23.404255319148938	29.78723404255319	20.212765957446805	25.53191489361702	1.0638297872340425
127.0	21.142857142857142	27.42857142857143	22.857142857142858	28.57142857142857	0.0
128.0	24.675324675324674	27.92207792207792	25.324675324675322	21.428571428571427	0.6493506493506493
129.0	22.388059701492537	27.611940298507463	31.343283582089555	18.65671641791045	0.0
130.0	30.508474576271187	18.64406779661017	18.64406779661017	31.35593220338983	0.847457627118644
131.0	29.807692307692307	23.076923076923077	23.076923076923077	24.03846153846154	0.0
132.0	23.595505617977526	24.719101123595504	20.224719101123593	30.337078651685395	1.1235955056179776
133.0	30.37974683544304	21.518987341772153	21.518987341772153	25.31645569620253	1.2658227848101267
134.0	22.535211267605636	22.535211267605636	28.169014084507044	26.76056338028169	0.0
135.0	19.298245614035086	19.298245614035086	24.561403508771928	36.84210526315789	0.0
136.0	19.607843137254903	21.568627450980394	27.450980392156865	31.372549019607842	0.0
137.0	13.157894736842104	31.57894736842105	23.684210526315788	31.57894736842105	0.0
138.0	17.24137931034483	31.03448275862069	6.896551724137931	44.827586206896555	0.0
139.0	23.809523809523807	19.047619047619047	33.33333333333333	23.809523809523807	0.0
140.0	7.142857142857142	42.857142857142854	14.285714285714285	35.714285714285715	0.0
