# Position (bp)	A	C	G	T	N
0.0	25.906864905779674	24.04768925380666	24.2054577566474	25.839988083766258	0.0
1.0	25.847891708186026	24.127333469113548	24.116693974702322	25.908080847998104	0.0
2.0	25.831544901296787	24.099147024312543	24.182742289476725	25.886565784913945	0.0
3.0	25.891554399105104	24.318187344973495	24.060721754778463	25.72953650114294	0.0
4.0	25.850633757864983	24.181282105839085	24.06608103589775	25.90200310039819	0.0
5.0	25.898233168291252	24.133225128948624	24.032011476959454	25.93653022580067	0.0
6.0	25.85989429310413	24.078255927397173	24.11381575148242	25.948034028016277	0.0
7.0	25.814726003458578	24.173269267589966	23.963870324613946	26.04813440433751	0.0
8.0	25.83613691827512	24.20352355163307	24.085605832672325	25.87473369741949	0.0
9.0	25.910573133040167	24.22451230964197	24.075295318962713	25.78961923835515	0.0
10.0	25.93159868473035	24.004278880926766	24.175373338438817	25.888749095904068	0.0
11.0	25.79970704252746	24.134954931957285	24.213968358161782	25.851369667353474	0.0
12.0	25.839213755629707	24.117936655544007	24.08359620492436	25.959253383901924	0.0
13.0	25.95165593907457	23.9869567067204	24.19998905967945	25.861398294525586	0.0
14.0	26.034620036589295	23.957174722997163	24.08298840933817	25.92521683107537	0.0
15.0	25.709145500185375	24.251651684505468	24.09088975195862	25.948313063350536	0.0
16.0	25.950136450109103	24.122191224647327	24.067793519683462	25.859878805560115	0.0
17.0	25.822195479216433	24.225516474299365	24.08420400051055	25.86808404597366	0.0
18.0	25.765062694114715	24.242230852919548	24.225820372092457	25.76688608087328	0.0
19.0	25.924609035489183	24.127965282716115	24.058372688097542	25.88905299369716	0.0
20.0	25.91602113906625	24.11421659945481	24.10692307458541	25.862839186893538	0.0
21.0	25.758298663765466	24.12546078362847	24.074406109542664	26.0418344430634	0.0
22.0	25.964036844456466	24.032468341543613	24.089297056151025	25.914197757848896	0.0
23.0	25.949753691587222	24.122117918063328	24.098413962237775	25.82971442811168	0.0
24.0	25.882288586545272	24.139136142758595	24.112697115107018	25.865878155589115	0.0
25.0	25.92301076706609	24.041889144499923	24.192925888670423	25.84217419976357	0.0
26.0	25.887454833327762	24.130019236671842	24.088993159281465	25.89353277071893	0.0
27.0	25.83093001558991	24.096894477889983	24.190494713713953	25.881680792806154	0.0
28.0	25.896267842544958	24.29807420553761	24.051309947456232	25.754348004461207	0.0
29.0	25.874083371067197	24.177123251453388	24.06620089406459	25.88259248341483	0.0
30.0	25.908952774569986	24.114751109220204	24.019631678113416	25.956664438096393	0.0
31.0	25.872181365100587	24.0822342429952	24.11353552543609	25.932048866468122	0.0
32.0	25.83996839482161	24.143317328146843	23.987722603780465	26.028991673251078	0.0
33.0	25.83419437184708	24.20531210113657	24.08041086731903	25.88008265969732	0.0
34.0	25.93843068133471	24.228408193034706	24.06004983893515	25.77311128669544	0.0
35.0	25.928098219169755	23.99319273080897	24.173099130857594	25.90560991916368	0.0
36.0	25.812617759679085	24.1244757794931	24.203184829514374	25.859721631313437	0.0
37.0	25.84239956238984	24.114751109220204	24.084361514617395	25.958487813772564	0.0
38.0	25.9545371664742	23.986507019996353	24.185558864644747	25.873396948884704	0.0
39.0	26.014404667841728	23.97587066188537	24.09773293624263	25.91199173403027	0.0
40.0	25.7056463866772	24.22931988087279	24.095301768674407	25.969731963775605	0.0
41.0	25.929313802953867	24.129642010575576	24.074636844344496	25.866407342126056	0.0
42.0	25.80076581778399	24.228712088980732	24.10381085516319	25.86671123807208	0.0
43.0	25.770376223181184	24.23843675925363	24.235093903847325	25.756093113717863	0.0
44.0	25.896493040782836	24.139974472740533	24.07281346866833	25.8907190178083	0.0
45.0	25.90310003312456	24.116501195826913	24.096140229319186	25.884258541729345	0.0
46.0	25.76300442775048	24.11984404107445	24.094620754206666	26.022530776968406	0.0
47.0	25.938959645779963	24.026244374143396	24.098571389499213	25.936224590577435	0.0
48.0	25.95354660686013	24.114373930669387	24.1064726600843	25.825606802386186	0.0
49.0	25.87088716073919	24.127137521614532	24.128353101704548	25.873622215941726	0.0
50.0	25.903707823169565	24.044478075493604	24.191867161407764	25.859946939929067	0.0
51.0	25.843840503736388	24.12136351618697	24.12075572614196	25.91404025393468	0.0
52.0	25.839585973421343	24.097659704431702	24.202503487195383	25.860250834951575	0.0
53.0	25.892463707336937	24.301269369508997	24.055418296303724	25.750848626850342	0.0
54.0	25.863897575221618	24.1772802003276	24.06028061666378	25.898541607787006	0.0
55.0	25.889346080677804	24.128279777063288	24.02586746570555	25.956506676553353	0.0
56.0	25.853790471096634	24.076617780235942	24.140435541022665	25.92915620764476	0.0
57.0	25.821273802505303	24.154110775476962	23.9821067154518	26.042508706565936	0.0
58.0	25.844977542226083	24.213977912976887	24.0930280615811	25.84801648321593	0.0
59.0	25.916392655487414	24.230388194322042	24.068108745464382	25.785110404726165	0.0
60.0	25.95741835885031	23.983322291847735	24.16839379812923	25.890865551172727	0.0
61.0	25.808206356248974	24.09940983765977	24.227349253332196	25.865034552759052	0.0
62.0	25.84740869501796	24.11521233080696	24.084215132710554	25.953163841464526	0.0
63.0	25.951948265068587	23.987272915134533	24.190578067355087	25.87020075244179	0.0
64.0	26.006953096984763	23.967215904601563	24.11733958949985	25.908491408913818	0.0
65.0	25.71855759704858	24.237985546796654	24.091204696987194	25.95225215916757	0.0
66.0	25.935234089624448	24.128583671162275	24.061423075286726	25.87475916392655	0.0
67.0	25.816411496921553	24.213977912976887	24.109438342926257	25.860172247175306	0.0
68.0	25.776905264053585	24.236162182202747	24.243759534677356	25.74317301906632	0.0
69.0	25.91578486728945	24.133445976746025	24.07783335663188	25.872935799332648	0.0
70.0	25.88197396851059	24.13823492765823	24.11605072584885	25.86374037798233	0.0
71.0	25.782297006956117	24.11331568726961	24.08505362195081	26.019333683823465	0.0
72.0	25.935763060568952	24.02062826875097	24.114227366796023	25.929381303884057	0.0
73.0	25.949134360289673	24.110580648690373	24.1102767555149	25.830008235505055	0.0
74.0	25.878327250404936	24.130637598271456	24.102071639777186	25.88896351154642	0.0
75.0	25.912667179233157	24.055575983930126	24.180779972224165	25.85097686461255	0.0
76.0	25.86343648480686	24.130637598271456	24.113923473620552	25.89200244330113	0.0
77.0	25.86282869845592	24.11665851219979	24.191112340190177	25.82940044915411	0.0
78.0	25.911147713355803	24.301121669710664	24.05284094535089	25.734889671582646	0.0
79.0	25.8661715233861	24.184122797154345	24.060742167913133	25.88896351154642	0.0
80.0	25.878248608173486	24.135730435416818	24.043347190820022	25.942673765589674	0.0
81.0	25.873082439890112	24.08285318357523	24.150317263511052	25.893747113023608	0.0
82.0	25.816862373276933	24.164600199353316	23.995028322757882	26.02350910461187	0.0
83.0	25.83813483091435	24.214742420927234	24.092881627890016	25.854241120268394	0.0
84.0	25.905295018598206	24.251209491162815	24.087107675102715	25.756387815136268	0.0
85.0	25.960603408455498	23.979833710159724	24.187696010502517	25.87186687088226	0.0
86.0	25.813519558505337	24.099871149685168	24.23905380108429	25.84755549072521	0.0
87.0	25.885542022220605	24.11050737850388	24.06917803223689	25.93477256703863	0.0
88.0	25.95330999440838	23.9792259256558	24.2150463131792	25.85241776675662	0.0
89.0	26.010137845525488	23.98287263267936	24.102302287700873	25.904687234094283	0.0
90.0	25.697432718255413	24.248474460895146	24.11749690029903	25.93659592055041	0.0
91.0	25.91471567840906	24.1399849269443	24.083764860331122	25.86153453431551	0.0
92.0	25.814431235261225	24.213526851919383	24.125701991102037	25.846339921717355	0.0
93.0	25.775533027009946	24.204106192108526	24.25151338341478	25.768847397466754	0.0
94.0	25.923224661464033	24.128740913621666	24.078294799795785	25.869739625118516	0.0
95.0	25.886678923616913	24.122589761901146	24.119550848616537	25.871180465865407	0.0
96.0	25.745977238539496	24.129579262455746	24.097062890310426	26.02738060869433	0.0
97.0	25.938036558126814	24.00893440505675	24.12866758847036	25.924361448346072	0.0
98.0	25.958701168462156	24.115296370018083	24.111041891419628	25.814960570100133	0.0
99.0	25.855682008113902	24.142038806922645	24.100405694923495	25.90187349003996	0.0
100.0	25.910990229893788	24.06272317019434	24.180329114308723	25.84595748560315	0.0
101.0	25.866622095938492	24.12076641393038	24.125628675185755	25.886982814945377	0.0
102.0	25.845349702946223	24.114384696032698	24.189749745491014	25.850515855530066	0.0
103.0	25.916460273806084	24.284259948642365	24.058468691595884	25.740811085955663	0.0
104.0	25.874219379150016	24.16695789585644	24.068497105435096	25.890325619558446	0.0
105.0	25.89419751660761	24.13679930469875	24.0298298821513	25.939173296542332	0.0
106.0	25.843447818978564	24.10367525055764	24.142877112798043	25.909999817665756	0.0
107.0	25.81032376483745	24.14682768806258	24.015547033117976	26.027301513982	0.0
108.0	25.868670722590604	24.208821330675306	24.07875623735056	25.84375170938353	0.0
109.0	25.927929351558653	24.227054754973164	24.081491250995242	25.76352464247294	0.0
110.0	25.947986118286302	23.991539691125794	24.18694122151787	25.873532969070034	0.0
111.0	25.817617134556592	24.107625825822176	24.24832708332067	25.82642995630056	0.0
112.0	25.877787434739535	24.117654209186	24.086657387879633	25.91790096819483	0.0
113.0	25.9300565843934	23.986981335051325	24.22036916606395	25.862592914491316	0.0
114.0	26.018184801833065	23.970875143588216	24.115223085946287	25.89571696863243	0.0
115.0	25.693325958926174	24.241337604006493	24.123124236475356	25.942212200591978	0.0
116.0	25.93036047479837	24.120997003640607	24.104890812177494	25.84375170938353	0.0
117.0	25.81305877848213	24.208213549865377	24.132848729434215	25.84587894221828	0.0
118.0	25.754104039919046	24.227054754973164	24.265952726808603	25.752888478299184	0.0
119.0	25.91942042021965	24.140142099153362	24.083010703020065	25.857426777606925	0.0
120.0	25.882728336346922	24.11164967407655	24.12076641393038	25.88485557564615	0.0
121.0	25.749016151824105	24.128363697141904	24.099797912266574	26.022822238767418	0.0
122.0	25.936517101484508	24.006199383100604	24.123197544558067	25.934085970856824	0.0
123.0	25.967514016987526	24.11164967407655	24.110434108762707	25.810402200173215	0.0
124.0	25.868749335237716	24.12441310987191	24.10861076079194	25.898226794098427	0.0
125.0	25.900050142069198	24.064546518165102	24.21132602981174	25.824077309953957	0.0
126.0	25.888502271587683	24.132618175740355	24.107091304149638	25.871788248522325	0.0
127.0	25.8661715233861	24.09173927181117	24.21116928977126	25.83091991503147	0.0
128.0	25.91084382018033	24.292612660797477	24.058007129333898	25.7385363896883	0.0
129.0	25.871641600544574	24.175309895065684	24.057703236158424	25.895345268231313	0.0
130.0	25.90514857382499	24.107918872431338	24.033768712279144	25.953163841464526	0.0
131.0	25.853486576997646	24.09363584977907	24.158365292862744	25.894512280360537	0.0
132.0	25.8115491913378	24.149248469893212	24.019789583725863	26.019412755043124	0.0
133.0	25.84254638943421	24.220967477253527	24.095155320273992	25.841330813038272	0.0
134.0	25.90514857382499	24.231299876618994	24.114300648510007	25.749250901046004	0.0
135.0	25.961447877445217	23.979140645655363	24.1952100066553	25.86420147024412	0.0
136.0	25.798864040405885	24.107992135196817	24.259027961381022	25.834115863016276	0.0
137.0	25.866936525446647	24.096140229319186	24.097355809409198	25.939567435824966	0.0
138.0	25.949292076545078	23.976405590452835	24.211316442847984	25.862985890154107	0.0
139.0	26.016452876518336	23.9821795958804	24.121971306231977	25.879396221369287	0.0
140.0	25.702225423249793	24.214355393073017	24.11802067093943	25.965398512737757	0.0
141.0	25.92923500505985	24.112246665511865	24.09948307456672	25.859035254861563	0.0
142.0	25.82256785216115	24.204934647375413	24.139597217537172	25.832900282926264	0.0
143.0	25.753887577075375	24.222256663658108	24.2663214419211	25.757534317345414	0.0
144.0	25.91404025393468	24.123490781344493	24.104345394926778	25.85812356979405	0.0
145.0	25.88342551510363	24.11839786057254	24.11991734030268	25.878259284021148	0.0
146.0	25.741506108308513	24.12629915516927	24.101379687594967	26.03081504892725	0.0
147.0	25.945420288093356	23.97890962134565	24.12599525922324	25.94967483133775	0.0
148.0	25.943371857326497	24.126372474237144	24.113001011976575	25.81725465645978	0.0
149.0	25.8711230239046	24.100310583544545	24.118240553337102	25.910325839213755	0.0
150.0	25.908806350248287	24.04834406092543	24.211841073610124	25.831008515216165	0.0
151.0	25.903640087765684	24.132827647405623	24.093320934303375	25.870211330525315	0.0
152.0	25.86694706388255	24.092482457446582	24.212522450517692	25.828048028153177	0.0
153.0	25.883661493297517	24.31341682444075	24.052063928134032	25.750857754127704	0.0
154.0	25.86238858313301	24.160251871256346	24.085188888247323	25.892170657363312	0.0
155.0	25.90805212486628	24.10957405426432	24.036942040260627	25.945431780608775	0.0
156.0	25.87188806768453	24.095898570456093	24.145434211805895	25.886779150053485	0.0
157.0	25.80958864144705	24.14087571720315	24.01718856364874	26.03234707770106	0.0
158.0	25.858516483516485	24.20226344452008	24.09863366721774	25.840586404745697	0.0
159.0	25.93540309248274	24.20834143732374	24.103799961100847	25.752455509092677	0.0
160.0	25.960705657108996	23.980185683244443	24.198386288006564	25.860722371639998	0.0
161.0	25.80267736396651	24.08381577547826	24.26068590357235	25.852820956982875	0.0
162.0	25.888073422376202	24.074090957438727	24.091413289571655	25.946422330613423	0.0
163.0	25.974381182477092	23.942805913904973	24.204464299281277	25.878348604336658	0.0
164.0	26.012368752944038	23.975627174788407	24.120891644254	25.891112428013553	0.0
165.0	25.701478476242574	24.21570862013949	24.120587743690265	25.96222515992767	0.0
166.0	25.937913114828824	24.12484235158256	24.116637036361702	25.820607497226906	0.0
167.0	25.833675221467534	24.19382777955053	24.144595888225375	25.827901110756564	0.0
168.0	25.739162146145784	24.239108963547125	24.247618179331724	25.774110710975368	0.0
169.0	25.928492197353027	24.117244837489174	24.09293279239033	25.86133017276747	0.0
170.0	25.896357436773293	24.114886918256577	24.114279115281988	25.874476529688135	0.0
171.0	25.751396427334118	24.104250366201292	24.120357145027867	26.023996061436726	0.0
172.0	25.93252171376127	23.9945419292882	24.11184790338364	25.961088453566894	0.0
173.0	25.94384491252169	24.111313375049004	24.112225082281576	25.832616630147726	0.0
174.0	25.868251826459037	24.11077884346547	24.113513973475317	25.907455356600174	0.0
175.0	25.881623573173844	24.06640895663907	24.191921033757584	25.860046436429503	0.0
176.0	25.908367066603454	24.132659883544243	24.090721223393263	25.868251826459037	0.0
177.0	25.884133462593944	24.063443052900617	24.214483469127888	25.83794001537755	0.0
178.0	25.88929983497999	24.311732831688705	24.035483861164376	25.763483472166925	0.0
179.0	25.862556260275767	24.15339871326937	24.094137382958873	25.88990764349599	0.0
180.0	25.91703388542775	24.09451451147242	24.04892873423492	25.939522868864913	0.0
181.0	25.852605986932076	24.091171554475004	24.18082358304209	25.875398875550825	0.0
182.0	25.82221546877374	24.140708099073088	24.01701869016867	26.020057741984502	0.0
183.0	25.858380185382163	24.204832092387175	24.09603403738034	25.840753684850327	0.0
184.0	25.967786050752167	24.19784227321076	24.071113812490502	25.763257863546574	0.0
185.0	25.963306376861805	23.97849560399819	24.20369002792897	25.854507991211033	0.0
186.0	25.8016283289115	24.081215867545563	24.25170719254579	25.865448610997145	0.0
187.0	25.889761099410723	24.079696337019715	24.09732289111956	25.933219672449997	0.0
188.0	25.966953250123844	23.94081124695714	24.211287680558215	25.880947822360806	0.0
189.0	26.021352442949226	23.960869049898342	24.128625219952042	25.88915328720039	0.0
190.0	25.710456497360575	24.199435342456592	24.107655698695332	25.982452461487497	0.0
191.0	25.939905606763737	24.115557257429746	24.110086947536686	25.83445018826983	0.0
192.0	25.843567371424925	24.19366112645837	24.1179885062711	25.844782995845605	0.0
193.0	25.761208816923926	24.223443924765004	24.261432187911222	25.753915070399845	0.0
194.0	25.94142513728958	24.097930703329897	24.08364711638692	25.8769970429936	0.0
195.0	25.91597578468795	24.096788310520047	24.103170358124043	25.884065546667962	0.0
196.0	25.772531667112396	24.091014076973572	24.104993800296615	26.031460455617417	0.0
197.0	25.96581653740488	23.998018526172473	24.08584765748462	25.95031727893803	0.0
198.0	25.968934529109823	24.112056940193956	24.09807717438542	25.8209313563108	0.0
199.0	25.87692906159017	24.10301295259629	24.121855302905974	25.898202682907556	0.0
200.0	25.88226355458303	24.081266715292973	24.197665937272063	25.838803792851934	0.0
201.0	25.925115487478728	24.12624604911257	24.09737417943107	25.85126428397763	0.0
202.0	25.89238226936344	24.057623049219686	24.213533514671692	25.836461166745178	0.0
203.0	25.892707893273197	24.324447537740063	24.046962711266858	25.735881857719882	0.0
204.0	25.874168381318253	24.142699535296494	24.0788749859434	25.904257097441853	0.0
205.0	25.94384638296062	24.085026715213996	24.05919289053145	25.91193401129394	0.0
206.0	25.889150269586835	24.083192005397816	24.172547732370482	25.85510999264487	0.0
207.0	25.824716888232395	24.13972317960501	24.0448966938381	25.99066323832449	0.0
208.0	25.86348384273105	24.211284557589906	24.096092591241764	25.82913900843728	0.0
209.0	25.969107697544786	24.203529333098288	24.074659436984444	25.752703532372482	0.0
210.0	25.951569713898405	23.97563592485312	24.212711506372166	25.86008285487631	0.0
211.0	25.82361970182824	24.091123235209192	24.236713727754896	25.848543335207673	0.0
212.0	25.8765064360724	24.07258248354888	24.113919241348917	25.9369918390298	0.0
213.0	25.955094088431878	23.93320344438737	24.215879075620293	25.895823391560462	0.0
214.0	26.019094631192765	23.970722781335773	24.13668375922892	25.873498828242546	0.0
215.0	25.712409837410977	24.181659569164925	24.115395955487873	25.990534637936225	0.0
216.0	25.961962254057124	24.112660301712214	24.097766186711407	25.82761125751925	0.0
217.0	25.844025180173197	24.20384876090082	24.120867263039187	25.83125879588679	0.0
218.0	25.751630013526455	24.219645272580816	24.273143152423362	25.75558156146937	0.0
219.0	25.94253163556558	24.105951407528096	24.06917116793979	25.88234578896654	0.0
220.0	25.909646355031096	24.100384832843933	24.09886495589317	25.8911038562318	0.0
221.0	25.773170805848554	24.076359546463202	24.111317141380674	26.039152506307566	0.0
222.0	25.97350486068469	23.984849498124426	24.083339919626955	25.958305721563928	0.0
223.0	25.93756744679493	24.101494696972	24.102710639190423	25.858227217042646	0.0
224.0	25.86624107007144	24.11187110503116	24.11612707098343	25.90576075391397	0.0
225.0	25.885696914424685	24.053199574403404	24.198510411916704	25.862593099255204	0.0
226.0	25.918990235538747	24.114449700256575	24.096513734693627	25.870046329511048	0.0
227.0	25.864369989572534	24.058868057603387	24.228200365417297	25.84856158740678	0.0
228.0	25.89903780382142	24.313010169182363	24.03727180141973	25.750680225576485	0.0
229.0	25.86362572317159	24.141694509216162	24.099436663393455	25.89524310421879	0.0
230.0	25.9436600877993	24.06910850874953	24.0633322388822	25.92389916456897	0.0
231.0	25.905826842511694	24.06802745906374	24.174434371256755	25.851711327167813	0.0
232.0	25.834088324891614	24.123044369181752	24.022108585014077	26.020758720912557	0.0
233.0	25.865266511814568	24.19158690972771	24.095513748191028	25.847632830266694	0.0
234.0	25.952522832577312	24.197667489571806	24.085480791448273	25.76432888640261	0.0
235.0	25.96342408902267	23.95494139645186	24.20729389945425	25.874340615071223	0.0
236.0	25.79879174103003	24.10345907455998	24.254263415049422	25.84348576936057	0.0
237.0	25.864925919957678	24.086275201352382	24.104821815683138	25.943977063006802	0.0
238.0	25.957062545416953	23.95248360428949	24.206970571333883	25.883483278959673	0.0
239.0	25.991498832457676	23.973231659856005	24.160524907569567	25.874744600116756	0.0
240.0	25.719706644287953	24.1887717249851	24.11154084722881	25.979980783498135	0.0
241.0	25.946343703154124	24.122224215573887	24.11401430956211	25.817417771709877	0.0
242.0	25.872947816224073	24.17768209282454	24.13967165059585	25.809698440355533	0.0
243.0	25.745904406241543	24.235392863768098	24.288003795285697	25.730698934704666	0.0
244.0	25.94210082934677	24.107623482039944	24.098803879408663	25.851471809204625	0.0
245.0	25.928009854164447	24.104077008470323	24.098906613543395	25.869006523821835	0.0
246.0	25.756363735906103	24.06707281835408	24.14432883078804	26.032234614951776	0.0
247.0	25.947420770711854	23.992201021410693	24.108394852187455	25.95198335569	0.0
248.0	25.956513539328235	24.130483716912146	24.108278123536103	25.804724620223517	0.0
249.0	25.884353431099672	24.10849812771679	24.126141088935736	25.881007352247803	0.0
