# Position (bp)	A	C	G	T	N
0.0	26.170123803431938	23.782664196689897	23.78737155151646	26.259840448361704	0.0
1.0	26.224396835549946	23.791802003117933	23.674118132453888	26.30968302887824	0.0
2.0	26.288508503297763	23.752471244953675	23.841076106037868	26.11794414571069	0.0
3.0	26.08995409262326	23.721487864171756	23.767727501785902	26.42083054141909	0.0
4.0	26.178478678575583	23.76531759259772	23.93254445078159	26.123659278045107	0.0
5.0	26.24571564626604	23.741272100066997	23.775325444769905	26.23768680889706	0.0
6.0	26.216460139751725	23.837801623423363	23.77966402002148	26.16607421680343	0.0
7.0	26.37267115134402	23.708717437643607	23.759931345680037	26.158680065332334	0.0
8.0	26.190522326705402	23.791069317838943	23.731553582155247	26.286854773300412	0.0
9.0	26.259816255747197	23.76468113258208	23.69658669722612	26.2789159144446	0.0
10.0	26.332979957207353	23.72666956379731	23.713936951425083	26.22641352757026	0.0
11.0	26.194581996639698	23.71753529839984	23.808047564611087	26.279835140349373	0.0
12.0	26.11182001622024	23.670203195885705	23.92125709635543	26.296719691538627	0.0
13.0	26.263227385081255	23.818012217771958	23.621210317844756	26.297550079302027	0.0
14.0	26.259352242185358	23.76431380907171	23.656916991671213	26.319416957071724	0.0
15.0	26.156034964763975	23.727987865300406	23.85226888988535	26.263708280050267	0.0
16.0	26.291387795548026	23.784454076915836	23.699754759492688	26.224403368043447	0.0
17.0	26.342594899218884	23.822651808302748	23.61505544206954	26.219697850408824	0.0
18.0	26.30273639690211	23.734907744174848	23.750131477698613	26.21222438122443	0.0
19.0	26.21360835699932	23.74597955037395	23.758435332347943	26.281976760278784	0.0
20.0	26.32238885290552	23.646886884891966	23.83400040965683	26.196723852545684	0.0
21.0	26.252359678696184	23.729371841075295	23.82680373562741	26.191464744601113	0.0
22.0	26.232911406419966	23.796843990378626	23.784665037270365	26.18557956593104	0.0
23.0	26.21270541603581	23.99862709983143	23.704117870122538	26.08454961401023	0.0
24.0	26.24425997636176	23.638794394360037	23.821201896595152	26.295743732683054	0.0
25.0	26.172847024045126	23.78300427093742	23.80237987815511	26.241768826862344	0.0
26.0	26.22267001403348	23.796567195989805	23.678375991961893	26.302386798014833	0.0
27.0	26.28771669540715	23.760030336665015	23.84639018597815	26.105862781949686	0.0
28.0	26.087317557898466	23.72847577633906	23.76030713105384	26.423899534708635	0.0
29.0	26.17838291182161	23.76944134588504	23.927490941903624	26.124684800389726	0.0
30.0	26.238724088585275	23.742592290169092	23.777191588772112	26.241492032473516	0.0
31.0	26.223223602811125	23.832827260925765	23.781897093382124	26.162052042880983	0.0
32.0	26.380166021274416	23.716296823230802	23.74508343966851	26.158453715826273	0.0
33.0	26.20218722926049	23.781897093382124	23.72958295389436	26.28633272346303	0.0
34.0	26.256162135081198	23.768057373940916	23.70245710378959	26.273323387188295	0.0
35.0	26.328682264953123	23.71823438395257	23.73096692583848	26.222116425255827	0.0
36.0	26.181150855709852	23.73179730900495	23.806254999598647	26.280796835686548	0.0
37.0	26.115827379947355	23.67228651540776	23.912544044907122	26.29934205973776	0.0
38.0	26.264742761134745	23.834764821647536	23.620525964697645	26.279966452520075	0.0
39.0	26.256438929470022	23.76944134588504	23.65429488013419	26.31982484451075	0.0
40.0	26.150354295837026	23.737544286979627	23.85545837023915	26.256643046944202	0.0
41.0	26.29207263064659	23.77906333038087	23.705989813994684	26.222874224977854	0.0
42.0	26.336359610274577	23.821412754650133	23.62322852081488	26.218999114260406	0.0
43.0	26.304805137289637	23.725088573959255	23.754151904340123	26.215954384410985	0.0
44.0	26.206543401240033	23.740312223206377	23.765223649247122	26.287920726306467	0.0
45.0	26.313108945969887	23.644818423383526	23.834975642161204	26.207096988485386	0.0
46.0	26.25166076173605	23.72757971656333	23.820859167404784	26.199900354295835	0.0
47.0	26.233873356196426	23.796989047306667	23.77401524021468	26.19512235628223	0.0
48.0	26.213667477669738	23.997663868290886	23.69900437609506	26.089664277944312	0.0
49.0	26.25297206329699	23.63174371195828	23.817194925833356	26.298089298911375	0.0
50.0	26.168827034911885	23.78314940448017	23.805016040146036	26.243007520461916	0.0
51.0	26.218649749087277	23.79615866873708	23.671325090442068	26.313866491733584	0.0
52.0	26.283696070371814	23.753532568831464	23.85290120432572	26.109870156471004	0.0
53.0	26.07444067083517	23.735264240300484	23.764881075949194	26.425414012915155	0.0
54.0	26.178791577746964	23.76626504023184	23.922653004171266	26.132290377849927	0.0
55.0	26.230828634774596	23.741076890287616	23.77097051879285	26.25712395614494	0.0
56.0	26.228891084778883	23.83601684007739	23.77097051879285	26.16412155635087	0.0
57.0	26.392198870131562	23.70786174750402	23.743568025996385	26.156371356368034	0.0
58.0	26.20730124196955	23.79062281160648	23.729174797456828	26.272901148967147	0.0
59.0	26.2604454704233	23.768756175940613	23.70786174750402	26.26293660613207	0.0
60.0	26.317188006011943	23.726960454604587	23.739692926004967	26.216158613378504	0.0
61.0	26.179621956316552	23.743844818852917	23.800864147298086	26.27566907753245	0.0
62.0	26.110700535040593	23.685441526125096	23.90687581134906	26.29698212748525	0.0
63.0	26.261829434705948	23.834356082938214	23.621225583410144	26.282588898945697	0.0
64.0	26.258231127571058	23.75630049739676	23.666066026167996	26.31940234886418	0.0
65.0	26.14024501635841	23.73768967177994	23.845361794941347	26.276703516920303	0.0
66.0	26.28057860618575	23.772288683078592	23.707242541837125	26.239890168898533	0.0
67.0	26.331231558726977	23.81989692262554	23.621713785906852	26.22715773274063	0.0
68.0	26.29773971578988	23.724957235622036	23.75125248420901	26.226050564379072	0.0
69.0	26.20196965251521	23.73768967177994	23.77007434635548	26.29026632934937	0.0
70.0	26.31324007285168	23.64136602432449	23.839272368952784	26.206121533871045	0.0
71.0	26.25123864460449	23.715546304548802	23.825432764433323	26.207782286413384	0.0
72.0	26.234281712673997	23.783017745091797	23.78218737111904	26.200513171115166	0.0
73.0	26.216567067921826	23.9961470647664	23.688631903521614	26.09865396379016	0.0
74.0	26.259469723180995	23.627737812186016	23.810420086192817	26.302372378440168	0.0
75.0	26.179753821796208	23.784401701713062	23.78938394554961	26.246460530941118	0.0
76.0	26.230960216782968	23.802669929113744	23.667042180229902	26.29932767387339	0.0
77.0	26.284380942363743	23.75367786472101	23.85526028072176	26.106680912193486	0.0
78.0	26.07457311858017	23.739007924535613	23.77914266655226	26.407276290331954	0.0
79.0	26.181137778417472	23.775544379336974	23.914493624111845	26.128824218133705	0.0
80.0	26.23843358253779	23.752293908099745	23.7578297345848	26.251442774777665	0.0
81.0	26.23455850399825	23.839483175239355	23.766687056960887	26.159271263801507	0.0
82.0	26.395927846037594	23.72129327978344	23.730704184808033	26.152074689370934	0.0
83.0	26.205218623627463	23.789660736873863	23.72240044508045	26.282720194418225	0.0
84.0	26.25863934920824	23.764749517691115	23.70302505238276	26.273586080717887	0.0
85.0	26.324238893056133	23.72046290581068	23.72959701951102	26.225701181622163	0.0
86.0	26.17892344782345	23.7426062117509	23.787169614955587	26.291300725470062	0.0
87.0	26.12162764370314	23.671194050093693	23.90397555379024	26.30320275241293	0.0
88.0	26.271094958799612	23.824259652405456	23.61196070670361	26.292684682091323	0.0
89.0	26.256148227289966	23.766133474312383	23.660952771096344	26.31676552730131	0.0
90.0	26.158091695176093	23.735897521063762	23.835818912545257	26.270191871214887	0.0
91.0	26.29178153474829	23.776862523665592	23.70628093134487	26.225075010241248	0.0
92.0	26.329978631768913	23.819211479058026	23.62573487893181	26.225075010241248	0.0
93.0	26.281263493539708	23.72178120259962	23.76302299575957	26.233932308101103	0.0
94.0	26.205422880614698	23.72787059487827	23.767174854131376	26.299531670375657	0.0
95.0	26.313371198281683	23.628502784513014	23.83969398035894	26.218432036846355	0.0
96.0	26.248325417123368	23.711263161391038	23.82059543184863	26.219815989636963	0.0
97.0	26.24050265026226	23.781502138201144	23.770430546521446	26.207564665015155	0.0
98.0	26.220296995446805	23.992139169907414	23.690715086427613	26.096848748218164	0.0
99.0	26.265967311125564	23.633696389277166	23.806413219480465	26.293923080116805	0.0
100.0	26.185698271447748	23.78122534840915	23.785100405497044	26.247975974646053	0.0
101.0	26.23635080338237	23.790636201336895	23.66718795410825	26.305825041172483	0.0
102.0	26.277869272181242	23.75991253442573	23.846547739319373	26.11567045407365	0.0
103.0	26.073321615898802	23.744412306074153	23.768769807769488	26.413496270257554	0.0
104.0	26.1876357999917	23.777073501529262	23.918513085237418	26.116777613241627	0.0
105.0	26.245761656310112	23.748010573370053	23.761573273177685	26.244654497142143	0.0
106.0	26.243270548182185	23.846824529111366	23.752439210041935	26.157465712664518	0.0
107.0	26.397996041905973	23.721992332922763	23.728358498138586	26.151653127032677	0.0
108.0	26.209502193559103	23.78814509320896	23.73084960626652	26.271503106965415	0.0
109.0	26.26652089070955	23.762957222137647	23.702617047483287	26.267904839669516	0.0
110.0	26.33571833870767	23.71839406562686	23.724483441050694	26.22140415461478	0.0
111.0	26.169367673720195	23.742474777530205	23.79368088904881	26.294476659700788	0.0
112.0	26.120929460121513	23.67244696015611	23.90744149355772	26.299182086164663	0.0
113.0	26.269565578421467	23.82468134575197	23.618472950717578	26.287280125108985	0.0
114.0	26.25268140110993	23.760189324217723	23.66386647660434	26.323262798068008	0.0
115.0	26.149920007971524	23.729399976749722	23.837070907812645	26.283609107466106	0.0
116.0	26.284716263569578	23.778114845302614	23.713899791301074	26.22326909982673	0.0
117.0	26.322913149139467	23.819633199182917	23.628648771333513	26.228804880344104	0.0
118.0	26.27613580376765	23.714176580326942	23.765659339138523	26.244028276766883	0.0
119.0	26.193652674058782	23.719435571818448	23.778114845302614	26.30879690882016	0.0
120.0	26.303261128302786	23.638889965290655	23.84675852371805	26.211090382688507	0.0
121.0	26.241537175534063	23.699506761955902	23.824892190674422	26.234063871835613	0.0
122.0	26.237734752342334	23.772644864857384	23.773475234233363	26.216145148566923	0.0
123.0	26.232198956502483	23.974147833427903	23.694590143515505	26.099063066554105	0.0
124.0	26.26541373154158	23.622624797597464	23.800600633848624	26.31136083701233	0.0
125.0	26.18597506123974	23.77430560360934	23.768493017977494	26.271226317173422	0.0
126.0	26.248252764438046	23.783716456537082	23.655009203260583	26.313021575764285	0.0
127.0	26.295583818868764	23.75188563045795	23.835752937431668	26.116777613241627	0.0
128.0	26.078580621946664	23.748840942746032	23.760189324217723	26.412389111089585	0.0
129.0	26.184663588755658	23.77464819920063	23.905570133191617	26.135118078852095	0.0
130.0	26.25441480940202	23.742817285016773	23.752228163992868	26.250539741588337	0.0
131.0	26.242789605960958	23.8377564464521	23.75776397515528	26.161689972431663	0.0
132.0	26.41024789362385	23.73008491934323	23.724272317622702	26.135394869410217	0.0
133.0	26.21178906345147	23.799559349431473	23.72178120259962	26.266870384517443	0.0
134.0	26.269361499540526	23.76911238803822	23.699361167391856	26.262164945029394	0.0
135.0	26.339666301303126	23.730915291017592	23.722611574273976	26.2068068334053	0.0
136.0	26.181342102058213	23.753335326225354	23.788487727106652	26.27683484460978	0.0
137.0	26.124949139594168	23.682542494388056	23.899270101277946	26.29323826473983	0.0
138.0	26.290193560173048	23.825920400350974	23.606701671542808	26.27718436793317	0.0
139.0	26.273862872042137	23.756168986639285	23.646006039586695	26.323962101731883	0.0
140.0	26.166335899203112	23.733049897448247	23.819132475829065	26.28148172751958	0.0
141.0	26.293660613206892	23.7751224116408	23.71007609035626	26.221140884796046	0.0
142.0	26.34016181310393	23.819962854398653	23.617350483418722	26.22252484907869	0.0
143.0	26.273454734680207	23.72585328317847	23.765157868805723	26.2355341133356	0.0
144.0	26.19456877056917	23.726960454604587	23.78757809018465	26.29089268464159	0.0
145.0	26.298919677480963	23.64530656192825	23.8379543900731	26.217819370517688	0.0
146.0	26.236364491905196	23.706477783221374	23.831588154372913	26.22556957050052	0.0
147.0	26.239554471751745	23.786049009214487	23.776637999994467	26.197758519039304	0.0
148.0	26.224607574755243	23.999457482997904	23.698028393568404	26.07790654867845	0.0
149.0	26.246197537083525	23.638240805582388	23.81428203687455	26.301279620459532	0.0
150.0	26.180392938402008	23.79580267826992	23.777810993196375	26.2459933901317	0.0
151.0	26.236101384809995	23.800020482898162	23.66106893048824	26.3028092018036	0.0
152.0	26.28177271179732	23.762929829466035	23.851227728308196	26.104069730428453	0.0
153.0	26.074452566866974	23.752965176305164	23.768188951967602	26.404393304860257	0.0
154.0	26.18219865144654	23.778219422269956	23.90859066198696	26.13099126429655	0.0
155.0	26.233129241909232	23.741682259546717	23.76437958790509	26.260808910638957	0.0
156.0	26.230914868410853	23.834962743165892	23.768531538214553	26.1655908502087	0.0
157.0	26.398100067538394	23.728949611931043	23.726181645058073	26.146768675472494	0.0
158.0	26.21430706717302	23.800086360566436	23.718984931188345	26.266621641072202	0.0
159.0	26.26330008082463	23.748048583354556	23.716770557689966	26.271880778130846	0.0
160.0	26.337204796332998	23.72119930468672	23.733655155615097	26.20794074336518	0.0
161.0	26.18496661831951	23.745834209856177	23.789014493074546	26.280184678749762	0.0
162.0	26.119991696076394	23.673102207459692	23.9031208912878	26.303785205176112	0.0
163.0	26.28025742163172	23.827001591585358	23.603626046640372	26.28911494014255	0.0
164.0	26.268631928586256	23.750051899522525	23.655387170438033	26.325929001453186	0.0
165.0	26.17079051022357	23.72582506857695	23.82796389434029	26.27542052685919	0.0
166.0	26.282894099476017	23.777309679937332	23.712261918272333	26.227534302314314	0.0
167.0	26.330226726049275	23.815507939978907	23.62839182557235	26.225873508399467	0.0
168.0	26.264902165398468	23.728869857420843	23.767898514419844	26.238329462760852	0.0
169.0	26.200684800690887	23.730530651335695	23.782568860667695	26.28621568730572	0.0
170.0	26.304207621383274	23.643615769791822	23.83737505985778	26.214801548967127	0.0
171.0	26.238606261746654	23.69952916492514	23.837928657829398	26.223935915498807	0.0
172.0	26.24068912257004	23.786298927951595	23.766646091161483	26.20636585831689	0.0
173.0	26.22850989977053	24.002756933160978	23.68803474400104	26.08069842306745	0.0
174.0	26.251484342778692	23.6357194460668	23.80899657044158	26.303799640712928	0.0
175.0	26.18567830154732	23.793284800841477	23.77114069809284	26.249896199518364	0.0
176.0	26.231146320331938	23.79888670215269	23.661592885080093	26.308374092435276	0.0
177.0	26.287613938644057	23.766777664288938	23.844835842543922	26.100772554523083	0.0
178.0	26.072261943316477	23.763179237631793	23.76567045608674	26.398888362964996	0.0
179.0	26.1714295204668	23.77791556406878	23.92683547947784	26.12381943598658	0.0
180.0	26.23371015423453	23.74802085986027	23.770995493650144	26.247273492255058	0.0
181.0	26.23371015423453	23.828293676716456	23.774593930267834	26.16340223878118	0.0
182.0	26.397023816114352	23.729751873955067	23.728091057054595	26.14513325287598	0.0
183.0	26.219870013397255	23.80670305701031	23.717572550018268	26.255854379574167	0.0
184.0	26.26305125280955	23.76075378943056	23.710098873966142	26.266096083793748	0.0
185.0	26.343324069665737	23.73335031057276	23.731689493672288	26.191636126089218	0.0
186.0	26.18222483031987	23.759923380980325	23.800613395041907	26.257238393657893	0.0
187.0	26.105345907597428	23.69051144998021	23.908632673341323	26.29550996908104	0.0
188.0	26.26423116420819	23.847182277927406	23.609961607343045	26.278624950521362	0.0
189.0	26.252051806558583	23.756390702721255	23.66227748451976	26.3292800062004	0.0
190.0	26.155038545112312	23.73327059084052	23.821294617524533	26.290396246522636	0.0
191.0	26.26742142194788	23.781434680912902	23.709742156035045	26.241401741104177	0.0
192.0	26.32776493709604	23.81437448964057	23.633897554426806	26.22396301883659	0.0
193.0	26.270189473101464	23.741574744301275	23.758183051222787	26.230052731374474	0.0
194.0	26.200157778915756	23.73327059084052	23.775068163259657	26.291503466984068	0.0
195.0	26.310603019943805	23.64607697950258	23.83651889886925	26.206801101684356	0.0
196.0	26.254965191756746	23.703098833266438	23.819080176601666	26.222855798375157	0.0
197.0	26.25760180256489	23.778521464971504	23.769386845594482	26.19448988686912	0.0
198.0	26.234350044150663	23.99941316990669	23.69630989057833	26.069926895364322	0.0
199.0	26.25760180256489	23.63070671505247	23.810907842762752	26.30078363961989	0.0
200.0	26.17407864652247	23.80433037518477	23.77748005602582	26.244110922266945	0.0
201.0	26.22259253005445	23.806887541140615	23.662947287418238	26.3075726413867	0.0
202.0	26.286258411508577	23.76675035500649	23.84647111091427	26.100520122570664	0.0
203.0	26.077268235430896	23.76868801226814	23.76508950592508	26.38895424637589	0.0
204.0	26.176438022476887	23.78619276975032	23.912417649338426	26.12495155843437	0.0
205.0	26.239827271217404	23.749377179870454	23.75629740353208	26.254498145380055	0.0
206.0	26.23263023860931	23.837125615899907	23.768200188230086	26.1620439572607	0.0
207.0	26.394009854398494	23.733875878868403	23.72446437468859	26.147649892044512	0.0
208.0	26.20245806344461	23.813873664396834	23.722249903116868	26.26141836904169	0.0
209.0	26.248408348557827	23.77069146874827	23.713392016829985	26.267508165863923	0.0
210.0	26.34058572773072	23.71588329734817	23.750484415656313	26.193046559264793	0.0
211.0	26.17339312406577	23.750484415656313	23.79864917234125	26.277473287936665	0.0
212.0	26.09983419098209	23.683008589405386	23.902795501288548	26.314361718323976	0.0
213.0	26.278376455673076	23.830271356561358	23.599688865882925	26.291663321882634	0.0
214.0	26.25678529808254	23.751657398154784	23.662247860952945	26.329309442809727	0.0
215.0	26.171949609280926	23.726875880605775	23.81573229030856	26.28544221980474	0.0
216.0	26.288487143501715	23.77282654730566	23.708329527178712	26.230356782013914	0.0
217.0	26.34384939253772	23.8110264991405	23.630822378528304	26.214301729793473	0.0
218.0	26.276307448713798	23.742377310335854	23.762584531233998	26.218730709716354	0.0
219.0	26.19686262134713	23.732135294264197	23.78832797703574	26.28267410735294	0.0
220.0	26.283227729843293	23.650199165690907	23.844797471052466	26.22177563341333	0.0
221.0	26.240321986840392	23.700578812313672	23.8345554549808	26.22454374586513	0.0
222.0	26.244619451633888	23.779601666412923	23.77351178530401	26.20226709664918	0.0
223.0	26.204481598870604	24.006034518553378	23.701540463107776	26.08794341946824	0.0
224.0	26.246003515522276	23.63123001757761	23.811711948623547	26.31105451827656	0.0
225.0	26.166907494449887	23.795722677119148	23.7744080342363	26.262961794194666	0.0
226.0	26.221789161612495	23.80298571914974	23.664024935433062	26.3112001838047	0.0
227.0	26.28407238140583	23.76478534434316	23.848106451711125	26.103035822539884	0.0
228.0	26.075077577210433	23.77115207347759	23.763401272792198	26.390369076519782	0.0
229.0	26.169266882951515	23.7875499651213	23.911286304297278	26.13189684762991	0.0
230.0	26.232103905307095	23.74408999811766	23.762359793163775	26.261446303411468	0.0
231.0	26.230166199771904	23.829625856742663	23.772048320839744	26.168159622645685	0.0
232.0	26.394871170263418	23.734678285518143	23.729972429218385	26.140478115000054	0.0
233.0	26.209958699190594	23.80941835616135	23.725543387995085	26.255079556652973	0.0
234.0	26.255356371729434	23.761806163010863	23.71751575077785	26.26532171448186	0.0
235.0	26.334248668519482	23.716962120624938	23.744920443347027	26.203868767508553	0.0
236.0	26.174803184480638	23.760698902705037	23.79280945157397	26.271688461240355	0.0
237.0	26.10456441643068	23.68879255697562	23.90138712418789	26.305255902405804	0.0
238.0	26.276190238919757	23.829138189236847	23.59827377640477	26.29639779543863	0.0
239.0	26.252937708130915	23.756889254285802	23.661110972703188	26.329062064880098	0.0
240.0	26.164144273332024	23.727753155183247	23.816062298086266	26.292040273398463	0.0
241.0	26.276186073037238	23.769354923549262	23.724782884336943	26.229676119076554	0.0
242.0	26.334732389063003	23.808956909821813	23.637581811537224	26.218728889577957	0.0
243.0	26.268692255086812	23.72895434119924	23.77048499497479	26.231868408739157	0.0
244.0	26.201103087759712	23.72635449430736	23.78200726531697	26.290535152615956	0.0
245.0	26.2874737299704	23.646210885691104	23.844741702270227	26.221573682068268	0.0
246.0	26.24227773301101	23.70358678706619	23.832902741664384	26.221232738258415	0.0
247.0	26.255230415193196	23.775923613091894	23.76290815238612	26.20593781932879	0.0
248.0	26.2229570303413	23.992223588448372	23.69091533459617	26.093904046614156	0.0
249.0	26.270735827633	23.625688886427206	23.792683264560083	26.31089202137971	0.0
