# Position (bp)	A	C	G	T	N
0.0	26.209934358991482	23.801891596337015	23.725927224462197	26.262246820209306	0.0
1.0	26.38495849785324	23.87256907053556	23.623806621978467	26.11866580963273	0.0
2.0	26.162763195605777	23.834315114043314	23.68934362139345	26.313578068957455	0.0
3.0	26.254048459081346	23.760976749880356	23.66303464701889	26.32194014401941	0.0
4.0	26.26749394841546	23.778692857739074	23.68047633621769	26.273336857627775	0.0
5.0	26.216436534411336	23.774521396318068	23.762558043129278	26.24648402614132	0.0
6.0	26.366423511999155	23.760996210793397	23.651660073113327	26.22092020409412	0.0
7.0	26.28972669812161	23.755619602955576	23.65991943381109	26.294734265111725	0.0
8.0	26.167075141807178	23.81219972904328	23.77937334998762	26.241351779161924	0.0
9.0	26.304794120428838	23.85627096767015	23.688529606489336	26.150405305411677	0.0
10.0	26.324968915073477	23.674335672700064	23.772806043966742	26.227889368259717	0.0
11.0	26.219822586432784	23.783098144918345	23.715225911615885	26.28185335703298	0.0
12.0	26.224829554463298	23.751665512282372	23.759175964328133	26.264328968926197	0.0
13.0	26.1903371080309	23.691025566135092	23.849023223986716	26.269614101847296	0.0
14.0	26.246526415928834	23.758619634546967	23.792555751198194	26.202298198326	0.0
15.0	26.339711654274424	23.70743729467954	23.683515114089328	26.26933593695671	0.0
16.0	26.246526415928834	23.735253783737924	23.635392588018327	26.38282721231492	0.0
17.0	26.41342535027914	23.6117485723187	23.703821151101952	26.27100492630021	0.0
18.0	26.333592026681572	23.65096982189102	23.70882811913246	26.30661003229494	0.0
19.0	26.26683245294145	23.739148092206097	23.623153332832636	26.37086612201981	0.0
20.0	26.31634580346538	23.593111524649583	23.684071443870497	26.406471228014546	0.0
21.0	26.289363809078747	23.600621976695347	23.751665512282372	26.35834870194354	0.0
22.0	26.20285452810717	23.574474476980463	23.876839713045097	26.345831281867266	0.0
23.0	26.28602583039174	23.60896692341286	23.73942625709668	26.36558098909872	0.0
24.0	26.28094575799722	23.749652294853966	23.61001390820584	26.359388038942978	0.0
25.0	26.21585535465925	23.788317107093185	23.721001390820582	26.27482614742698	0.0
26.0	26.376912378303196	23.863143254520168	23.631710709318497	26.128233657858136	0.0
27.0	26.14826147426982	23.840055632823365	23.69541029207232	26.316272600834495	0.0
28.0	26.247566063977747	23.72461752433936	23.68094575799722	26.346870653685674	0.0
29.0	26.26620305980529	23.760500695410293	23.673991655076495	26.29930458970793	0.0
30.0	26.22280945757997	23.74575799721836	23.772739916550766	26.258692628650905	0.0
31.0	26.37134909596662	23.74993045897079	23.657301808066762	26.22141863699583	0.0
32.0	26.29978776136923	23.754593172202583	23.652507225292837	26.293111841135353	0.0
33.0	26.168216500093184	23.81272931090595	23.782131343167336	26.236922845833533	0.0
34.0	26.307854498318502	23.85083768890768	23.684496009746844	26.156811803026976	0.0
35.0	26.315921235267776	23.671144169279085	23.769057666042652	26.243876929410487	0.0
36.0	26.237757335862767	23.77462093290422	23.713424997426987	26.274196733806026	0.0
37.0	26.23886998923508	23.74318847513637	23.759043785691834	26.258897749936715	0.0
38.0	26.197701814459485	23.687833969863785	23.846108912075348	26.268355303601382	0.0
39.0	26.257506933221325	23.764050725867243	23.784078486568884	26.194363854342544	0.0
40.0	26.33594899596941	23.715372140828535	23.68533049977608	26.26334836342597	0.0
41.0	26.255837953162857	23.737903371617882	23.6452749783728	26.360983696846464	0.0
42.0	26.430802695959123	23.60215966019566	23.700907646988465	26.26612999685675	0.0
43.0	26.327882259020143	23.632201301248116	23.71676295754393	26.323153482187813	0.0
44.0	26.277812857266042	23.737068881588648	23.619127624123436	26.365990637021874	0.0
45.0	26.307854498318502	23.595205576618703	23.686443153148392	26.410496771914403	0.0
46.0	26.28254163409838	23.600768843480267	23.748751741997935	26.36793778042342	0.0
47.0	26.194642017685627	23.569614549055494	23.880323003273983	26.355420429984893	0.0
48.0	26.300622251398465	23.589364146414056	23.741519495077902	26.368494107109576	0.0
49.0	26.280799550489288	23.741731617626606	23.618505599412522	26.358963232471588	0.0
50.0	26.212927883572274	23.78234335274908	23.715306173540064	26.289422590138578	0.0
51.0	26.361466695595574	23.870242724658	23.64298390551374	26.12530667423269	0.0
52.0	26.147003354640585	23.842148305155465	23.69694744396415	26.3139008962398	0.0
53.0	26.237684352242823	23.723929213189358	23.68999337973085	26.348393054836972	0.0
54.0	26.261884495774712	23.765097273450493	23.675528926125587	26.297489304649208	0.0
55.0	26.22739233717754	23.738949991933286	23.773720313099787	26.259937357789386	0.0
56.0	26.37231503579952	23.75202363269189	23.657726521688335	26.217934809820253	0.0
57.0	26.309655274086722	23.741665577199633	23.642083654378407	26.306595494335234	0.0
58.0	26.174746803225563	23.8095370553236	23.784502493720495	26.23121364773034	0.0
59.0	26.307708141517594	23.844863603363535	23.68547689449045	26.16195136062842	0.0
60.0	26.329404761573617	23.666283730594735	23.755295505183547	26.2490160026481	0.0
61.0	26.23149180952593	23.7817208757646	23.70467005838616	26.28211725632331	0.0
62.0	26.252075782399594	23.735546017696656	23.765309329824785	26.24706887007897	0.0
63.0	26.202562982784567	23.680191820374237	23.840691176429683	26.276554020411513	0.0
64.0	26.25624820933344	23.758633446730627	23.793403671179377	26.191714672756554	0.0
65.0	26.34359101314871	23.704948220181752	23.687424027059578	26.264036739609963	0.0
66.0	26.25958615088052	23.736380503083424	23.649037699268156	26.354995646767897	0.0
67.0	26.430655655168383	23.614823798410583	23.704948220181752	26.249572326239278	0.0
68.0	26.34831976367374	23.637633065648966	23.71996895714361	26.294078213533684	0.0
69.0	26.286846006848343	23.729704619989263	23.618996225344436	26.36445314781796	0.0
70.0	26.312993215633806	23.595630634514873	23.687980350650758	26.403395799200563	0.0
71.0	26.291296595577784	23.60731342992965	23.739718444630505	26.361671529862058	0.0
72.0	26.201172173806615	23.57309952907208	23.876295886265204	26.3494324108561	0.0
73.0	26.311880568451446	23.594239825536924	23.72553219305541	26.368347412956222	0.0
74.0	26.282600471761093	23.753282300057858	23.593061551470914	26.371055676710135	0.0
75.0	26.22641194534692	23.79528461435756	23.70321331612444	26.27509012417108	0.0
76.0	26.372446481819395	23.86232142062397	23.64007076416396	26.125161333392676	0.0
77.0	26.15548088477458	23.836174284569854	23.697928256709243	26.310416573946327	0.0
78.0	26.239485513373985	23.72157194356669	23.69264319729405	26.346299345765278	0.0
79.0	26.259234945925495	23.772197249543815	23.691808714228493	26.276759090302193	0.0
80.0	26.216676309582095	23.746884596555255	23.772197249543815	26.264241844318843	0.0
81.0	26.354922337442698	23.75495126618897	23.665661578174372	26.224464818193955	0.0
82.0	26.30505834411204	23.73624845273362	23.651131416809225	26.30756178634511	0.0
83.0	26.174323027496136	23.796331066327312	23.805788514763353	26.223557391413195	0.0
84.0	26.29754801741283	23.84695623148496	23.681729044102305	26.173766706999903	0.0
85.0	26.31062154907442	23.669211832936952	23.77546904771839	26.24469757027023	0.0
86.0	26.24358492927776	23.78131041292889	23.695080736012017	26.280023921781336	0.0
87.0	26.259718223668653	23.72651284404946	23.76740240052294	26.246366531758948	0.0
88.0	26.200470090819323	23.66809919194448	23.842783827763174	26.28864688947303	0.0
89.0	26.262499826149842	23.758779432831254	23.793271303598	26.1854494374209	0.0
90.0	26.344557099344932	23.69730601799697	23.691742813034587	26.266394069623512	0.0
91.0	26.246366531758948	23.745984061417783	23.657807262764077	26.349842144059192	0.0
92.0	26.42355460981071	23.6096855398395	23.715942754620936	26.250817095728852	0.0
93.0	26.35012030430731	23.635832603162683	23.72206228007955	26.29198481245045	0.0
94.0	26.2897595304655	23.72818180553817	23.628044116215353	26.354014547780974	0.0
95.0	26.30923074783383	23.590214322471176	23.697027857748846	26.403527071946147	0.0
96.0	26.29087217145798	23.599671770907218	23.737361093726093	26.372094963908708	0.0
97.0	26.19963561007496	23.576306310065227	23.885064185477255	26.338993894382558	0.0
98.0	26.30533650436016	23.58965800197494	23.729850767026882	26.375154726638016	0.0
99.0	26.28857376511101	23.7439708933926	23.594042936696464	26.373412404799918	0.0
100.0	26.22765684021963	23.78819824982059	23.70335961013168	26.280785299828096	0.0
101.0	26.37035265058163	23.86079787263634	23.64438980156103	26.124459675220997	0.0
102.0	26.146156114223405	23.843830144698558	23.70586304540119	26.30415069567685	0.0
103.0	26.244624568157416	23.725890527557258	23.690842433784137	26.33864247050119	0.0
104.0	26.272996834545182	23.773733957152317	23.68750452009146	26.265764688211046	0.0
105.0	26.22125917230867	23.748143285508448	23.76983972451086	26.260757817672026	0.0
106.0	26.366458417940176	23.748977763931617	23.66497360266588	26.21959021546233	0.0
107.0	26.31214413071234	23.728049801533768	23.656563015462844	26.30324305229105	0.0
108.0	26.175846367386445	23.7923044613874	23.798423952802032	26.233425218424124	0.0
109.0	26.312422289413	23.84432013841177	23.68660415513467	26.15665341704056	0.0
110.0	26.32160152653495	23.662682506877474	23.770051765334195	26.245664201253383	0.0
111.0	26.246776836056046	23.76504490872222	23.709413168589208	26.27876508663253	0.0
112.0	26.25706870798065	23.725546373227782	23.77311151104151	26.244273407750057	0.0
113.0	26.20032433304498	23.669914633094766	23.84932699502374	26.28043403883652	0.0
114.0	26.264857151599273	23.750302497586972	23.805099761617992	26.17974058919576	0.0
115.0	26.351364507506116	23.70134656626992	23.689107583440656	26.25818134278331	0.0
116.0	26.24010102724008	23.738897990859705	23.662404348176807	26.3585966337234	0.0
117.0	26.42813630888967	23.620124225675717	23.71219475559586	26.239544709838754	0.0
118.0	26.349139237900793	23.633475843307643	23.729162436336427	26.288222482455144	0.0
119.0	26.294063815169107	23.721095834017138	23.618455273471728	26.366385077342024	0.0
120.0	26.324104954840934	23.586188864194575	23.694392598753293	26.395313582211195	0.0
121.0	26.296845402175755	23.59342099041187	23.744739323573672	26.3649942838387	0.0
122.0	26.189754302419704	23.57311540526332	23.894388704531483	26.342741587785497	0.0
123.0	26.31826362212697	23.583963594589257	23.73472561034973	26.363047172934046	0.0
124.0	26.29274615722686	23.74591800971333	23.600162445133044	26.36117338792677	0.0
125.0	26.226544202322078	23.790145366141317	23.698074580118274	26.28523585141834	0.0
126.0	26.37146528847919	23.873593208458274	23.64466796103542	26.110273542027112	0.0
127.0	26.153666420031936	23.848558855763187	23.706975683298747	26.290799040906133	0.0
128.0	26.251856714491552	23.7247778896597	23.695014825899985	26.32835056994876	0.0
129.0	26.263539412415927	23.772065000305975	23.700856174862174	26.263539412415927	0.0
130.0	26.22431892652696	23.770117883985247	23.757600707637703	26.247962481850095	0.0
131.0	26.368961853209683	23.741189298648703	23.66775519740978	26.222093650731836	0.0
132.0	26.313681311803734	23.721784119831433	23.650853256561106	26.313681311803734	0.0
133.0	26.17487934799238	23.800503470049094	23.79132418186117	26.23329300009736	0.0
134.0	26.31590659378868	23.829988456349703	23.692020973282705	26.16208397657891	0.0
135.0	26.322582439743535	23.67366239690686	23.76489895828987	26.238856205059736	0.0
136.0	26.25109525597697	23.765455278786106	23.695637056508254	26.287812408728666	0.0
137.0	26.25387685845816	23.72651284404946	23.765177118537988	26.254433178954393	0.0
138.0	26.202695372804275	23.67088079442567	23.845287269996245	26.281136562773817	0.0
139.0	26.270288313097172	23.763229996801158	23.79438394459048	26.17209774551119	0.0
140.0	26.35818695150276	23.695358896260135	23.687014088816564	26.259440063420534	0.0
141.0	26.23579644233043	23.742089817944116	23.666430230455767	26.35568350926969	0.0
142.0	26.41882588559269	23.62109011001238	23.72400940181639	26.236074602578547	0.0
143.0	26.35568350926969	23.633329160929613	23.7359702924855	26.275017037315195	0.0
144.0	26.30032961989402	23.728738126034408	23.605513136117718	26.365419117953852	0.0
145.0	26.326754843465324	23.58715455974187	23.691742813034587	26.39434778375822	0.0
146.0	26.313681311803734	23.587989040486224	23.742367978192235	26.355961669517807	0.0
147.0	26.202417212556156	23.569074143614134	23.89118371093587	26.33732493289384	0.0
148.0	26.32703300371344	23.588267200734343	23.731797888763715	26.3529019067885	0.0
149.0	26.277315412345896	23.752169655970448	23.605300636432418	26.36521429525123	0.0
150.0	26.23420045395879	23.78332369041791	23.691808714228493	26.290667141394806	0.0
151.0	26.37745338021274	23.865103030842494	23.642852374382485	26.11459121456229	0.0
152.0	26.159931461124213	23.83228003026392	23.70015354488406	26.307634963727804	0.0
153.0	26.24477057278918	23.724353553785214	23.697650095687393	26.333225777738217	0.0
154.0	26.27620276825849	23.76885931728159	23.69848457875295	26.256453335706976	0.0
155.0	26.22168320797543	23.772197249543815	23.766077707063065	26.24004183541769	0.0
156.0	26.361876362989005	23.741321376118208	23.664548934086966	26.23225332680582	0.0
157.0	26.32217255488828	23.723306898690694	23.65376644979319	26.30075409662784	0.0
158.0	26.164732978584322	23.802304848638258	23.796741612726457	26.23622056005096	0.0
159.0	26.312158730247038	23.833458969744342	23.69493439554051	26.159447904468113	0.0
160.0	26.335246159281006	23.676019393440388	23.761415064686524	26.22731938259208	0.0
161.0	26.265427548587912	23.755017343387955	23.70161027863467	26.27794482938946	0.0
162.0	26.26153328344965	23.71357123584504	23.766143815211557	26.25875166549375	0.0
163.0	26.205900924331647	23.664058436230018	23.85181764825328	26.278222991185054	0.0
164.0	26.266818357565864	23.755295505183547	23.81315315866627	26.164732978584322	0.0
165.0	26.37669226682392	23.695768880927282	23.68658954167281	26.24094931057599	0.0
166.0	26.24373092853189	23.73860579744814	23.67240329009772	26.345259983922247	0.0
167.0	26.419529183344785	23.623446814073873	23.729148296398083	26.227875706183255	0.0
168.0	26.36946006013858	23.628175564598905	23.736658664879013	26.265705710383504	0.0
169.0	26.306595494335234	23.71663101559653	23.617605416366484	26.35916807370175	0.0
170.0	26.337193291850134	23.582000706530962	23.68937115962871	26.39143484199019	0.0
171.0	26.319390936932376	23.58561680987363	23.738049473856965	26.35694277933703	0.0
172.0	26.2017284973978	23.56670180777351	23.891038461431478	26.34053123339722	0.0
173.0	26.325788658230948	23.58478232448686	23.739718444630505	26.34971057265169	0.0
174.0	26.283024851043947	23.741731617626606	23.61544581114987	26.359797720179586	0.0
175.0	26.223219898637563	23.781508865041083	23.70668313389077	26.288588102430584	0.0
176.0	26.36758627212088	23.861341522439375	23.645487368637728	26.12558483680202	0.0
177.0	26.171759823311135	23.82490222585688	23.69861641938014	26.30472153145184	0.0
178.0	26.23740618967349	23.727545326590676	23.701676207642794	26.33337227609304	0.0
179.0	26.26605693431469	23.770938687406467	23.69806009424148	26.264944284037362	0.0
180.0	26.2426912784908	23.76148116004918	23.76565359858916	26.23017396287086	0.0
181.0	26.370089735244868	23.739784479641283	23.6652369110603	26.224888874053555	0.0
182.0	26.317868378669324	23.724551531150123	23.654454368694385	26.303125721486172	0.0
183.0	26.167660173407025	23.804662573956676	23.796874000350485	26.230803252285806	0.0
184.0	26.315086745238542	23.83080992820604	23.698960503586918	26.155142822968504	0.0
185.0	26.324822462246278	23.678098252856042	23.767388685984184	26.229690598913496	0.0
186.0	26.24693672618435	23.754871335545662	23.714259487456225	26.28393245081377	0.0
187.0	26.267520813572148	23.720379081003948	23.770170319414966	26.24192978600894	0.0
188.0	26.20576855140876	23.66752804581907	23.846387075418427	26.28031632735375	0.0
189.0	26.269189793630616	23.73679071824557	23.80911318744593	26.184906300677884	0.0
190.0	26.360032823822305	23.695739857299824	23.6896201616156	26.25460715726227	0.0
191.0	26.255997997190505	23.722165815936243	23.67209557851987	26.349740608353382	0.0
192.0	26.417335428865492	23.60616976592164	23.734961543275983	26.241533261936883	0.0
193.0	26.372272215190755	23.620078165203967	23.726616503706587	26.281033115898687	0.0
194.0	26.303008386764766	23.714655280323786	23.616183813404916	26.36615251950653	0.0
195.0	26.35335679216679	23.577518463400047	23.681831458017495	26.387293286415662	0.0
196.0	26.337779384970585	23.56778258390242	23.734961543275983	26.359476487851012	0.0
197.0	26.19925172811861	23.561662888218198	23.90686935840554	26.332216025257654	0.0
198.0	26.32359281770261	23.589757854768497	23.748591774572663	26.33805755295623	0.0
199.0	26.29418015321535	23.7500486795329	23.606235430911227	26.349535736340524	0.0
200.0	26.22547246963788	23.791773993446345	23.70498534050638	26.277768196409397	0.0
201.0	26.376796274763976	23.873277439957274	23.63850300700429	26.111423278274465	0.0
202.0	26.172342236588094	23.831552126043828	23.689964227497537	26.30614140987054	0.0
203.0	26.2499513204671	23.72390081614714	23.699978302836765	26.326169560548994	0.0
204.0	26.275337767355694	23.772368307588742	23.681685039764336	26.27060888529123	0.0
205.0	26.25113701796697	23.762910543459817	23.76402322159263	26.221929216980584	0.0
206.0	26.387996428303197	23.741769658936335	23.662769511506482	26.207464401253986	0.0
207.0	26.324998400516286	23.730496730098945	23.650105287754076	26.294399581630696	0.0
208.0	26.178680412027006	23.80615926407059	23.788356314900792	26.226804009001615	0.0
209.0	26.323885716193175	23.821736844594163	23.70518316174814	26.149194277464527	0.0
210.0	26.321250441599048	23.680001335228614	23.77068561207714	26.228062611095194	0.0
211.0	26.241971242513678	23.767069367908338	23.711434842234393	26.27952454734359	0.0
212.0	26.277577338945	23.72283991999755	23.764843986881377	26.234738754176067	0.0
213.0	26.201781983771316	23.67262237577437	23.852044719280528	26.273550921173783	0.0
214.0	26.260549784970767	23.749186338271866	23.831526123409535	26.15873775334784	0.0
215.0	26.36480723705989	23.698199914877755	23.68929824219782	26.247694605864535	0.0
216.0	26.254092683103238	23.73658837830996	23.670938542295463	26.33838039629134	0.0
217.0	26.420164514038213	23.628933774337035	23.737701087394953	26.2132006242298	0.0
218.0	26.385114177860984	23.62031027892835	23.737701087394953	26.256874455815716	0.0
219.0	26.298601046502895	23.70932700572767	23.631437369778265	26.36063457799117	0.0
220.0	26.328366014526416	23.587207183649852	23.69235819218155	26.392068609642184	0.0
221.0	26.319610772196583	23.573707650752056	23.73838951154581	26.36829206550555	0.0
222.0	26.19387394605	23.56285867681463	23.908634948717737	26.33463242841764	0.0
223.0	26.307370904164618	23.59679649272145	23.738945869183627	26.356886733930306	0.0
224.0	26.283110510239847	23.741369430118116	23.61312792437924	26.362392135262798	0.0
225.0	26.22997791241745	23.77642025381247	23.70631860642376	26.287283227346318	0.0
226.0	26.374353924301346	23.860987320503618	23.64901329149489	26.115645463700144	0.0
227.0	26.164883525556505	23.81786924373675	23.70242407045772	26.31482316024903	0.0
228.0	26.24416515057945	23.716889489760153	23.7004768024747	26.338468557185696	0.0
229.0	26.267049074071497	23.78093730614198	23.689693638257804	26.26231998152872	0.0
230.0	26.250636341128917	23.77092275722786	23.762855481713714	26.21558541992951	0.0
231.0	26.363578198327016	23.743660929628323	23.671611813829536	26.221149058215133	0.0
232.0	26.319493706099173	23.733222059948535	23.66701439599416	26.28026983795813	0.0
233.0	26.186522011266426	23.79748243966896	23.79136240350511	26.224633145559494	0.0
234.0	26.32561374226302	23.830029904722164	23.697614576813407	26.146741776201406	0.0
235.0	26.32060643994715	23.693163641421517	23.762431323457818	26.223798595173513	0.0
236.0	26.25133875791084	23.762987690381806	23.707629181445164	26.278044370262187	0.0
237.0	26.271514133189417	23.731963179432114	23.769239970734937	26.22728271664353	0.0
238.0	26.198351475632386	23.673822512400097	23.867439279167	26.260386732800516	0.0
239.0	26.249054168335782	23.744825744425157	23.837739796145456	26.1683802910936	0.0
240.0	26.363287357217175	23.707095603985955	23.691516766723602	26.238100272073268	0.0
241.0	26.253940080178715	23.743416971069447	23.665519534173328	26.337123414578507	0.0
242.0	26.41703136346058	23.62567502524824	23.74002242433179	26.21727118695939	0.0
243.0	26.376998689566335	23.623418645996498	23.7516797756404	26.247902888796766	0.0
244.0	26.28465701208909	23.70463113670826	23.65621913387032	26.354492717332334	0.0
245.0	26.30938999009471	23.5784799278806	23.718712090015693	26.393417992008995	0.0
246.0	26.30887721485175	23.56563306918351	23.768475647760663	26.357014068204077	0.0
247.0	26.19401406883042	23.55944748675482	23.91840300966119	26.328135434753573	0.0
248.0	26.295270824927304	23.597178356267303	23.768591821685472	26.33895899711992	0.0
249.0	26.272672124487283	23.750146092241252	23.636889821405713	26.340291961865752	0.0
