# Position (bp)	A	C	G	T	N
0.0	25.95702347791484	24.079708592243414	24.23245278398482	25.730815145856926	0.0
1.0	25.811013499035784	24.17949738284	24.16358015243809	25.845908965686128	0.0
2.0	25.89882034612159	24.161784601445948	24.145868150569623	25.793526901862833	0.0
3.0	25.8917367058233	24.17468061532434	24.17621096834618	25.757371710506177	0.0
4.0	25.890140965765458	24.10159573491336	24.0633397195375	25.944923579783683	0.0
5.0	25.888091857219802	24.175255839005043	24.036013318317583	25.900638985457576	0.0
6.0	25.856223070896984	24.11715383862123	24.14316490403447	25.883458186447317	0.0
7.0	25.88945566262037	24.10671937968366	23.95310907861359	26.050715879082375	0.0
8.0	25.839131525643616	24.14220410860825	24.008493816281444	26.01017054946669	0.0
9.0	25.934537978130372	24.166121047832924	24.08534906347332	25.813991910563384	0.0
10.0	25.887024974682653	24.04643094253957	24.20827838984736	25.858265692930416	0.0
11.0	25.68295645416413	24.05530348690994	24.258760107816713	26.00297995110922	0.0
12.0	25.880600028759282	24.161774019354386	24.051938039045314	25.905687912841017	0.0
13.0	26.042447476067075	24.04857259118069	24.053161838268814	25.855818094483418	0.0
14.0	25.966571924210115	24.0825330196328	23.975756537382477	25.97513851877461	0.0
15.0	25.932305545952133	24.08436871846805	24.004515819134713	25.978809916445105	0.0
16.0	25.93169364634038	24.028073954187075	24.108232803326285	25.931999596146255	0.0
17.0	25.885189275847402	24.234284123346725	24.031745351857577	25.8487812489483	0.0
18.0	25.79095673563795	24.196040397612368	24.098136459732416	25.914866407017268	0.0
19.0	25.95005063469287	24.06692957953318	23.994113525734967	25.98890626003898	0.0
20.0	25.892146904409337	24.035649162311994	24.161394147810018	25.910809785468654	0.0
21.0	25.84656052280543	24.25685019519538	24.067773793643607	25.828815488355588	0.0
22.0	25.937427337143415	23.996793655844233	24.2054507850648	25.860328221947547	0.0
23.0	25.75814129942604	24.16965476729529	24.05737153206956	26.01483240120911	0.0
24.0	25.922129893652173	24.06257266285658	24.003524530980382	26.01177291251086	0.0
25.0	25.973835252652577	24.076952259738352	24.23359808108869	25.71561440652038	0.0
26.0	25.82850953948576	24.16170009667984	24.158028710241943	25.851761653592455	0.0
27.0	25.920294200433226	24.147932397537726	24.132940902916307	25.798832499112752	0.0
28.0	25.91570496738585	24.144566959969648	24.159252505721245	25.780475566923254	0.0
29.0	25.90377296146268	24.087048572442573	24.065326202685007	25.943852263409738	0.0
30.0	25.88656062511282	24.169580820735927	24.02089012491854	25.92296842923271	0.0
31.0	25.873404863960253	24.09860090009882	24.154283424046895	25.87371081189403	0.0
32.0	25.8883963127155	24.098906848032602	23.970408715844737	26.042288123407157	0.0
33.0	25.827512673893153	24.139597923225427	24.00528678029573	26.02760262258569	0.0
34.0	25.943466940796018	24.169886768669706	24.08697487861516	25.799671411919118	0.0
35.0	25.912872147417954	24.030680458799523	24.19619829097484	25.860249102807686	0.0
36.0	25.689530155758096	24.03863510507782	24.246373752114867	26.025460987049225	0.0
37.0	25.90124612593429	24.156425059583363	24.043530272018305	25.898798542464043	0.0
38.0	26.049936821751672	24.047201647223677	24.032516146402205	25.870345384622446	0.0
39.0	25.945302628398696	24.097683056297477	23.989989383606698	25.967024931697125	0.0
40.0	25.915319730888196	24.076572648866616	24.01538306211049	25.992724558134693	0.0
41.0	25.933064711047475	24.033433990203548	24.11328640092029	25.920214897828686	0.0
42.0	25.87768813503318	24.24882133558511	24.031598302600862	25.841892226780843	0.0
43.0	25.794470297044846	24.19069122816679	24.106249598443334	25.908588876345025	0.0
44.0	25.942855044928454	24.075042909197713	24.013241426574027	25.968860619299804	0.0
45.0	25.896883623881	24.036725877608962	24.15206789575774	25.9143226027523	0.0
46.0	25.843342899276127	24.24629957106231	24.088736867225123	25.82162066243644	0.0
47.0	25.91646423173649	23.989304092958935	24.224271387224878	25.869960288079692	0.0
48.0	25.73870902604833	24.190005323477763	24.056306485464457	26.014979165009457	0.0
49.0	25.909121503790683	24.06854436537414	24.010414435803142	26.01191969503203	0.0
50.0	25.986832041217177	24.068850312371882	24.22947248618649	25.714845160224442	0.0
51.0	25.812136305506435	24.143807326818703	24.17990907255227	25.864147295122592	0.0
52.0	25.904226351826807	24.152679789753222	24.143807326818703	25.79928653160127	0.0
53.0	25.917688019727464	24.143195432823216	24.162164146683228	25.77695240076609	0.0
54.0	25.909427450788424	24.102504482123514	24.046822128534455	25.941245938553603	0.0
55.0	25.87079897814015	24.16729130654266	24.02257881935415	25.939330895963042	0.0
56.0	25.87691789937434	24.103042633583698	24.164231845925563	25.855807621116394	0.0
57.0	25.885484389102203	24.096923712349515	23.96750852824647	26.050083370301813	0.0
58.0	25.824907068883757	24.142203729482492	24.019825304798765	26.013063896834986	0.0
59.0	25.93657738140766	24.185342124183506	24.08896911474507	25.789111379663765	0.0
60.0	25.923727646815863	24.032675039390554	24.198191858775296	25.845405455018277	0.0
61.0	25.69304431628704	24.020743142983893	24.270089183276987	26.01612335745208	0.0
62.0	25.906288721298438	24.159030762876505	24.04827828853773	25.88640222728733	0.0
63.0	26.067216349757537	24.04919612672286	24.039099906686452	25.84448761683315	0.0
64.0	25.9347417050374	24.090804791115325	24.02166098116902	25.95279252267825	0.0
65.0	25.899863854002543	24.08437992381943	24.02563827997124	25.990117942206787	0.0
66.0	25.939330895963042	24.019213412675345	24.113444799681815	25.928010891679797	0.0
67.0	25.891909256398097	24.245307552278533	24.027473956341495	25.835309234981874	0.0
68.0	25.808385981551453	24.17157455140659	24.111915069373268	25.90812439766869	0.0
69.0	25.960135228159274	24.08499181594285	24.01217665325603	25.942696302641842	0.0
70.0	25.889382480358325	24.05126416525932	24.154979562865606	25.904373791516754	0.0
71.0	25.847162053014173	24.252270112832562	24.077575446067993	25.822992388085275	0.0
72.0	25.913246200161538	23.993746481631053	24.222899380767064	25.87010793744034	0.0
73.0	25.74803583229312	24.19046919744475	24.056159287270233	26.0053356829919	0.0
74.0	25.92548400518883	24.05034632988227	23.999253493893335	26.02491617103556	0.0
75.0	25.996769219472792	24.087977580341192	24.22504099664684	25.690212203539176	0.0
76.0	25.840431260249165	24.158956849499475	24.152837946985827	25.847773943265533	0.0
77.0	25.905597572019484	24.150084440854688	24.168747093521308	25.77557089360452	0.0
78.0	25.91079863915608	24.143965538341046	24.156509288494014	25.78872653400886	0.0
79.0	25.90773918789926	24.09776782436302	24.060442519029788	25.93405046870793	0.0
80.0	25.894198380331463	24.15184622021251	24.02518532569289	25.928770073763147	0.0
81.0	25.892668659383155	24.09647032188388	24.1558234946781	25.855037524054865	0.0
82.0	25.873700119624175	24.103201094056423	23.975622366967816	26.047476419351582	0.0
83.0	25.81159344912301	24.146339224798613	24.036505260710342	26.00556206536804	0.0
84.0	25.93825434364263	24.19529029514436	24.091269270659645	25.77518609055336	0.0
85.0	25.928158185383822	24.031610153675768	24.2090577836791	25.83117387726131	0.0
86.0	25.703289205983044	24.004687064985607	24.27911900311145	26.0129047259199	0.0
87.0	25.918979859693998	24.15245810859183	24.04323603288288	25.885325998831295	0.0
88.0	26.05971418693802	24.058227298176266	24.05669757722796	25.825360937657756	0.0
89.0	25.941619729728906	24.106872424332355	24.002851399847643	25.948656446091107	0.0
90.0	25.89786971060739	24.074442340228295	24.04598953058983	25.981698418574485	0.0
91.0	25.914084752659424	24.01998427446865	24.131347959505227	25.9345830133667	0.0
92.0	25.898481598986713	24.235674928179602	24.05669757722796	25.809145895605724	0.0
93.0	25.80088540248488	24.173874201868095	24.11329725231523	25.911943143331793	0.0
94.0	25.952939664746356	24.067099679676435	24.022431827985937	25.95752882759127	0.0
95.0	25.900543967104984	24.02694748178108	24.175329959799058	25.897178591314884	0.0
96.0	25.83537805407853	24.249980113688512	24.09088962179295	25.82375221044001	0.0
97.0	25.893507272271137	23.995435326655613	24.234377007752602	25.876680393320644	0.0
98.0	25.746960453775035	24.207454001431813	24.058459636906544	25.987125907886604	0.0
99.0	25.894119158778427	24.057847750399254	24.012262205606106	26.03577088521621	0.0
100.0	25.988349680901184	24.092419338061177	24.208677774446397	25.710553206591243	0.0
101.0	25.83537805407853	24.15299610228295	24.172576470516248	25.839049373122275	0.0
102.0	25.894425102032077	24.14963072649285	24.16064468362408	25.795299487850993	0.0
103.0	25.931750178976802	24.13219196103507	24.156361478073045	25.779696381915084	0.0
104.0	25.914005470265376	24.081405380929947	24.060601239682065	25.94398790912262	0.0
105.0	25.901688495651033	24.152922208046895	24.03115716562799	25.91423213067408	0.0
106.0	25.866811071440594	24.10917245662503	24.1633242468465	25.860692225087885	0.0
107.0	25.88149630268709	24.089286205978723	23.98526581798268	26.043951673351508	0.0
108.0	25.83315741650069	24.133647842035863	24.035134415757252	25.99806032570619	0.0
109.0	25.947579843296342	24.175867881869554	24.10305361027232	25.773498664561785	0.0
110.0	25.92371634252078	24.02717991549873	24.2263483642794	25.82275537770109	0.0
111.0	25.705579470046718	24.003010472405535	24.28386551999486	26.00754453755289	0.0
112.0	25.91239647676827	24.16118265062305	24.04737210846267	25.879048764146006	0.0
113.0	26.05588342373929	24.048595877733213	24.067870243744245	25.827650454783257	0.0
114.0	25.95645217050777	24.08836837902582	24.01188279961696	25.94329665084945	0.0
115.0	25.90811328432137	24.076742570955673	24.049819647003755	25.9653244977192	0.0
116.0	25.922186630932604	24.022896723051836	24.14527365010601	25.90964299590955	0.0
117.0	25.901994437968668	24.24562273029043	24.04737210846267	25.805010723278233	0.0
118.0	25.79216114593754	24.181068901269352	24.115903187613007	25.910866765180092	0.0
119.0	25.95431057428432	24.088674321343454	24.01524816511095	25.941766939261274	0.0
120.0	25.917370846055476	23.999412588953	24.158197137594918	25.925019427396606	0.0
121.0	25.853734649297248	24.240495872825505	24.084464813466397	25.821304664410842	0.0
122.0	25.895036988539367	24.0061433405332	24.231623518469796	25.867196152457645	0.0
123.0	25.74283476515652	24.19903566096385	24.069314927674572	25.988814646205054	0.0
124.0	25.897110339447156	24.061739915252943	24.004833947775005	26.036315797524896	0.0
125.0	25.968395771825424	24.09386425173242	24.218384298848115	25.71935567759404	0.0
126.0	25.843569778648025	24.154135625889158	24.16973887503633	25.832555720426488	0.0
127.0	25.905370883113303	24.1489345428401	24.175551850208805	25.770142723837786	0.0
128.0	25.933823866852272	24.1425096755442	24.149546434963515	25.774120022640005	0.0
129.0	25.90414709886647	24.07917884077037	24.065717214055162	25.950956846307992	0.0
130.0	25.91226025155039	24.142963350497013	24.043836219952087	25.90094017800051	0.0
131.0	25.8883963127155	24.100436587701505	24.168051081067023	25.84311601851597	0.0
132.0	25.895127167258675	24.08972841001918	23.983564476997305	26.031579945724836	0.0
133.0	25.825676986290475	24.139291975291645	24.027315031527934	26.007716006889947	0.0
134.0	25.927557648239425	24.18885554056411	24.105025806708213	25.778561004488253	0.0
135.0	25.944078836663575	24.008040311699755	24.225875240551563	25.822005611085107	0.0
136.0	25.69442532269858	24.002839196825484	24.30572765126831	25.997007829207625	0.0
137.0	25.898798542464043	24.14663472570238	24.061275252177587	25.893291479655993	0.0
138.0	26.064622322573143	24.017830645580734	24.062193095978927	25.855353935867193	0.0
139.0	25.93857177385552	24.08697487861516	24.04414216788587	25.93031117964345	0.0
140.0	25.911036459815268	24.052096814164166	24.051178970362823	25.985687755657743	0.0
141.0	25.892679583788432	24.018442541448294	24.157036955450923	25.93184091931235	0.0
142.0	25.915931626755757	24.23964289757169	24.065864471184295	25.778561004488253	0.0
143.0	25.79905951605156	24.170192716603488	24.12644216207286	25.904305605272093	0.0
144.0	25.971614150703832	24.06249904391271	24.02578529185903	25.94010151352443	0.0
145.0	25.89000526232056	24.001688837761435	24.164759585378093	25.943546314539912	0.0
146.0	25.862469864036324	24.22105417742587	24.094697294188194	25.821778664349615	0.0
147.0	25.9138692741669	23.98272000783229	24.22809100143184	25.875319716568967	0.0
148.0	25.739557168250975	24.202159393729865	24.063258181862686	25.995025256156474	0.0
149.0	25.888022028453417	24.037937891999388	24.046504512773442	26.02753556677375	0.0
150.0	25.958390699097443	24.102493498546735	24.208964356738566	25.730151445617256	0.0
151.0	25.837007303066557	24.153967122432682	24.169876609688266	25.839148964812498	0.0
152.0	25.904622623902778	24.143564765380958	24.16253376941646	25.789278841299808	0.0
153.0	25.92940470982013	24.139893345245053	24.148459992228826	25.78224195270599	0.0
154.0	25.904622623902778	24.082068478104567	24.082068478104567	25.931240419888084	0.0
155.0	25.906004950328445	24.138205337665635	24.0461133190759	25.909676392930024	0.0
156.0	25.882140573418145	24.11189333235428	24.150137526120787	25.85582856810679	0.0
157.0	25.878469130816562	24.08558132704293	23.98890000520121	26.047049536939305	0.0
158.0	25.84787377580336	24.130250545362202	24.030203734469033	25.991671944365407	0.0
159.0	25.94455509764508	24.183486463085174	24.092618258695964	25.779340180573783	0.0
160.0	25.953121797048773	24.003585775607547	24.245900987312105	25.797391440031575	0.0
161.0	25.696732722038142	23.983698794848966	24.299136905035077	26.02043157807782	0.0
162.0	25.902333507726855	24.14004105896643	24.052232390078537	25.905393043228177	0.0
163.0	26.083458009405014	24.016741778263224	24.052232390078537	25.847567822253225	0.0
164.0	25.943637236994682	24.075790813438704	24.04213592292418	25.938436026642435	0.0
165.0	25.91946690653425	24.039994248073256	24.050702622327876	25.989836223064618	0.0
166.0	25.91946690653425	24.007563171759262	24.16451734297699	25.908452578729495	0.0
167.0	25.937212212441906	24.23121521690577	24.07058960308646	25.760982967565866	0.0
168.0	25.812383163988045	24.156256597123424	24.115870728505996	25.915489510382532	0.0
169.0	25.97576235975854	24.05682169333052	24.023166802815997	25.944249144094943	0.0
170.0	25.902718711564464	24.020792666882876	24.162143639512188	25.914344982040472	0.0
171.0	25.877324489208988	24.219969037405995	24.106459923021852	25.796246550363165	0.0
172.0	25.893846031464356	23.99448058106876	24.22700599058884	25.88466739687804	0.0
173.0	25.749514295767106	24.18577613241751	24.07165475990148	25.9930548119139	0.0
174.0	25.89063895925885	24.047251899988986	24.041744685538056	26.020364455214107	0.0
175.0	25.94203962746754	24.117621862417547	24.202677730048585	25.737660780066328	0.0
176.0	25.84482457938521	24.152268826317222	24.153492655495146	25.849413938802424	0.0
177.0	25.90632199557586	24.131157772998044	24.159611801384763	25.80290843004133	0.0
178.0	25.936611767729463	24.121061182280176	24.135135217826296	25.807191832164065	0.0
179.0	25.912747098759954	24.0711901432798	24.10300970190581	25.913053056054437	0.0
180.0	25.91045799027662	24.11967898764231	24.061240786804593	25.90862223527648	0.0
181.0	25.875884604440692	24.10193335597431	24.169856290979403	25.852325748605594	0.0
182.0	25.88598125694145	24.07194935763873	24.003720463466944	26.038348921952874	0.0
183.0	25.834274157770903	24.12702200764286	24.054203725970734	25.984500108615507	0.0
184.0	25.932181091111577	24.171386086812856	24.092448621806934	25.80398420026863	0.0
185.0	25.94166582527896	24.01840650346805	24.23563751181767	25.804290159435322	0.0
186.0	25.715867960262024	23.970676873464466	24.29438167182208	26.019073494451426	0.0
187.0	25.918106969443862	24.12732796680955	24.04716666513687	25.907398398609722	0.0
188.0	26.071698471122044	24.005862177633773	24.075008949305627	25.84743040193856	0.0
189.0	25.950232681946268	24.075008949305627	24.03217466596908	25.942583702779025	0.0
190.0	25.94594925361261	24.040741522636388	24.035234257635977	25.978074966115024	0.0
191.0	25.932181091111577	24.003720463466944	24.14507359847755	25.919024846943927	0.0
192.0	25.949926722779576	24.22492894098354	24.05695735847094	25.76818697776595	0.0
193.0	25.818058321936356	24.169244372646027	24.12243262014252	25.890264685275106	0.0
194.0	25.97991072111516	24.049614338470388	24.020854176801564	25.94962076361289	0.0
195.0	25.92185778974422	24.003181985069148	24.166258719862928	25.908701505323705	0.0
196.0	25.86219556969771	24.21674213682536	24.090686574470688	25.830375719006245	0.0
197.0	25.919716069024602	23.991555501162647	24.20511565291886	25.883612776893894	0.0
198.0	25.7536585291229	24.182854555300928	24.069037048822203	25.994449866753968	0.0
199.0	25.904882541197782	24.037902569468667	24.044633732919674	26.012581156413884	0.0
200.0	25.94787599897196	24.13351038441298	24.209389418546305	25.70922419806876	0.0
201.0	25.867180687502866	24.13756176664066	24.16265087888384	25.83260666697263	0.0
202.0	25.920429824588243	24.117051320101215	24.16753612723395	25.794982728076587	0.0
203.0	25.94032928735998	24.120100236516567	24.13907051742971	25.800499958693745	0.0
204.0	25.93054956352521	24.061036095990794	24.08735003350437	25.92106430697962	0.0
205.0	25.928747808366303	24.116997285893067	24.063143529440563	25.891111376300064	0.0
206.0	25.902432904645195	24.087316522393674	24.167791169819868	25.842459403141266	0.0
207.0	25.88070780971265	24.07721894305883	24.00408798969435	26.037985257534167	0.0
208.0	25.859140966130063	24.121122735297988	24.060230899393837	25.959505399178113	0.0
209.0	25.923863319941127	24.17022891186541	24.099544991386352	25.806362776807106	0.0
210.0	25.94988418098977	23.993047799438806	24.25008338356747	25.806984636003953	0.0
211.0	25.72299350369185	23.978812794330494	24.313267095265925	25.984926606711728	0.0
212.0	25.92818127572331	24.10716198228247	24.042901513181047	25.92175522881317	0.0
213.0	26.065442839263252	24.013048174816166	24.07210769028333	25.849401295637247	0.0
214.0	25.947788620722367	24.086331463613913	24.02941365476595	25.936466260897774	0.0
215.0	25.947188195224353	24.037664137975355	24.04225434003605	25.972893326764247	0.0
216.0	25.929745427393712	23.99941245413623	24.148441014373454	25.922401104096604	0.0
217.0	25.943833600078342	24.239317704014027	24.047138892034063	25.769709803873564	0.0
218.0	25.819768705109723	24.164776952526097	24.11275243367639	25.902701908687785	0.0
219.0	25.96406613886959	24.063629436264982	24.006402115268678	25.965902309596743	0.0
220.0	25.91334471762668	24.009535875825513	24.15887821866412	25.918241187883684	0.0
221.0	25.878763396436593	24.205394686105652	24.096448222887325	25.819393694570426	0.0
222.0	25.91243779876485	24.007381519270908	24.20538495908337	25.874795722880872	0.0
223.0	25.73869878839627	24.17117307356843	24.07691342496106	26.01321471307424	0.0
224.0	25.907891756899854	24.043752639665062	24.053240131478272	25.995115471956808	0.0
225.0	25.960690938471707	24.12530911049629	24.19814900962221	25.71585094140979	0.0
226.0	25.868807404029493	24.120327721345042	24.158890374945294	25.851974499680175	0.0
227.0	25.913037623301776	24.096603099109686	24.177401534558165	25.812957743030367	0.0
228.0	25.952983592308186	24.09644454102229	24.153983173010708	25.796588693658812	0.0
229.0	25.922230553812724	24.068740722603945	24.09444963043445	25.91457909314888	0.0
230.0	25.93303339148532	24.11257001193646	24.057478652098062	25.89691794448015	0.0
231.0	25.89662285829717	24.080728194266758	24.178975655442176	25.843673291993902	0.0
232.0	25.881942446483553	24.06510733896095	23.99960822962641	26.053341984929084	0.0
233.0	25.872771013534607	24.11467993805055	24.05499543949216	25.95755360892268	0.0
234.0	25.930619065983507	24.158754644678286	24.097539774361987	25.81308651497622	0.0
235.0	25.958789644765755	23.98948315652222	24.232509167039062	25.819218031672964	0.0
236.0	25.694958831991677	24.00875394080377	24.307183740932324	25.98910348627223	0.0
237.0	25.90860396069909	24.123840715007194	24.0488506626672	25.918704661626517	0.0
238.0	26.055376666625857	24.0287963563794	24.076239332982357	25.83958764401239	0.0
239.0	25.93600401581841	24.094298272463487	24.05205871910085	25.91763899261726	0.0
240.0	25.95824788025345	24.03746671156142	24.043588723254462	25.960696684930667	0.0
241.0	25.93764923408476	23.994085738425557	24.17071767054012	25.897547356949563	0.0
242.0	25.952878074466845	24.238769049907848	24.054775564685496	25.753577310939807	0.0
243.0	25.820446327700914	24.168990971186787	24.1325573064806	25.8780053946317	0.0
244.0	25.96355219164493	24.0673721081187	24.01225949467857	25.956816205557804	0.0
245.0	25.922818535064806	24.002008690034017	24.173482229523458	25.901690545377715	0.0
246.0	25.86141427504012	24.206567939342715	24.10888178444126	25.823136001175907	0.0
247.0	25.922205514398506	24.020371975364977	24.190342605665073	25.867079904571444	0.0
248.0	25.73505990738245	24.191127826917892	24.081481390733344	25.992330874966306	0.0
249.0	25.918904267342107	24.021831346113206	24.084617905501634	25.974646481043052	0.0
