# Position (bp)	A	C	G	T	N
0.0	24.7005688642066	21.553636720370108	26.42251184518188	27.321661053214946	0.0016215170264692836
1.0	25.94339826605842	21.76525486635101	23.24562731066093	29.04571955692964	0.0
2.0	26.499146001340453	20.43712479911213	24.573541175707522	28.490188023839895	0.0
3.0	27.102494252625053	21.237685483464137	23.455992043759323	28.203828220151482	0.0
4.0	27.06883877802521	22.11089010442566	22.861399981262476	27.958871136286657	0.0
5.0	26.847519800517443	21.917749479313052	24.00258721956774	27.23214350060176	0.0
6.0	26.082099811075523	22.564457911424217	24.602737909536057	26.7507043679642	0.0
7.0	25.39511808770809	23.44937252786573	24.390319485237548	26.76518989918863	0.0
8.0	25.38520883127347	23.539132374333512	24.420623793097608	26.655035001295406	0.0
9.0	25.369858492214746	23.822825377641763	24.185900533406265	26.621415596737226	0.0
10.0	25.491508127572125	23.847472400919145	23.907720680041642	26.753298791467085	0.0
11.0	25.98095332812287	23.27565425415189	23.849670454164645	26.8937219635606	0.0
12.0	26.02231996952994	23.195010923603956	23.64474703109669	27.137922075769417	0.0
13.0	25.97879130853713	23.340658976363	23.519313861464273	27.161235853635596	0.0
14.0	26.030247374677636	23.32858770034264	23.87766860779992	26.7634963171798	0.0
15.0	25.891661919231996	23.6021552452577	24.233428930632684	26.27275390487762	0.0
16.0	25.815126425896963	23.770000032430293	24.32913433096124	26.085739210711512	0.0
17.0	25.802082241063022	23.74628988430673	24.51456354409781	25.93706433053244	0.0
18.0	25.71884448701221	24.04327930806725	24.2681653786435	25.969710826277044	0.0
19.0	25.844601959582487	24.19573772252136	23.924872702088475	26.03478761580768	0.0
20.0	26.212541659414896	23.767441642587173	23.87273199641249	26.147284701585445	0.0
21.0	26.168616628164703	23.61224466999113	23.659989269176123	26.559149432668043	0.0
22.0	26.145663186896144	23.652674436244382	23.46756952604567	26.734020783494277	7.206731952451423E-5
23.0	26.30633727577605	23.487748375512535	23.613866184680436	26.592048164030984	0.0
24.0	26.155176073073378	23.65098085423556	23.772234119335554	26.42160895335551	0.0
25.0	26.114169768263928	23.878245146356115	23.89824382752417	26.10934125785579	0.0
26.0	26.396673660800023	23.68233013822872	24.1717393051197	25.74918482853203	7.206731952451423E-5
27.0	26.204686321586724	23.861453460906905	24.108644366875986	25.825071715991342	1.4413463904902846E-4
28.0	26.18043566856672	24.04266673585129	23.849526319525598	25.927371276056387	0.0
29.0	26.42593299252698	23.845058145715075	23.772414287634366	25.95659457412358	0.0
30.0	26.330371726837477	23.897883490926546	23.49488304014546	26.276861742090524	0.0
31.0	26.283636070125826	23.90660363658901	23.357666863770785	26.452093429514377	0.0
32.0	26.51659368048882	23.558158146687987	23.38631362328178	26.538934549541416	0.0
33.0	26.517314353684064	23.636351188372082	23.21338809008271	26.632946367861148	0.0
34.0	26.519260171311227	23.77890034639157	23.174399670219945	26.527439812077258	0.0
35.0	26.76210649598336	23.637330108925973	23.327959321063645	26.27260407402702	0.0
36.0	26.708513747574443	23.718640182467908	23.261691714226068	26.31115435573158	0.0
37.0	26.701279737310124	23.832167504812368	23.233353580708695	26.233199177168814	0.0
38.0	26.948906020210234	23.630094389139263	23.270806449314794	26.15019314133571	0.0
39.0	26.894555066911074	23.706779220983563	23.092188594041335	26.306477118064027	0.0
40.0	26.917422501218418	23.856750353451673	22.912482025578914	26.313345119751	0.0
41.0	27.118542050927296	23.540785289245704	22.98831572845921	26.352356931367787	0.0
42.0	26.96558744432927	23.64718703968962	22.868568659119425	26.518656856861682	0.0
43.0	26.94801654246207	23.68505543480008	22.79437097500861	26.572557047729234	0.0
44.0	27.163582282712255	23.546201408216564	22.851522350388162	26.438693958683018	0.0
45.0	27.015714515795043	23.629293882152634	22.863401053769874	26.491590548282446	0.0
46.0	27.019221235629853	23.751132035282023	22.81533201545213	26.41431471363599	0.0
47.0	27.265706176557963	23.436846152076676	22.924119258435205	26.373328412930153	0.0
48.0	27.10929399137727	23.60037312603211	22.827440327121977	26.462892555468642	0.0
49.0	27.08684659804561	23.790623088866685	22.697748603354874	26.42478170973283	0.0
50.0	27.298239136700897	23.50187356891398	22.82088983457968	26.378997459805444	0.0
51.0	27.18755563592243	23.605760295750102	22.744885959962787	26.461798108364686	0.0
52.0	27.118116618957828	23.76818237979162	22.662776827706615	26.45092417354394	0.0
53.0	27.260276590839318	23.477908211596652	22.769587670121762	26.492227527442267	0.0
54.0	27.136380913532403	23.5441794061205	22.70814985120565	26.611289829141445	0.0
55.0	27.07156095005172	23.71463646965724	22.60822169494171	26.60558088534933	0.0
56.0	27.280406412605785	23.43610250947064	22.810490512136596	26.47300056578698	0.0
57.0	27.199550306076013	23.540776847626375	22.76033276801298	26.49934007828463	0.0
58.0	27.202989408246754	23.746059552129086	22.59502931252426	26.455921727099902	0.0
59.0	27.405998448562784	23.439888437962033	22.715810736446475	26.438302377028712	0.0
60.0	27.341484089225577	23.5933836837242	22.64492283255313	26.420209394497096	0.0
61.0	27.264204799635145	23.68993428986097	22.569322652697487	26.476538257806393	0.0
62.0	27.45425809232538	23.44547301874012	22.80572261335413	26.294546275580373	0.0
63.0	27.243741776700976	23.57520300105173	22.68680993480973	26.49424528743757	0.0
64.0	27.159130073613234	23.728205445435187	22.57884922984473	26.53381525110685	0.0
65.0	27.472669541449786	23.410349769354127	22.680865148954783	26.43611554024131	0.0
66.0	27.25463881932549	23.54986070939767	22.733900260510044	26.461600210766793	0.0
67.0	27.25506333360964	23.684875326141448	22.55280432302707	26.507257017221846	0.0
68.0	27.485286073957838	23.33885767080548	22.706153729542365	26.469702525694316	0.0
69.0	27.392472289576713	23.461934643051904	22.609175400308914	26.536417667062466	0.0
70.0	27.307002270756236	23.750808225919283	22.48434855335836	26.457840949966126	0.0
71.0	27.522406048115005	23.40986656615498	22.66863107437903	26.399096311350984	0.0
72.0	27.351430213642512	23.566484079449836	22.683853585916943	26.398232120990706	0.0
73.0	27.277041548384545	23.72246039994908	22.547528094192323	26.45296995747405	0.0
74.0	27.497900492324916	23.413940730962537	22.68906483947434	26.399093937238206	0.0
75.0	27.313263322909087	23.520676536376893	22.617419425359984	26.54864071535404	0.0
76.0	27.34792210399518	23.611516867544946	22.573780365388476	26.466780663071393	0.0
77.0	27.430192580620577	23.375114494377016	22.68937046426122	26.505322460741187	0.0
78.0	27.31472354153598	23.49568360366819	22.626579442602385	26.56301341219345	0.0
79.0	27.179027629414527	23.804149140854044	22.487096919229582	26.529726310501843	0.0
80.0	27.569371584523587	23.412225876840093	22.563385449185436	26.455017089450884	0.0
81.0	27.547661832922394	23.43984286848594	22.553554264699738	26.458941033891932	0.0
82.0	27.330779276713397	23.654083943481947	22.544180779971377	26.47095599983328	0.0
83.0	27.497613931393083	23.44445466830489	22.59557354954994	26.462357850752085	0.0
84.0	27.440110386615622	23.640321111065283	22.57582518119678	26.343743321122314	0.0
85.0	27.44832557324034	23.691336619196974	22.456994798464866	26.403343009097817	0.0
86.0	27.584609002701416	23.431913149933727	22.57980311017129	26.403674737193562	0.0
87.0	27.348416517916274	23.652889121563238	22.5551848184194	26.44350954210109	0.0
88.0	27.319887118193893	23.689671140001398	22.46671209897253	26.523729642832176	0.0
89.0	27.51272098673569	23.453801777195007	22.633941838491676	26.399535397577623	0.0
90.0	27.352169701711677	23.532184360425244	22.609769490550786	26.505876447312293	0.0
91.0	27.377081715208373	23.661417612223346	22.41502240669187	26.54647826587641	0.0
92.0	27.437840482293645	23.392566847917486	22.716061336499703	26.453531333289167	0.0
93.0	27.35368855608285	23.56378031621873	22.66128241612943	26.421248711568985	0.0
94.0	27.291396186680117	23.71954429807515	22.492081999884228	26.49697751536051	0.0
95.0	27.528402410979012	23.41643296686911	22.69210696855519	26.363057653596684	0.0
96.0	27.33217490827479	23.559742841559046	22.641447574311577	26.46663467585459	0.0
97.0	27.31786693942071	23.744789003052986	22.403025090272287	26.534318967254016	0.0
98.0	27.507512149875847	23.55610521196662	22.559638257374466	26.37674438078307	0.0
99.0	27.469227756446525	23.398621483829718	22.5855044907223	26.54664626900146	0.0
100.0	27.295231794996777	23.599394182058735	22.47863099072124	26.62674303222325	0.0
101.0	27.64177310510615	23.332102412604627	22.66450893503635	26.361615547252875	0.0
102.0	27.329349254585644	23.592298451933104	22.482932101206142	26.595420192275103	0.0
103.0	27.356919181824242	23.821001516737017	22.480629269497125	26.341450031941623	0.0
104.0	27.65401394381702	23.387695193052554	22.55473559750479	26.40314755167774	4.077139478941574E-4
105.0	27.515197310330773	23.691672892752834	22.517489642056645	26.27564015485974	0.0
106.0	27.419148325570102	23.63186825316232	22.472460760723195	26.476522660544383	0.0
107.0	27.50476803235368	23.514786644913716	22.510167972609665	26.470277350122934	0.0
108.0	27.266987156489918	23.378058405682715	22.702638061754087	26.65231637607328	0.0
109.0	27.314277748181485	23.799732139745384	22.56448810312122	26.321502008951907	0.0
110.0	27.541431744404576	23.53830462492687	22.470217293384902	26.450046337283652	0.0
111.0	27.37793559841821	23.549350334920508	22.526026955048017	26.546687111613267	0.0
112.0	27.332408018894323	23.64756713193566	22.51480316547085	26.50522168369917	0.0
113.0	27.436499292333323	23.42638810421047	22.665136786436097	26.47197581702011	0.0
114.0	27.505314992822488	23.495599609931013	22.465308693571735	26.533776703674768	0.0
115.0	27.339303833767147	23.947967151743565	22.400720997800452	26.312008016688832	0.0
116.0	27.720361949382205	23.436813060624555	22.614618397999962	26.22820659199328	0.0
117.0	27.383595805008028	23.878659515594574	22.471902435691593	26.265842243705805	0.0
118.0	27.56182740250226	23.597903167298515	22.4371056880499	26.403163742149328	0.0
119.0	27.452330704579953	23.4410751971565	22.619126957680773	26.487467140582773	0.0
120.0	27.34504474643686	23.80464191288127	22.31540649497807	26.534906845703805	0.0
121.0	27.531198870745243	23.707933656283085	22.318821981970423	26.442045491001252	0.0
122.0	27.391442208203998	23.3294950101799	22.718700977937985	26.560361803678116	0.0
123.0	27.271938124462885	23.654719224993272	22.491514683287182	26.58182796725666	0.0
124.0	27.54796054770765	23.748148415766465	22.480942230571912	26.222948805953973	0.0
125.0	27.54000394636699	23.70451107331786	22.521540586505303	26.233944393809843	0.0
126.0	27.175358973355767	23.63257560937439	22.72389373606166	26.467193552173402	9.781290347822685E-4
127.0	27.536217119338207	23.785121946249923	22.363943845636626	26.31267955744819	0.0020375313270441535
128.0	27.704328834511934	23.53982676180278	22.612143637153974	26.141580347960687	0.0021204185706258415
129.0	27.495886659525837	23.64867103214479	22.514603738998883	26.337525811901635	0.0033127574288585346
130.0	27.080602506611474	23.85765206393009	22.54570541566057	26.51604001379786	0.0
131.0	27.510582833090186	23.343218616219836	22.703465429411906	26.442733121278074	0.0
132.0	27.237877128348103	23.59603704072488	22.627700886189388	26.535895648710543	0.002489296027083541
133.0	27.47249896222499	23.964819427148193	22.294001660440017	26.2686799501868	0.0
134.0	27.665091154625255	23.553004726536127	22.54422687373396	26.23497636731938	0.0027008777852802163
135.0	27.491041944776224	23.50312653692124	22.848310264877398	26.154710883158856	0.0028103702662825828
136.0	27.477497255762902	23.69703622392975	22.660812294182218	26.163190633004024	0.0014635931211123307
137.0	27.517239275035088	23.30505888814304	22.77567584060536	26.400500396655886	0.0015255995606273266
138.0	27.530293645878	23.53613797703559	22.63566630139597	26.297902075690445	0.0
139.0	27.58523667659715	23.62793776895068	22.50579278384641	26.281032770605762	0.0
140.0	27.43734033004212	23.384312642408343	22.933784436926054	26.24283642891666	0.0017261617068286958
141.0	27.388809956297322	23.77569555599518	22.42684747225869	26.408647015448807	0.0
142.0	27.237981039457416	23.91801251545696	22.331097538127178	26.511035335556638	0.0018735714018061228
143.0	27.544126835363947	23.6859575132771	22.295766947828806	26.472196188691033	0.0019525148391127771
144.0	27.434203841073064	23.379737831521187	22.591200081292552	26.592825932323947	0.00203231378924906
145.0	27.205321582916703	24.089060249131432	22.292602321837133	26.40877891704093	0.004236929073807304
146.0	27.7492927864215	23.464020509193777	22.644094766619517	26.142591937765204	0.0
147.0	27.276705513842188	23.540927725828	22.767055138421853	26.415311621907968	0.0
148.0	27.06257951463069	23.75957176120406	22.633764612688733	26.54168366979524	0.0024004416812693536
149.0	27.356718996469613	23.906457347454868	22.301509802448734	26.43531385362678	0.0
150.0	27.24658894871661	23.92440796696116	22.53646296199488	26.292540122327356	0.0
151.0	27.302487996508074	23.85421213443911	22.443801833260586	26.39949803579223	0.0
152.0	27.37593899385386	23.82198952879581	22.316753926701573	26.48531755064876	0.0
153.0	27.77366535398099	23.249341189707753	22.52390963195452	26.45308382435673	0.0
154.0	27.31628899125112	23.83219463937923	22.697622654341977	26.15389371502767	0.0
155.0	27.111426543647976	23.743467320472288	22.70146461062004	26.443641525259693	0.0
156.0	27.4314802953174	24.12770117654991	22.57020530627381	25.87061322185888	0.0
157.0	27.504316267925727	23.741235333497762	22.645431802966772	26.10901659560974	0.0
158.0	27.283096622268012	23.754507322098757	22.50349547428067	26.458900581352562	0.0
159.0	27.336331834082962	23.726598239341868	22.56564025679468	26.36374120631992	0.007688463460577404
160.0	27.266155267279814	24.08530463070806	22.310132937065745	26.338407164946382	0.0
161.0	27.68645166687581	23.804743380599824	22.708830049776214	25.79997490274815	0.0
162.0	27.484383872799544	23.347748219979906	22.91966976805137	26.248198139169176	0.0
163.0	27.20310006838386	23.774789149760657	22.347845908365628	26.674264873489857	0.0
164.0	27.467504642193973	23.087178022187306	23.049088225491595	26.396229110127123	0.0
165.0	27.692231273594274	23.16212994238029	22.710113252533283	26.435525531492154	0.0
166.0	26.57150272514923	24.06955618998183	22.455229691149754	26.90371139371918	0.0
167.0	27.53012373696439	23.71535094828984	22.807586318690227	25.946938996055547	0.0
168.0	27.380348384914594	23.659732792152884	23.20874908393934	25.75116973899318	0.0
169.0	26.95248176899553	23.76499647141849	22.118325099976477	27.1641966596095	0.0
170.0	27.74577102230939	23.48001961265016	22.93454278009316	25.83966658494729	0.0
171.0	27.84356397618895	23.52301094540101	21.94840939640274	26.685015682007297	0.0
172.0	27.38755597139611	23.892267593397047	21.987569337699657	26.72592394573281	0.006683151774376797
173.0	28.18181818181818	23.363636363636363	22.818181818181817	25.62937062937063	0.006993006993006993
174.0	27.70363888281193	23.45219864362284	22.56253190403267	26.28163056953256	0.0
175.0	27.381043305583137	23.730237531505384	22.622775528908576	26.258305965019474	0.007637668983426257
176.0	27.46839494319091	23.85981757081133	22.779644743158904	25.892142742838853	0.0
177.0	27.2674078408426	23.380422970826718	22.91231296497534	26.439856223355346	0.0
178.0	27.651382569128458	24.55372768638432	21.94609730486524	25.84879243962198	0.0
179.0	26.612829219051115	23.547765440029366	22.584197485546483	27.255207855373037	0.0
180.0	26.914219919401265	23.824601803876416	23.076184993283437	26.184993283438878	0.0
181.0	27.49574446780815	23.460498648242716	22.91979573445479	26.123961149494342	0.0
182.0	27.354635935044524	23.5620743844945	22.734415924567834	26.348873755893138	0.0
183.0	27.079452054794523	23.75890410958904	23.101369863013698	26.060273972602737	0.0
184.0	26.6674319825508	22.93651704741132	23.269429457008382	27.1266215130295	0.0
185.0	27.58787293151347	23.505254257760598	23.106655393163425	25.80021741756251	0.0
186.0	27.398652941924006	23.204981573262167	22.556868725378067	26.83949675943576	0.0
187.0	26.780702926633705	24.909795536549513	23.172524388614193	25.136977148202593	0.0
188.0	28.424753867791843	22.81293952180028	23.30520393811533	25.457102672292546	0.0
189.0	27.13678346283536	24.014074182671163	23.735522650637737	25.11361970385574	0.0
190.0	26.943802925327176	24.003079291762894	21.647421093148576	27.405696689761356	0.0
191.0	27.28896103896104	23.555194805194805	22.6461038961039	26.509740259740262	0.0
192.0	27.44630071599045	23.781111489942038	22.587794067507673	26.184793726559835	0.0
193.0	27.967770814682186	23.097582811101162	22.43509400179051	26.499552372426145	0.0
194.0	27.82462057335582	23.64624320779464	22.334644931609517	26.194491287240023	0.0
195.0	27.28700431880644	23.773066352571654	22.202591283863367	26.73733804475854	0.0
196.0	27.22599218589348	22.90767016245116	21.941188566728357	27.925149084926996	0.0
197.0	27.672413793103452	22.823275862068964	22.844827586206897	26.65948275862069	0.0
198.0	27.694063926940636	22.922374429223744	23.059360730593607	26.324200913242006	0.0
199.0	26.867816091954023	25.35919540229885	22.270114942528735	25.502873563218394	0.0
200.0	27.98374809547994	22.24479431183342	24.073133570340275	25.69832402234637	0.0
201.0	27.420212765957448	23.138297872340424	22.97872340425532	26.46276595744681	0.0
202.0	27.74030354131535	24.339516582349635	22.4283305227656	25.491849353569425	0.0
203.0	27.2510435301133	23.941562313655336	23.732856290995826	25.07453786523554	0.0
204.0	28.526547282437953	23.625510524662268	21.740496387056236	26.107445805843543	0.0
205.0	27.336919973100205	24.6133154001345	20.712844653665098	27.336919973100205	0.0
206.0	26.89996465182043	24.17815482502651	20.784729586426298	28.13715093672676	0.0
207.0	27.45610758311543	22.936122525214792	22.039596563317147	27.568173328352636	0.0
208.0	27.33017377567141	24.0521327014218	22.03791469194313	26.57977883096366	0.0
209.0	26.95688572624529	25.0732524068648	23.440770196735038	24.529091670154877	0.0
210.0	27.264653641207815	24.42273534635879	23.667850799289518	24.644760213143872	0.0
211.0	26.28114715561824	24.07146215326751	22.943112364833098	26.704278326281145	0.0
212.0	26.852312282446544	26.056688214818497	22.27747389358528	24.81352560914968	0.0
213.0	28.436018957345972	24.960505529225905	21.43233280674039	25.171142706687732	0.0
214.0	28.50754611514813	23.365008384572388	22.750139742873113	25.377305757406372	0.0
215.0	29.074626865671643	24.298507462686565	23.402985074626866	23.223880597014926	0.0
216.0	26.927939317319847	23.767383059418457	21.871049304677623	27.43362831858407	0.0
217.0	24.366872005475702	25.598904859685145	22.313483915126625	27.720739219712527	0.0
218.0	26.642335766423358	23.43065693430657	24.525547445255473	25.401459854014597	0.0
219.0	26.97063369397218	23.57032457496136	24.18856259659969	25.270479134466772	0.0
220.0	27.74566473988439	23.451692815854667	22.625928984310487	26.176713459950452	0.0
221.0	29.64912280701754	22.807017543859647	22.54385964912281	25.0	0.0
222.0	28.083491461100568	23.14990512333966	23.14990512333966	25.616698292220114	0.0
223.0	27.533265097236438	24.15557830092119	20.880245649948822	27.43091095189355	0.0
224.0	25.22421524663677	24.551569506726455	24.2152466367713	26.00896860986547	0.0
225.0	29.802955665024633	22.783251231527093	22.413793103448278	25.0	0.0
226.0	30.64516129032258	23.25268817204301	22.983870967741936	23.118279569892472	0.0
227.0	24.15812591508053	27.672035139092237	20.937042459736457	27.232796486090777	0.0
228.0	27.580645161290324	23.548387096774192	22.258064516129032	26.61290322580645	0.0
229.0	23.92857142857143	25.535714285714285	23.035714285714285	27.500000000000004	0.0
230.0	27.18253968253968	26.38888888888889	21.428571428571427	25.0	0.0
231.0	28.918322295805737	24.503311258278146	21.85430463576159	24.724061810154527	0.0
232.0	29.683698296836987	23.600973236009732	20.194647201946474	26.520681265206814	0.0
233.0	26.956521739130434	24.057971014492754	25.217391304347824	23.768115942028984	0.0
234.0	30.716723549488055	22.18430034129693	19.453924914675767	27.64505119453925	0.0
235.0	26.446280991735538	24.380165289256198	19.00826446280992	30.165289256198346	0.0
236.0	26.256983240223462	22.3463687150838	23.463687150837988	27.932960893854748	0.0
237.0	31.782945736434108	24.8062015503876	20.155038759689923	23.25581395348837	0.0
238.0	24.719101123595504	29.213483146067414	22.47191011235955	23.595505617977526	0.0
239.0	22.0	30.0	22.0	26.0	0.0
240.0	20.833333333333336	25.0	25.0	29.166666666666668	0.0
