# Position (bp)	A	C	G	T	N
0.0	26.298293647501314	23.79103404408308	23.77886556597251	26.131806742443096	0.0
1.0	26.303824773915206	23.79877762106253	23.692026881274373	26.20537072374789	0.0
2.0	26.184240728091307	23.854614038047252	23.695599870576295	26.26554536328515	0.0
3.0	26.261807844612083	23.737362564431564	23.760314580890647	26.2405150100657	0.0
4.0	26.241493635953887	23.744818756722825	23.73043985610039	26.2832477512229	0.0
5.0	26.226915409266738	23.75082605437719	23.74280745121786	26.279451085138213	0.0
6.0	26.143564958692313	23.771275948639115	23.886296021853816	26.19886307081476	0.0
7.0	26.296130409298517	23.810037269278833	23.7486590801013	26.145173241321345	0.0
8.0	26.29567986906348	23.682755417443087	23.786431924623034	26.235132788870395	0.0
9.0	26.265823659671405	23.70307502190915	23.746202183450784	26.284899134968665	0.0
10.0	26.299711943029962	23.76635870556818	23.674855003953184	26.25907434744868	0.0
11.0	26.240552450142925	23.809207870977016	23.68646574554783	26.263773933332228	0.0
12.0	26.171440893031892	23.713281029706913	23.71162235233625	26.403655724924946	0.0
13.0	26.22479501512161	23.82137150502856	23.77492853864995	26.17890494119989	0.0
14.0	26.186645435596322	23.83436447776543	23.75557730265886	26.223412783979388	0.0
15.0	26.154577673096806	23.900158680135128	23.727932679814447	26.217330966953618	0.0
16.0	26.279531368353542	23.818330596515672	23.7702289527664	26.13190908236439	0.0
17.0	26.260733024819345	23.751983501689086	23.727103341129116	26.260180132362454	0.0
18.0	26.244699143569584	23.806443408692576	23.740372760094434	26.208484687643406	0.0
19.0	26.15540701178214	23.73733185158155	23.813078118175234	26.29418301846108	0.0
20.0	26.252163191737576	23.752536394145974	23.810590102119235	26.18471031199721	0.0
21.0	26.288930540120642	23.713557475935357	23.705264089082032	26.29224789486197	0.0
22.0	26.24525203602647	23.67734302000918	23.736502512896216	26.34090243106813	0.0
23.0	26.182426361839468	23.713491920881307	23.841762616279873	26.26231910099935	0.0
24.0	26.270263396510163	23.708450361589666	23.75655173939005	26.264734502510116	0.0
25.0	26.30454253931044	23.793871773890352	23.774797089590198	26.126788597209018	0.0
26.0	26.30233098171042	23.80492956189044	23.68605834088949	26.206681115509657	0.0
27.0	26.175719309109407	23.851095826790807	23.71010902978968	26.263075834310108	0.0
28.0	26.248424265209984	23.734989052789878	23.765397969790122	26.25118871221001	0.0
29.0	26.2246500210098	23.740794391489924	23.743005949089945	26.291549638410334	0.0
30.0	26.22741446800982	23.74521750668996	23.750193511290004	26.277174514010216	0.0
31.0	26.149457062609194	23.764015746290113	23.877081628591014	26.209445562509675	0.0
32.0	26.284638520910274	23.799400667890396	23.761804188690093	26.154156622509234	0.0
33.0	26.29348475131035	23.6871641196895	23.779496649490238	26.239854479509916	0.0
34.0	26.26722250481014	23.71093836388969	23.739135723289913	26.28270340801026	0.0
35.0	26.292931861910347	23.77369131079019	23.679147223389432	26.254229603910034	0.0
36.0	26.23902514540991	23.81626379459053	23.676935665789415	26.26777539421014	0.0
37.0	26.17240197270938	23.712320587389698	23.714532144989718	26.400745294911204	0.0
38.0	26.22630868920981	23.820410465090564	23.7750735342902	26.178207311409423	0.0
39.0	26.175995753809406	23.843078930490744	23.756828184090054	26.224097131609792	0.0
40.0	26.150839286109207	23.894497644691157	23.73388327398987	26.220779795209765	0.0
41.0	26.28491496561028	23.815434460490522	23.76871530619015	26.13093526770905	0.0
42.0	26.25505893801004	23.751575734790013	23.731948161089853	26.26141716611009	0.0
43.0	26.251741601610014	23.80244155959042	23.74411172788995	26.20170511090961	0.0
44.0	26.159409071809275	23.730842382289847	23.81985757569056	26.289890970210315	0.0
45.0	26.261693610810095	23.74881128778999	23.804376672490434	26.185118428909483	0.0
46.0	26.286020744410287	23.712320587389698	23.707068138089657	26.294590530110355	0.0
47.0	26.239854479509916	23.680529446889445	23.740241502089923	26.339374571510714	0.0
48.0	26.17454117217758	23.717507470897363	23.837484139029183	26.270467217895877	0.0
49.0	26.260719083977907	23.70666062177598	23.760843483405118	26.271776810840997	0.0
50.0	26.30301488922922	23.79733398205331	23.77908873272921	26.120562395988255	0.0
51.0	26.29693313945452	23.797057538881734	23.695326451741316	26.21068286992243	0.0
52.0	26.17612747347528	23.847923082451942	23.70666062177598	26.2692888222968	0.0
53.0	26.256019550061094	23.719377007668534	23.773283426126092	26.25132001614428	0.0
54.0	26.21676461969713	23.739280916022093	23.746468438483102	26.297486025797678	0.0
55.0	26.226993017045487	23.735410711620013	23.759184824375655	26.27841144695885	0.0
56.0	26.15097114486175	23.753379517772533	23.884413581100134	26.211235756265584	0.0
57.0	26.28532252624828	23.795951766195422	23.761672812919848	26.15705289463645	0.0
58.0	26.301632673371333	23.671828782157252	23.782958937131294	26.243579607340116	0.0
59.0	26.2692888222968	23.711636598864374	23.73458138210528	26.28449319673355	0.0
60.0	26.293615821395594	23.77162476709663	23.683715838535072	26.251043572972705	0.0
61.0	26.23943295976646	23.814197015519518	23.66602347555413	26.280346549159887	0.0
62.0	26.18607942765206	23.703343303717055	23.710254383006486	26.4003228856244	0.0
63.0	26.235562755364377	23.813920572347943	23.770795437581896	26.179721234705784	0.0
64.0	26.17999767787736	23.831889378500463	23.753103074600954	26.235009869021226	0.0
65.0	26.154564906092254	23.883031365242246	23.736240041134742	26.226163687530757	0.0
66.0	26.28891628747878	23.812814799661634	23.76858389220928	26.129685020650307	0.0
67.0	26.25823109543371	23.754208847287263	23.73264627990424	26.25491377737478	0.0
68.0	26.259060424948444	23.813920572347943	23.735963597963167	26.19105540474045	0.0
69.0	26.164793303440614	23.729052518673736	23.81696144723529	26.289192730650363	0.0
70.0	26.262101299835795	23.742874677252598	23.814749901862676	26.180274121048935	0.0
71.0	26.285875412591437	23.715230360094875	23.710254383006486	26.288639844307205	0.0
72.0	26.23943295976646	23.681227849990876	23.746468438483102	26.332870751759565	0.0
73.0	26.181031074891013	23.71488835873378	23.83956388445813	26.264516681917073	0.0
74.0	26.264444075855586	23.70818820147067	23.75932990545696	26.268037817216783	0.0
75.0	26.312268480123848	23.79084425277824	23.763752971747664	26.133134295350253	0.0
76.0	26.30646320561729	23.795543760712114	23.678608945651572	26.21938408801902	0.0
77.0	26.170453917178083	23.844473931553047	23.707358876541164	26.277713274727706	0.0
78.0	26.25034555205396	23.72145740034279	23.7750870791176	26.253109968485656	0.0
79.0	26.214408138441975	23.73362083264223	23.75822413888428	26.293746890031517	0.0
80.0	26.22325427102339	23.74053187372146	23.763476530104494	26.272737325150658	0.0
81.0	26.150826560513075	23.756289047382097	23.890916127605465	26.201968264499364	0.0
82.0	26.286559407309117	23.783656770055842	23.76541162160668	26.164372201028364	0.0
83.0	26.290982473599822	23.677226737435728	23.786144744844364	26.245646044120086	0.0
84.0	26.266379167357773	23.72035163377011	23.734450157571736	26.278819041300384	0.0
85.0	26.287388732238625	23.7678995963952	23.694919002598553	26.249792668767626	0.0
86.0	26.23514126167966	23.810195167800078	23.671421462929175	26.283242107591086	0.0
87.0	26.188422623984074	23.701000718748272	23.712611267761375	26.397965389506272	0.0
88.0	26.246751810692764	23.817382650522475	23.760159230386467	26.175706308398293	0.0
89.0	26.17874716647316	23.83479847404213	23.757394813954775	26.229059545529935	0.0
90.0	26.151103002156244	23.88206999502405	23.732515066069553	26.234311936750153	0.0
91.0	26.289876707027148	23.81295958423177	23.769558246254217	26.12760546248687	0.0
92.0	26.255321501631006	23.74882512301653	23.737214574003428	26.258638801349036	0.0
93.0	26.25006911041079	23.816829767236136	23.741914081937303	26.19118704041577	0.0
94.0	26.17349477525294	23.72118095869962	23.826781666390225	26.27854259965721	0.0
95.0	26.26389119256925	23.744125615082655	23.808260076297895	26.1837231160502	0.0
96.0	26.284900757450103	23.716757892408914	23.710123292972852	26.288218057168134	0.0
97.0	26.246751810692764	23.672527229501853	23.736385249073923	26.344335710731464	0.0
98.0	26.18309785177793	23.715863006958017	23.83556190755264	26.265477233711415	0.0
99.0	26.26374598470733	23.698105279453312	23.763898026770462	26.274250709068898	0.0
100.0	26.309911483875247	23.7909891580187	23.771361909869466	26.127737448236587	0.0
101.0	26.3054884420388	23.803428963183705	23.670737708090297	26.220344886687197	0.0
102.0	26.173902947404503	23.844618540285616	23.70391052186365	26.277567990446233	0.0
103.0	26.254347020804886	23.719114728176436	23.78020799354236	26.246330257476323	0.0
104.0	26.211222362899527	23.737636215866555	23.759198544819235	26.29194287641468	0.0
105.0	26.215368964621195	23.739018416440448	23.773849870902467	26.271762748035894	0.0
106.0	26.15869874109172	23.750905341375898	23.891613359797866	26.198782557734518	0.0
107.0	26.296642358365908	23.78269595457536	23.76942682906602	26.151234857992712	0.0
108.0	26.288072714807793	23.68400683359964	23.78269595457536	26.24522449701721	0.0
109.0	26.265128185281224	23.72104980897988	23.731001653111885	26.282820352627013	0.0
110.0	26.287796274693015	23.768597508721687	23.69561731842031	26.24798889816499	0.0
111.0	26.253794140575327	23.791265598133478	23.681518872566638	26.27342138872456	0.0
112.0	26.19629459670152	23.701422560830647	23.716073886913875	26.386208955553958	0.0
113.0	26.241907215639877	23.815592328233933	23.761133625622683	26.18136683050351	0.0
114.0	26.17694378866706	23.839642618219614	23.761133625622683	26.222279967490643	0.0
115.0	26.15925162132127	23.874750512796414	23.73680689552222	26.22919097036009	0.0
116.0	26.298577439169353	23.799558801576815	23.772744110443355	26.129119648810477	0.0
117.0	26.26678682596989	23.751458221605454	23.73183097345622	26.249923978968436	0.0
118.0	26.249647538853658	23.805916924216707	23.74344145827689	26.20099407865274	0.0
119.0	26.161739582354276	23.730725212997108	23.829137893858054	26.278397310790563	0.0
120.0	26.271486307921116	23.740400617014338	23.810339966053153	26.177773109011394	0.0
121.0	26.289454915381683	23.705845602667093	23.71026864450354	26.294430837447685	0.0
122.0	26.24135433541032	23.66742042671296	23.755328383212344	26.335896854664377	0.0
123.0	26.186415142325586	23.70895198498373	23.833903262278813	26.27072961041187	0.0
124.0	26.265273400785095	23.696854094100736	23.774257754188092	26.263614750926077	0.0
125.0	26.31752087134406	23.788909161276052	23.77066401282689	26.122905954552994	0.0
126.0	26.302593022612925	23.810471609443244	23.6667219549953	26.220213412948528	0.0
127.0	26.179300049759497	23.839774423619172	23.70183004367778	26.27909548294355	0.0
128.0	26.252280643556148	23.71758721733842	23.79001492784873	26.240117211256702	0.0
129.0	26.220213412948528	23.734173715928566	23.755459722452592	26.290153148670313	0.0
130.0	26.229059545529935	23.727815558135678	23.776745728976614	26.266379167357773	0.0
131.0	26.16002145193081	23.75276096854362	23.890429287414406	26.19678829211116	0.0
132.0	26.301283522097425	23.780128766873354	23.772941264281705	26.145646446747516	0.0
133.0	26.291331595432066	23.681438827441884	23.788145596687112	26.239083980438938	0.0
134.0	26.26755754839816	23.717376340400122	23.739768175397177	26.27529793580454	0.0
135.0	26.29686044357949	23.75552539261733	23.696366717439922	26.251247446363262	0.0
136.0	26.24544215580847	23.798650408167216	23.680885942627143	26.275021493397173	0.0
137.0	26.198170504148017	23.705489316883167	23.712123934660074	26.384216244308746	0.0
138.0	26.238254653216824	23.811919643721026	23.769900397800626	26.17992530526153	0.0
139.0	26.174396457114106	23.836246575569678	23.76575376169006	26.223603205626155	0.0
140.0	26.158086355079213	23.87605428223111	23.73230423039816	26.233555132291514	0.0
141.0	26.30045419487531	23.795885984093506	23.779852324465985	26.123807496565206	0.0
142.0	26.26119937302862	23.748614332433053	23.73728019373084	26.25290610080749	0.0
143.0	26.24544215580847	23.811919643721026	23.749443659655164	26.19319454081534	0.0
144.0	26.172737802669882	23.7223523037328	23.832099939459113	26.272809954138204	0.0
145.0	26.26479312432444	23.745849908359343	23.814960510202106	26.174396457114106	0.0
146.0	26.29216092265418	23.70604220169791	23.70908306817899	26.29271380746892	0.0
147.0	26.248555584428505	23.673763884358294	23.755038176801996	26.3226423544112	0.0
148.0	26.19278647193956	23.710319928566886	23.83361392392816	26.2632796755654	0.0
149.0	26.26888117301015	23.701539244089613	23.769268195590154	26.260311387310082	0.0
150.0	26.316153216710532	23.77617931309021	23.77092686379017	26.13674060640909	0.0
151.0	26.301225202910413	23.80769400889046	23.674447663489396	26.21663312470973	0.0
152.0	26.185671318309485	23.827045137890615	23.70983258508968	26.27745095871022	0.0
153.0	26.256164716810048	23.714532144989718	23.791936660990334	26.2373664772099	0.0
154.0	26.212210009509697	23.727248601189817	23.768162416790144	26.29237897251034	0.0
155.0	26.22243846340978	23.724484154189796	23.780878872990247	26.272198509410178	0.0
156.0	26.164733852129324	23.752470731336476	23.899816163766292	26.182979252767915	0.0
157.0	26.308761938988486	23.77983883229436	23.76214632258421	26.14925290613294	0.0
158.0	26.2957690021701	23.677830455996794	23.792555323648525	26.23384521818458	0.0
159.0	26.273653365032413	23.707963011596885	23.74251869462452	26.275864928746184	0.0
160.0	26.306550375274718	23.757446749692456	23.69054694735096	26.245455927681867	0.0
161.0	26.251537727894732	23.792555323648525	23.6844651471381	26.271441801318645	0.0
162.0	26.195419298657857	23.70077542952714	23.72703774862814	26.37676752318686	0.0
163.0	26.247391045931412	23.809971387894453	23.77707437765215	26.165563188521983	0.0
164.0	26.181320579982586	23.83070479771103	23.76380499536954	26.224169626936845	0.0
165.0	26.161969397487113	23.870789390023084	23.74251869462452	26.22472251786529	0.0
166.0	26.298533456812308	23.8014015785036	23.773204141153055	26.12686082353104	0.0
167.0	26.2642542192489	23.743900921945624	23.739754239982307	26.25209061882317	0.0
168.0	26.24628526407453	23.80167802396782	23.760764095263106	26.191272616694544	0.0
169.0	26.17717389801927	23.72150883934372	23.833745697817463	26.26757156481955	0.0
170.0	26.275035592353518	23.739754239982307	23.815223851714652	26.169986315949522	0.0
171.0	26.284711183601257	23.704369220562015	23.71680926645196	26.29411032938477	0.0
172.0	26.250228068138465	23.672919880354073	23.747283915805536	26.329568135701926	0.0
173.0	26.190035191702165	23.712240796388496	23.83387747316391	26.263846538745426	0.0
174.0	26.26889520418431	23.69240210984928	23.77533643692015	26.263366249046253	0.0
175.0	26.318248417327837	23.778508832554667	23.772979846847093	26.130262903270395	0.0
176.0	26.292262184502253	23.80532441323639	23.67926353910375	26.2231498631576	0.0
177.0	26.17062449893567	23.83131064606198	23.71686064191524	26.28120421308711	0.0
178.0	26.263787908108256	23.708014264783124	23.792884195394354	26.235313631714263	0.0
179.0	26.218450225306167	23.722113178337434	23.771874049705584	26.28756254665082	0.0
180.0	26.22370276172836	23.7290244104719	23.782655571835345	26.264617255964396	0.0
181.0	26.171526197788953	23.74844151284525	23.893577788897215	26.18645450046858	0.0
182.0	26.306986722104114	23.77581006775791	23.761711115227147	26.15549209491083	0.0
183.0	26.293993569771846	23.678223200241064	23.792673520784895	26.23510970920219	0.0
184.0	26.269389515355417	23.711120756146176	23.74153026160468	26.277959466893723	0.0
185.0	26.300075470863547	23.7550763140362	23.6956395533673	26.249208661732954	0.0
186.0	26.249208661732954	23.79599092138037	23.687346051878617	26.267454365008057	0.0
187.0	26.204147303644444	23.692598602821448	23.723008108279956	26.380245985254152	0.0
188.0	26.239532909996154	23.810366323960753	23.7733220173113	26.17677874873178	0.0
189.0	26.177199932545815	23.829020227961973	23.768753783930975	26.22502605556124	0.0
190.0	26.16393025679587	23.869105706789927	23.738344110337355	26.228619926076846	0.0
191.0	26.298562175342177	23.796675393321483	23.773453460759082	26.131308970577262	0.0
192.0	26.26538798596732	23.732815078774877	23.740002819806097	26.261794115451707	0.0
193.0	26.249353794436136	23.803310231196456	23.751337334509174	26.195998639858235	0.0
194.0	26.184940576733283	23.720098306181182	23.82376764797762	26.271193469107917	0.0
195.0	26.27202282384229	23.736961852446733	23.822385390087	26.168629933623976	0.0
196.0	26.286674757482853	23.696599922040654	23.718992499868683	26.297732820607806	0.0
197.0	26.24914990904718	23.664873412472424	23.744215234735684	26.341761443744716	0.0
198.0	26.18397954247011	23.723823346464854	23.835233948441495	26.256963162623542	0.0
199.0	26.266711636496332	23.707854607380213	23.775585805752453	26.249847950371002	0.0
200.0	26.320911202034726	23.779995576689153	23.770319584208778	26.128773637067344	0.0
201.0	26.30791772641822	23.800729846289947	23.67881234103727	26.21254008625456	0.0
202.0	26.186000221165546	23.823952228242838	23.714751741678647	26.275295808912976	0.0
203.0	26.278613292049098	23.70701094769435	23.788565741457482	26.225810018799073	0.0
204.0	26.22525710494305	23.715028198606657	23.77584872276899	26.2838659736813	0.0
205.0	26.22968041579122	23.7291275019352	23.781101404401195	26.260090677872387	0.0
206.0	26.17750242591625	23.767344264470484	23.877374426004717	26.17777888360855	0.0
207.0	26.31296669514181	23.7756379952394	23.75960344908617	26.151791860532626	0.0
208.0	26.296451932168154	23.67590222217307	23.79560873387556	26.232037111783214	0.0
209.0	26.263829834290803	23.711288904616303	23.748334337799058	26.276546923293836	0.0
210.0	26.28815817847052	23.766857054390435	23.70271869246208	26.242266074676955	0.0
211.0	26.241713157763787	23.79947915226779	23.6933191049381	26.265488585030326	0.0
212.0	26.214067312105012	23.696913064873744	23.71902974140076	26.369989881620487	0.0
213.0	26.23341940406615	23.819660619598693	23.77238622352219	26.174533752812966	0.0
214.0	26.186493861223	23.83327297307011	23.76581692317475	26.214416242532145	0.0
215.0	26.161888990564446	23.864789324250726	23.752546880572382	26.220774804612446	0.0
216.0	26.286848558403392	23.80396829565655	23.79235700837948	26.11682613756058	0.0
217.0	26.245932593712762	23.74397664472502	23.745635400050315	26.264455361511903	0.0
218.0	26.234321306435692	23.80645642864449	23.76001127953621	26.1992109853836	0.0
219.0	26.164653582773273	23.719648233287348	23.83465526917452	26.281042914764857	0.0
220.0	26.25907136834248	23.74576669477351	23.823728626128304	26.171433310755702	0.0
221.0	26.28312345354768	23.697386063613617	23.722267531067274	26.29722295177142	0.0
222.0	26.246979657961816	23.662893888541774	23.75882603382783	26.33130041966858	0.0
223.0	26.186506982054837	23.71686945174766	23.839342240947932	26.257281325249576	0.0
224.0	26.270900606006993	23.689841641969302	23.77416286990755	26.26509488211616	0.0
225.0	26.312239086561057	23.776506040750878	23.77180614304277	26.1394487296453	0.0
226.0	26.30809211799508	23.794752702441183	23.679743440878052	26.217411738685687	0.0
227.0	26.18036548616295	23.82212269497664	23.714854441403336	26.28265737745708	0.0
228.0	26.263857786624644	23.704901716844986	23.795858560725446	26.235381935804924	0.0
229.0	26.219215499795418	23.71526203456932	23.77940216970595	26.28612029592931	0.0
230.0	26.229997677684764	23.725491280259213	23.786313822199123	26.2581972198569	0.0
231.0	26.163731016884018	23.76977796700608	23.890318852760416	26.176172163349488	0.0
232.0	26.305836556511835	23.78277205331446	23.754848591247516	26.156542798926193	0.0
233.0	26.290150455347224	23.676120120983573	23.804126048515077	26.22960337515413	0.0
234.0	26.26830927116798	23.704043660250704	23.75049073546732	26.277156333114	0.0
235.0	26.302038694837186	23.760720150842406	23.681926005385648	26.25531514893476	0.0
236.0	26.244809262873858	23.792790750396737	23.68994365527423	26.272456331455174	0.0
237.0	26.209421015089767	23.6913260087033	23.72477896168669	26.37447401452024	0.0
238.0	26.232091611326453	23.81684370006248	23.776478979933756	26.174585708677313	0.0
239.0	26.180463974387685	23.83018017644408	23.764103499852087	26.225252349316147	0.0
240.0	26.166474972904822	23.859790758886113	23.74200968790781	26.231724580301254	0.0
241.0	26.293233352964435	23.80920781594322	23.777134467513292	26.120424363579055	0.0
242.0	26.251130227040836	23.74126579898411	23.744030880429584	26.26357309354547	0.0
243.0	26.234213706388076	23.808509873433124	23.76011746910491	26.197158951073895	0.0
244.0	26.164869595997864	23.720503198223486	23.83692793557647	26.27769927020218	0.0
245.0	26.266766226942117	23.730468209850937	23.83445338643215	26.168312176774798	0.0
246.0	26.278321090361977	23.69540446057173	23.722785202230288	26.303489246836005	0.0
247.0	26.2494813995298	23.656479048541005	23.757709860323605	26.336329691605588	0.0
248.0	26.18481249343077	23.724462982734682	23.84340062068851	26.247323903146043	0.0
249.0	26.27063089676461	23.69271961342395	23.780125189125197	26.256524300686245	0.0
