# Position (bp)	A	C	G	T	N
0.0	26.006198465113346	23.99785969584835	23.996657277785626	25.99928456125268	0.0
1.0	25.93194914974013	24.057379389953194	24.01168750356968	25.998983956737	0.0
2.0	25.987134784176984	24.031802332571843	24.00084164963328	25.98022123361789	0.0
3.0	25.852740673054956	24.101571423418658	23.972923905594364	26.072763997932018	0.0
4.0	25.865012383082064	24.045420664117916	23.933311692995744	26.156255259804272	0.0
5.0	26.056615284744407	23.998232838548162	23.88342745171111	26.061724424996317	0.0
6.0	26.040245463670296	24.03818991579466	23.898749241190295	26.02281537934475	0.0
7.0	25.98272105777177	24.02944932762377	23.907745473668395	26.080084140936066	0.0
8.0	26.06185901577276	24.092743450053938	23.865572479859612	25.979825054313693	0.0
9.0	26.082540827211133	23.975000375595318	23.949760370186745	25.992698427006804	0.0
10.0	26.062579997716494	23.962358257567107	24.024553665322603	25.950508079393792	0.0
11.0	26.035159829699268	23.9637885602858	24.02087596109644	25.980175648918497	0.0
12.0	25.972964608816095	23.98452030058019	23.998641920780713	26.043873169823	0.0
13.0	26.00060692920862	23.998341460776448	24.01186216096844	25.989189449046492	0.0
14.0	26.046877769865663	23.952972000132203	23.952671540127938	26.047478689874197	0.0
15.0	25.92068456807372	24.022077801113507	24.025983781168968	26.031253849643804	0.0
16.0	26.071215030211253	23.980313860520457	24.043110001412163	25.90536110785613	0.0
17.0	26.14332543123522	23.897086439338626	23.96529086030713	25.99429726911902	0.0
18.0	25.92338870811212	24.028988381211636	24.095690502158806	25.951932408517443	0.0
19.0	26.08743987044165	23.89077677924903	23.904297479441023	26.1174858708683	0.0
20.0	26.09847847510997	23.942984880898013	23.89881739297647	26.05971925101555	0.0
21.0	25.962670961228756	24.064069898805375	23.92255366199553	26.050705477970336	0.0
22.0	26.02576737254525	23.860058168882052	24.11725115977213	25.996923298800567	0.0
23.0	26.039888950316083	23.895512342859888	23.920750907386488	26.14384779943754	0.0
24.0	25.957262697401628	23.965519313511045	23.953200490349253	26.124017498738073	0.0
25.0	26.02757012715429	23.979941350383385	23.992861091748193	25.999627430714135	0.0
26.0	25.948248924356417	24.04604235271495	24.00548037401149	26.000228348917144	0.0
27.0	26.000528808018654	24.017799197173282	23.991358796240654	25.99031319856741	0.0
28.0	25.87734057640074	24.070379539937022	23.97002620003365	26.082253683628586	0.0
29.0	25.894767204288154	24.027113429320003	23.938477994375408	26.139641372016442	0.0
30.0	26.063625219335147	23.998269355575317	23.879287551378507	26.058817873711032	0.0
31.0	26.050705477970336	24.0568588803692	23.879588010480013	26.012847631180442	0.0
32.0	25.98039804821768	24.032822152248638	23.932769271446773	26.05401052808692	0.0
33.0	26.06122154652309	24.10192774559527	23.860659087085065	25.97619162079658	0.0
34.0	26.089164242963246	23.988654664327093	23.9339711078528	25.988209984856862	0.0
35.0	26.076244501598445	23.964317477105016	24.025911592913975	25.93352642838257	0.0
36.0	26.040712085931045	23.96033951776459	24.010516036956357	25.988432359348007	0.0
37.0	25.9827236535717	24.002704123788778	23.984977090062344	26.02959513257718	0.0
38.0	26.00555847667693	23.980770675279803	24.010215578757606	26.00345526928566	0.0
39.0	26.017877262825813	23.97476151130474	23.945316607826935	26.062044618042513	0.0
40.0	25.922932472019834	23.996694959813716	24.021933448508975	26.05843911965748	0.0
41.0	26.073462029595134	23.97776609329227	24.044167355216707	25.90460452189589	0.0
42.0	26.130549087358222	23.91647262074664	23.960639975963343	25.992338315931796	0.0
43.0	25.929542552392398	24.01742657552768	24.10455945316608	25.948471418913844	0.0
44.0	26.09178997971907	23.884323593480055	23.906557500187787	26.117328926613087	0.0
45.0	26.09772073095251	23.95425838125627	23.86622439352695	26.08179649426427	0.0
46.0	25.965819978006525	24.070234897514016	23.925414480839837	26.038530643639618	0.0
47.0	26.034624698791557	23.842788724438595	24.133330929674965	25.98925564709488	0.0
48.0	26.060163568951943	23.89957515338345	23.897772409607423	26.142488868057185	0.0
49.0	25.955003515350363	23.950051979112207	23.955159753144287	26.13978475239314	0.0
50.0	26.058060367879914	23.9758913065686	23.99722377458492	25.968824550966573	0.0
51.0	25.93607470570208	24.033879564697468	24.014349840457175	26.015695889143274	0.0
52.0	25.980542385510745	24.03117544903343	23.987609141112774	26.00067302434305	0.0
53.0	25.89040519670939	24.0624230078179	23.979196336824646	26.067975458648064	0.0
54.0	25.89160702589341	24.030274077145418	23.93352682783196	26.144592069129214	0.0
55.0	26.063769056504	24.00743932264907	23.86502256434293	26.063769056504	0.0
56.0	26.04814527711176	24.02997361984941	23.883951373991213	26.037929729047608	0.0
57.0	26.00728308485515	24.011044810201128	23.910692073335618	26.07098003160811	0.0
58.0	26.05986311165594	24.095473310378395	23.878543142663133	25.966120435302532	0.0
59.0	26.09291341421644	23.99001279948081	23.92030670680776	25.996767079494994	0.0
60.0	26.087805640184357	23.95546021044029	24.011645724793134	25.945088424582213	0.0
61.0	26.046564731827647	23.943069522604837	24.021789097639314	25.988576647928202	0.0
62.0	25.986172996782113	23.993546196672746	23.98813798159404	26.032142824951098	0.0
63.0	26.014716354141942	23.986034786841213	24.004062170436892	25.995186688579953	0.0
64.0	26.02493187151283	23.97882383340294	23.958392798661166	26.037851496423066	0.0
65.0	25.921274415837658	24.00977084190886	24.024192748785406	26.04476199346808	0.0
66.0	26.068498048535726	23.97972520258272	24.037713286482166	25.914063462399383	0.0
67.0	26.13730256259258	23.909117950166305	23.962298731773565	25.991280755467557	0.0
68.0	25.920072590264613	24.02509411796519	24.110123277258154	25.944710014512047	0.0
69.0	26.11566970227776	23.876969116087338	23.91272342688544	26.094637754749467	0.0
70.0	26.090352975110264	23.966733568089225	23.870888266612184	26.072025190188324	0.0
71.0	25.960556203204057	24.079404377035583	23.912952035285493	26.047087384474864	0.0
72.0	26.02875959955292	23.86037232444386	24.12597497806675	25.984893097936475	0.0
73.0	26.063011525472618	23.901835182136118	23.900633360174023	26.13451993221724	0.0
74.0	25.97077168988186	23.948706238657806	23.945401228262046	26.13512084319829	0.0
75.0	26.058805148605284	23.983258620068025	23.995877750670015	25.962058480656676	0.0
76.0	25.953345271431488	24.054767026812648	24.016308724025624	25.97557897773024	0.0
77.0	25.994808129123754	24.030730587570755	23.993474106745825	25.980987176559665	0.0
78.0	25.8746259329143	24.064982513490452	23.98145588712488	26.07893566647037	0.0
79.0	25.90046510509933	24.02351965579819	23.94750441669571	26.12851082240677	0.0
80.0	26.070222457245183	23.995877750670015	23.888314685062557	26.045585107022244	0.0
81.0	26.057302871152665	24.022317833836095	23.89702789428774	26.0233514007235	0.0
82.0	25.996310406576367	24.01450599108248	23.934885286093717	26.054298316247433	0.0
83.0	26.06992200175466	24.096830795485957	23.87209008857428	25.961157114185106	0.0
84.0	26.090052519619743	24.002487771461535	23.929777542754817	25.977682166163905	0.0
85.0	26.066917446849423	23.967935390051316	24.032833776004423	25.932313387094837	0.0
86.0	26.04430503351571	23.9381183730985	24.04477975176442	25.97279684162137	0.0
87.0	26.014560029324368	23.98859474384744	23.982886106679405	26.013959120148783	0.0
88.0	26.000739118285964	23.985890652557316	24.011128837931793	26.002241391224924	0.0
89.0	26.020569121080193	23.97928065162591	23.954943830014813	26.045206397279085	0.0
90.0	25.920517743345684	24.010227474168417	24.02855520402369	26.040699578462213	0.0
91.0	26.059327762905276	23.978679742450325	24.05439429857374	25.90759819607065	0.0
92.0	26.138046864906606	23.89575427621992	23.980182015389286	25.986016843484194	0.0
93.0	25.919616379582305	24.011729747107374	24.105471578498268	25.96318229481205	0.0
94.0	26.106799587776308	23.878628364715816	23.9137815514874	26.100790496020483	0.0
95.0	26.092599825736862	23.963885467055253	23.880659796292402	26.062854910915483	0.0
96.0	25.9519875011267	24.076255145269357	23.91370970164949	26.058047651954453	0.0
97.0	26.034912718204488	23.852417149896343	24.128834540155637	25.98383559174353	0.0
98.0	26.057146290899258	23.912207433224168	23.889673406844338	26.140972869032236	0.0
99.0	25.981732415948084	23.93744554276958	23.942853709100742	26.137968332181593	0.0
100.0	26.055043115103803	23.986419493435086	23.992428567136376	25.966108824324728	0.0
101.0	25.95018477901632	24.040801610431753	24.01646486194153	25.9925487486104	0.0
102.0	26.005167803383106	24.034191629360336	23.982513595529248	25.978126971727306	0.0
103.0	25.896103115704715	24.055223387314843	23.979509058678605	26.069164438301833	0.0
104.0	25.90571763362678	24.01225851035063	23.959078208094223	26.12294564792837	0.0
105.0	26.070967160412224	24.001742631373375	23.886368416308628	26.04092179190578	0.0
106.0	26.043325421386292	24.02247393564282	23.889072499474207	26.045128143496683	0.0
107.0	25.99555328546105	24.002643992428567	23.949764143857223	26.05203857825316	0.0
108.0	26.09320073310699	24.082865126340774	23.877354805756692	25.946579334795537	0.0
109.0	26.09981071417841	23.97500225340264	23.955172310188384	25.970014722230566	0.0
110.0	26.054742661418747	23.970495448126673	24.046810684133042	25.92795120632155	0.0
111.0	26.056467095913543	23.916041474502077	24.066868771238255	25.96062265834613	0.0
112.0	26.00208514230946	23.993257839564222	23.993558292346567	26.011098725779753	0.0
113.0	25.99878016170369	23.992056028434853	24.017294062151663	25.9918697477098	0.0
114.0	26.04715305966091	23.966217089153353	23.947589016648088	26.039040834537648	0.0
115.0	25.919761079947477	23.993257839564222	24.039527568045045	26.04745351244325	0.0
116.0	26.05706800147823	23.98784968948205	24.077985524184946	25.877096784854775	0.0
117.0	26.134584819322722	23.899216118690866	23.986647878352677	25.97955118363374	0.0
118.0	25.89452304623067	24.029312173445383	24.125156611012795	25.95100816931115	0.0
119.0	26.09522550483579	23.89470932695572	23.915140116155044	26.094925052053448	0.0
120.0	26.09500345521738	23.942853709100742	23.88726977736382	26.07487305831806	0.0
121.0	25.962202926418893	24.089775561097255	23.901691554246913	26.046329958236935	0.0
122.0	26.01868821921101	23.85001352041583	24.13874951176276	25.9925487486104	0.0
123.0	26.07276988252261	23.888772045789143	23.893579304750173	26.144878766938078	0.0
124.0	25.96009975062344	23.95367004176306	23.942853709100742	26.143376498512755	0.0
125.0	26.041522699275905	24.003244899798695	23.992428567136376	25.96280383378902	0.0
126.0	25.96911336117537	24.03178799987982	24.015563500886337	25.983535138058468	0.0
127.0	25.991346933870147	24.02968482408437	23.9939308355617	25.98503740648379	0.0
128.0	25.880779977766426	24.065138358921974	23.980109966048737	26.073971697262866	0.0
129.0	25.91473124417871	23.986719947120154	23.9617822912598	26.136766517441334	0.0
130.0	26.07817804885377	23.977405882883154	23.904095183727428	26.04032088453565	0.0
131.0	26.0331099960941	24.03689571252591	23.91370970164949	26.016284589730493	0.0
132.0	26.000739118285964	24.00421838241259	23.953141102488065	26.041901396813376	0.0
133.0	26.084343865299797	24.0872162197892	23.87148917759323	25.956950737317776	0.0
134.0	26.070823368226232	23.991971829293206	23.96973812299446	25.9674666794861	0.0
135.0	26.071123823716754	23.942697128847332	24.055367937793694	25.930811109642214	0.0
136.0	26.047165644614168	23.91723027278436	24.061449341549814	25.97415474105166	0.0
137.0	25.994585775793432	23.970411054391622	24.006465821582985	26.028537348231968	0.0
138.0	26.015918179714987	23.978222920616414	24.010972667481905	25.994886232186694	0.0
139.0	26.033645106917408	23.955989147515076	23.98122748454903	26.029138261018485	0.0
140.0	25.933593127961373	23.97071151078488	24.03831419926869	26.057381161985056	0.0
141.0	26.05205122195982	23.98129953789668	24.072338098586048	25.894311141557452	0.0
142.0	26.156009446377386	23.883951373991213	24.002932463209003	25.957106716422395	0.0
143.0	25.912639036613726	24.008941609129096	24.11890897946675	25.95951037479043	0.0
144.0	26.106433992536644	23.8761394842951	23.94554511967214	26.07188140349612	0.0
145.0	26.08127394276271	23.953729437392024	23.906557500187787	26.05843911965748	0.0
146.0	25.942762713137533	24.08232554645835	23.923683617516716	26.051228122887405	0.0
147.0	26.020280928415833	23.826034702921955	24.13670848043266	26.01697588822955	0.0
148.0	26.0749643205889	23.88642680087133	23.894839630436415	26.14376924810336	0.0
149.0	25.955760401894096	23.94118212628897	23.939679830781436	26.163377641035503	0.0
150.0	26.048902723361294	23.98024180948489	23.991358796240654	25.979496670913154	0.0
151.0	25.959666370213686	24.03943225248179	24.03462490685768	25.966276470446843	0.0
152.0	25.99361824868399	24.032822152248638	23.99015695983463	25.98340263923275	0.0
153.0	25.896870417998702	24.06346898060236	23.977838136672837	26.061822464726102	0.0
154.0	25.913996586784606	23.997067519169292	23.970927577338173	26.11800831670793	0.0
155.0	26.06242338292912	23.982945941398455	23.89941831117948	26.055212364492945	0.0
156.0	26.040489868519096	24.02831526572603	23.89641372016441	26.034781145590465	0.0
157.0	25.99940508919155	24.00435066086178	23.952972000132203	26.043272249814464	0.0
158.0	26.12417448365793	24.067519575028093	23.86140339280456	25.946902548509414	0.0
159.0	26.069791059485247	23.978883607453835	23.97317485022024	25.97815048284068	0.0
160.0	26.060777232274308	23.95634903942648	24.055200677839807	25.927673050459404	0.0
161.0	26.047935677135758	23.90474158782048	24.046559562046866	26.000763172996894	0.0
162.0	26.004368714714516	23.9627307171122	24.00239167600602	26.03050889216726	0.0
163.0	26.04463059722794	23.95341640100835	24.010504144870666	25.991448856893047	0.0
164.0	26.03231166302607	23.943801623094696	23.981058887510105	26.04282782636913	0.0
165.0	25.950285588950216	23.952214553769142	24.05857803443893	26.038921822841708	0.0
166.0	26.060633375398112	23.986238807763957	24.07968271137552	25.873445105462412	0.0
167.0	26.170903190914007	23.862147707469504	24.011778138333035	25.955170963283457	0.0
168.0	25.9067964665585	24.002163331530557	24.132864611501713	25.958175590409233	0.0
169.0	26.117120365362656	23.880175470224145	23.92073793642209	26.081966227991103	0.0
170.0	26.082645522040508	23.95175756191804	23.900378283691737	26.06521863234972	0.0
171.0	25.958253585282094	24.060525390677817	23.93793623561155	26.043284788428544	0.0
172.0	26.02675928958383	23.818952643929585	24.15427003866967	26.000018027816925	0.0
173.0	26.06191353258077	23.882350466770227	23.90188060176853	26.15385539888047	0.0
174.0	25.956829258032922	23.945219309051794	23.937407231580025	26.160544201335263	0.0
175.0	26.038555606968373	23.988185735146537	24.009518715934835	25.963739941950255	0.0
176.0	25.95893250965993	24.05368700010216	24.021837761178784	25.965542729059127	0.0
177.0	25.995889645391774	24.01282382563443	24.000204315872338	25.991082213101457	0.0
178.0	25.888924276932133	24.058193967874335	23.981875980265492	26.07100577492804	0.0
179.0	25.925280483627688	23.993293631955	23.979171799602188	26.102254084815122	0.0
180.0	26.065296949083283	23.96084346399534	23.906759850729227	26.06709973619215	0.0
181.0	26.013617051962335	24.03535866449531	23.919980289527608	26.031043994014745	0.0
182.0	26.00648404378382	23.994567585189458	23.971732213198244	26.027216157828477	0.0
183.0	26.120138454881975	24.077267919811547	23.860932166722755	25.94166145858372	0.0
184.0	26.080176433825297	23.966696312677275	23.95678092399404	25.99634632950339	0.0
185.0	26.06485265131484	23.95678092399404	24.05112734964665	25.92723907504447	0.0
186.0	26.04540059792978	23.892552919790276	24.04669260700389	26.015353875276055	0.0
187.0	26.01625527695567	23.952946832324265	24.008833736460193	26.021964154259873	0.0
188.0	26.028574433243694	23.95775430794886	24.014242146537867	25.999429112269578	0.0
189.0	26.020762285353726	23.946036086113907	23.975481874314557	26.057719754217807	0.0
190.0	25.971185192975078	23.947237955020057	24.045791205324278	26.035785646680587	0.0
191.0	26.076427073380327	23.973150167961684	24.074407927551125	25.876014831106865	0.0
192.0	26.195412452601154	23.860474619457115	23.991779191981106	25.952333735960625	0.0
193.0	25.915376156051128	23.986671233782232	24.135402957808267	25.962549652358373	0.0
194.0	26.125403378463645	23.857770406293007	23.94340382315648	26.07342239208687	0.0
195.0	26.093031221737135	23.94768233212044	23.892095561170986	26.067190884971442	0.0
196.0	25.937388263078663	24.072677449498666	23.923344340515545	26.066589946907122	0.0
197.0	26.053970247556435	23.822086276677894	24.145090486249035	25.97885298951664	0.0
198.0	26.09363215980145	23.881879614077576	23.88007679988462	26.144411426236353	0.0
199.0	25.97352258932971	23.93964159946156	23.935134550436885	26.151701260771848	0.0
200.0	26.05556356818346	23.972981418715896	24.015047715199152	25.95640729790149	0.0
201.0	25.98210368803447	24.04554004435016	24.02931437534179	25.943041892273577	0.0
202.0	26.009459077769964	24.002860559732213	24.00105768595141	25.986622676546418	0.0
203.0	25.894241517325927	24.0594838880275	23.98135794901381	26.064916645632756	0.0
204.0	25.917078330268396	23.980456495871344	23.98286037091792	26.11960480294234	0.0
205.0	26.080999056473374	23.949350048378275	23.920803860646526	26.048847034501826	0.0
206.0	26.021803277703327	24.031983749707024	23.900070313767678	26.046142658821974	0.0
207.0	26.010619277564594	23.997644167059807	23.969097721993684	26.02263883338191	0.0
208.0	26.121434667115402	24.082899623784513	23.864141735879898	25.931523973220187	0.0
209.0	26.091542312477088	23.962246007945044	23.94782232425643	25.99838935532144	0.0
210.0	26.092744286117803	23.93460061420853	24.041275774822257	25.931379324851406	0.0
211.0	26.05691997487852	23.902362800984424	24.03848754293338	26.002229681203666	0.0
212.0	26.01320387882722	23.95329060252839	24.016996162641497	26.0165093560029	0.0
213.0	26.024779207822608	23.97116404580818	24.015938505735036	25.988118240634172	0.0
214.0	26.01396121750471	23.974469542849757	23.981381036663972	26.03018820298156	0.0
215.0	25.964534808595545	23.94907099949816	24.06446358973126	26.02193060217503	0.0
216.0	26.082109286727405	23.98279924032983	24.06934394307282	25.865747529869942	0.0
217.0	26.192093179796622	23.868007308219344	23.998725869654063	25.94117364232997	0.0
218.0	25.882876168954493	24.00022838185446	24.158292665336443	25.958602783854605	0.0
219.0	26.121031090169307	23.881372943799693	23.93396118687157	26.06363477915943	0.0
220.0	26.071983436056627	23.96783373551181	23.868065426374294	26.09211740205727	0.0
221.0	25.959148838984405	24.07225432657489	23.932217243793744	26.036379590646963	0.0
222.0	26.038652133800934	23.830473940912903	24.137599432629226	25.993274492656937	0.0
223.0	26.06870355177709	23.88727112088784	23.878856723854515	26.165168603480556	0.0
224.0	25.988724335240658	23.944258787325097	23.925926816367745	26.141090061066503	0.0
225.0	26.045379413974455	23.967843726521412	24.02344102178813	25.963335837716002	0.0
226.0	25.98873622080373	24.045824467765396	24.022683832810415	25.942755478620455	0.0
227.0	26.003173610944145	23.99081576226769	24.014557738080928	25.991452888707233	0.0
228.0	25.90940783304883	24.05753371961628	23.983001947443082	26.05005649989181	0.0
229.0	25.894982328757244	24.02687952299666	23.96917750583031	26.10896064241579	0.0
230.0	26.088981853808658	23.959403982665247	23.922137872585967	26.029476290940128	0.0
231.0	26.02452365210074	24.00823465769069	23.918374706978422	26.048866983230152	0.0
232.0	26.004922806901547	23.994926924267514	23.953452726928475	26.046697541902464	0.0
233.0	26.129502456910153	24.0876373089696	23.86283378664703	25.920026447473216	0.0
234.0	26.076908049949658	23.96712098216298	23.969224758441403	25.986746209445954	0.0
235.0	26.089831247088526	23.926247614467968	24.045862322869553	25.938058815573957	0.0
236.0	26.03807268312035	23.904824303042687	24.04908454852554	26.008018465311423	0.0
237.0	26.015532019763654	23.95802026856449	24.00009617349699	26.02635153817487	0.0
238.0	26.029748111815394	23.992943163614616	24.007669951642036	25.969638772927954	0.0
239.0	26.023737177926648	23.980620749142687	23.971303801615136	26.02433827131552	0.0
240.0	25.97261295053981	23.966373319868232	24.057443073889733	26.00357065570223	0.0
241.0	26.069444778416333	23.99668165532498	24.070021881838073	25.863851684420613	0.0
242.0	26.207624189155883	23.85249400321031	23.983551662568612	25.9563301450652	0.0
243.0	25.885811682162924	24.016040353392793	24.157625931503844	25.94052203294044	0.0
244.0	26.12682217058132	23.88866007894444	23.93044712135378	26.054070629120456	0.0
245.0	26.079949971137196	23.96184096594189	23.884572830479122	26.073636232441793	0.0
246.0	25.9380195977618	24.068745508720973	23.9538890342134	26.039345859303825	0.0
247.0	26.034531491493418	23.846695092102017	24.145883824564145	25.972889591840413	0.0
248.0	26.077895990329157	23.8989493182898	23.892032981903256	26.13112170947779	0.0
249.0	25.980098814288677	23.93765618280944	23.948181137476958	26.134063865424924	0.0
