# Position (bp)	A	C	G	T	N
0.0	26.013875758500188	23.907442589577776	24.06963854766658	26.009043104255454	0.0
1.0	25.87463490807386	24.125214071480997	24.034601804392278	25.965549216052867	0.0
2.0	25.96399242518054	24.05095787639272	23.97273306614074	26.01231663228601	0.0
3.0	25.95383421269604	24.17014233897394	23.91554493810233	25.960478510227684	0.0
4.0	25.82089867756266	24.093485659753995	24.004095056035226	26.081520606648123	0.0
5.0	25.952342846444438	24.002814375054733	24.016705067384954	26.028137711115875	0.0
6.0	25.96043807390006	24.15173759047277	23.953656201970546	25.934168133656627	0.0
7.0	26.015712750153984	24.1397842969118	23.851133467795506	25.99336948513871	0.0
8.0	25.983660012318392	24.021472651957055	23.961692209219475	26.033175126505075	0.0
9.0	25.93848309009558	24.039477577243332	24.05457301057284	25.96746632208824	0.0
10.0	26.073318661147994	23.893925534130943	24.139065750107928	25.893690054613135	0.0
11.0	25.90606782413907	24.069327585217927	24.08774329109797	25.936861299545043	0.0
12.0	25.889463499165256	24.066912410676277	24.015891848484024	26.02773224167444	0.0
13.0	26.131282850147475	23.96336180220324	24.023439268926666	25.881916078722618	0.0
14.0	26.028336035309852	24.017401332572554	23.948568858135665	26.005693773981932	0.0
15.0	25.925389220472226	24.031288586187014	24.013174777124675	26.03014741621609	0.0
16.0	26.07271486751258	23.96155042129701	24.044270149348357	25.921464561842058	0.0
17.0	26.098979890652974	23.86041498736562	24.006231150317443	26.034373971663964	0.0
18.0	25.921464561842058	24.11732917923312	24.004721666228917	25.95648459269591	0.0
19.0	25.908784895498414	24.06962948203563	24.033099967093246	25.988485655372706	0.0
20.0	25.97391619369641	24.032423620335706	23.899287525661155	26.094372660306725	0.0
21.0	25.947349353942762	24.079519381717184	24.009781427363844	25.963349836976214	0.0
22.0	25.992029948073903	24.000422654268807	24.069254920903273	25.938292476754015	0.0
23.0	26.029163144547763	23.99498852795556	23.988044922110856	25.987803405385822	0.0
24.0	25.938594372660305	23.982007003985025	23.999516966549933	26.079881656804734	0.0
25.0	26.01376645332689	23.916495592319766	24.07076440043473	25.99897355391861	0.0
26.0	25.87308296099505	24.12480376766091	24.04661272793141	25.95550054341263	0.0
27.0	25.959727086100713	24.045707040212534	23.991365777080063	26.003200096606687	0.0
28.0	25.97301050597754	24.15680473372781	23.92072213500785	25.949462625286802	0.0
29.0	25.830817534114235	24.094010385219175	24.000120758362517	26.07505132230407	0.0
30.0	25.959727086100713	24.00313971742543	24.01340417823934	26.023729018234516	0.0
31.0	25.974821881415288	24.1571066296341	23.947288974761502	25.920782514189106	0.0
32.0	26.02425424388889	24.1301650459937	23.869931560404662	25.975649149712748	0.0
33.0	26.00131022427779	24.02178474283075	23.958386793905344	26.018518238986115	0.0
34.0	25.95904492499419	24.03053969768235	24.05106855733439	25.959346819989072	0.0
35.0	26.07768965798316	23.885026310148806	24.162769705441054	25.874514326426983	0.0
36.0	25.917987205690117	24.079144791858496	24.075823946914785	25.9270440555366	0.0
37.0	25.89413750109437	24.079144791858496	24.00970894303543	26.017008764011702	0.0
38.0	26.131728862067195	23.96412279880812	24.016350632922855	25.88779770620183	0.0
39.0	26.01972581896565	24.023294217805162	23.952952683997452	26.00402727923174	0.0
40.0	25.90500572091015	24.013029787979146	24.036275702585126	26.045688788525574	0.0
41.0	26.06742522815714	23.967443643751828	24.04623823741626	25.918892890674766	0.0
42.0	26.094897672691488	23.86057281556329	24.015143052943326	26.029386458801902	0.0
43.0	25.917685310695234	24.1214100911421	24.016954422912622	25.94395017525005	0.0
44.0	25.91466636074641	24.064351937109237	24.02601127275911	25.99497042938525	0.0
45.0	25.96107981475779	24.043750490577885	23.885557990834496	26.109611703829827	0.0
46.0	25.953532462670797	24.07756262792762	24.013561082229913	25.955343827171674	0.0
47.0	25.97949535385006	23.970692122375787	24.092355438018124	25.957457085756037	0.0
48.0	26.018439690618944	24.00450425972552	23.980050838963656	25.99700521069188	0.0
49.0	25.930286618242853	23.980956521214097	24.02291979881778	26.065837061725265	0.0
50.0	26.022364313704184	23.9048792121772	24.071222852174543	26.001533621944077	0.0
51.0	25.853001732872038	24.108959612609514	24.07424179300934	25.96379686150911	0.0
52.0	25.937532076246374	24.06397739417103	23.986390614716733	26.012099914865868	0.0
53.0	25.976778307098737	24.16239486538543	23.922690963102504	25.93813586441333	0.0
54.0	25.834586193779774	24.09778953152076	24.00239100114116	26.065233273558302	0.0
55.0	25.980702930183973	23.99061713188545	23.995447437221127	26.033232500709452	0.0
56.0	25.97708020118222	24.128884622119177	23.950465218782643	25.94356995791596	0.0
57.0	26.02500279251184	24.12005687667362	23.85318331255302	26.001757018261518	0.0
58.0	25.995719154819874	24.01620562547737	23.9784689789671	26.009606240735657	0.0
59.0	25.9649260512675	24.026168100156077	24.04458358365309	25.964322264923332	0.0
60.0	26.06847540929167	23.90390136546282	24.150246193881834	25.87737703136368	0.0
61.0	25.913000425669374	24.06330096032218	24.102547072692857	25.92115154131559	0.0
62.0	25.88613193335406	24.089867559465407	24.02496052746775	25.99903997971278	0.0
63.0	26.14545816817261	23.968506504288392	24.011677227896136	25.87435809964286	0.0
64.0	26.015644104177294	24.004129898594083	23.984808735580827	25.99541726164779	0.0
65.0	25.910585280292715	24.018318877681942	24.020130236714436	26.050965605310907	0.0
66.0	26.063041332194192	23.96518567939549	24.03492300214646	25.93684998626386	0.0
67.0	26.11436317144815	23.85469277841343	24.009563975691563	26.021380074446853	0.0
68.0	25.905754989539403	24.104358431725352	24.01801698450986	25.97186959422539	0.0
69.0	25.922962900348086	24.063904746666346	24.044281690481007	25.96885066250457	0.0
70.0	25.961224958036976	24.036359903877504	23.89296108004975	26.10945405803577	0.0
71.0	25.966055234208014	24.054171547258214	24.020057721800246	25.959715496733526	0.0
72.0	25.962130634819047	23.988359034427795	24.107606477400346	25.941903853352816	0.0
73.0	25.995036891234257	24.017340691454034	23.98050983564985	26.007112581661858	0.0
74.0	25.94733791404524	23.977189020782262	24.011000953979543	26.06447211119296	0.0
75.0	26.024018548260496	23.92586733646496	24.073492651942374	25.976621463332165	0.0
76.0	25.870053495308593	24.116965137481735	24.064737776382366	25.948243590827307	0.0
77.0	25.954281436041104	24.066549129946505	23.995604448684354	25.983564985328034	0.0
78.0	25.961224958036976	24.157720592674885	23.922848413858063	25.958206035430077	0.0
79.0	25.825977225247854	24.104889447054134	24.00586878554781	26.0632645421502	0.0
80.0	25.970885510379055	24.005566893287124	24.019453937278865	26.004093659054956	0.0
81.0	25.966055234208014	24.166475468234896	23.942773303063603	25.924695994493486	0.0
82.0	26.017298374315086	24.121722592039124	23.8783981645006	25.982580869145195	0.0
83.0	25.98680734803544	24.015154945735027	23.975607178976286	26.022430527253242	0.0
84.0	25.956618213105102	24.02934383915229	24.05862730003472	25.95541064770789	0.0
85.0	26.066204772902235	23.894700297362977	24.16942142522906	25.86967350450573	0.0
86.0	25.91435342420263	24.062853778924964	24.11236396021072	25.910428836661687	0.0
87.0	25.920391251188697	24.069495388609642	24.030853295898805	25.979260064302856	0.0
88.0	26.14530030641972	23.9590031547646	24.02783438240577	25.86786215640991	0.0
89.0	26.004920828993644	24.00096605231777	23.981645005962353	26.01246811272623	0.0
90.0	25.9025796615798	24.02572114296065	24.026324925659257	26.0453742698003	0.0
91.0	26.083110688463222	23.945116152696645	24.037193014234177	25.934580144605956	0.0
92.0	26.121148998475448	23.840057963139067	24.020890881371795	26.01790215701369	0.0
93.0	25.893522921100697	24.096363718697642	24.026324925659257	25.98378843454241	0.0
94.0	25.921900707935215	24.057419734637502	24.05289136439795	25.967788193029328	0.0
95.0	25.970728703139056	24.028063735109253	23.91183591650918	26.089371645242508	0.0
96.0	25.969521141387368	24.058252778901483	24.020214583723277	25.952011495987875	0.0
97.0	25.962275770877234	23.992440663434426	24.09810231670722	25.94718124898112	0.0
98.0	25.99729506167622	24.01961080284743	23.985195292924292	25.997898842552058	0.0
99.0	25.929067822705782	23.979459374603767	24.007837075768464	26.083635726921983	0.0
100.0	26.02657843415468	23.919081287019313	24.059762231091092	25.99457804773492	0.0
101.0	25.876236996069384	24.112593057727487	24.06851705379084	25.942652892412287	0.0
102.0	25.942954782850208	24.058856559777325	23.987912306865592	26.01027635050687	0.0
103.0	25.96076631868762	24.151838814657385	23.935081480229194	25.952313386425796	0.0
104.0	25.836387458263648	24.101423111524365	24.01659189846821	26.04559753174378	0.0
105.0	25.989747800728157	24.007837075768464	24.017195679344052	25.985219444159323	0.0
106.0	25.956237962118788	24.165121993925965	23.956213810883753	25.922426233071494	0.0
107.0	26.00053736335725	24.111916485281377	23.903008932911092	25.98453721845028	0.0
108.0	25.998122247144877	24.024972301635938	23.97334919259646	26.003556258622716	0.0
109.0	25.968838963069857	24.006255150990047	24.063312271507364	25.961593614432733	0.0
110.0	26.045820792339253	23.90482027007037	24.17923784970128	25.870121087889096	0.0
111.0	25.932612219884255	24.03040631311378	24.134256310245828	25.902725156756134	0.0
112.0	25.926574429353323	24.072972736356856	24.034632766485434	25.965820067804383	0.0
113.0	26.135180092197064	23.954632041950568	24.03282142932615	25.877366436526216	0.0
114.0	26.02438663595444	24.000821139512208	23.980896430760126	25.993895793773227	0.0
115.0	25.90393271486232	24.016519394892633	24.040972446542913	26.038575443702133	0.0
116.0	26.079632419312475	23.95372637337093	24.066029277246283	25.900611930070312	0.0
117.0	26.116462941551166	23.868291637358226	24.011387272941338	26.003858148149266	0.0
118.0	25.88702690137571	24.11070892717519	24.038859219857088	25.96340495159201	0.0
119.0	25.924461202667498	24.066934945825924	24.048217795180033	25.960386056326545	0.0
120.0	25.96438900394269	24.016290008030285	23.900364079868133	26.118956908158893	0.0
121.0	25.97012492226321	24.07002650598045	24.020214583723277	25.939633988033062	0.0
122.0	25.957445523870476	23.992742553872347	24.113498729041254	25.93631319321592	0.0
123.0	26.01088013138272	24.00995030883392	23.985799073800138	25.993370485983224	0.0
124.0	25.92061489044396	23.987308525989746	24.017195679344052	26.07488090422224	0.0
125.0	26.022955748899605	23.928138000156984	24.06489436853577	25.984011882407636	0.0
126.0	25.876538886507312	24.11380061947918	24.069724615542526	25.939935878470987	0.0
127.0	25.95684174299463	24.054026312770567	23.990931211244813	25.998200732989986	0.0
128.0	25.958653085622167	24.162706870422586	23.935081480229194	25.943558563726054	0.0
129.0	25.82884019731559	24.083913466124873	24.03289398211601	26.054352354443527	0.0
130.0	26.007257446127653	23.98640285467598	24.036516667371078	25.96982303182529	0.0
131.0	25.961370099563467	24.156970952102064	23.985195292924292	25.89646365541018	0.0
132.0	26.010052981931803	24.099684523539977	23.90647405998581	25.98378843454241	0.0
133.0	25.973826020015395	24.038098688282087	23.979229875167928	26.008845416534587	0.0
134.0	25.961750366043262	24.008513336050356	24.07855212908874	25.951184168817644	0.0
135.0	26.066506664251538	23.895907862760193	24.18089329650259	25.856692176485684	0.0
136.0	25.910507058241055	24.036661796138194	24.128135151127267	25.924695994493486	0.0
137.0	25.911714627283818	24.053869654997527	24.046020456219587	25.988395261499075	0.0
138.0	26.141756529929598	23.929490043593244	24.025491782492665	25.903261643984493	0.0
139.0	26.01345231913635	23.984132542778134	24.001642293898154	26.000772844187363	0.0
140.0	25.919943968627262	23.998997714668686	24.061791494461772	26.019266822242283	0.0
141.0	26.07851661323141	23.93808756135997	24.06367550008755	25.919720325321066	0.0
142.0	26.127121560671657	23.862915934573515	24.01537244673079	25.99459005802404	0.0
143.0	25.903116150729677	24.082694827346774	24.041939126077008	25.972249895846538	0.0
144.0	25.949305945502083	24.046769431412685	24.06095845333623	25.942966169749006	0.0
145.0	25.946063440214225	24.029030222707938	23.91400822965756	26.110898107420276	0.0
146.0	25.957535450019776	24.053785612288333	24.035370017600478	25.953308920091413	0.0
147.0	25.967196089856024	23.99250092832711	24.092730066628228	25.947572915188637	0.0
148.0	26.022744768914475	24.007897573066135	23.966839853762064	26.002517804257323	0.0
149.0	25.926518536408643	23.955138268325083	24.027593285835046	26.090749909431228	0.0
150.0	26.028861248641466	23.914382320975726	24.070160608622146	25.986595821760655	0.0
151.0	25.88576258905929	24.11242603550296	24.07227387996619	25.92953749547156	0.0
152.0	25.960330877913297	24.03695205893008	24.000422654268807	26.002294408887817	0.0
153.0	25.958519502475546	24.168578674073178	23.934609346697258	25.938292476754015	0.0
154.0	25.811798092017874	24.08102886124864	24.053858229682408	26.05331481705108	0.0
155.0	25.99112426035503	23.989554401642312	24.03725395483637	25.982067383166285	0.0
156.0	25.968180171476874	24.157408525540394	23.974761502234028	25.899649800748705	0.0
157.0	26.005693773981932	24.110083655608186	23.893623637313237	25.99059893309665	0.0
158.0	26.010222226247514	24.0252506498329	23.97000353219277	25.99452359172682	0.0
159.0	25.968560465404135	24.009853912129913	24.057251712509697	25.964333909956256	0.0
160.0	26.076337629325046	23.890906565953888	24.182840788675247	25.849915016045816	0.0
161.0	25.924561795446177	24.014152965541395	24.117100091173114	25.944185147839317	0.0
162.0	25.930297852299557	24.055512954431556	24.02713456789378	25.987054625375105	0.0
163.0	26.174533115161907	23.893091976162157	24.034380113392785	25.897994795283154	0.0
164.0	25.994300170874112	23.974000567567728	24.005096033667638	26.026603227890522	0.0
165.0	25.918903987175344	23.984337498528244	24.074605192052818	26.02215332224359	0.0
166.0	26.077479501020424	23.943653467618255	24.07286647586615	25.906000555495172	0.0
167.0	26.120953036505696	23.84342281636054	24.03090243814078	26.004721708992985	0.0
168.0	25.90358535907933	24.08947095122511	24.05022400946757	25.956719680227998	0.0
169.0	25.972116557379028	24.042676520668042	24.042676520668042	25.942530401284884	0.0
170.0	25.960118948782586	24.035201594034447	23.894817878545442	26.10986157863752	0.0
171.0	25.97068546500219	24.046975712107717	24.043956707473548	25.938382115416548	0.0
172.0	25.95136383534349	23.98508611710719	24.109167207571662	25.954382839977658	0.0
173.0	26.02472564795387	24.00470964722931	23.97874620737543	25.991818497441393	0.0
174.0	25.91430831376006	23.97066726241871	24.039198874511676	26.07582554930955	0.0
175.0	26.00970914821546	23.926891563064178	24.07240802574615	25.990991262974212	0.0
176.0	25.89408092164452	24.098975346733727	24.079351757367903	25.92759197425385	0.0
177.0	25.973179081857538	24.01595246864754	23.994215569657705	26.016652879837217	0.0
178.0	25.964122040611777	24.159053720330643	23.929910576812766	25.946913662244818	0.0
179.0	25.831889238423596	24.060633872126655	24.055803450128913	26.051673439320844	0.0
180.0	26.000350205594835	23.95557219367577	24.063350984500385	25.98072661622901	0.0
181.0	25.93936612787335	24.156940410706632	23.98968704903482	25.914006412385206	0.0
182.0	26.01975044757014	24.099953808950193	23.913076293726775	25.967219449752893	0.0
183.0	25.99529636237935	24.031723892245036	23.981608112718238	25.991371632657373	0.0
184.0	25.973861300051627	23.99881654303768	24.05104563856862	25.976276518342072	0.0
185.0	26.074092859105225	23.874734703365906	24.1956568337092	25.85551560381967	0.0
186.0	25.948277944159987	24.01217273693363	24.109083663414165	25.930465655492224	0.0
187.0	25.957033136894985	24.04991063665346	24.028777412810356	25.964278813641194	0.0
188.0	26.180441503236402	23.885675297072748	24.017305091295526	25.91657810839532	0.0
189.0	25.99688435899913	23.967491063665346	23.99798328663897	26.037641290696552	0.0
190.0	25.919071584483337	23.98597957316797	24.055115614178625	26.039833228170068	0.0
191.0	26.08217854662923	23.93019955921867	24.067868248648974	25.919753645503125	0.0
192.0	26.130785254958788	23.848685203634936	24.018657730278054	26.00187181112822	0.0
193.0	25.90254505932434	24.107417806358118	24.034054886332758	25.95598224798478	0.0
194.0	25.963227968481117	24.050357757449508	24.047942517284064	25.938471756785315	0.0
195.0	25.959683481820733	24.028693139791503	23.8973640593064	26.114259319081363	0.0
196.0	25.96421207080298	24.053751332159926	24.030806481316553	25.95123011572054	0.0
197.0	25.99893125300019	23.981897720308307	24.091187667746482	25.927983358945024	0.0
198.0	26.03334852926525	24.010276877930377	23.971331012683066	25.985043580121303	0.0
199.0	25.944364606856908	23.962949992150424	24.020312292439044	26.072373108553627	0.0
200.0	26.02166509673212	23.910103132623238	24.084607395599352	25.983624375045288	0.0
201.0	25.903338002995024	24.103606105985218	24.06556446548476	25.927491425535	0.0
202.0	25.988043839256058	23.989311916910722	23.99836961444401	26.02427462938921	0.0
203.0	25.98080952639747	24.15294408917713	23.938274065083363	25.92797231934204	0.0
204.0	25.82637890846729	24.046811028852307	24.058586248958346	26.068223813722057	0.0
205.0	26.010108634609697	23.938563172927697	24.061448904294057	25.98987928816855	0.0
206.0	25.931606693196297	24.144479803865917	23.992910670829282	25.9310028321085	0.0
207.0	26.020465161218247	24.09744049613976	23.915675564694126	25.96641877794787	0.0
208.0	25.998882833376108	24.037500566131737	23.969866694847447	25.99374990564471	0.0
209.0	25.96720281895123	23.995205125805057	24.057707579101837	25.97988447614188	0.0
210.0	26.076664100125306	23.86943853133445	24.187689659857785	25.86620770868246	0.0
211.0	25.965504538399752	24.012150712314373	24.0939808076721	25.928363941613775	0.0
212.0	25.959175046048856	24.042938671981158	24.02542500830389	25.97246127366609	0.0
213.0	26.16768528360228	23.88938544786936	24.027079911102522	25.91584935742584	0.0
214.0	25.99194366605469	23.988730795245917	23.998091603053435	26.021233935645956	0.0
215.0	25.920613591412135	23.987136321773132	24.066854891066384	26.02539519574834	0.0
216.0	26.100689705154068	23.931017405693993	24.081097730374807	25.887195158777132	0.0
217.0	26.13315859086709	23.861405871588445	24.017828563145848	25.98760697439862	0.0
218.0	25.886445581209948	24.091208319996134	24.067654323970118	25.954691774823797	0.0
219.0	25.946404628746063	24.059936946622056	24.05570922970998	25.937949194921906	0.0
220.0	25.941953271507817	24.039776896665227	23.890598435136056	26.127671396690893	0.0
221.0	25.973527892951946	24.052291923984043	24.050781993169075	25.923398189894943	0.0
222.0	25.990004076887068	23.98810152958763	24.091080677065246	25.930813716460055	0.0
223.0	26.006021785939705	23.99624317868155	23.979633438125695	26.01810159725305	0.0
224.0	25.944817922095183	23.965789044521355	24.03102179861199	26.05837123477147	0.0
225.0	26.02546524199832	23.892690823211062	24.08718342101607	25.994660513774548	0.0
226.0	25.89229087262997	24.095024674281365	24.076904027011846	25.93578042607682	0.0
227.0	25.97414756425357	23.97934221255776	24.017094017094017	26.029416206094652	0.0
228.0	25.990166291157514	24.14060753957947	23.934027169546912	25.935198999716103	0.0
229.0	25.78933380046028	24.062675550132585	24.057239158929878	26.090751490477253	0.0
230.0	26.012225839771432	23.949115378342626	24.067809919601814	25.97084886228413	0.0
231.0	25.9563518190769	24.117643505626667	23.991096399296893	25.93490827599954	0.0
232.0	26.005225086455546	24.07526540720941	23.918210785424122	26.001298720910913	0.0
233.0	26.011579897973668	24.013337722861692	23.97256343422201	26.002518944942626	0.0
234.0	25.97865843529422	23.974677656595922	24.062568900997007	25.98409500711285	0.0
235.0	26.088900030505208	23.86352996608183	24.185495830451448	25.862074172961513	0.0
236.0	25.954429033972843	24.018689895133623	24.105977866911516	25.92090320398202	0.0
237.0	25.940546809873023	24.050392045523193	24.022000459097995	25.987060685505792	0.0
238.0	26.169663946260396	23.91732461836788	24.02062353886395	25.892387896507774	0.0
239.0	26.019403399823602	23.97183728207421	24.007176599934756	26.00158271816743	0.0
240.0	25.934126346440806	23.990056123096252	24.06829014855403	26.00752738190891	0.0
241.0	26.108850565337825	23.93147676571784	24.084932077899715	25.874740591044613	0.0
242.0	26.149844572733617	23.84909809892364	24.016458070889335	25.98459925745341	0.0
243.0	25.899552263155666	24.100749853473435	24.065402207868324	25.93429567550257	0.0
244.0	25.952660075898574	24.061540692755795	24.061842836769717	25.92395639457591	0.0
245.0	25.95493429302681	24.016812766098887	23.90259232063915	26.12566062023515	0.0
246.0	25.959827027157704	24.0599663361729	24.055735693628954	25.92447094304044	0.0
247.0	25.991628764411672	23.997944967436798	24.104323123649497	25.906103144502033	0.0
248.0	26.015038957427905	23.99342347842381	23.984658812720248	26.006878751428037	0.0
249.0	25.952567330272707	23.969909541238376	24.029449721793217	26.0480734066957	0.0
