# Position (bp)	A	C	G	T	N
0.0	26.24449141109812	23.75663279071859	23.68580807626585	26.313067721917438	0.0
1.0	26.338643313247594	23.727403543484126	23.802725065203706	26.131228078064574	0.0
2.0	26.18506288203471	23.83727956158224	23.738916602262346	26.238740954120704	0.0
3.0	26.20548372502129	23.692086339022012	23.785945320118138	26.316484615838565	0.0
4.0	26.243115656963024	23.712768348881646	23.664156457232774	26.37995953692256	0.0
5.0	26.214017785645044	23.69593009370478	23.72992793020609	26.36012419044408	0.0
6.0	26.448384658824324	23.65907999022282	23.696165829893996	26.196369521058855	0.0
7.0	26.30740575300672	23.777577376788507	23.690487227246294	26.224529642958483	0.0
8.0	26.359716272210125	23.606713954631644	23.773860523913196	26.259709249245034	0.0
9.0	26.326981202035977	23.757008505713546	23.688187507724805	26.227822784525667	0.0
10.0	26.19478969173513	23.766027666596447	23.787936240432554	26.251246401235868	0.0
11.0	26.213815844910204	23.683382674299068	23.787026790178246	26.315774690612482	0.0
12.0	26.211287939644855	23.754164021728748	23.791801722346122	26.242746316280275	0.0
13.0	26.267463612208097	23.606702881250246	23.821855707167455	26.303977799374202	0.0
14.0	26.263250436765855	23.719054226376727	23.776072534028415	26.241622802829006	0.0
15.0	26.24808300517378	23.85696550251948	23.672428418149234	26.222523074157504	0.0
16.0	26.3264480683995	23.656980108194343	23.70613382168718	26.31043800171898	0.0
17.0	26.226455371236934	23.682540039210622	23.850505300174706	26.240499289377745	0.0
18.0	26.32026874441754	23.715402807660116	23.696864835714244	26.267463612208097	0.0
19.0	26.267744490570916	23.720177739827992	23.627487880098645	26.38458988950245	0.0
20.0	26.290495637959026	23.759219832259443	23.78140922292192	26.16887530685961	0.0
21.0	26.176459022655653	23.75781544044536	23.6735519316005	26.392173605298492	0.0
22.0	26.25763286950953	23.934207052293935	23.579176801694256	26.228983276502277	0.0
23.0	26.231511181767626	23.717649834562643	23.708942605315343	26.34189637835439	0.0
24.0	26.266620977119647	23.79910455977934	23.786465033452615	26.147809429648394	0.0
25.0	26.246397734996883	23.759781588985074	23.686472336290045	26.307348339727998	0.0
26.0	26.34133462162876	23.7359069281457	23.81314847792015	26.109609972305392	0.0
27.0	26.189660305708014	23.839270165662057	23.737592198322595	26.233477330307338	0.0
28.0	26.22104503310142	23.69736003168299	23.791173141362872	26.290421793852715	0.0
29.0	26.235088911796016	23.72432427877661	23.676575091214993	26.36401171821238	0.0
30.0	26.203349745946237	23.697640909256883	23.72741393208942	26.371595412707467	0.0
31.0	26.45164552126665	23.669553151867696	23.70016880742191	26.178632519443752	0.0
32.0	26.32440798029363	23.781061548702766	23.678822111806127	26.215708359197475	0.0
33.0	26.362045575195143	23.615062902532674	23.756063444626392	26.266828077645798	0.0
34.0	26.321037449406926	23.740896055636227	23.697640909256883	26.24042558569996	0.0
35.0	26.19155288784278	23.754097301609146	23.7937010395279	26.260648771020172	0.0
36.0	26.22658891997259	23.676508589212084	23.783803521071377	26.313098969743955	0.0
37.0	26.216477355713597	23.754030581864345	23.796162099610143	26.233329962811915	0.0
38.0	26.25523835203973	23.613592189378362	23.83183345130158	26.299336007280328	0.0
39.0	26.257766243104474	23.72706641050704	23.77565809430719	26.239509252081294	0.0
40.0	26.258327996674417	23.864415158358334	23.666397024953092	26.210859820014154	0.0
41.0	26.34090577145618	23.656004583909134	23.70010223914973	26.302987405484963	0.0
42.0	26.219286123563318	23.675385082072196	23.855146224454256	26.25018256991023	0.0
43.0	26.30439178940982	23.70628152841911	23.69869785522487	26.290628826946193	0.0
44.0	26.276023234127656	23.720325367667712	23.625950767917132	26.377700630287503	0.0
45.0	26.29708899300055	23.757681980068984	23.78576965856618	26.159459368364285	0.0
46.0	26.18642353972159	23.755996719359153	23.673138067792422	26.384441673126837	0.0
47.0	26.263383778803917	23.923680159987416	23.56893278056782	26.244003280640847	0.0
48.0	26.24793555563046	23.705158021279225	23.707405035559002	26.339501387531318	0.0
49.0	26.25523835203973	23.788297549630926	23.792229824620538	26.164234273708807	0.0
50.0	26.23585785387666	23.768074421112946	23.680721740986662	26.31534598402373	0.0
51.0	26.340624894671205	23.73156043906659	23.812733829923488	26.115080836338716	0.0
52.0	26.201590886110083	23.823688024537397	23.740829372970666	26.23389171638186	0.0
53.0	26.241120807574664	23.674475955610358	23.783736718076337	26.30066651873864	0.0
54.0	26.239154675602265	23.7000356712515	23.676442087582753	26.384367565563476	0.0
55.0	26.193652764241115	23.70087829923967	23.725314510896585	26.38015442562263	0.0
56.0	26.453182184597324	23.654252883894287	23.69694603529488	26.195618896213514	0.0
57.0	26.298700386766242	23.785702850048732	23.684025739476276	26.231571023708746	0.0
58.0	26.357965221934172	23.619986012375396	23.755929994466744	26.266118771223688	0.0
59.0	26.320889590454712	23.746099334604764	23.687396251428957	26.24561482351157	0.0
60.0	26.204887804083377	23.74581845860871	23.785421974052674	26.263871763255242	0.0
61.0	26.23655309945791	23.66794933011263	23.7968710501924	26.298626520237057	0.0
62.0	26.20734207791478	23.75895289722776	23.7876021683566	26.24610285650086	0.0
63.0	26.263236244136728	23.618234418447884	23.82664382214982	26.291885515265566	0.0
64.0	26.25818049040811	23.716540740948798	23.794062298120945	26.231216470522146	0.0
65.0	26.264078869758166	23.86624722635733	23.659523073898267	26.21015082998624	0.0
66.0	26.33626379799455	23.657837822655395	23.701092604555797	26.30480577479426	0.0
67.0	26.21885796140775	23.678622587984158	23.849675589135746	26.252843861472346	0.0
68.0	26.303682273965677	23.712046737634466	23.704182231834395	26.280088756565455	0.0
69.0	26.26829199786535	23.71569811532736	23.62357104738365	26.392438839423644	0.0
70.0	26.280650506979747	23.75895289722776	23.798275426228127	26.16212116956436	0.0
71.0	26.178131056371654	23.763166025334943	23.68536359295565	26.373339325337753	0.0
72.0	26.249754234193745	23.92298401820071	23.566834255540265	26.260427492065276	0.0
73.0	26.241889728393673	23.69968822852007	23.72496699716316	26.3334550459231	0.0
74.0	26.250596859815182	23.77889503693509	23.79883717664242	26.17167092660731	0.0
75.0	26.2278459680364	23.76400865095638	23.683678341712778	26.32446703929444	0.0
76.0	26.337668174030277	23.714012864084488	23.828890823806983	26.119428138078256	0.0
77.0	26.18711906300031	23.83535095357133	23.75333539308485	26.224194590343508	0.0
78.0	26.241535147220326	23.681083950554868	23.77124463880954	26.306136263415265	0.0
79.0	26.253331872786354	23.70271128075926	23.68305007148254	26.36090677497184	0.0
80.0	26.20165097983041	23.709171392378753	23.71226101097938	26.376916616811457	0.0
81.0	26.44544997486174	23.6639506110423	23.684735317991972	26.205864096103994	0.0
82.0	26.301080523886966	23.800455578306384	23.661984490114623	26.236479407692027	0.0
83.0	26.3656816400819	23.620976825051752	23.753268676042254	26.260072858824092	0.0
84.0	26.3266400959467	23.754673048133448	23.673219466844177	26.24546738907567	0.0
85.0	26.215413826324113	23.737258834202642	23.797085085287517	26.25024225418573	0.0
86.0	26.251572892324287	23.672872101384147	23.775671849721373	26.299883156570196	0.0
87.0	26.21983417220924	23.745899245011685	23.79364776199892	26.240618820780153	0.0
88.0	26.263369584756425	23.62231484810354	23.816679399604528	26.297636167535504	0.0
89.0	26.27937938162862	23.7276424591048	23.76162816825454	26.231349991012042	0.0
90.0	26.272357540895204	23.86414704296243	23.647593474743843	26.215901941398528	0.0
91.0	26.31870168973575	23.663322397986697	23.715845766672658	26.30213014560489	0.0
92.0	26.22573251842531	23.679613068488226	23.84280064713284	26.25185376595362	0.0
93.0	26.320386931511774	23.72174411288873	23.69786985439511	26.259999101204386	0.0
94.0	26.2861203487327	23.7276424591048	23.60714767211936	26.37908952004314	0.0
95.0	26.273481035412548	23.75488720115046	23.809657558871113	26.16197420456588	0.0
96.0	26.17714138055006	23.755448948409132	23.68775840373899	26.379651267301817	0.0
97.0	26.26140346935107	23.90234585655222	23.576251572892325	26.259999101204386	0.0
98.0	26.23584396908143	23.69871247528312	23.7276424591048	26.33780109653065	0.0
99.0	26.25466250224699	23.781570195937444	23.783255437713464	26.1805118641021	0.0
100.0	26.211688836958473	23.783817184972136	23.69281412906705	26.31167984900234	0.0
101.0	26.342295074600035	23.71668838756067	23.82173512493259	26.1192814129067	0.0
102.0	26.198487776379654	23.823701240337947	23.75207846485709	26.22573251842531	0.0
103.0	26.253184395828477	23.66213244277918	23.762684919656323	26.321998241736015	0.0
104.0	26.25795923411594	23.711846935536872	23.685444888535613	26.344748941811574	0.0
105.0	26.213019579645707	23.71521740962214	23.687130125578246	26.384632885153902	0.0
106.0	26.414686279080872	23.661289824257864	23.70061202191932	26.22341187474195	0.0
107.0	26.295596194734756	23.80341148151997	23.669154263790155	26.231838059955116	0.0
108.0	26.352894254184307	23.626461592043434	23.761842301135008	26.258801852637255	0.0
109.0	26.32143649605514	23.76408928385852	23.666626408226204	26.247847811860137	0.0
110.0	26.2158283080501	23.72420534051619	23.799198388913386	26.260767962520326	0.0
111.0	26.256481122589413	23.662908598616987	23.778347011802246	26.302263266991353	0.0
112.0	26.225023452816306	23.748574574338406	23.797446311307347	26.228955661537945	0.0
113.0	26.271648213372877	23.617969070369686	23.826095260565	26.284287455692436	0.0
114.0	26.255919378486325	23.733688355606485	23.771886954616694	26.238505311290496	0.0
115.0	26.2705247251667	23.84996938494638	23.669930399905628	26.209575489981297	0.0
116.0	26.306195475712997	23.669930399905628	23.731160507142576	26.292713617238807	0.0
117.0	26.225585196919393	23.682569642225182	23.841824095451557	26.250021065403867	0.0
118.0	26.302263266991353	23.724700449957027	23.698579349163282	26.274456933888334	0.0
119.0	26.266873388496602	23.71739777661684	23.623024767297505	26.39270406758905	0.0
120.0	26.2606942033626	23.749136318441497	23.807557705162992	26.18261177303291	0.0
121.0	26.175028227641178	23.74379974946213	23.696894116854008	26.38427790604268	0.0
122.0	26.246931472836867	23.893785424987502	23.582298319823387	26.276984782352248	0.0
123.0	26.224180836661663	23.690153187616914	23.72245347354466	26.363212502176758	0.0
124.0	26.280916991073887	23.758685968194047	23.783964452833157	26.17643258789891	0.0
125.0	26.206485897414293	23.76037120050332	23.69155754787464	26.34158535420774	0.0
126.0	26.348045411393294	23.72273434559621	23.822724795946453	26.10649544706404	0.0
127.0	26.208732873826655	23.82862310902891	23.74071015689513	26.2219338602493	0.0
128.0	26.25149915878584	23.65174014768294	23.760437936932814	26.336322756598406	0.0
129.0	26.253184395828477	23.731227161527162	23.68516401569517	26.33042442694919	0.0
130.0	26.21133434260307	23.710161698494243	23.689096235461317	26.389407723441366	0.0
131.0	26.425921192698432	23.649493164959427	23.699769403398	26.224816238944143	0.0
132.0	26.304303252788365	23.807343701286115	23.66185156993874	26.226501475986773	0.0
133.0	26.360477820876156	23.627023337724314	23.761842301135008	26.25065654026453	0.0
134.0	26.32677308002348	23.770268486348176	23.644999199512405	26.25795923411594	0.0
135.0	26.238859880966093	23.750326514677013	23.760718809773252	26.25009479458365	0.0
136.0	26.27067229911918	23.67652345856552	23.76218991551321	26.290614326802086	0.0
137.0	26.227698633830666	23.726799838216788	23.799265234585658	26.246236293366888	0.0
138.0	26.269060840207736	23.625189941325335	23.81562279689128	26.29012642157565	0.0
139.0	26.270184337880693	23.757762666734074	23.755796545806405	26.21625644957883	0.0
140.0	26.280576691355527	23.852136471262334	23.658894871513997	26.208391965868138	0.0
141.0	26.32692097036494	23.66366973662406	23.7268664807278	26.2825428122832	0.0
142.0	26.249118756512775	23.68529706682845	23.832475261985614	26.23310891467316	0.0
143.0	26.298064769822766	23.737606381484706	23.703058731005815	26.261270117686713	0.0
144.0	26.262393618515294	23.739572507934724	23.626098924247955	26.371934949302023	0.0
145.0	26.2741903772154	23.75614414515631	23.803050304749597	26.16661517287869	0.0
146.0	26.168581299328707	23.75839114681347	23.708676235148722	26.364351318709094	0.0
147.0	26.244417605257986	23.917928264472096	23.581439766311828	26.25621436395809	0.0
148.0	26.24582198129371	23.69828385248434	23.720192118641688	26.335702047580263	0.0
149.0	26.25263672341298	23.753121234506178	23.803117161804234	26.191124880276607	0.0
150.0	26.22286386783099	23.7626710183721	23.712394215077985	26.302070898718927	0.0
151.0	26.327423685777525	23.72481939622726	23.830429067376723	26.117327850618487	0.0
152.0	26.190917568281147	23.80992506207377	23.769478805037807	26.22967856460728	0.0
153.0	26.24491962688223	23.651296109564722	23.779376283259417	26.32440798029363	0.0
154.0	26.25222244380342	23.725166911498285	23.68809107174456	26.334519572953734	0.0
155.0	26.186777969086616	23.712808298247044	23.696798276535205	26.403615456131135	0.0
156.0	26.412884416069566	23.658318048912022	23.690338092335693	26.238459442682714	0.0
157.0	26.302780407103953	23.79650981526682	23.672361927606612	26.228347850022608	0.0
158.0	26.34856345164833	23.61141149407208	23.758310465217527	26.281714589062066	0.0
159.0	26.32862114390201	23.76645591486039	23.650172599269155	26.254750341968446	0.0
160.0	26.222449420970882	23.733874116288934	23.777971895389957	26.26570456735023	0.0
161.0	26.280103138534827	23.65501395965463	23.77494902057715	26.28993388123339	0.0
162.0	26.236566992298314	23.72467179363305	23.783375371461634	26.255385842606998	0.0
163.0	26.275963766589427	23.60817358331578	23.826416684221613	26.28944596587318	0.0
164.0	26.26613299627835	23.74524260936732	23.781756899094162	26.206867495260166	0.0
165.0	26.27568288743768	23.85394284109262	23.65817007232638	26.21220419914332	0.0
166.0	26.301523769398216	23.660136226388595	23.739344147180674	26.298995857032516	0.0
167.0	26.240853872621305	23.682606558528192	23.82838283828383	26.248156730566674	0.0
168.0	26.30019324539919	23.717502190863538	23.688852436914367	26.29345212682291	0.0
169.0	26.266487652517807	23.750084263982206	23.62228389097364	26.361144192526346	0.0
170.0	26.278003730085615	23.753454823270342	23.79305889490596	26.17548255173808	0.0
171.0	26.15582095589061	23.772554659236455	23.713288991753366	26.358335393119564	0.0
172.0	26.24935397613644	23.92872390625351	23.580151899871918	26.241770217738132	0.0
173.0	26.237837898568632	23.69306563602454	23.73098442801609	26.338112037390736	0.0
174.0	26.24774242113571	23.756892110902946	23.781609615109137	26.213755852852206	0.0
175.0	26.234260146114156	23.768408220817193	23.685829286310152	26.3115023467585	0.0
176.0	26.34219233642865	23.722691294358214	23.827179219261733	26.10793714995141	0.0
177.0	26.20933537815079	23.799652830443062	23.783361702366708	26.20765008903944	0.0
178.0	26.233845756289657	23.655065291092377	23.789607916386952	26.32148103623101	0.0
179.0	26.25743987012002	23.719387339510874	23.687928521070386	26.33524426929872	0.0
180.0	26.19957811477413	23.723319691815934	23.693265284912968	26.38383690849697	0.0
181.0	26.44338395768789	23.662087348779988	23.683715286457822	26.2108134070743	0.0
182.0	26.30603250931827	23.791012327924477	23.680625581075272	26.22232958168198	0.0
183.0	26.35181632544148	23.6238873549594	23.75112704025886	26.273169279340262	0.0
184.0	26.32400897699855	23.776687330241757	23.64270646956219	26.25659722319751	0.0
185.0	26.236373697057196	23.74972262872134	23.780619682546817	26.23328399167465	0.0
186.0	26.25161507780462	23.674231784731194	23.767204089657884	26.306949047806306	0.0
187.0	26.238132689174765	23.715521599910115	23.78686590640975	26.259479804505364	0.0
188.0	26.26601389251697	23.624862718001005	23.815021108423988	26.294102281058034	0.0
189.0	26.276406596277162	23.738339807706893	23.77345029338322	26.211803302632724	0.0
190.0	26.272474221881414	23.849288942444083	23.661939390875204	26.216297444799295	0.0
191.0	26.311797965838903	23.66811883635424	23.74171041433182	26.27837278347504	0.0
192.0	26.234554897350986	23.70603816088467	23.817268179507273	26.24213876225707	0.0
193.0	26.298951176625902	23.734193214949805	23.682229550191284	26.284626058233012	0.0
194.0	26.275637748653157	23.749080102691437	23.620996691178537	26.354285457476866	0.0
195.0	26.27479509463005	23.763405221084327	23.79345988124196	26.168339803043665	0.0
196.0	26.15654264672011	23.76396699043307	23.70919447893084	26.370295883915983	0.0
197.0	26.26889651646827	23.902724019572045	23.57998752872046	26.24839193523923	0.0
198.0	26.24052716435686	23.67913981877321	23.733069676252324	26.34726334061761	0.0
199.0	26.23189342081979	23.759258687085165	23.799987079268686	26.20886081282635	0.0
200.0	26.221500658676412	23.7595395725485	23.712350814708287	26.306608954066803	0.0
201.0	26.352748191092534	23.727866163318502	23.819154195317065	26.1002314502719	0.0
202.0	26.211743292436296	23.811289380252575	23.765785807379444	26.211181519931685	0.0
203.0	26.25282642585284	23.65855371262447	23.772032077300114	26.316587784222573	0.0
204.0	26.26237658525624	23.720348861705265	23.684395320421892	26.3328792326166	0.0
205.0	26.1820428914512	23.72371950620058	23.704057413311237	26.390180189036975	0.0
206.0	26.426133730320352	23.660239034872127	23.688327738999764	26.225299495807764	0.0
207.0	26.299734561745996	23.791975057230736	23.684114433380614	26.224175947642653	0.0
208.0	26.34692358468042	23.62990323441428	23.771470303217562	26.251702877687737	0.0
209.0	26.334283667822984	23.781301349662236	23.634397427074703	26.25001755544008	0.0
210.0	26.23063634959201	23.730460795191213	23.784110220074997	26.254792635141776	0.0
211.0	26.257675259961687	23.67378810945637	23.7704135230637	26.298123107518244	0.0
212.0	26.221159842028683	23.731651002488665	23.76535754211913	26.281831613363522	0.0
213.0	26.272636111602665	23.598014679239242	23.84042155763975	26.288927651518346	0.0
214.0	26.28106277017974	23.75081808810352	23.776940729692456	26.19117841202428	0.0
215.0	26.27235522298343	23.841264223497458	23.66992216576361	26.2164583877555	0.0
216.0	26.311679629676444	23.664866170617366	23.735088325426318	26.288365874279872	0.0
217.0	26.22488504633258	23.680315044675336	23.8196357998163	26.275164109175787	0.0
218.0	26.294900171904317	23.729537206611013	23.702571823421685	26.272990798062985	0.0
219.0	26.254452097120325	23.742739008797457	23.6281361302428	26.374672763839417	0.0
220.0	26.244901857240766	23.75987326269901	23.823354268957225	26.171870611103	0.0
221.0	26.162882150039884	23.770266170803232	23.719706077323234	26.347145601833645	0.0
222.0	26.26287877936699	23.912396211363664	23.573643585047694	26.251081424221656	0.0
223.0	26.23478983854477	23.693864251766794	23.725042976079457	26.34630293360898	0.0
224.0	26.22812216476457	23.767804927375842	23.79336593532222	26.210706972537366	0.0
225.0	26.219976349045393	23.761625343037153	23.700391280044716	26.318007027872735	0.0
226.0	26.345327378444427	23.72321002219039	23.83219572483919	26.099266874525995	0.0
227.0	26.205162776326507	23.818993848487402	23.768433470969917	26.20740990421617	0.0
228.0	26.25495422868523	23.661199576415203	23.780297689103367	26.303548505796204	0.0
229.0	26.27630200360103	23.73086073666677	23.685637160858292	26.307200098873906	0.0
230.0	26.19652873944198	23.720467740984077	23.705861368673265	26.377142150900678	0.0
231.0	26.417309674755412	23.659233333988748	23.68872697038558	26.234730020870263	0.0
232.0	26.283043406206026	23.79097157656127	23.701367100269938	26.22461791696277	0.0
233.0	26.350738324031138	23.636200208421698	23.775241637149623	26.237819830397548	0.0
234.0	26.323491821835965	23.775241637149623	23.639290017948987	26.261976523065428	0.0
235.0	26.22489880873798	23.733669654418847	23.78254482330503	26.258886713538143	0.0
236.0	26.266825464596298	23.65340104716748	23.76912878362284	26.310644704613377	0.0
237.0	26.230028538684525	23.728680254376304	23.765758072852293	26.275533134086874	0.0
238.0	26.255944405587528	23.612457058428625	23.843351394775947	26.288247141207897	0.0
239.0	26.261562272651943	23.754869988511462	23.774532523236903	26.20903521559969	0.0
240.0	26.24933284642827	23.831287395713364	23.68802494452091	26.231354813337454	0.0
241.0	26.30477410510111	23.686236171276708	23.742702872778555	26.266286850843628	0.0
242.0	26.23489220153845	23.682510071865643	23.81623972444949	26.26635800214642	0.0
243.0	26.307996606036088	23.736394643830458	23.68526041930064	26.270348330832817	0.0
244.0	26.261028378758077	23.73419499859511	23.628828322562516	26.375948300084296	0.0
245.0	26.27495609413418	23.745135230066737	23.78868984896382	26.191218826835268	0.0
246.0	26.179289026275114	23.76591260362512	23.70521287059154	26.349585499508223	0.0
247.0	26.260735644588333	23.916880255407165	23.57541930842214	26.246964791582357	0.0
248.0	26.268068589673327	23.67754646610286	23.731509821611763	26.32287512261205	0.0
249.0	26.24552409540352	23.758129704267077	23.793824516433666	26.202521683895736	0.0
