# Position (bp)	A	C	G	T	N
0.0	23.194460054119943	26.427478408216547	38.08133553501803	12.245026757385299	0.05169924526018207
1.0	23.41387925891985	26.315434558957023	18.559596780468404	31.707977072508626	0.0031123291460979172
2.0	26.284916442607788	24.54685352168688	20.1493917990127	29.01883823669263	0.0
3.0	20.91943390190976	28.407006198722218	15.210471258504871	35.463088640863155	0.0
4.0	34.50864103605979	15.983539236960636	16.288547493278234	33.21391211128306	0.005360122418279747
5.0	35.5749595829479	15.512540092851154	27.535381130640012	21.376946286386154	1.729071747832176E-4
6.0	29.7590281241922	21.1811105991142	23.881486066719635	25.178375209973968	0.0
7.0	30.339304101095276	21.74366360592414	24.62256557715068	23.2944667158299	0.0
8.0	16.910047713693633	35.05698583286288	24.78613562308343	23.24683083036005	0.0
9.0	25.480184422633183	25.370302008055738	18.556122594539076	30.593390974772	0.0
10.0	24.15381463156539	19.408467775749962	31.753424207502263	24.684293385182386	0.0
11.0	25.0958985589064	23.497373110018145	22.538171387172547	28.868384036877607	1.729070252988914E-4
12.0	22.619783503113624	24.151480386723854	26.920845757423546	26.307890352738976	0.0
13.0	21.892363647681186	29.00411605173724	22.725948416647142	26.37757188393443	0.0
14.0	27.19948542869271	24.427180638562934	24.946679796073454	23.426654136670898	0.0
15.0	27.09479022487423	23.613393723993703	24.39631673454708	24.89549931658498	0.0
16.0	26.621197882580567	23.69811816639016	22.9353388242841	26.745345126745175	0.0
17.0	26.775344495634528	23.10962910578538	23.4733390335016	26.641687365078486	0.0
18.0	26.638834399161055	23.55287626513909	23.759932427934512	26.048356907765342	0.0
19.0	26.434285388232464	23.823389306219205	23.6918935134794	26.050431792068927	0.0
20.0	26.157288333703644	23.932493639182805	23.72759881420362	26.182532759397283	8.64535126494457E-5
21.0	25.99060596131551	23.947017829307914	24.017304535091913	26.045071674284664	0.0
22.0	26.10368715586099	23.956441262186704	23.923675380892565	26.01619620105975	0.0
23.0	26.158412229368082	23.84301425359063	23.938977652631515	26.0549273747267	0.004668489683070068
24.0	25.954036125464796	24.06165518708108	23.951340504940386	26.032968182513738	0.0
25.0	26.135156234465384	23.899900664913964	23.837308321755767	26.127634778864884	0.0
26.0	26.213050849362535	23.8399883806479	23.91511648314027	26.0318442868493	0.0
27.0	26.043342604031672	23.971743533925654	23.99128202778443	25.990000786726963	0.0036310475312767198
28.0	26.180112061043097	23.948401085510305	23.91485712260232	25.956629730844277	0.0
29.0	26.16835438332277	23.948487539022953	23.92868968462623	25.95446839302804	0.0
30.0	25.977378573880145	24.088542229515056	24.029753840913433	25.904325355691366	0.0
31.0	26.225759515722004	24.001742902815014	23.93975573424536	25.832741847217623	0.0
32.0	26.130401291269667	23.896701884945937	24.023442734490025	25.949454089294377	0.0
33.0	25.913489428032204	24.091222288407188	24.058802221163646	25.936399608884308	8.64535126494457E-5
34.0	26.154694728324156	23.983674118671278	23.91632683231736	25.945217867174552	8.64535126494457E-5
35.0	26.19526039130273	23.764387974261453	23.939461303517813	26.10054433619615	3.4599472185051813E-4
36.0	26.041789277628148	24.011005559902234	24.040691837398825	25.90642677615681	8.654891398422733E-5
37.0	26.22028314795121	23.90182310700665	23.92537835619001	25.95251538885213	0.0
38.0	26.232822462819914	23.88979685921222	23.922553116263913	25.95162126141053	0.003206300293419805
39.0	26.117748261559896	24.040205031438905	23.943950211110234	25.895061433988705	0.003035061902255398
40.0	26.21724601424658	24.030624331296742	23.91373955781631	25.838303322495243	8.677414512281579E-5
41.0	26.157968355622856	23.890176316294433	23.96415153806815	25.98770379001456	0.0
42.0	25.92999019073759	24.096031723276276	24.09707433752725	25.876903748458886	0.0
43.0	26.112851492569106	24.003526554801148	23.948315452761467	25.93521955325089	8.694661738532394E-5
44.0	26.092702670722286	23.96541703499015	23.962980879660886	25.978899414626678	0.0
45.0	25.929692431597047	24.06460460155417	24.0374393243508	25.968176574301822	8.706819616464596E-5
46.0	26.090180360721444	23.93735296680317	23.94554326043391	26.026923412041477	0.0
47.0	26.2167092174835	23.85182549979771	23.907455461153194	26.024009821565592	0.0
48.0	25.973496770207905	23.97157538639273	24.052985518071218	26.001942325328148	0.0
49.0	26.11988130978391	23.993552026518426	23.83907660548776	26.047315411040845	1.7464716905671318E-4
50.0	26.170687438884464	23.851464894013976	24.018808947270458	25.959038719831103	0.0
51.0	25.9492099026698	24.077811688368474	24.01913373501351	25.95384467394821	0.0
52.0	26.10538971829396	24.107554601163645	23.889053690670263	25.897826979130844	1.7501074128424633E-4
53.0	26.140166832752183	23.949939666299468	23.957908268256418	25.951985232691932	0.0
54.0	25.991467777187697	24.04919524032369	24.102828358248196	25.85615808098601	3.505432544085196E-4
55.0	26.075429601786286	24.062172766833704	23.874142506590708	25.9882551247893	0.0
56.0	26.133937151959557	23.962120912924615	23.976338735228165	25.92760319988766	0.0
57.0	25.87855777143665	24.17681729915449	24.018991760927243	25.925633168481614	0.0
58.0	26.118510913952314	24.01790250308073	23.84756152227529	26.016025060691668	0.0
59.0	26.129297567369054	23.91147352078358	23.935047742196534	26.024181169650827	0.0
60.0	26.003299435187404	24.012810400439456	24.054009324337645	25.929880840035498	0.0
61.0	26.049975947687543	24.04508795393233	23.860158269502197	26.0414298879497	0.003347940928225433
62.0	26.10959058717305	23.978760475155894	23.93255692559465	25.97909201207641	0.0
63.0	25.975969616106852	24.11377370211925	24.02650119304785	25.88349075917376	2.6472955228938117E-4
64.0	26.16284101848499	24.02147897586265	23.91629205048266	25.899123000697717	2.649544719898964E-4
65.0	26.10003518132526	24.01090090711246	23.98287960031186	25.906184311250424	0.0
66.0	25.96017044529541	24.061772263001053	24.071593394536976	25.90646389716656	0.0
67.0	26.05862932564409	24.042061785553614	24.053928635949827	25.845026018512286	3.5423434018540625E-4
68.0	26.14039690953767	23.96544327001833	23.93051778363218	25.96364203681182	0.0
69.0	25.94632101622366	24.089970150737003	23.996890849656964	25.966817983382374	0.0
70.0	26.149101645355096	23.98857382425149	23.910498509552014	25.951737197957787	8.882288361715206E-5
71.0	26.10580953998288	23.876008140700034	23.943047107766475	26.074957389356808	1.7782219381018725E-4
72.0	25.930162075751657	24.092579620413943	24.08020742563109	25.89705087820331	0.0
73.0	26.11084527160629	24.07507901670868	23.907822899207027	25.90598548783628	2.6732464171814893E-4
74.0	26.094806837625136	24.02276948439482	23.92678153106138	25.955642146918663	0.0
75.0	25.952961708261846	24.10710218721894	24.02439710585804	25.91553899866118	0.0
76.0	26.14253123555152	24.0432589248585	23.938983917860625	25.875225921729356	0.0
77.0	26.133917410194602	24.020459405344806	23.96118014090914	25.880055303434617	0.004387740116839251
78.0	25.951390464438706	24.16962670753481	23.982922185823906	25.896060642202574	0.0
79.0	26.001713682153277	24.132381048184286	23.923200454107807	25.94252518430167	1.7963125296391569E-4
80.0	26.04704516930053	24.03154338565073	23.92996756591407	25.991084000233922	3.598789007498977E-4
81.0	26.096080449844145	24.006951743434517	24.020202602937545	25.876765203783798	0.0
82.0	26.138187915400756	24.075604857834357	23.80196094905381	25.984246277711076	0.0
83.0	26.179617356780476	23.96890457827921	23.835778209658635	26.015699855281678	0.0
84.0	25.931015565820953	24.16571450369754	23.95399826703312	25.948908358022965	3.6330542542157055E-4
85.0	26.103674647131253	24.095328106188273	23.80094803143578	26.000049215244697	0.0
86.0	26.105963877032558	24.016117696154158	23.880491840484957	25.997426586328327	0.0
87.0	25.995482437423668	24.2471342172256	23.79280280177171	25.96458054357903	0.0
88.0	26.141527767742843	24.15618556414546	23.747130780816665	25.955155887295035	0.0
89.0	25.967030831431217	24.38030385592946	23.703448959139113	25.94921635350021	0.0
90.0	26.331962424638967	23.8246015796607	23.264943683693975	26.578492312006357	0.0
91.0	26.61120943952802	23.413569321533924	23.44188790560472	26.530973451327434	0.002359882005899705
92.0	26.7119613802968	23.521068001668752	23.425710709815842	26.340067942070444	0.0011919661481613923
93.0	26.574445287198568	23.43939995906623	23.25279011810597	26.72975283225581	0.003611803373424351
94.0	26.49422003962707	23.74463636695151	23.480861098617915	26.277851386339602	0.0024311084639041173
95.0	26.89456241561311	23.296919111329323	23.261323186448998	26.54474039523751	0.0024548913710568305
96.0	26.56629793144501	23.427501364154967	23.70653306215586	26.29842750136416	0.0012401408800039684
97.0	26.599609179276477	23.79496943581521	23.362811905000502	26.241356849383706	0.0012526305241006112
98.0	26.754946766087272	23.541922497499716	23.42418756567204	26.275145269714272	0.0037979010266992437
99.0	26.434531122031125	23.543714168714168	23.515561015561016	26.504914004914003	0.0012796887796887799
100.0	26.840443155932903	23.556895837647545	23.339459515427624	26.25931869952371	0.0038827914682128804
101.0	27.159943929886154	23.062109441525948	23.21145507185621	26.566491556731687	0.0
102.0	26.438503240857337	23.420330580703315	23.20824993703856	26.92893972933208	0.003976512068714129
103.0	26.539921913783154	23.73311150765433	23.31316329679471	26.412461594193175	0.0013416875746313714
104.0	26.67209665377045	23.343514559152922	23.344872055928867	26.638159234371816	0.0013574967759451572
105.0	26.58074798713968	23.459097029485314	23.3766590640543	26.582121953230192	0.001373966090516886
106.0	26.559786610355513	23.738208693960907	23.07414456592712	26.627860129756463	0.0
107.0	26.81318372282685	23.349925475969517	23.41038836862679	26.425096318794118	0.0014061137827272982
108.0	26.338656144499367	23.867181379182632	23.419894303499948	26.371419210552556	0.0028489622654947933
109.0	26.44159293312741	23.774194945223076	23.510053261355925	26.27415886029359	0.0
110.0	26.627054398571616	23.689794962607387	23.30489250537839	26.37679462600067	0.0014635074419353422
111.0	26.263375829264312	23.643865299277223	23.584499621543806	26.506775107971325	0.0014841419433354605
112.0	26.789048852478764	23.507620022890187	23.42027588699476	26.281549304258778	0.001505933377507379
113.0	26.45183973584848	23.420517602458077	23.27988137640063	26.847761285292815	0.0
114.0	26.57261256227592	23.583368254411695	23.524390433176574	26.318076702208565	0.001552047927239993
115.0	26.648286727057897	23.480110279637653	23.623473808586056	26.24497833792832	0.003150846790074833
116.0	26.784287403714004	23.341963115671046	23.341963115671046	26.52859014926327	0.003196215680634129
117.0	26.658879262792436	23.607190369577207	23.21295304844414	26.519354943379085	0.001622375807131964
118.0	26.881401706023777	23.48088133583638	23.05437539110101	26.58169482593947	0.0016467410993643578
119.0	27.098566098348588	23.25530811317282	23.191727876587414	26.452724747770507	0.0016731641206685962
120.0	26.51734350001702	23.407767981754436	23.366919699084317	26.701160772032544	0.006808047111686014
121.0	26.60825295676116	23.83764221025472	23.049749779216956	26.50089179033403	0.0034632634331330414
122.0	26.65925690695459	23.614198510991145	23.409548004657562	26.31523234889383	0.0017642285028756925
123.0	26.59400348927139	23.611935466465226	23.147898343495388	26.642565513768236	0.0035971869997661826
124.0	27.084441672323017	23.342077745776084	23.305387903358955	26.268092678541944	0.0
125.0	27.035623409669213	23.248765154916928	23.23941026792396	26.472459212692712	0.0037419547971860503
126.0	26.97897989547171	23.320489833288825	23.295692976767253	26.404837294472213	0.0
127.0	27.104403298584103	23.20094912089622	23.24179243815155	26.448965302629528	0.0038898397386027696
128.0	27.036199095022624	23.283321425736286	23.219814241486066	26.458680638247202	0.0019845995078193223
129.0	27.163120567375888	23.434650455927052	23.1225937183384	26.275582573454916	0.004052684903748734
130.0	26.8914865004655	23.4178131788559	23.374366401158582	26.31633391952002	0.0
131.0	27.066364847997633	23.461465230912438	23.08701262984197	26.385157291247964	0.0
132.0	26.378720270328813	23.746913312827623	23.33968721569987	26.534679201143703	0.0
133.0	26.75136599884501	23.695082404157965	23.110923548487406	26.44262804850962	0.0
134.0	26.914944410340357	23.265807243707794	23.208967100925356	26.610281245026485	0.0
135.0	26.69232563564264	23.480289246559366	23.214369022626546	26.61301609517145	0.0
136.0	26.59880239520958	23.664670658682635	22.8814371257485	26.850299401197603	0.004790419161676647
137.0	27.098992876443134	23.004175878162613	23.28174895603046	26.61262589044461	0.0024563989191844758
138.0	26.912875438906713	23.04291812968904	23.335943617854348	26.703210649960845	0.005052163589057014
139.0	27.33981187964455	23.1694642207556	22.98757989918412	26.49794730551369	0.005196694902042301
140.0	27.42586700179149	23.22521992566646	22.896334126580925	26.449905077675872	0.0026738682852482684
141.0	27.190874692738976	22.92650592426879	23.08945783964427	26.784875852735656	0.008285690612312536
142.0	26.767863754165123	23.455700168028933	23.042747700281947	26.733688377523997	0.0
143.0	27.348889347768367	23.100976429983184	23.13342576477182	26.41375851795038	0.002949939526239712
144.0	27.3888276368982	23.57282861693005	23.101188288619383	25.937155457552368	0.0
145.0	26.993923583495054	23.618490121846467	22.896319155028156	26.488085769732443	0.003181369897878026
146.0	27.633496753676955	22.82032595733404	23.207897177686498	26.338280111302502	0.0
147.0	27.468476538276025	23.2033349410873	22.631433886860055	26.696754633776614	0.0
148.0	27.26324872366434	23.369526137916157	22.884159056590207	26.483066081829293	0.0
149.0	27.44825513692198	23.20724240261448	22.854137710829797	26.49036474963375	0.0
150.0	27.077505023838604	23.708577958154383	22.96386776468734	26.246108987745774	0.0039402655738996805
151.0	27.94087201358122	23.08807088733386	23.05080534967496	25.92025174940996	0.0
152.0	27.992361774151547	23.122992795764258	22.66730318548737	26.213002343546567	0.004339901050256054
153.0	27.20165555300069	23.347896068061623	22.99379167624741	26.456656702690275	0.0
154.0	27.328767123287673	23.44911937377691	23.10665362035225	26.11545988258317	0.0
155.0	27.69439941431784	23.239031532709305	23.00894211159337	26.05239763635413	0.005229305025362129
156.0	28.408580413297397	22.832434860736747	21.512803234501348	27.240566037735846	0.005615453728661277
157.0	27.789256198347108	22.982498784637823	22.058823529411764	27.16942148760331	0.0
158.0	27.84676354029062	22.945838837516515	21.68428005284016	27.516512549537648	0.006605019815059445
159.0	28.46520358071037	21.202714409471557	22.964192896332662	27.367889113485415	0.0
160.0	27.964081373172284	21.805467260012716	22.38556897647807	27.83693579148125	0.007946598855689765
161.0	29.182913860333215	21.552640907479617	20.17901453385324	29.085430698333926	0.0
162.0	29.606792681694127	22.409784696249872	19.397553825937532	28.58586879611847	0.0
163.0	29.599810561212408	21.453942694766752	20.0805114847265	28.86573525929434	0.0
164.0	32.35670601621391	20.26738728488124	21.02119186459963	26.326269378466787	0.028445455838429813
165.0	30.14064447213815	22.34288766245327	24.14100053409293	23.37546733131565	0.0
166.0	27.342256214149142	25.167304015296367	23.80497131931166	23.68546845124283	0.0
167.0	27.063407722281262	28.444916755224938	22.422954303931988	22.068721218561812	0.0
168.0	11.76470588235294	42.61119081779053	23.74461979913917	21.87948350071736	0.0
