# Position (bp)	A	C	G	T	N
0.0	26.219264766390943	23.816915197003446	23.79705168768888	26.16676834891673	0.0
1.0	26.226358876860427	23.79109263489451	23.73689363090762	26.245654857337435	0.0
2.0	26.182423805659745	23.729905179115573	23.711746781140235	26.375924234084447	0.0
3.0	26.248939653142457	23.797162384142034	23.745528102383403	26.208369860332105	0.0
4.0	26.342037701592886	23.63455837505851	23.734698798598604	26.288705124750006	0.0
5.0	26.227722575685803	23.785750958039163	23.65697234096266	26.32955412531237	0.0
6.0	26.272662294933173	23.74662476458442	23.81526400580881	26.165448934673595	0.0
7.0	26.093763294478006	23.856320372103575	23.91786494228424	26.13205139113418	0.0
8.0	26.160421316529074	23.835750080117073	23.86779690819009	26.136031695163766	0.0
9.0	26.19161051747998	23.806120828512444	23.713389595952723	26.288879058054853	0.0
10.0	26.24277981154493	23.647907173259004	23.807552380925376	26.301760634270693	0.0
11.0	26.21187159194345	23.76360032552877	23.775793476380734	26.24873460614705	0.0
12.0	26.166501728308244	23.9028290945593	23.722767448257088	26.207901728875367	0.0
13.0	26.229168852454364	23.806985257629933	23.664353748826763	26.299492141088933	0.0
14.0	26.204498989102724	23.705186626098445	23.838744162174578	26.25157022262425	0.0
15.0	26.15515926239944	23.74885511984733	23.800746901380094	26.29523871637313	0.0
16.0	26.19911131779605	23.805851011039056	23.724752379791127	26.270285291373774	0.0
17.0	26.295522278020854	23.690441420417006	23.788270188880414	26.225766112681725	0.0
18.0	26.146578271299674	23.749638459924345	23.753608311735448	26.350174957040533	0.0
19.0	26.248376614170105	23.96060772760011	23.671092106233235	26.119923551996553	0.0
20.0	26.274747772629574	23.739430269552937	23.66570445020388	26.32011750761361	0.0
21.0	26.286940888906535	23.79444107322108	23.763532941263207	26.15508509660918	0.0
22.0	26.261703973821664	23.656630503207072	23.848601194358274	26.233064328612993	0.0
23.0	26.29431347084144	23.75417543342275	23.708522137595065	26.24298895814075	0.0
24.0	26.260853291290715	23.746802851487843	23.89822434199706	26.094119515224385	0.0
25.0	26.23278076776934	23.817693062400398	23.79330682984648	26.15621933998378	0.0
26.0	26.21661779968128	23.801530094312337	23.735743978585486	26.246108127420904	0.0
27.0	26.177202842413898	23.731207005087082	23.72780427496328	26.363785877535744	0.0
28.0	26.247525931639153	23.799545168406784	23.756727481015602	26.196201418938465	0.0
29.0	26.339116084138176	23.643586704399162	23.738579587021988	26.278717624440677	0.0
30.0	26.22966159848919	23.775442496696517	23.676479762262588	26.31841614255171	0.0
31.0	26.263972460570866	23.749354899080696	23.80323145937424	26.183441180974203	0.0
32.0	26.08780720185789	23.864980051551214	23.906379817330624	26.140832929260277	0.0
33.0	26.17287521373338	23.835773367473962	23.849384249374044	26.141967169418617	0.0
34.0	26.191023056266822	23.796642082011235	23.721498671521214	26.290836190200732	0.0
35.0	26.24319810355046	23.625371818101907	23.810820083990482	26.320609994357152	0.0
36.0	26.22136398050241	23.7594957168256	23.766584717815224	26.252555584856758	0.0
37.0	26.175143694050057	23.908931857686888	23.71894663116495	26.196977817098105	0.0
38.0	26.214274979512787	23.81875976509886	23.67414414491052	26.292821110477828	0.0
39.0	26.191023056266822	23.709022029779476	23.835489807434378	26.26446510651933	0.0
40.0	26.158980771793715	23.764032677458964	23.78104627983406	26.29594027091326	0.0
41.0	26.216543459829467	23.792672241457044	23.726319192194158	26.26446510651933	0.0
42.0	26.291119750240316	23.68491942641475	23.799761242446667	26.22419958089826	0.0
43.0	26.13452050133273	23.75205580445755	23.748369534395735	26.365054159813983	0.0
44.0	26.260137242669995	23.949413032382463	23.68683718028696	26.10361254466058	0.0
45.0	26.27573300062383	23.72625191402484	23.67436057392389	26.323654511427435	0.0
46.0	26.278285033743547	23.795723926728293	23.769636477060057	26.1563545624681	0.0
47.0	26.253898939488458	23.650541598139853	23.848749503771337	26.246809958600352	0.0
48.0	26.298417739465773	23.768785799353484	23.70186581976975	26.230930641410993	0.0
49.0	26.237452503828052	23.760279022287754	23.904043554698575	26.09822491918562	0.0
50.0	26.236885385357	23.813021040095276	23.790619860488857	26.15947371405887	0.0
51.0	26.203425395565134	23.806215618442693	23.75120512675098	26.239153859241192	0.0
52.0	26.186411841433678	23.73419157261952	23.728520387909033	26.35087619803777	0.0
53.0	26.26070436114104	23.798275959848013	23.746951738218115	26.19406794079283	0.0
54.0	26.33187772925764	23.64316905801622	23.74411614586287	26.280837066863267	0.0
55.0	26.226677252878126	23.775874780241594	23.681165995576475	26.316281971303805	0.0
56.0	26.26212215731866	23.752906482164125	23.792321215902	26.19265014461521	0.0
57.0	26.063556786829277	23.87476925432639	23.91560166845781	26.146072290386517	0.0
58.0	26.18151709432004	23.84357782686489	23.846696969611042	26.12820810920402	0.0
59.0	26.192008756284363	23.801611179007605	23.71626009113568	26.290119973572356	0.0
60.0	26.250988910029744	23.63005832796935	23.822027386073312	26.29692537592759	0.0
61.0	26.221215274725584	23.755958271541225	23.783179880962173	26.23964657277102	0.0
62.0	26.163369354706077	23.90312509747321	23.738944765653134	26.194560782167574	0.0
63.0	26.219797482568246	23.811819282540455	23.67571123543573	26.292671999455568	0.0
64.0	26.17698015941655	23.693575416618227	23.850666787651598	26.278777636313627	0.0
65.0	26.160817328822866	23.76758416723142	23.781762088804832	26.28983641514089	0.0
66.0	26.2300055861011	23.78601546527685	23.71455874054687	26.26942020807518	0.0
67.0	26.28926929827795	23.693008299755288	23.80019338685026	26.217529015116497	0.0
68.0	26.132670942715684	23.75504023682733	23.759010043611163	26.35327877684582	0.0
69.0	26.267644373366	23.945874520078718	23.673375640131344	26.113105466423942	0.0
70.0	26.267077258111165	23.72980360798725	23.677629004542595	26.325490129358993	0.0
71.0	26.278703120835246	23.78594801821574	23.77942619278516	26.15592266816385	0.0
72.0	26.262540336072497	23.648422568918683	23.85428540642315	26.23475168858567	0.0
73.0	26.29940282763666	23.755323794454746	23.71250659271484	26.232766785193757	0.0
74.0	26.244676205545254	23.741996585966167	23.899087511554974	26.114239696933605	0.0
75.0	26.246093993682333	23.80863262840907	23.786231575843157	26.159041802065435	0.0
76.0	26.21546976992134	23.80976685891874	23.742280143593582	26.232483227566338	0.0
77.0	26.19562073600218	23.73320629951625	23.743697931730665	26.327475032750908	0.0
78.0	26.264525239464415	23.79360407415599	23.737176106300083	26.204694580079508	0.0
79.0	26.335698203945988	23.64927324180093	23.761562062257912	26.25346649199517	0.0
80.0	26.233333900448585	23.781411096177077	23.673942755386175	26.311312247988162	0.0
81.0	26.248929569956502	23.76354696564983	23.795021862293073	26.19250160210059	0.0
82.0	26.06681165872235	23.880304993719218	23.89193082347737	26.160952524081065	0.0
83.0	26.190158876888137	23.837204356567035	23.83351811786323	26.139118648681603	0.0
84.0	26.196397127002264	23.807998003759963	23.71300646793114	26.28259840130663	0.0
85.0	26.248855139325645	23.623118954922973	23.828697651865944	26.29932825388544	0.0
86.0	26.220783013812053	23.75865911649365	23.770001389428437	26.250556480265864	0.0
87.0	26.168608558312044	23.891647266654	23.733139002390384	26.20660517264357	0.0
88.0	26.22617059345608	23.797506401295287	23.665085364781678	26.31123764046696	0.0
89.0	26.192143774651722	23.69315749029527	23.850815084088776	26.26388365096424	0.0
90.0	26.189308206418026	23.745615502618648	23.775105412249086	26.289970878714243	0.0
91.0	26.235244411803905	23.790133923887677	23.723214513572447	26.25140715073597	0.0
92.0	26.295925572005004	23.699395740409397	23.80346109458605	26.201217592999548	0.0
93.0	26.139328085656604	23.769650432139375	23.748667286709164	26.34235419549486	0.0
94.0	26.27373363881769	23.94885783635415	23.674942721684094	26.10246580314407	0.0
95.0	26.270614522605086	23.71265567225461	23.684300070321893	26.33242973481841	0.0
96.0	26.263525622121907	23.79375269378218	23.783828233105734	26.158893450990178	0.0
97.0	26.259555837851327	23.645169339654743	23.862089694440034	26.233185128053897	0.0
98.0	26.300387904634437	23.738175713994057	23.72201302089241	26.239423360479098	0.0
99.0	26.262674954063925	23.728251253317605	23.883923507928227	26.125150284690246	0.0
100.0	26.23205090397659	23.80622915863258	23.79006646553093	26.1716534718599	0.0
101.0	26.228081119706008	23.820974071637593	23.7239979130277	26.2269468956287	0.0
102.0	26.21503754281696	23.709536556042014	23.740727718168	26.33469818297303	0.0
103.0	26.26182428600594	23.787514461356984	23.734205929723476	26.216455322913596	0.0
104.0	26.33554885103101	23.660197808679083	23.76312864369485	26.241124696595058	0.0
105.0	26.245378036884965	23.786380237279676	23.66757026518159	26.300671460653767	0.0
106.0	26.238572692421116	23.76171086359821	23.794603361840167	26.205113082140507	0.0
107.0	26.077438929295504	23.876199793004695	23.890944664199736	26.155416613500066	0.0
108.0	26.179802362014943	23.831965179419562	23.83309940028072	26.155133058284775	0.0
109.0	26.190861015411226	23.815235421717492	23.709185771199298	26.284717791671987	0.0
110.0	26.259764932726526	23.608807224986887	23.828278961620803	26.303148880665788	0.0
111.0	26.231125855982306	23.74434661789517	23.769866587271206	26.254660938851316	0.0
112.0	26.180085917230233	23.879035345157586	23.718543093303843	26.222335644308338	0.0
113.0	26.231125855982306	23.786879900188566	23.670338706704662	26.311655537124466	0.0
114.0	26.19312945713354	23.678845363163344	23.859186480087335	26.26883869961578	0.0
115.0	26.199084116654614	23.73867551358938	23.77326924985468	26.288971119901323	0.0
116.0	26.21893298172487	23.794252335786087	23.72818397062368	26.258630711865365	0.0
117.0	26.308536429756284	23.705215998185245	23.795103001431954	26.191144570626516	0.0
118.0	26.144999206043146	23.77276954835197	23.74895084272849	26.33328040287639	0.0
119.0	26.272599414740377	23.942619603928954	23.67068938139419	26.114091599936483	0.0
120.0	26.25104915727151	23.71549123244788	23.68061384207064	26.352845768209963	0.0
121.0	26.2760020869723	23.77900778077717	23.788365129414967	26.15662500283556	0.0
122.0	26.2499149331942	23.65225824013792	23.876834607445048	26.22099221922283	0.0
123.0	26.30407413288569	23.74186194224531	23.716625456525193	26.237438468343804	0.0
124.0	26.28621010366808	23.70046276342354	23.88165505977361	26.13167207313477	0.0
125.0	26.23375224009255	23.78411178912506	23.801692262323346	26.180443708459045	0.0
126.0	26.24821359707824	23.825794523966152	23.716058344486537	26.20993353446907	0.0
127.0	26.23375224009255	23.706984551868068	23.716625456525193	26.342637751514193	0.0
128.0	26.28138965133952	23.77900778077717	23.73392237370415	26.20568019417916	0.0
129.0	26.341578220567513	23.657996444197433	23.767732934841476	26.232692400393574	0.0
130.0	26.263600094140866	23.78191077600996	23.65374309184689	26.300746038002288	0.0
131.0	26.25282493485282	23.746749729912125	23.78814902612409	26.212276309110965	0.0
132.0	26.06688557315503	23.893983474261475	23.895401262398558	26.143729690184937	0.0
133.0	26.176338817337847	23.842375986071648	23.839256852170067	26.14202834442044	0.0
134.0	26.16960764019838	23.82401229509359	23.71739432486155	26.28898573984648	0.0
135.0	26.26885309121224	23.64026643150221	23.803028971164945	26.287851506120607	0.0
136.0	26.239930131202488	23.751704895069203	23.774106011155187	26.234258962573122	0.0
137.0	26.184069120203258	23.877321280209607	23.732422921729366	26.206186677857772	0.0
138.0	26.244467066105976	23.782329205667764	23.659264846410576	26.31393888181568	0.0
139.0	26.205903119426306	23.681382404065094	23.847547644905447	26.265166831603153	0.0
140.0	26.194560782167574	23.733840713886707	23.77382245272372	26.297776051221994	0.0
141.0	26.230856261395502	23.798208477829984	23.704067078582547	26.266868182191967	0.0
142.0	26.317058024561828	23.704350637014016	23.785731906845385	26.192859431578768	0.0
143.0	26.139415129062353	23.77934491959655	23.76800251801315	26.313237433327945	0.0
144.0	26.28232938901318	23.95004806342671	23.674711264989693	26.092911282570412	0.0
145.0	26.259077465767216	23.71214119021491	23.681516705939732	26.347264638078144	0.0
146.0	26.273539027786047	23.77594219912153	23.801746162723763	26.14877261036866	0.0
147.0	26.24404878366921	23.674711264989693	23.880292293688804	26.20094765765229	0.0
148.0	26.316640153802968	23.768853198131907	23.694844027800226	26.2196626202649	0.0
149.0	26.248302184262982	23.712991870333667	23.89617165590556	26.14253428949779	0.0
150.0	26.258510345688045	23.78104627983406	23.81110364403007	26.149339730447824	0.0
151.0	26.23278076776934	23.81797662324405	23.723834423152176	26.225408185834436	0.0
152.0	26.214065752088427	23.711924867718867	23.712491989406168	26.361517390786542	0.0
153.0	26.26822587322562	23.775158935852865	23.751056264142598	26.20555892677892	0.0
154.0	26.33068392233814	23.665771557065362	23.756794845983492	26.246749674613007	0.0
155.0	26.254972962396888	23.778629092857933	23.652444159622522	26.313953785122656	0.0
156.0	26.23966063342001	23.754242791154013	23.78600169569865	26.22009487972733	0.0
157.0	26.087745565083253	23.863765255659906	23.901762624200355	26.14672655505649	0.0
158.0	26.173381425525154	23.832006261058936	23.838528197450206	26.1560841159657	0.0
159.0	26.18706667989962	23.83462590917469	23.704470374728842	26.273837036196852	0.0
160.0	26.26618082828827	23.63301243424877	23.807687399866726	26.29311933759623	0.0
161.0	26.24406289433015	23.747288426365714	23.781599580326382	26.227049098977755	0.0
162.0	26.18281323106152	23.889353617558235	23.731125320780933	26.19670783059931	0.0
163.0	26.235272433398084	23.787270845443846	23.668741404488806	26.308715316669268	0.0
164.0	26.193021508272956	23.68433738356184	23.85447533708582	26.26816577107938	0.0
165.0	26.191036565481845	23.74615417334222	23.777913258000027	26.284896003175906	0.0
166.0	26.22676553572188	23.800031191958144	23.70872382356694	26.26447944875303	0.0
167.0	26.32346060597468	23.71439508868441	23.78500233939686	26.177141965944053	0.0
168.0	26.147799678437444	23.772943942062028	23.759899958315962	26.319356421184565	0.0
169.0	26.291850629372217	23.945067814537236	23.672278415326115	26.090803140764436	0.0
170.0	26.260374929463243	23.703470550371044	23.6867402233924	26.349414296773315	0.0
171.0	26.266329791608182	23.774078201518208	23.81661293112493	26.142979075748684	0.0
172.0	26.232869137650894	23.674830499102516	23.88523562822378	26.20706473502281	0.0
173.0	26.293835583420528	23.77379463665416	23.720768007077776	26.21160177284753	0.0
174.0	26.25583789163852	23.709708977380032	23.87786294175861	26.156590189222833	0.0
175.0	26.243928167348642	23.788823574448536	23.80838955006763	26.15885870813519	0.0
176.0	26.230391434048293	23.818948992207613	23.729342241076186	26.221317332667898	0.0
177.0	26.231809262388982	23.71062690697912	23.71913387702324	26.338429953608657	0.0
178.0	26.2652700112292	23.78180188968161	23.750609666186495	26.202318432902693	0.0
179.0	26.330848345814985	23.668159171532192	23.76684030386983	26.23415217878299	0.0
180.0	26.25825532892293	23.782436459842735	23.660786443254096	26.298521767980244	0.0
181.0	26.247479802978013	23.76173610736961	23.793495552259884	26.197288537392495	0.0
182.0	26.08336877924288	23.870693321990643	23.903303558769316	26.142634339997162	0.0
183.0	26.213242591804907	23.827591095987525	23.837515950659295	26.121650361548276	0.0
184.0	26.189497205436567	23.843822044015436	23.71820138437937	26.248479366168624	0.0
185.0	26.264642746753854	23.640503730338096	23.81745021253428	26.27740331037377	0.0
186.0	26.244509413042433	23.75875161988266	23.79051124489223	26.20622772218268	0.0
187.0	26.190631477758338	23.870193875496597	23.74117039889522	26.198004247849845	0.0
188.0	26.224659647411446	23.80780889779923	23.66035349596908	26.307177958820244	0.0
189.0	26.19658640744763	23.66687556181926	23.862253969244207	26.2742840614889	0.0
190.0	26.179288754540636	23.76073659644576	23.78172063439851	26.2782540146151	0.0
191.0	26.228062464376762	23.813763827488525	23.709977910046533	26.248195798088187	0.0
192.0	26.300372324889622	23.724723450229547	23.78200420247895	26.192900022401876	0.0
193.0	26.14484172557827	23.767109886090058	23.754916389477295	26.33313199885438	0.0
194.0	26.29598436963876	23.931863875206652	23.67097976163132	26.10117199352327	0.0
195.0	26.27500021267727	23.68827751264012	23.698202451743526	26.338519822939087	0.0
196.0	26.26167243730983	23.777034825193468	23.8204209875598	26.140871749936906	0.0
197.0	26.2446582559897	23.679203282602714	23.874582798095545	26.201555663312035	0.0
198.0	26.302790042166812	23.7685277345334	23.720320887459696	26.20836133584009	0.0
199.0	26.254299625404443	23.71067951804496	23.89074627034967	26.144274586200932	0.0
200.0	26.24522539536704	23.77107986173142	23.819286708805123	26.16440803409642	0.0
201.0	26.23537485183442	23.82701065657912	23.735700957901123	26.20191353368534	0.0
202.0	26.24274768464693	23.719537439812164	23.69401609546117	26.343698780079738	0.0
203.0	26.271104733925803	23.789862922023786	23.74449164317758	26.19454070087283	0.0
204.0	26.33413205915297	23.667994725573877	23.765826823008975	26.232046392264174	0.0
205.0	26.23289710615492	23.804108948092274	23.674516865402882	26.288477080349924	0.0
206.0	26.239702817280836	23.7706475350565	23.797019665669442	26.19262998199322	0.0
207.0	26.088633295901815	23.8659951679314	23.906829550481508	26.138541985685283	0.0
208.0	26.185898526559363	23.8379215299282	23.860607298011594	26.115572645500844	0.0
209.0	26.20100214664689	23.842242721392456	23.71038132048559	26.24637381147506	0.0
210.0	26.258283873492456	23.627294459269006	23.828347649038832	26.286074018199706	0.0
211.0	26.246940957285414	23.75943943308105	23.792050317176294	26.201569292457243	0.0
212.0	26.198733563405487	23.857272085366787	23.73618645485661	26.207807896371115	0.0
213.0	26.239851634656013	23.788931015219358	23.672666124097177	26.298551226027456	0.0
214.0	26.216031510621224	23.671248259571296	23.840257711056225	26.27246251875126	0.0
215.0	26.189375657534676	23.751215818830943	23.786378859072773	26.27302966456161	0.0
216.0	26.230210155880023	23.804811097909216	23.715202059873583	26.249776686337174	0.0
217.0	26.30110338217404	23.704426289476892	23.792617462986644	26.20185286536242	0.0
218.0	26.148122311359145	23.77120073956233	23.756454864862565	26.324222084215958	0.0
219.0	26.28679024843963	23.91242084726393	23.682725491363737	26.118063412932703	0.0
220.0	26.25899994612084	23.676203277554226	23.722993072274637	26.341803704050292	0.0
221.0	26.257014924526644	23.777722953371843	23.82649776968645	26.138764352415063	0.0
222.0	26.238582581151938	23.691516301280906	23.870168244758837	26.199732872808323	0.0
223.0	26.290476717114576	23.76666354734702	23.716754432978583	26.226105302559827	0.0
224.0	26.251059859744046	23.710799368195985	23.884630544945143	26.15351022711483	0.0
225.0	26.25446275390553	23.758439886456763	23.81118474595977	26.17591261367793	0.0
226.0	26.250567150635206	23.832236842105264	23.71483666061706	26.202359346642467	0.0
227.0	26.22135889292196	23.71370235934664	23.70632940108893	26.35860934664247	0.0
228.0	26.26502949183303	23.78317831215971	23.745462794918332	26.20632940108893	0.0
229.0	26.333729394650053	23.656770805271112	23.78154429884386	26.227955501234973	0.0
230.0	26.26453682094153	23.789768006374793	23.671800339724193	26.27389483295949	0.0
231.0	26.242985035688054	23.769350525608342	23.776156352530492	26.21150808617311	0.0
232.0	26.089644337819518	23.849103046183338	23.907519892921353	26.15373272307579	0.0
233.0	26.202791531258683	23.829819815221278	23.851938815442463	26.115449838077577	0.0
234.0	26.196910704208577	23.850304987848695	23.694904391768308	26.25787991617442	0.0
235.0	26.265536514886413	23.64017388986408	23.812021994288745	26.28226760096076	0.0
236.0	26.250506895192505	23.74736627183194	23.784514954471593	26.217611878503956	0.0
237.0	26.214208945743074	23.853991498339653	23.74509764999135	26.186701905925926	0.0
238.0	26.24171598556022	23.79500733048432	23.662009375079755	26.301267308875698	0.0
239.0	26.19322419371762	23.67533752839322	23.855125809259945	26.276312468629214	0.0
240.0	26.17757245236252	23.727847401243864	23.808105816324503	26.286474330069115	0.0
241.0	26.22785298380258	23.80320318105886	23.722088449091995	26.246855386046562	0.0
242.0	26.295800454955444	23.727457865566905	23.78361820048672	26.19312347899093	0.0
243.0	26.145921091075163	23.776213857993437	23.754939253913818	26.322925797017582	0.0
244.0	26.288839654248005	23.91725554386154	23.682082908991877	26.11182189289858	0.0
245.0	26.277250082275106	23.66544105130562	23.702039287781297	26.35526957863798	0.0
246.0	26.272496928529073	23.75687002215999	23.82581851508213	26.14481453422881	0.0
247.0	26.24668713501734	23.66875322773783	23.878449777818133	26.206109859426697	0.0
248.0	26.297148727612246	23.77677945562748	23.713777318663105	26.212294498097165	0.0
249.0	26.251457988642592	23.718318013219097	23.882350604054274	26.147873394084044	0.0
