# Position (bp)	A	C	G	T	N
0.0	26.290468187941833	23.774392022333025	23.76800322217747	26.167136567547672	0.0
1.0	26.08324884376606	23.78466965736587	23.835780058610297	26.296301440257775	0.0
2.0	26.215771069245275	23.775202130880267	23.73937267907088	26.269654120803583	0.0
3.0	26.05932850640027	23.849715188730862	23.766674165354395	26.324282139514477	0.0
4.0	26.0372579731396	23.831661501205275	23.779729174303775	26.351351351351347	0.0
5.0	26.29303282671902	23.688222536329885	23.88150057067006	26.137244066281035	0.0
6.0	26.367554119045238	23.746570701853763	23.71491564204236	26.170959537058636	0.0
7.0	26.06450323182515	23.801115035205793	23.853868194842406	26.280513538126655	0.0
8.0	26.197780597300845	23.817905698984138	23.756548681657026	26.227765022057987	0.0
9.0	26.30804551751325	23.70736203301935	23.72235316326729	26.262239286200113	0.0
10.0	26.18318597582134	23.75088483906339	23.943536857884435	26.122392327230838	0.0
11.0	26.309696976426565	23.716952220211198	23.663653826935676	26.309696976426565	0.0
12.0	26.217535171387645	23.729166435336836	23.729721626933458	26.323576766342065	0.0
13.0	26.16368158651551	23.788294340376865	23.712233091639927	26.335790981467706	0.0
14.0	26.19893625290088	23.87962335802085	23.824936985753784	26.09650340332449	0.0
15.0	26.243351580630474	23.786351169788695	23.751651694999946	26.21864555458089	0.0
16.0	26.168123119288467	23.761089952142484	23.763310718528967	26.307476210040086	0.0
17.0	26.2560481016664	23.67358155880712	23.84485769090904	26.22551264861744	0.0
18.0	26.263820762442503	23.810991097527463	23.882888209706387	26.042299930323647	0.0
19.0	26.46674272770426	23.772960578730114	23.586694315131425	26.173602378434197	0.0
20.0	26.240225185086487	23.763244752759988	23.782121214644803	26.214408847508725	0.0
21.0	26.237171639781586	23.827646799190532	23.691902830636497	26.243278730391385	0.0
22.0	26.170548833129303	23.78239880967252	23.845690475992193	26.20136188120598	0.0
23.0	26.344600915508405	23.708836127327288	23.671360798585376	26.275202158578935	0.0
24.0	26.18081984915486	23.794057800836672	23.800442486474182	26.224679863534284	0.0
25.0	26.304072041461595	23.763244752759988	23.761023992538245	26.171659213240172	0.0
26.0	26.090879060174277	23.78933868536547	23.852907946712858	26.2668743077474	0.0
27.0	26.212743277342415	23.789893875420905	23.749642596401813	26.247720250834867	0.0
28.0	26.0664506977351	23.845412880964474	23.774070958840984	26.314065462459435	0.0
29.0	26.02925296402091	23.841804145604144	23.768796653314343	26.3601462370606	0.0
30.0	26.285473174604494	23.694678780913677	23.88399858981726	26.135849454664566	0.0
31.0	26.371805228224755	23.733819679821895	23.713000052743055	26.181375039210298	0.0
32.0	26.078109688899254	23.808492742278002	23.829034774329124	26.284362794493628	0.0
33.0	26.208856946954366	23.818208568248124	23.748254621263225	26.224679863534284	0.0
34.0	26.307403181794207	23.702451441689774	23.72576942401808	26.264375952497936	0.0
35.0	26.176378328711376	23.734374869877332	23.95561810696847	26.133628694442823	0.0
36.0	26.302611051582563	23.726536345416086	23.654084244305153	26.316768358696198	0.0
37.0	26.206841032872713	23.734031390358595	23.734864173129985	26.324263403638703	0.0
38.0	26.153542935503747	23.800931606326927	23.717375734930794	26.328149723238525	0.0
39.0	26.19046297170204	23.88060115812324	23.82258395838307	26.10635191179165	0.0
40.0	26.258473564698892	23.79454693841294	23.742636812329625	26.20434268455854	0.0
41.0	26.1771384473598	23.76345638161438	23.770673832299757	26.288731338726063	0.0
42.0	26.25229361618259	23.685664239574283	23.842782152959565	26.219259991283568	0.0
43.0	26.248129713884396	23.80808296714126	23.89219379356483	26.051593525409523	0.0
44.0	26.47658915331211	23.767831911592026	23.589616893229216	26.165962041866646	0.0
45.0	26.235360413503255	23.76810950507857	23.772828594349864	26.223701487068308	0.0
46.0	26.233694852583977	23.826959324226415	23.705095783632533	26.23425003955707	0.0
47.0	26.17928652922088	23.776714903161512	23.845280494338482	26.198718073279124	0.0
48.0	26.35666876712405	23.716754710067484	23.66651028900258	26.26006623380589	0.0
49.0	26.1734570660034	23.811414088979816	23.800587943004505	26.214540902012274	0.0
50.0	26.305869159086054	23.765611163699653	23.7581161395629	26.170403537651392	0.0
51.0	26.081018434983445	23.793370512354297	23.856384233800338	26.269226818861924	0.0
52.0	26.212875341092996	23.797534414652493	23.75062111542615	26.23896912882836	0.0
53.0	26.075188971765968	23.827236917712963	23.764223196266922	26.33335091425415	0.0
54.0	26.021613428862505	23.832511193957345	23.779213244540433	26.366662132639718	0.0
55.0	26.279775371350688	23.703152629226707	23.87637096483168	26.140701034590926	0.0
56.0	26.367772506585908	23.737574221558468	23.715644336121297	26.179008935734334	0.0
57.0	26.069914695521586	23.816965958710746	23.83611990928245	26.27699943648522	0.0
58.0	26.216761649904647	23.82057467403585	23.746734806614498	26.21592886944501	0.0
59.0	26.314474557168992	23.69676797903614	23.71231321428274	26.27644424951213	0.0
60.0	26.179008935734334	23.738407002018107	23.952153986658857	26.130430075588706	0.0
61.0	26.311347990228732	23.72862536087053	23.65978236731068	26.30024428159005	0.0
62.0	26.195314234954477	23.723628691983123	23.74528092382856	26.33577614923384	0.0
63.0	26.166444592493892	23.799966688874083	23.70280923828559	26.330779480346433	0.0
64.0	26.17338441039307	23.882411725516324	23.8285587386187	26.115645125471907	0.0
65.0	26.265822784810126	23.799966688874083	23.73445480790584	26.19975571840995	0.0
66.0	26.170330890517434	23.76748834110593	23.774428159005108	26.28775260937153	0.0
67.0	26.253258235459043	23.689141435872095	23.834599615257563	26.2230007134113	0.0
68.0	26.2510374998959	23.814057811298547	23.893171515735297	26.041733173070252	0.0
69.0	26.486990653479197	23.762425709455613	23.57255281880741	26.178030818257774	0.0
70.0	26.225221448974434	23.76187052556483	23.79323841539414	26.219669610066592	0.0
71.0	26.253813419349825	23.81849928242482	23.69635882645229	26.231328471773065	0.0
72.0	26.188301720237284	23.76603440474571	23.842094597783152	26.20356927723385	0.0
73.0	26.356800031090298	23.70912805594033	23.679148125837983	26.25492378713139	0.0
74.0	26.165261588769738	23.80767319655453	23.80406450126443	26.2230007134113	0.0
75.0	26.297395354776388	23.763536077237184	23.764091261127966	26.174977306858466	0.0
76.0	26.098917113821024	23.786298616759336	23.84487051723707	26.269913752182568	0.0
77.0	26.214395363104142	23.78435547314159	23.761037749728654	26.24021141402561	0.0
78.0	26.071157919281813	23.83404443136678	23.769920691981202	26.3248769573702	0.0
79.0	26.021746553002018	23.822940753551094	23.79185045566718	26.36346223777971	0.0
80.0	26.29378665948629	23.70413140092327	23.887619676827455	26.114462262762984	0.0
81.0	26.359298358598828	23.7524323994215	23.719121365974445	26.169147876005226	0.0
82.0	26.07476661457191	23.82099760993335	23.827937408568154	26.276298366926586	0.0
83.0	26.22910773620993	23.822385569660312	23.734666514916402	26.21384017921336	0.0
84.0	26.326820100987952	23.678315350001807	23.707462504267976	26.28740204474227	0.0
85.0	26.16775991627827	23.735221698807187	23.96034876652019	26.136669618394354	0.0
86.0	26.313422643667312	23.74209559129696	23.64410590658502	26.300375858450707	0.0
87.0	26.21154668250787	23.705731147395362	23.74542668539482	26.33729548470195	0.0
88.0	26.186285885599126	23.78262390282088	23.68741012985715	26.34368008172284	0.0
89.0	26.19183770909555	23.87367380816229	23.808995064428913	26.125493418313244	0.0
90.0	26.275392652716782	23.79233959393963	23.725162529632858	26.20710522371073	0.0
91.0	26.174071873906986	23.760694200009993	23.78262390282088	26.282610023262144	0.0
92.0	26.246172722301335	23.6978928112413	23.83196897649642	26.223965489960943	0.0
93.0	26.26005224251408	23.828637891645364	23.87943693562401	26.031872930216547	0.0
94.0	26.483790108343534	23.774507762815656	23.572977129326596	26.168724999514215	0.0
95.0	26.22618621319498	23.746193541581654	23.79060800626244	26.237012238960922	0.0
96.0	26.241731275833256	23.817256685070912	23.692618593560457	26.248393445535374	0.0
97.0	26.19426331670567	23.755631615326323	23.837798374985773	26.212306692982235	0.0
98.0	26.33972068853524	23.71482582590085	23.684568471837064	26.26088501372685	0.0
99.0	26.183714881343985	23.79810294717732	23.795049452730517	26.223132718748175	0.0
100.0	26.28892164455659	23.766457641092263	23.769233545134814	26.175387169216336	0.0
101.0	26.10737752017388	23.786999331007124	23.828637891645364	26.276985257173628	0.0
102.0	26.22840693642902	23.757574748156106	23.763126556241204	26.250891759173665	0.0
103.0	26.088223782280295	23.815868733049637	23.75951788098589	26.33638960368418	0.0
104.0	26.03242811102506	23.820587769921968	23.79060800626244	26.35637611279053	0.0
105.0	26.30529947840763	23.705942932964692	23.880824887645282	26.107932700982396	0.0
106.0	26.346105267833103	23.75368848249654	23.730370888539127	26.169835361131238	0.0
107.0	26.08350474540796	23.810872105773047	23.841407050241088	26.264216098577904	0.0
108.0	26.216748139450313	23.819754998709204	23.737310648645497	26.22618621319498	0.0
109.0	26.317513456194845	23.68484606224132	23.70511016175193	26.292530319811902	0.0
110.0	26.164561143450392	23.736477877432733	23.960770924070694	26.138190055046177	0.0
111.0	26.320493887476264	23.736689577064435	23.64452981867845	26.29828671678085	0.0
112.0	26.21334428887088	23.704211589922387	23.734746449628584	26.347697671578153	0.0
113.0	26.193080245611306	23.77000033310756	23.69532872164422	26.341590699636914	0.0
114.0	26.205294189493788	23.87492921464341	23.803311089150686	26.116465506712117	0.0
115.0	26.284962414363598	23.785822942228048	23.72919465695473	26.200019986453626	0.0
116.0	26.161712617004028	23.759174337393542	23.78443499405958	26.294678051542842	0.0
117.0	26.253945253620476	23.700946305688106	23.836132832560246	26.20897560813118	0.0
118.0	26.254778024833236	23.832246566900675	23.884155972496345	26.028819435769744	0.0
119.0	26.487676374003104	23.776173305241187	23.572977129326596	26.163173191429117	0.0
120.0	26.204256571258846	23.75285571128377	23.780059570900754	26.26282814655663	0.0
121.0	26.238677781386453	23.811982467390067	23.696227268815772	26.25311248240771	0.0
122.0	26.181494158109942	23.7514677592625	23.837520784581518	26.22951729804604	0.0
123.0	26.324175625896963	23.719544862773184	23.67984943496473	26.27643007636512	0.0
124.0	26.207032475301396	23.78366824615607	23.791995958283714	26.21730332025883	0.0
125.0	26.286700921322552	23.759795471390145	23.767290412305027	26.186213194982276	0.0
126.0	26.129862342918532	23.785888969390108	23.826417168411325	26.25783151928004	0.0
127.0	26.25227971119494	23.75368848249654	23.7514677592625	26.242564047046024	0.0
128.0	26.096829084812196	23.80587547849646	23.75590920573058	26.34138623096077	0.0
129.0	26.025210760514426	23.832801747709183	23.79005282545393	26.351934666322453	0.0
130.0	26.314459961748042	23.704554980943417	23.869166090666578	26.11181896664196	0.0
131.0	26.356653703194787	23.736755467836986	23.73397956379444	26.172611265173785	0.0
132.0	26.09488595198241	23.82974825326238	23.842795002262363	26.232570792492844	0.0
133.0	26.214527416216278	23.83807596539003	23.722598357219987	26.22479826117371	0.0
134.0	26.313349600131026	23.678183892539202	23.7176017299434	26.290864777386375	0.0
135.0	26.180456470927876	23.74237318247178	23.951676928287096	26.125493418313244	0.0
136.0	26.323211405697855	23.742439089387382	23.653054482971122	26.281295021943645	0.0
137.0	26.21800405839424	23.69497086672533	23.74077353771503	26.3462515371654	0.0
138.0	26.189689679964246	23.766867180581887	23.703021033141702	26.34042210631216	0.0
139.0	26.203014093343068	23.88817486071824	23.7946263751211	26.114184670817593	0.0
140.0	26.291010740032366	23.77241901948973	23.722730061264542	26.21384017921336	0.0
141.0	26.169980651841406	23.745492600786697	23.770753467817375	26.31377327955452	0.0
142.0	26.268043526537866	23.690039973351098	23.81801021541195	26.22390628469909	0.0
143.0	26.245558516544527	23.82911392405063	23.89240506329114	26.032922496113702	0.0
144.0	26.477070841661117	23.781645569620252	23.591772151898734	26.1495114368199	0.0
145.0	26.198090162114145	23.75582944703531	23.77998001332445	26.26610037752609	0.0
146.0	26.24015234372831	23.810647405326478	23.703773616331425	26.245426634613782	0.0
147.0	26.18296792675953	23.770118643785498	23.85034338409607	26.196570045358904	0.0
148.0	26.342862218866415	23.732088230558688	23.665743203104615	26.259306347470286	0.0
149.0	26.194626885558993	23.792326184355897	23.80842665126944	26.20462027881567	0.0
150.0	26.314270010382025	23.767065106957066	23.778724065756528	26.139940816904378	0.0
151.0	26.119471348029215	23.786840330116007	23.82792439421825	26.265763927636527	0.0
152.0	26.235783664642998	23.760746397510527	23.75630487706704	26.24716506077943	0.0
153.0	26.078664878954687	23.812934262721484	23.764632727898576	26.34376813042525	0.0
154.0	26.015650807662734	23.850964781518833	23.782121214644803	26.35126319617363	0.0
155.0	26.3165638177089	23.688571690303885	23.870674028486803	26.12419046350042	0.0
156.0	26.337938634843173	23.7463114560692	23.740759555514842	26.174990353572785	0.0
157.0	26.099484506033527	23.81793097322041	23.84902161632481	26.233562904421255	0.0
158.0	26.208301756898933	23.826536419079662	23.717996763241977	26.24716506077943	0.0
159.0	26.330721164122505	23.688571690303885	23.713000052743055	26.267707092830555	0.0
160.0	26.183390888195518	23.729444031135145	23.951798265581452	26.135366815087885	0.0
161.0	26.310325204380476	23.735894624342443	23.659277971324276	26.294502199952806	0.0
162.0	26.211223229280883	23.693977542437576	23.73978097630713	26.355018251974403	0.0
163.0	26.177078851305396	23.776978916540592	23.711743722847586	26.33419850930642	0.0
164.0	26.19623301455994	23.887184754396433	23.803628187155606	26.112954043888013	0.0
165.0	26.288672672005774	23.787527586159037	23.71063333657196	26.213166405263234	0.0
166.0	26.167918164531486	23.754493594459174	23.762543894957457	26.31504434605188	0.0
167.0	26.2729226003098	23.69265532959132	23.820627703104094	26.213794366994787	0.0
168.0	26.25682195461839	23.839781919530083	23.865598472104242	26.037797653747287	0.0
169.0	26.49777644531055	23.779265699517534	23.58827872993665	26.134679125235266	0.0
170.0	26.200469694698448	23.750673173548304	23.789536801079297	26.25932033067395	0.0
171.0	26.244475782273646	23.8199271580537	23.698616447178487	26.236980612494172	0.0
172.0	26.18423682515712	23.7691265628817	23.86239978680406	26.18423682515712	0.0
173.0	26.33774900619601	23.751082635634813	23.670856559106355	26.240311799062827	0.0
174.0	26.187568011725777	23.791334473339404	23.79938484088032	26.221712674054498	0.0
175.0	26.318594683426237	23.770236958404585	23.774123342734683	26.137045015434495	0.0
176.0	26.10880240734418	23.7886245214876	23.842201254195224	26.260371816973	0.0
177.0	26.229558255674828	23.762807753913464	23.77641013682887	26.23122385358284	0.0
178.0	26.06771765894662	23.80805649708104	23.780851731250223	26.343374112722113	0.0
179.0	26.022191316127707	23.844144451754566	23.800283706843665	26.33338052527406	0.0
180.0	26.32921653050404	23.69784943550111	23.85413803920262	26.118795994792233	0.0
181.0	26.33504612318207	23.744763776576697	23.74670697413604	26.173483126105197	0.0
182.0	26.096032823382775	23.821936479647782	23.857746834669978	26.22428386229947	0.0
183.0	26.225116661253473	23.820548481391107	23.718947009002555	26.235387848352865	0.0
184.0	26.32033334166132	23.69451823968509	23.72588700028593	26.259261418367657	0.0
185.0	26.16522777114621	23.745940093828942	23.959692418732477	26.12913971629237	0.0
186.0	26.3096530262694	23.74767161999728	23.658561637180796	26.284113716552525	0.0
187.0	26.20027815639496	23.688820167171436	23.75655485815967	26.35434681827393	0.0
188.0	26.169464424019168	23.792920614386958	23.695204994600658	26.34240996699322	0.0
189.0	26.18723090034395	23.869260942345008	23.820958334837005	26.12254982247404	0.0
190.0	26.28189290701193	23.790977406038934	23.725185923398726	26.201943763550407	0.0
191.0	26.175571650255808	23.768491709440383	23.765160495129486	26.29077614517432	0.0
192.0	26.240603173545647	23.718311735900595	23.820746860321794	26.220338230231967	0.0
193.0	26.243656795140858	23.83962379381947	23.866273582286773	26.0504458287529	0.0
194.0	26.492943358095427	23.7716113128352	23.597277279944922	26.138168049124445	0.0
195.0	26.220893434158366	23.744128718478297	23.779106565841634	26.255871281521703	0.0
196.0	26.238805638682383	23.814216630670746	23.705396056919824	26.241581673727048	0.0
197.0	26.204382804128517	23.763137585848884	23.85696757035861	26.17551203966399	0.0
198.0	26.34401736687524	23.732601200357553	23.686519018616092	26.23686241415112	0.0
199.0	26.18800419736499	23.793118764331282	23.824210356831543	26.19466668147219	0.0
200.0	26.299045599151643	23.76952246645162	23.783125038170482	26.14830689622626	0.0
201.0	26.11118051217989	23.796238462072317	23.847595252966897	26.2449857727809	0.0
202.0	26.243320147130266	23.772364494413214	23.768200430286626	26.216114928169894	0.0
203.0	26.086196127420365	23.811506697203136	23.764869178985357	26.337427996391146	0.0
204.0	26.018738288569644	23.845096814490944	23.795683253522103	26.340481643417306	0.0
205.0	26.307169130404606	23.715733222291625	23.85925463252134	26.117843014782427	0.0
206.0	26.33298632798945	23.731001457422444	23.75848428065792	26.177527933930183	0.0
207.0	26.095357068498853	23.807620237351657	23.85675619404539	26.240266500104102	0.0
208.0	26.21306128114373	23.817891595530572	23.739607189950725	26.229439933374977	0.0
209.0	26.338260809216465	23.688528003331253	23.719064473592894	26.254146713859395	0.0
210.0	26.169827662787597	23.719685529004174	23.953428977525096	26.15705783068313	0.0
211.0	26.2959333523956	23.757228161444438	23.652570768662745	26.294267717497217	0.0
212.0	26.210153155128907	23.69060276550914	23.728912368171937	26.370331711190016	0.0
213.0	26.18183736185641	23.763335489405176	23.713644048270098	26.341183100468317	0.0
214.0	26.21431724237486	23.863273583308118	23.811638901458263	26.11077027285876	0.0
215.0	26.28316348484133	23.807197208395912	23.730022791437527	26.179616515325225	0.0
216.0	26.172398764098904	23.768332394100323	23.76666675920194	26.292602082598837	0.0
217.0	26.252144510884957	23.69760869685916	23.82086602150896	26.22938077074693	0.0
218.0	26.24686998573102	23.843352155059936	23.87333366646124	26.036444192747805	0.0
219.0	26.476173026633575	23.78366673884438	23.598225538695583	26.141934695826464	0.0
220.0	26.208282670131194	23.74896591546324	23.791717329868803	26.251034084536755	0.0
221.0	26.239242685025815	23.822386319471434	23.70801177058464	26.230359224918104	0.0
222.0	26.21953250791183	23.76908555882516	23.841818888457052	26.169563044805955	0.0
223.0	26.3300205430015	23.736327799677976	23.673310754538893	26.260340902781632	0.0
224.0	26.188162789406473	23.81211481872189	23.807395480539668	26.192326911331964	0.0
225.0	26.30503581144856	23.77019599133863	23.7679751263117	26.15679307090112	0.0
226.0	26.132713710270693	23.79358112703661	23.83966420427573	26.234040958416966	0.0
227.0	26.234318567315995	23.76110088585	23.786363295661804	26.218217251172206	0.0
228.0	26.078024757161618	23.808016789786212	23.777479810892817	26.336478642159356	0.0
229.0	26.010010576899052	23.842995511064103	23.801631785108505	26.34536212692834	0.0
230.0	26.320377326015564	23.706689541639946	23.860207262804018	26.112725869540476	0.0
231.0	26.329816028582613	23.72973108025951	23.745832396403298	26.194620494754577	0.0
232.0	26.089684330920914	23.796079607127886	23.8618729161982	26.252363145752998	0.0
233.0	26.2262679092441	23.82967028391062	23.728065426865324	26.215996379979956	0.0
234.0	26.33786668665451	23.68503604751554	23.709188021731226	26.267909244098732	0.0
235.0	26.164711369226413	23.72479998223298	23.959380153129494	26.151108495411112	0.0
236.0	26.3096966550718	23.739579198094482	23.653242351138342	26.297481795695372	0.0
237.0	26.213643442702594	23.699048073799958	23.730695664002532	26.356612819494917	0.0
238.0	26.169503382683217	23.777611828425645	23.702657009524813	26.350227779366325	0.0
239.0	26.203927077289524	23.854509920409086	23.82647126593137	26.115091736370022	0.0
240.0	26.26992301477794	23.78796165452986	23.74548513460615	26.19663019608605	0.0
241.0	26.159843188645617	23.777410058360033	23.767970281360885	26.29477647163347	0.0
242.0	26.25172153360878	23.710515793682525	23.819916477853305	26.217846194855394	0.0
243.0	26.255123235330053	23.843731603558773	23.864280081305328	26.036865079805843	0.0
244.0	26.46957545597938	23.778963854886367	23.61178992735432	26.139670761779932	0.0
245.0	26.205737773210764	23.75982447857361	23.76537895409226	26.269058794123364	0.0
246.0	26.265883431237764	23.789526309211347	23.70037078698496	26.244219472565927	0.0
247.0	26.21844351427246	23.754197578528398	23.846134616933636	26.181224290265508	0.0
248.0	26.35716408747851	23.741586735445015	23.6546415664575	26.246607610618977	0.0
249.0	26.187440450892645	23.809365078042315	23.80547615674575	26.197718314319285	0.0
