# Position (bp)	A	C	G	T	N
0.0	26.241432057499953	23.768423332010027	23.727336074334623	26.262808536155397	0.0
1.0	26.138991529917355	23.65904238927956	23.770089031645515	26.43187704915757	0.0
2.0	26.11612967702891	23.746453536469584	23.804751567106585	26.332665219394926	0.0
3.0	26.306526385920108	23.784526552480358	23.773700136024207	26.135246925575327	0.0
4.0	26.209517358923186	23.710398698670634	23.811995658534283	26.268088283871897	0.0
5.0	26.22036184776635	23.662778755461304	23.810726637835796	26.306132758936553	0.0
6.0	26.266806559415556	23.763448023182228	23.774828187278644	26.194917230123572	0.0
7.0	26.27947319483187	23.897192500381642	23.774511844789544	26.048822459996945	0.0
8.0	26.278379128504024	23.831806827643632	23.70135997779628	26.188454066056067	0.0
9.0	26.278541157271597	23.832334664583293	23.59753880653765	26.29158537160746	0.0
10.0	26.177201137861655	23.676125719836257	23.772427669465067	26.37424547283702	0.0
11.0	26.231041420939427	23.710816623881218	23.686949281898286	26.37119267328106	0.0
12.0	26.156109068202316	23.86290154721432	23.748837854714495	26.23215152986887	0.0
13.0	26.236314438354263	23.82127246236037	23.866231874002636	26.07618122528273	0.0
14.0	26.208006660653577	23.775757996253382	23.75327829043225	26.26295705266079	0.0
15.0	26.237979601748425	23.79407479358912	23.75161312703809	26.216332477624366	0.0
16.0	26.294799709152265	23.7182440345687	23.722684457963066	26.26427179831597	0.0
17.0	26.308953558721825	23.75210226295077	23.709363187779957	26.229580990547447	0.0
18.0	26.196555341551818	23.773194274074033	23.64192425747795	26.3883261268962	0.0
19.0	26.1607544279347	23.702702552688397	23.714358664098622	26.422184355278276	0.0
20.0	26.27918529557874	23.742877996930567	23.759529538447023	26.218407169043672	0.0
21.0	26.205363461522452	23.834739000963015	23.737327483091747	26.22257005442279	0.0
22.0	26.16650986465072	23.94963463742656	23.69347842376508	26.190377074157638	0.0
23.0	26.372988979454774	23.69625368068449	23.789779838868583	26.14097750099215	0.0
24.0	26.374376607914478	23.641303593680185	23.75425655030014	26.230063248105196	0.0
25.0	26.235891287635955	23.767577783513307	23.73538480324816	26.26114612560258	0.0
26.0	26.147360591906793	23.64907431305453	23.77174066889242	26.43182442614625	0.0
27.0	26.11905297132882	23.74731840800162	23.802546020697864	26.331082599971694	0.0
28.0	26.321369200753757	23.76535757797778	23.7770136570393	26.136259564229157	0.0
29.0	26.20813871844186	23.712905222200945	23.821972819133734	26.256983240223462	0.0
30.0	26.205363461522452	23.664893277495164	23.817809933754617	26.311933327227766	0.0
31.0	26.253652931920175	23.769797989048836	23.77340582304407	26.203143255986923	0.0
32.0	26.278630244194858	23.891631767810907	23.78284169657006	26.046896291424176	0.0
33.0	26.281683026806206	23.817254882370737	23.703469348674954	26.197592742148107	0.0
34.0	26.271414576204393	23.835294052346896	23.597454534353517	26.295836837095194	0.0
35.0	26.165677287574894	23.68126729331968	23.778123759807066	26.374931659298362	0.0
36.0	26.221182425963086	23.706244605594364	23.694311000840905	26.378261967601652	0.0
37.0	26.14014492391633	23.864156724308753	23.755089127375967	26.24060922439895	0.0
38.0	26.242274378550594	23.820585190674027	23.864711775692633	26.072428655082746	0.0
39.0	26.215909437816205	23.769520463356894	23.74926108784521	26.265309010981692	0.0
40.0	26.25504056037988	23.788114684716938	23.746208305233857	26.210636449669327	0.0
41.0	26.30741990630759	23.71644723696188	23.725605559379233	26.2505272973513	0.0
42.0	26.312137829977132	23.75918607490953	23.702848515796717	26.225827579316626	0.0
43.0	26.20529073510801	23.768621922248617	23.637907684110033	26.388179658533335	0.0
44.0	26.16810239559512	23.700628316422815	23.71783486157057	26.41343442641149	0.0
45.0	26.286810109649792	23.734975536246044	23.761340330642273	26.21687402346189	0.0
46.0	26.21076849212803	23.830998892678636	23.734420487942963	26.223812127250373	0.0
47.0	26.169694917700216	23.946448939718977	23.691126720302837	26.19272942227797	0.0
48.0	26.377838031354678	23.684743664817432	23.790202842402362	26.14721546142553	0.0
49.0	26.377282983051597	23.639229703964986	23.75828756497534	26.22519974800807	0.0
50.0	26.23380299670579	23.769111006885375	23.739970970973747	26.25711502543509	0.0
51.0	26.15276594445632	23.647277904359626	23.76689081367306	26.433065337510996	0.0
52.0	26.12751124666624	23.745243929852997	23.80269142922163	26.324553394259137	0.0
53.0	26.33232407050223	23.769111006885375	23.772163772552307	26.126401150060087	0.0
54.0	26.21354373364342	23.71194103166828	23.81795525755629	26.25655997713201	0.0
55.0	26.20605058155186	23.66892478817969	23.804079049979325	26.320945580289123	0.0
56.0	26.268771039799738	23.766613289521523	23.764670620460745	26.199945050217995	0.0
57.0	26.280704578315927	23.894829447532672	23.77799177973463	26.046474194416767	0.0
58.0	26.270158660557435	23.823228216435535	23.70167263806133	26.204940484945705	0.0
59.0	26.2762641918913	23.83266403758787	23.60231899181026	26.288752778710567	0.0
60.0	26.165809579578664	23.680303278392802	23.785762455977732	26.368124686050802	0.0
61.0	26.22519974800807	23.702227686364406	23.700285017303628	26.372287548323893	0.0
62.0	26.14943565463784	23.86263664595411	23.76272795139997	26.22519974800807	0.0
63.0	26.242128721251966	23.816290112647053	23.86513436331797	26.07644680278301	0.0
64.0	26.219649264977285	23.757454992520724	23.76023023403612	26.262665508465876	0.0
65.0	26.255449880525855	23.78964779409928	23.753569654399172	26.20133267097569	0.0
66.0	26.300890850054117	23.720755973690782	23.725196347792302	26.2531568284628	0.0
67.0	26.305053700774288	23.753226209308135	23.712430272250437	26.22928981766714	0.0
68.0	26.199594815863236	23.772930369383623	23.641106763244803	26.38636805150834	0.0
69.0	26.175727805067577	23.695778869369743	23.71603807620792	26.41245524935476	0.0
70.0	26.286941728577336	23.735121319009465	23.763151102736096	26.214785849677103	0.0
71.0	26.214785849677103	23.83086661985785	23.742059384288336	26.21228814617671	0.0
72.0	26.169272141447724	23.935215121652035	23.690995223835863	26.204517513064378	0.0
73.0	26.379079235480713	23.682947068112377	23.79451115779658	26.143462538610336	0.0
74.0	26.371308602368376	23.639653540772233	23.76870155495919	26.2203363019002	0.0
75.0	26.229217025457146	23.783687775961546	23.735953886842932	26.251141311738373	0.0
76.0	26.159281327446156	23.646869128662257	23.77036669062612	26.42348285326547	0.0
77.0	26.141797402943407	23.7428919521218	23.800616655241985	26.31469398969281	0.0
78.0	26.325517371527845	23.768424032348033	23.76759146451457	26.13846713160955	0.0
79.0	26.213675759232487	23.703483741337823	23.82309598674552	26.25974451268417	0.0
80.0	26.208957874842852	23.666295711443087	23.81504783102203	26.309698582692025	0.0
81.0	26.25974451268417	23.758433218346465	23.77147678107074	26.21034548789863	0.0
82.0	26.278616050242693	23.88970141342266	23.780079982016535	26.051602554318116	0.0
83.0	26.269457804074587	23.81477030841088	23.70903419356092	26.206737693953613	0.0
84.0	26.274730733686525	23.828646438968615	23.606905872655975	26.289716954688885	0.0
85.0	26.162889121391164	23.674898912388887	23.79201345429619	26.37019851192376	0.0
86.0	26.216450985344032	23.70903419356092	23.696268153447804	26.378246667647247	0.0
87.0	26.14679280994419	23.855011087028316	23.767313941903417	26.230882161124075	0.0
88.0	26.247533517793364	23.811162514465867	23.868054649752587	26.073249317988186	0.0
89.0	26.226164276734448	23.753160288734524	23.763983670569562	26.25669176396147	0.0
90.0	26.254749105683384	23.790070796018107	23.750940107845288	26.20423999045322	0.0
91.0	26.316841135397357	23.714518832632127	23.725064662588945	26.24357536938157	0.0
92.0	26.306572827281506	23.754481977731647	23.723954575225072	26.214990619761775	0.0
93.0	26.20388974612302	23.76364019848362	23.64375076318506	26.388719292208297	0.0
94.0	26.187793479346826	23.6817712553978	23.72145687865635	26.408978386599024	0.0
95.0	26.28873847246852	23.73831983193324	23.75774630688835	26.215195388709887	0.0
96.0	26.216305472993035	23.824073842806513	23.748865632623158	26.21075505157729	0.0
97.0	26.175232354516513	23.927866723280967	23.70002192416459	26.196878998037924	0.0
98.0	26.38281811546542	23.676987675289247	23.796044214656998	26.14414999458834	0.0
99.0	26.37726769404967	23.63674712002509	23.772454923640076	26.21353026228516	0.0
100.0	26.22435358404587	23.786053456108654	23.741927605853476	26.247665353992	0.0
101.0	26.15941365348164	23.649790610352092	23.770789797215354	26.420005938950915	0.0
102.0	26.142762389234402	23.746090421915284	23.801317115001957	26.309830073848357	0.0
103.0	26.324538690600086	23.764406812587247	23.772732444710865	26.138322052101802	0.0
104.0	26.216305472993035	23.708625077359	23.822131195311	26.25293825433696	0.0
105.0	26.218803162630124	23.657006158192562	23.813528042116598	26.310662637060716	0.0
106.0	26.26820191323026	23.751363322260243	23.775785176489524	26.20464958801997	0.0
107.0	26.288460951397735	23.89234402622019	23.782723203259206	26.03647181912287	0.0
108.0	26.280135319274116	23.808810183913216	23.705849866651125	26.205204630161543	0.0
109.0	26.265981744663964	23.841557670266113	23.615100476503677	26.277360108566246	0.0
110.0	26.162466385260302	23.673379901369014	23.799374467506446	26.364779245864245	0.0
111.0	26.219358204771698	23.707792514146636	23.69530406596121	26.377545215120456	0.0
112.0	26.154695795278254	23.848495697035798	23.772732444710865	26.224076062975083	0.0
113.0	26.2498855225583	23.809365226054787	23.865146961283035	26.075602290103877	0.0
114.0	26.218248120488546	23.751363322260243	23.770789797215354	26.259598760035857	0.0
115.0	26.252660733266175	23.79077131431204	23.76496185472882	26.191606097692965	0.0
116.0	26.309757058728845	23.716884890129712	23.72326785704374	26.250090194097698	0.0
117.0	26.31031209933007	23.75296252920901	23.72354537734435	26.21317999411657	0.0
118.0	26.20790710840498	23.75712533371816	23.642231929265627	26.39273562861123	0.0
119.0	26.18709308585923	23.681084771351024	23.722435296141914	26.40938684664783	0.0
120.0	26.28096788248648	23.733601973729858	23.768847149719843	26.216582994063824	0.0
121.0	26.206037193373906	23.827126574585176	23.747755548340006	26.219080683700913	0.0
122.0	26.178285086295176	23.93424970790907	23.693916460607273	26.193548745188476	0.0
123.0	26.39169878973061	23.676155112076884	23.799374467506446	26.132771630686058	0.0
124.0	26.382540594394627	23.638967288591388	23.774120050064802	26.204372066949183	0.0
125.0	26.239062200797598	23.77828286612661	23.744147774419773	26.23850715865602	0.0
126.0	26.16135630097715	23.64035489394532	23.77328748685244	26.42500131822509	0.0
127.0	26.13915461531417	23.74969819583552	23.79493413037385	26.316213058476468	0.0
128.0	26.334325011378397	23.75808976166424	23.7736309847585	26.133954242198858	0.0
129.0	26.22588675412329	23.701263560448588	23.82670378069053	26.24614590473759	0.0
130.0	26.220613824511354	23.65935764616422	23.812272604910483	26.30775592441394	0.0
131.0	26.27251055279729	23.75038506262298	23.780635027238844	26.19646935734089	0.0
132.0	26.281391276354242	23.897472046534993	23.782022640294617	26.03911403681615	0.0
133.0	26.278616050242693	23.804224449186997	23.716527304062097	26.20063219650821	0.0
134.0	26.271677984963826	23.83724963991441	23.621059525824865	26.270012849296897	0.0
135.0	26.15622857872345	23.67933927416736	23.792846022129652	26.371586124979533	0.0
136.0	26.216728507955185	23.69377044994741	23.70903419356092	26.380466848536482	0.0
137.0	26.147902900388807	23.83946982080365	23.77508457501575	26.237542703791796	0.0
138.0	26.25974451268417	23.799229042186212	23.8716624436976	26.069364001432017	0.0
139.0	26.220613824511354	23.746222223455657	23.773696961959974	26.259466990073015	0.0
140.0	26.260577080517635	23.799229042186212	23.760653399235704	26.17954047806045	0.0
141.0	26.303666083867565	23.71076513196237	23.72464130102961	26.260927483140456	0.0
142.0	26.311714261926568	23.748508311825272	23.728526628368442	26.21125079787972	0.0
143.0	26.207920517303585	23.751006022257375	23.65109760497322	26.389975855465824	0.0
144.0	26.185163600033302	23.691338495268226	23.71992340354675	26.403574501151724	0.0
145.0	26.294025737589816	23.730812673972952	23.768833482733832	26.206328105703395	0.0
146.0	26.21049096797649	23.82461583719323	23.74663155061069	26.218261644219588	0.0
147.0	26.176633021488694	23.94228607744589	23.687241382181284	26.193839518884133	0.0
148.0	26.394767004598574	23.668647264028152	23.80269142922163	26.133894302151646	0.0
149.0	26.383666038537	23.6336792209342	23.780211972946947	26.202442767581847	0.0
150.0	26.238798431433498	23.783542262765415	23.742468688337603	26.235190617463484	0.0
151.0	26.16303433806327	23.64117237302576	23.77355139331	26.422241895600962	0.0
152.0	26.137224591970114	23.754957275156872	23.803524001676244	26.304294131196766	0.0
153.0	26.334062298794432	23.756965875535624	23.777502719744234	26.131469105925714	0.0
154.0	26.21701954058397	23.694588526532844	23.839456937726013	26.248934995157175	0.0
155.0	26.21785211765979	23.661562969191873	23.81531220252715	26.305272710621185	0.0
156.0	26.27752014142709	23.745653253849973	23.78228664518618	26.194539959536755	0.0
157.0	26.275299935891567	23.887746408123732	23.796717981167106	26.0402356748176	0.0
158.0	26.28057292403844	23.802823546389806	23.715680479120355	26.200923050451397	0.0
159.0	26.272802204664096	23.823360447593437	23.63297782292196	26.270859524820512	0.0
160.0	26.16206945357967	23.677104407940565	23.795885404091283	26.364940734388487	0.0
161.0	26.213966757972617	23.697918834836134	23.69986151467972	26.388252892511527	0.0
162.0	26.157629042508614	23.83418394957913	23.7770136570393	26.231173350872954	0.0
163.0	26.265031485289754	23.808374060228626	23.867209506920105	26.05938494756152	0.0
164.0	26.22590036272608	23.739547688627276	23.775070977195714	26.259480971450934	0.0
165.0	26.263088805446166	23.79782808393487	23.757309332911493	26.181773777707473	0.0
166.0	26.304235608865305	23.70880813485566	23.734063042911142	26.252893213367894	0.0
167.0	26.326715252299305	23.74183378385129	23.72101929919018	26.21043166465922	0.0
168.0	26.21320692928071	23.7557101069587	23.644144469175135	26.38693849458546	0.0
169.0	26.18267901844441	23.686606017883804	23.730732725365364	26.399982238306425	0.0
170.0	26.295427738846875	23.731631166308194	23.764934434191353	26.208006660653577	0.0
171.0	26.21605495039201	23.822937625754527	23.750225490876293	26.210781932977174	0.0
172.0	26.179421355720528	23.93145077360716	23.694720044404356	26.194407826267952	0.0
173.0	26.39394990633456	23.668077430097828	23.798515229306876	26.139457434260738	0.0
174.0	26.389786997849164	23.62311801845556	23.77797821411226	26.209116769583012	0.0
175.0	26.23908971067786	23.782973704294733	23.738846874349544	26.23908971067786	0.0
176.0	26.164989939637827	23.635884271144107	23.781031013668215	26.41809477554985	0.0
177.0	26.141122597654892	23.74356483729966	23.81183653646014	26.303476028585305	0.0
178.0	26.337129916408564	23.750291404402706	23.786370044737517	26.126208634451213	0.0
179.0	26.22591397163101	23.68874593073437	23.830285604860084	26.255054492774537	0.0
180.0	26.21953080985671	23.66515598504675	23.826122673268152	26.28919053182839	0.0
181.0	26.28280737005409	23.73897863861036	23.791154047895915	26.187059943439632	0.0
182.0	26.285027600236454	23.884126186782414	23.786991116303984	26.04385509667715	0.0
183.0	26.29168829078355	23.788656288940757	23.723714556106604	26.195940864169092	0.0
184.0	26.271428690369476	23.824179971858584	23.6312974747657	26.273093863006245	0.0
185.0	26.172905976027067	23.672371733139432	23.785048414894412	26.369673875939085	0.0
186.0	26.217588108447142	23.690133574598345	23.709560588694035	26.38271772826048	0.0
187.0	26.160417181251265	23.83361595013363	23.773669735209797	26.232297133405307	0.0
188.0	26.279754553553342	23.800867554943757	23.86220141373157	26.057176477771332	0.0
189.0	26.234239834814876	23.741476397565517	23.77172703380023	26.252556733819375	0.0
190.0	26.26809834509593	23.79698215212462	23.761735997979592	26.173183504799862	0.0
191.0	26.302307380620665	23.707406153385026	23.73904452128929	26.25124194470501	0.0
192.0	26.317849035029777	23.74515017123573	23.731273694084734	26.205727099649756	0.0
193.0	26.20267427467654	23.755418764327462	23.6496800084369	26.3922269525591	0.0
194.0	26.198379218472468	23.678952042628772	23.726409857904084	26.396258880994672	0.0
195.0	26.28504186568013	23.732303875177273	23.767272888745804	26.21538137039679	0.0
196.0	26.214271242981912	23.81306564460936	23.753951359767317	26.21871175264141	0.0
197.0	26.192068694684433	23.92851889575626	23.700665243853365	26.178747165705946	0.0
198.0	26.396332139021254	23.663198443601363	23.8016868386069	26.13878257877048	0.0
199.0	26.391614097508043	23.616573092176655	23.773378589527614	26.21843422078769	0.0
200.0	26.238416514255427	23.779761822163138	23.740074767081392	26.241746896500047	0.0
201.0	26.1676458915572	23.6382205767667	23.782537140700324	26.411596390975774	0.0
202.0	26.130179091305205	23.745625404155764	23.828329896563876	26.295865607975156	0.0
203.0	26.328132371960322	23.75262962161202	23.791761721590373	26.127476284837282	0.0
204.0	26.224407951886814	23.68664259527028	23.835122961170303	26.253826491672612	0.0
205.0	26.225518085463634	23.661109523003354	23.824021625402075	26.289350766130937	0.0
206.0	26.27880449715112	23.742426807505613	23.78017134911758	26.198597346225682	0.0
207.0	26.284574010446445	23.882780019649527	23.78564252291057	26.047003446993454	0.0
208.0	26.289438042585317	23.7749505983703	23.73026710184507	26.205344257199314	0.0
209.0	26.275561180310397	23.81214058926708	23.632573991429652	26.279724238992873	0.0
210.0	26.17703545815849	23.663935700170963	23.795488354537177	26.363540487133374	0.0
211.0	26.217000821510243	23.680865472146362	23.711672106396676	26.39046159994671	0.0
212.0	26.170374564266524	23.83073558471547	23.778003508070782	26.220886342947225	0.0
213.0	26.28000177623837	23.796320966273672	23.871533559803726	26.052143697684226	0.0
214.0	26.231432758276163	23.741923666155998	23.77911365705278	26.247529918515067	0.0
215.0	26.263699970303435	23.794721782016094	23.76613536639181	26.175442881288664	0.0
216.0	26.302905831089895	23.71069356942633	23.730121284449503	26.256279315034277	0.0
217.0	26.310676917099162	23.754822236407538	23.725958202658823	26.208542643834477	0.0
218.0	26.20077155782521	23.75954039577031	23.65435319585912	26.385334850545362	0.0
219.0	26.201822334842234	23.678696222943213	23.720882469671697	26.398598972542857	0.0
220.0	26.296814374448385	23.732327521606635	23.7631346688648	26.207723435080183	0.0
221.0	26.232979744994534	23.8047659489434	23.75453087098189	26.207723435080183	0.0
222.0	26.19107092304874	23.931880124116724	23.695691995137466	26.181356957697066	0.0
223.0	26.388403190621307	23.666272557215258	23.807541367615304	26.137782884548134	0.0
224.0	26.399227323441742	23.617702730456887	23.770073215544567	26.212996730556803	0.0
225.0	26.242693710346206	23.789223604380723	23.73843344268483	26.229649242588245	0.0
226.0	26.176083662220446	23.63463278435552	23.78450539263848	26.404778160785554	0.0
227.0	26.142501096290378	23.745927073098976	23.817532874834168	26.29403895577648	0.0
228.0	26.327139506806734	23.764588334882948	23.791232428081763	26.11703973022856	0.0
229.0	26.24034148940894	23.677783205293306	23.84264398951996	26.23923131577779	0.0
230.0	26.234235534437584	23.667236555797327	23.82099560371242	26.277532306052663	0.0
231.0	26.279197566499402	23.75022203472623	23.78602513433101	26.18455526444336	0.0
232.0	26.28045361946367	23.89967305205078	23.78671225805019	26.033161070435355	0.0
233.0	26.302657215336023	23.775055370217206	23.727595184040055	26.194692230406712	0.0
234.0	26.267686551837073	23.825846095775212	23.642943974776713	26.263523377611005	0.0
235.0	26.1747089941216	23.67180864941077	23.80503022464488	26.348452131822746	0.0
236.0	26.213010197001402	23.679857452914497	23.72037901538154	26.386753334702558	0.0
237.0	26.158611387114146	23.835560168969362	23.778663454546464	26.227164989370028	0.0
238.0	26.27212727101154	23.798369145883175	23.876914366281618	26.052589216823662	0.0
239.0	26.232160798441306	23.742860156202298	23.77200237578476	26.252976669571638	0.0
240.0	26.25614437298946	23.80061561690754	23.763145696926635	26.180094313176365	0.0
241.0	26.302363795840872	23.707073622969567	23.738161590815725	26.252400990373832	0.0
242.0	26.315307337628628	23.739239782477746	23.732022351827535	26.21343052806609	0.0
243.0	26.196008539249732	23.75943523245581	23.649502108439588	26.395054119854866	0.0
244.0	26.19559242416671	23.668371284682312	23.72361867639465	26.41241761475633	0.0
245.0	26.296865976633644	23.725345386699836	23.765048198658434	26.212740438008087	0.0
246.0	26.227906021112485	23.802080151929943	23.763486836625333	26.206526990332236	0.0
247.0	26.188122660683945	23.92266512655908	23.70386618834479	26.185346024412187	0.0
248.0	26.389343966412504	23.66285882477078	23.815857430845185	26.13193977797153	0.0
249.0	26.385456524515877	23.623151382540943	23.7794820816696	26.21191001127358	0.0
