# Position (bp)	A	C	G	T	N
0.0	26.252223393278506	23.834499318113288	23.801857276823874	26.111420011784332	0.0
1.0	26.219857979457643	23.94210740338094	23.661607150266807	26.17642746689461	0.0
2.0	26.23220638108358	23.840544831897674	23.72408756701134	26.203161220007416	0.0
3.0	26.210431395979246	23.77241898186566	23.77352540910147	26.24362421305363	0.0
4.0	26.246597924457326	23.717168588055674	23.74814683689952	26.288086650587477	0.0
5.0	26.215565881181547	23.71667219825202	23.712523509237748	26.355238411328685	0.0
6.0	26.124641160234745	23.80981354160329	23.872316652930735	26.19322864523123	0.0
7.0	26.31133554758474	23.85335055324021	23.698205460775394	26.137108438399654	0.0
8.0	26.267103967788678	23.708284017123326	23.81945289426236	26.205159120825638	0.0
9.0	26.232962511303022	23.67232716402722	23.80920777924337	26.285502545426393	0.0
10.0	26.28751240850885	23.72506892079846	23.739171070131924	26.24824760056077	0.0
11.0	26.296913841397828	23.738341531935838	23.67861478181763	26.286129844848706	0.0
12.0	26.14676742790622	23.728110560850773	23.714561436981366	26.410560574261645	0.0
13.0	26.15976352631157	23.829037708041266	23.78590172184478	26.22529704380238	0.0
14.0	26.23718709127962	23.796685718393903	23.74248922291627	26.223637967410205	0.0
15.0	26.11994569289943	23.809681816799255	23.752167168537277	26.318205321764044	0.0
16.0	26.250459702417	23.716497026105568	23.82654909345301	26.206494178024425	0.0
17.0	26.26760349180278	23.77898890354406	23.747742964824816	26.205664639828342	0.0
18.0	26.239675705867878	23.747742964824816	23.784795670916665	26.22778565839064	0.0
19.0	26.156998398991284	23.74718993936076	23.762674652354367	26.333137009293594	0.0
20.0	26.257372520717716	23.813829507779687	23.756038346785676	26.172759624716917	0.0
21.0	26.286406357580734	23.754379270393507	23.71787958976571	26.24133478226005	0.0
22.0	26.284470768456536	23.66257704335996	23.694376007543266	26.358576180640235	0.0
23.0	26.289651816130604	23.714495863380964	23.776987568021944	26.218864752466487	0.0
24.0	26.33935113881139	23.744293500051157	23.712771222926097	26.20358413821136	0.0
25.0	26.258333356375935	23.832224062557895	23.79959574062143	26.10984684044474	0.0
26.0	26.225981545642323	23.93729831964142	23.65774549355867	26.178974641157588	0.0
27.0	26.223492944816655	23.834436152180704	23.734339096748506	26.20773180625413	0.0
28.0	26.200266003777145	23.76724392988782	23.77802786679902	26.254462199536015	0.0
29.0	26.235106415336418	23.712771222926097	23.759778127410833	26.292344234326652	0.0
30.0	26.2221103888024	23.708623554883328	23.710559133303285	26.35870692301099	0.0
31.0	26.128373091035783	23.803743408664204	23.868447030131428	26.199436470168592	0.0
32.0	26.29981003680364	23.838583820223477	23.718854469388827	26.14275167358405	0.0
33.0	26.26552264765007	23.717748424577422	23.813697811966854	26.203031115805658	0.0
34.0	26.23289432571361	23.684014057829554	23.797383650998622	26.285707965458222	0.0
35.0	26.27603007335842	23.739039787196976	23.746782100876818	26.238148038567783	0.0
36.0	26.296491902369425	23.739039787196976	23.66991198648413	26.294556323949465	0.0
37.0	26.140816095164094	23.724661204648704	23.724384693445856	26.41013800674134	0.0
38.0	26.162936991392204	23.833883129775003	23.781069490030387	26.2221103888024	0.0
39.0	26.2221103888024	23.80733805430127	23.748717679296778	26.221833877599547	0.0
40.0	26.113994508487508	23.808444099112673	23.756183481773764	26.321377910626047	0.0
41.0	26.264140091635813	23.710282622100433	23.822546170458097	26.203031115805658	0.0
42.0	26.264969625244365	23.773880198756252	23.750653257716735	26.210496918282644	0.0
43.0	26.243678262624808	23.745952567268265	23.78355809085605	26.22681107925088	0.0
44.0	26.159065834552287	23.740422343211236	23.770285553119187	26.33022626911729	0.0
45.0	26.26579915885292	23.806785031895565	23.756459992976616	26.170955816274898	0.0
46.0	26.284878431849666	23.755077436962356	23.718854469388827	26.241189661799147	0.0
47.0	26.280177741401197	23.661340139195737	23.70530542044911	26.353176698953956	0.0
48.0	26.283699709664038	23.714088206829807	23.772984930181114	26.229227153325034	0.0
49.0	26.335057831998256	23.742779641145745	23.713469615734507	26.208692911121496	0.0
50.0	26.252657949238355	23.84094057530603	23.805547337073587	26.10085413838203	0.0
51.0	26.21560565296377	23.93744245142416	23.665633442185975	26.181318453426094	0.0
52.0	26.219753298069133	23.828221130316244	23.73227227354549	26.219753298069133	0.0
53.0	26.199568091889695	23.753563518419693	23.791721853389042	26.25514653630157	0.0
54.0	26.22749556893248	23.71429914475558	23.761029279609346	26.297176006702593	0.0
55.0	26.22141235611128	23.701856209439487	23.723700473661072	26.353030960788164	0.0
56.0	26.125463499340523	23.793933930778568	23.87495126517001	26.205651304710898	0.0
57.0	26.302706200176413	23.8326452850953	23.72065886725047	26.143989647477817	0.0
58.0	26.275608252154704	23.702132719113177	23.81301309826324	26.209245930468878	0.0
59.0	26.240768033269646	23.68194751293374	23.79421044045226	26.283074013344354	0.0
60.0	26.27671429084947	23.732548783219183	23.750245402335402	26.240491523595956	0.0
61.0	26.303259219523795	23.733931331587634	23.657338151975246	26.305471296913325	0.0
62.0	26.159474189204506	23.711810557692363	23.718170280187252	26.41054497291588	0.0
63.0	26.16638693104678	23.830709717379463	23.77927891807295	26.22362443350081	0.0
64.0	26.234408310774754	23.801123182294532	23.740291054082526	26.224177452848185	0.0
65.0	26.116062170435033	23.79448695012595	23.763241356998872	26.32620952244014	0.0
66.0	26.27229013607041	23.710981028671288	23.814672156305388	26.20205667895291	0.0
67.0	26.265377394228135	23.777619860030804	23.74996889266171	26.20703385307935	0.0
68.0	26.247404265438227	23.756881634503983	23.783703072852003	26.21201102720579	0.0
69.0	26.165280892352015	23.741950112124673	23.768771550472692	26.32399744505062	0.0
70.0	26.265653903901825	23.798358085557624	23.766559473083166	26.169428537457385	0.0
71.0	26.28832769714449	23.759093711893513	23.718723299534634	26.23385529142737	0.0
72.0	26.28058542628114	23.66093277773323	23.703515267481635	26.354966528503997	0.0
73.0	26.28936104321281	23.708979903332487	23.77230044352029	26.229358609934412	0.0
74.0	26.33574171927234	23.7476254863087	23.708084821638423	26.208547972780536	0.0
75.0	26.261084520244545	23.83666110885296	23.785230593967146	26.11702377693535	0.0
76.0	26.23039211619978	23.93454499202274	23.64559398097071	26.189468910806767	0.0
77.0	26.209100989069633	23.830854437817468	23.737394684960446	26.222649888152453	0.0
78.0	26.19610510627591	23.758962320235142	23.78882519984626	26.25610737364269	0.0
79.0	26.21794924969515	23.703660691325663	23.771405186739774	26.306984872239415	0.0
80.0	26.21794924969515	23.700342593591095	23.73020547320221	26.35150268351154	0.0
81.0	26.12891362715089	23.79629091974904	23.880072887546902	26.194722565553167	0.0
82.0	26.304219790793937	23.828918880805634	23.715827049685746	26.15103427871468	0.0
83.0	26.26384960169002	23.70393719947021	23.82615379936016	26.206059399479614	0.0
84.0	26.23039211619978	23.68789972708646	23.803203623362727	26.278504533351033	0.0
85.0	26.27352738674918	23.732141030214045	23.75481469806693	26.23951688496985	0.0
86.0	26.304496298938485	23.732970554647686	23.663013994077193	26.299519152336632	0.0
87.0	26.16181809635203	23.70587275648204	23.719421655564865	26.41288749160107	0.0
88.0	26.17840858502487	23.833343011118394	23.768363597149754	26.219884806706983	0.0
89.0	26.23675180352437	23.79960901748361	23.749008027031437	26.21463115196058	0.0
90.0	26.110664089610758	23.793525838303566	23.76476899127064	26.331041080815037	0.0
91.0	26.26578515870185	23.720527688143054	23.81564648986736	26.198040663287735	0.0
92.0	26.271591829737346	23.774999792618893	23.749837551465077	26.203570826178684	0.0
93.0	26.23371021393435	23.767534072716114	23.787442659123524	26.21131305422601	0.0
94.0	26.1698368325439	23.737394684960446	23.774999792618893	26.317768689876758	0.0
95.0	26.27352738674918	23.796014411604492	23.760621369102427	26.1698368325439	0.0
96.0	26.288182318410193	23.763662958692446	23.716103557830294	26.232051165067066	0.0
97.0	26.285970253253808	23.661078437065363	23.689835284098294	26.363116025582535	0.0
98.0	26.290321688685868	23.703871656334506	23.7760400825098	26.22976657246982	0.0
99.0	26.34084970482919	23.739475466950548	23.70795371279258	26.21172111542769	0.0
100.0	26.261215799588005	23.83016963680856	23.796712336342647	26.111902227260785	0.0
101.0	26.23384164466135	23.935518657283875	23.64380417801496	26.18683552003982	0.0
102.0	26.20840303604264	23.83376422280903	23.735880880950077	26.221951860198256	0.0
103.0	26.201766877272537	23.755789357260372	23.788140631264604	26.254303134202484	0.0
104.0	26.219463300659466	23.711271792177627	23.77597434018609	26.29329056697681	0.0
105.0	26.216145221274417	23.703806113561267	23.740304986796808	26.339743678367505	0.0
106.0	26.131534196955663	23.792841243726755	23.87634624158383	26.199278317733754	0.0
107.0	26.312646030056268	23.824086491269302	23.723991096486984	26.139276382187443	0.0
108.0	26.26729894512726	23.711271792177627	23.818279852345466	26.203149410349642	0.0
109.0	26.235500684353873	23.683897637250972	23.799477402496855	26.2811242758983	0.0
110.0	26.272829077435677	23.733945334642133	23.759107436645422	26.23411815127677	0.0
111.0	26.30988096390206	23.72343808325614	23.674772918942086	26.291908033899713	0.0
112.0	26.16969210988373	23.706294673100054	23.724267603102405	26.39974561391381	0.0
113.0	26.17715778850009	23.827128064038934	23.773762287262723	26.221951860198256	0.0
114.0	26.230800071891718	23.80528404142069	23.750535731567375	26.213380155120213	0.0
115.0	26.122962491877615	23.786205084956656	23.7654670888001	26.325365334365625	0.0
116.0	26.274488117128204	23.710718778946784	23.82298046480762	26.19181263911739	0.0
117.0	26.278359209744096	23.775421326955247	23.749153198490276	26.19706626481039	0.0
118.0	26.23688321743098	23.753853810952428	23.79173521726507	26.217527754351522	0.0
119.0	26.1666505371141	23.73449834787297	23.778462899724875	26.320388215288048	0.0
120.0	26.28084776928288	23.788970151110867	23.76657311526178	26.16360896434447	0.0
121.0	26.29080200743803	23.759383943260843	23.71901397740941	26.230800071891718	0.0
122.0	26.285824888360455	23.656246975708896	23.702147073868744	26.35578106206191	0.0
123.0	26.28866264440598	23.701659597294654	23.77880515630962	26.230872601989745	0.0
124.0	26.33601822741689	23.737394684960446	23.71472101710756	26.211866070515104	0.0
125.0	26.25748991436543	23.83693761699751	23.796843936038137	26.108728532598928	0.0
126.0	26.23702831166892	23.932885943155455	23.642828899525238	26.187256845650385	0.0
127.0	26.222649888152453	23.830854437817468	23.73380007908133	26.212695594948748	0.0
128.0	26.193063516685882	23.7581327958015	23.797396952327233	26.251406735185384	0.0
129.0	26.221267347429716	23.710020378650253	23.774723284474344	26.293988989445683	0.0
130.0	26.22458544516429	23.702001642458377	23.73241753835859	26.340995374018743	0.0
131.0	26.13942093664369	23.791313773147188	23.871224626921386	26.198040663287735	0.0
132.0	26.313897575853098	23.823388717914685	23.726610867323096	26.13610283890912	0.0
133.0	26.267444207569135	23.705319740192948	23.82615379936016	26.20108225287776	0.0
134.0	26.232604181356162	23.68264607234006	23.80154457449544	26.283205171808337	0.0
135.0	26.284034696241974	23.716380065974842	23.754261681777837	26.24532355600534	0.0
136.0	26.303113758215744	23.72412229402217	23.6787749583164	26.293988989445683	0.0
137.0	26.169560324399356	23.710849903083894	23.722463245154888	26.397126527361863	0.0
138.0	26.171772389555738	23.83057792967292	23.780806463654386	26.21684321711696	0.0
139.0	26.23322973466205	23.800780861159346	23.75073274860916	26.21525665556944	0.0
140.0	26.11986108192406	23.789997013703783	23.761240087155606	26.32890181721655	0.0
141.0	26.27747116012078	23.70483226969573	23.82843175207105	26.18926481811244	0.0
142.0	26.280512758121066	23.7675997920653	23.75709245351885	26.194794996294778	0.0
143.0	26.23958943957174	23.76013405151914	23.79082654043113	26.209449968477983	0.0
144.0	26.171844756838063	23.72944156260715	23.781148728612038	26.31756495194275	0.0
145.0	26.278300686848134	23.793315120613187	23.767323283156184	26.1610609093825	0.0
146.0	26.28936104321281	23.76013405151914	23.716445643878643	26.234059261389405	0.0
147.0	26.29579345833414	23.657338151975246	23.702962248134252	26.34390614155636	0.0
148.0	26.295313148071344	23.7016452371077	23.77768560763169	26.22535600718927	0.0
149.0	26.33962765001424	23.734339096748506	23.71691889096887	26.209114362268387	0.0
150.0	26.25722731156453	23.824205237675205	23.79517156137581	26.12339588938446	0.0
151.0	26.2317882809022	23.929279494758728	23.652215269501646	26.186716954837426	0.0
152.0	26.22764061285943	23.824481748878057	23.738763275994128	26.209114362268387	0.0
153.0	26.199436470168592	23.74539954486256	23.803743408664204	26.251420576304653	0.0
154.0	26.214368075122565	23.705581931651963	23.782452046044643	26.29759794718083	0.0
155.0	26.222939922410955	23.69590403955216	23.73959280960268	26.3415632284342	0.0
156.0	26.141092606366946	23.79130040453589	23.879507478245483	26.188099510851682	0.0
157.0	26.324696045060264	23.823928726472353	23.71166517811469	26.139710050352686	0.0
158.0	26.270499849301395	23.70198728601489	23.828905928123678	26.198606936560036	0.0
159.0	26.238424549770635	23.67682476655542	23.804572942272756	26.280177741401197	0.0
160.0	26.29981003680364	23.7138772677375	23.752588836136695	26.23372385932216	0.0
161.0	26.31335908574336	23.716642379766018	23.683184524220998	26.286814010269627	0.0
162.0	26.174550461911966	23.708623554883328	23.73295654073425	26.38386944247046	0.0
163.0	26.18146324198325	23.81314478956115	23.791853426941593	26.21353854151401	0.0
164.0	26.238773614122017	23.797172941644913	23.748506835375835	26.21554660885723	0.0
165.0	26.123744635667833	23.791642702296155	23.762608945715172	26.32200371632084	0.0
166.0	26.28356855284697	23.709795159934522	23.816252267398134	26.190384019820378	0.0
167.0	26.28605716055391	23.761779409812856	23.761502897845418	26.190660531787817	0.0
168.0	26.238773614122017	23.748230323408396	23.802426669026236	26.21056939344335	0.0
169.0	26.177664469318234	23.721685174534354	23.78417687917533	26.316473476972085	0.0
170.0	26.286333672521344	23.789430606556653	23.76841569703137	26.155820023890637	0.0
171.0	26.291587399902667	23.753760562757158	23.72749192585055	26.227160111489628	0.0
172.0	26.296084303201738	23.65870586511156	23.692993443883122	26.35221638780358	0.0
173.0	26.29173279947794	23.70688463303894	23.77656603418813	26.22481653329499	0.0
174.0	26.33881292427657	23.726029669980228	23.72713572702512	26.20802167871808	0.0
175.0	26.259045522794576	23.827918693296983	23.800267114253558	26.11276866965488	0.0
176.0	26.2244810489903	23.92442270415852	23.658691029551242	26.192405217299935	0.0
177.0	26.213696933163366	23.82736566171611	23.746070019328453	26.212867385792066	0.0
178.0	26.205954491031207	23.735838935082388	23.810498198499623	26.247708375386775	0.0
179.0	26.220886343714657	23.69850930337377	23.788929966845757	26.291674386065818	0.0
180.0	26.22392801740944	23.701550977068546	23.74053970351977	26.33398130200225	0.0
181.0	26.15065133294437	23.793354219492706	23.865524840796034	26.190469606766893	0.0
182.0	26.32126157564228	23.827642177506547	23.712058577105047	26.13903766974613	0.0
183.0	26.267340996507606	23.709569934991137	23.824323988021337	26.19876508047992	0.0
184.0	26.233329554284197	23.677217587510334	23.802479240577032	26.286973617628433	0.0
185.0	26.29582212292233	23.71510025079982	23.750494271975402	26.23858335430245	0.0
186.0	26.314348680881423	23.72146011397981	23.684683513852058	26.279507691286714	0.0
187.0	26.180791554101695	23.70597522971549	23.728373008740665	26.384860207442145	0.0
188.0	26.171113501436498	23.817134577470046	23.791142093169228	26.220609827924225	0.0
189.0	26.232441101648046	23.79106293551598	23.75594513881208	26.220550824023892	0.0
190.0	26.129299856210597	23.78470301957748	23.754286030306382	26.33171109390554	0.0
191.0	26.283320429156063	23.700641521955536	23.817608671607125	26.198429377281272	0.0
192.0	26.28774471850459	23.763687645171995	23.75705121114921	26.191516425174203	0.0
193.0	26.244607897356488	23.74903218670501	23.78802123658887	26.21833867934963	0.0
194.0	26.184326954982858	23.721380378276738	23.781937838734653	26.312354828005752	0.0
195.0	26.285809091914615	23.78802123658887	23.776683995133283	26.14948567636323	0.0
196.0	26.28885079084172	23.74294878885079	23.73078199314235	26.23741842716514	0.0
197.0	26.29279474835402	23.6495510716488	23.693794087473975	26.363860092523204	0.0
198.0	26.288719658885405	23.715704654931173	23.779857205271572	26.215718480911853	0.0
199.0	26.331929531546827	23.73899794545359	23.728766691461328	26.200305831538255	0.0
200.0	26.2545177016478	23.839915052000233	23.79318259119052	26.112384655161446	0.0
201.0	26.22714188141016	23.928955598631763	23.660727864990196	26.183174654967882	0.0
202.0	26.22714188141016	23.82636540359978	23.739537044462203	26.206955670527854	0.0
203.0	26.219399225181327	23.740643138209176	23.799266106798882	26.24069152981061	0.0
204.0	26.228801022030623	23.69363415396272	23.792906067753773	26.284658756252888	0.0
205.0	26.23516106107573	23.700547239881317	23.736218763221277	26.328072935821677	0.0
206.0	26.162158873775347	23.801754817729577	23.859548216009046	26.17653809248603	0.0
207.0	26.329455553005392	23.82719497391001	23.713543841408278	26.129805631676312	0.0
208.0	26.27630451013467	23.703785637253546	23.828498741807923	26.19141111080386	0.0
209.0	26.229018610181676	23.679727898680973	23.806100157619667	26.285153333517684	0.0
210.0	26.284323756325527	23.726737272903247	23.75743162901308	26.23150734175815	0.0
211.0	26.308658020628815	23.725631169980367	23.689959350717587	26.27575145867323	0.0
212.0	26.186986699112353	23.707933523214336	23.727013798633966	26.37806597903935	0.0
213.0	26.164311589193375	23.820479495617068	23.802228797389596	26.21298011779996	0.0
214.0	26.234141161635716	23.79517072793036	23.755627329742165	26.21506078069176	0.0
215.0	26.12408331213291	23.789363655469156	23.765029256584114	26.32152377581382	0.0
216.0	26.274790668864135	23.703363677591337	23.840797725839813	26.181047927704714	0.0
217.0	26.275896777904368	23.76530578384417	23.75839260234274	26.200404835908724	0.0
218.0	26.22722798013428	23.75396816618182	23.79821252779099	26.220591325892904	0.0
219.0	26.170816419082595	23.72742154921632	23.7890871282091	26.312674903491985	0.0
220.0	26.272170695691127	23.789495224347807	23.777327957613668	26.161006122347395	0.0
221.0	26.280190030584084	23.749122021093616	23.733359880097115	26.237328068225185	0.0
222.0	26.28745247148289	23.645765641202903	23.71185620463187	26.354925682682335	0.0
223.0	26.290843528084416	23.712751366059777	23.781054354799462	26.21535075105634	0.0
224.0	26.342627543048973	23.71502918785586	23.72996186636359	26.212381402731573	0.0
225.0	26.250134809648777	23.82826218610092	23.797290533459066	26.124312470791246	0.0
226.0	26.237690842069462	23.918688350510617	23.654599705216235	26.189021102203686	0.0
227.0	26.224417276651522	23.824390729520687	23.738942152142712	26.212249841685082	0.0
228.0	26.209761048169216	23.73866561952984	23.804756914006653	26.246816418294294	0.0
229.0	26.217372427886808	23.697316789217382	23.799081353579318	26.286229429316492	0.0
230.0	26.228433793578326	23.69980559649797	23.745157195833183	26.32660341409052	0.0
231.0	26.148804667947957	23.804598813655407	23.871797353538984	26.174799164857653	0.0
232.0	26.318875046665653	23.83114638496744	23.714724223276136	26.135254345090775	0.0
233.0	26.268894456519938	23.708982506208276	23.835913432555156	26.18620960471663	0.0
234.0	26.23764566637354	23.676627564198288	23.803558490545168	26.282168278883006	0.0
235.0	26.297101329041467	23.7170021072193	23.735530150934423	26.250366412804816	0.0
236.0	26.310651689370435	23.721426714673658	23.68381755131162	26.28410404464429	0.0
237.0	26.17984923150099	23.70317520892443	23.7377424546616	26.379233104912974	0.0
238.0	26.162980415581256	23.816002699010546	23.796368503431836	26.224648381976362	0.0
239.0	26.234195767839562	23.791245865734545	23.75280687587801	26.221751490547877	0.0
240.0	26.126731545164674	23.784634360161395	23.757809064737458	26.330825029936477	0.0
241.0	26.288642686859415	23.70748543898756	23.82004635186486	26.183825522288167	0.0
242.0	26.278553273168292	23.759752849450024	23.759476270947363	26.202217606434324	0.0
243.0	26.22151413817043	23.758709295539347	23.79992200011617	26.21985456617405	0.0
244.0	26.174281296418723	23.724894127279615	23.794600007191878	26.30622456910978	0.0
245.0	26.27786291638774	23.773589081111584	23.794059230654327	26.154488771846353	0.0
246.0	26.272940030872565	23.75195719889567	23.733975866285277	26.241126903946487	0.0
247.0	26.291794153936383	23.64540741519445	23.70460946015481	26.35818897071435	0.0
248.0	26.292754048199367	23.715960681353522	23.781805304642045	26.20947996580506	0.0
249.0	26.343455358328537	23.717962905581867	23.735945730600683	26.202636005488912	0.0
