# Position (bp)	A	C	G	T	N
0.0	28.813579636537973	20.92618394834225	24.109697814133966	26.149639684180563	8.989168052496742E-4
1.0	26.17986399409113	20.304702376582654	26.74752910613345	26.76790452319277	0.0
2.0	25.525753178789788	22.64907389234888	24.91778669035808	26.907386238503246	0.0
3.0	27.001622542402593	22.79095271554869	24.51657075738122	25.6908539846675	0.0
4.0	26.66572779941001	23.062425184015485	24.244798650428258	26.027048366146243	0.0
5.0	25.93940410894256	23.498399181387654	24.972920171812707	25.589276537857074	0.0
6.0	26.30736016995495	22.96594159146989	24.985804626717865	25.740893611857295	0.0
7.0	25.774003664578686	23.3515763231661	25.03075039964283	25.843669612612384	0.0
8.0	25.2497861330305	24.011979546676933	25.215777164850607	25.52245715544196	0.0
9.0	25.934609893163895	23.617505479638815	25.2078367449672	25.240047882230087	0.0
10.0	25.469870601119748	23.772418576986865	25.311361841937703	25.446348979955687	0.0
11.0	25.28604238985664	24.23880588070493	25.41114145783113	25.064010271607305	0.0
12.0	25.783142638406765	23.766725445749703	25.163190610528396	25.286941305315136	0.0
13.0	25.54418094568903	23.798037667554095	25.11030441772002	25.547476969036857	0.0
14.0	25.148508324706242	24.388025846815818	25.094873035682447	25.368592792795493	0.0
15.0	25.777449507169596	23.88807903264711	24.977414749105204	25.357056711078087	0.0
16.0	25.378480862838988	24.203448539337288	24.912093559120922	25.505977038702802	0.0
17.0	25.002584381943187	24.813212858685997	25.025356906891833	25.158845852478983	0.0
18.0	25.563207989560592	24.30922092495404	24.911943739877838	25.215627345607523	0.0
19.0	25.191806085957293	24.435368727630113	24.90130657361893	25.471518612793666	0.0
20.0	24.864301220577374	25.082587857749626	24.890819226603103	25.1622916950699	0.0
21.0	25.60935231643023	24.49754371350965	24.625339527859637	25.267764442200484	0.0
22.0	25.400354472329134	24.454545590744768	24.453946313772434	25.691153623153667	0.0
23.0	25.032248592073664	25.149107601678576	24.578296285531508	25.240347520716256	0.0
24.0	25.568301843825424	24.60631248398807	24.47507082704717	25.350314845139337	0.0
25.0	25.332785993698604	24.687364694496093	24.266822079161493	25.713027232643814	0.0
26.0	25.027604195538082	25.27600450057006	24.31146821360029	25.38492309029156	0.0
27.0	25.639166345803787	24.752685884480375	24.14157319194392	25.466574577771915	0.0
28.0	25.287690401530554	24.81950526689549	24.142771745888584	25.75003258568537	0.0
29.0	25.043934493034154	25.347618098763842	24.22307486018119	25.38537254802081	0.0
30.0	25.80037185136133	24.761525219822282	23.93736956362149	25.500733365194893	0.0
31.0	25.470170239605917	24.730812274990225	23.820360734773498	25.978656750630364	0.0
32.0	25.379529597540568	25.165288079931564	23.841784886534395	25.613397435993473	0.0
33.0	26.006223491357677	24.802126234697838	23.332848917780698	25.85880135616379	0.0
34.0	25.783442276892927	24.676427889751015	23.07890530075464	26.461224532601417	0.0
35.0	25.678576818287297	25.09456343417395	22.993802869925176	26.233056877613574	0.0
36.0	26.281323747711998	24.508113241183814	22.835865944862086	26.374697066242103	0.0
37.0	26.10039488500517	24.55633281401842	22.786291628746394	26.55698067223002	0.0
38.0	25.832693978225997	24.96148017576453	22.826351152847085	26.379474693162386	0.0
39.0	26.57476110435259	24.378499856058987	22.54093032326365	26.50580871632477	0.0
40.0	26.266159384716087	24.385329733267877	22.570978563246605	26.77753231876943	0.0
41.0	26.077059079380682	24.93320454378562	22.54466681353194	26.44506956330176	0.0
42.0	26.704700149901576	24.289688711691383	22.383216030393406	26.62239510801363	0.0
43.0	26.445056108405673	24.41140841990538	22.422536384556913	26.72099908713203	0.0
44.0	26.21684741138114	24.780138892100414	22.41696919246807	26.586044504050378	0.0
45.0	26.906646213702057	24.34902584186373	22.267451077851238	26.47687686658297	0.0
46.0	26.626764227176615	24.111383173198544	22.294772112204132	26.96708048742071	0.0
47.0	26.668336513147377	24.580317839289712	22.242355123053475	26.50899052450944	0.0
48.0	27.121464226289515	24.097337770382694	22.133943427620633	26.64725457570715	0.0
49.0	26.945627230159047	24.142093464390413	21.985886160743895	26.926393144706644	0.0
50.0	26.548731592716386	24.81453758532012	21.879006618099353	26.757724203864143	0.0
51.0	27.311059850683332	23.77491711519541	22.143678018371077	26.77034501575018	0.0
52.0	26.8123367212237	23.829700813278315	22.330536246734425	27.027426218763555	0.0
53.0	26.629061697585925	24.660472502655377	21.94012766440143	26.770338135357264	0.0
54.0	27.580522444838955	24.07142692458442	21.822331865446245	26.525718765130378	0.0
55.0	27.326323937302462	23.937302457588856	21.79320131587435	26.94317228923434	0.0
56.0	26.739519575008664	24.6217808060977	22.15613812218501	26.48256149670863	0.0
57.0	27.43853317436277	23.797248090742112	21.833209808913093	26.93100892598202	0.0
58.0	27.44274120829576	23.603246167718666	21.951307484220017	27.002705139765553	0.0
59.0	26.858043271853095	24.41970869275368	21.83592250661603	26.886325528777196	0.0
60.0	27.77777777777778	23.55808285946385	21.795739687697445	26.868399675060928	0.0
61.0	27.139937939907664	24.009182875450943	22.142334569489645	26.708544615151748	0.0
62.0	27.268113899069636	24.479842120101495	22.004510854243023	26.247533126585846	0.0
63.0	27.887190798802585	23.942019851898536	21.79927524814873	26.37151410115015	0.0
64.0	27.38615536444382	24.333850274918934	21.552939517834485	26.72705484280276	0.0
65.0	26.68247381940328	24.331159849832048	22.201146018573404	26.785220312191267	0.0
66.0	27.847709906806234	24.102292301576785	21.933660174020584	26.116337617596397	0.0
67.0	27.473777953690874	23.39204433010093	21.89788244607164	27.23629527013655	0.0
68.0	27.181656277827248	24.30431878895815	21.827693677649155	26.68633125556545	0.0
69.0	28.284524031586145	23.422247093204003	22.010818877075174	26.282409998134675	0.0
70.0	27.980316052120873	23.932630995286942	21.686997504851675	26.400055447740506	0.0
71.0	27.10520177280149	24.041676385973094	22.307752118808803	26.545369722416606	0.0
72.0	27.712100139082057	23.070236439499308	21.557719054242003	27.659944367176635	0.0
73.0	27.14005876591577	23.27130264446621	21.958863858961802	27.62977473065622	0.0
74.0	28.30167965748161	23.262707212646834	22.05511033044242	26.380502799429134	0.0
75.0	28.150067876095274	23.374058990497346	20.979883993582625	27.495989139824754	0.0
76.0	27.729588324383865	22.566432603607325	22.62150626462894	27.08247280737987	0.0
77.0	26.75817396668723	24.32140653917335	21.77668106107341	27.128315854410857	0.015422578655151141
78.0	27.724995681464847	23.28554154430817	20.590775608913457	28.398687165313525	0.0
79.0	27.073643410852714	24.089147286821706	21.104651162790695	27.732558139534884	0.0
80.0	27.19184027777778	24.26215277777778	21.766493055555554	26.7578125	0.021701388888888888
81.0	27.951807228915666	24.602409638554217	20.698795180722893	26.746987951807228	0.0
82.0	25.766541151156535	25.524475524475527	21.947283485745025	26.761699838622917	0.0
83.0	26.49909145972138	23.13749242883101	23.531193216232587	26.83222289521502	0.0
84.0	27.990511690952218	22.704168078617418	21.34869535750593	27.956624872924436	0.0
85.0	28.468536770280515	23.502653525398028	20.84912812736922	27.179681576952238	0.0
86.0	27.07705553164012	23.676280671545417	22.427894963409383	26.81876883340508	0.0
87.0	26.446676231468196	23.768531802965086	20.65997130559541	29.124820659971306	0.0
88.0	26.180482686253935	23.66211962224554	22.24554039874082	27.911857292759706	0.0
89.0	28.214285714285715	21.904761904761905	22.5	27.380952380952383	0.0
90.0	26.506024096385545	23.694779116465863	23.09236947791165	26.706827309236946	0.0
91.0	26.106526631657918	24.756189047261813	22.50562640660165	26.63165791447862	0.0
92.0	29.04841402337229	23.372287145242073	21.953255425709518	25.626043405676125	0.0
93.0	29.526462395543174	23.676880222841227	20.798514391829155	25.998142989786444	0.0
94.0	30.942622950819672	22.950819672131146	20.38934426229508	25.717213114754102	0.0
95.0	30.510440835266824	20.301624129930396	21.69373549883991	27.494199535962878	0.0
96.0	27.131782945736433	21.44702842377261	24.031007751937985	27.39018087855297	0.0
97.0	32.55813953488372	20.930232558139537	18.6046511627907	27.906976744186046	0.0
98.0	26.590538336052198	24.469820554649267	23.3278955954323	25.61174551386623	0.0
99.0	26.923076923076923	25.09157509157509	21.245421245421245	26.73992673992674	0.0
100.0	27.835051546391753	22.68041237113402	20.412371134020617	29.07216494845361	0.0
101.0	28.841607565011824	23.64066193853428	21.98581560283688	25.53191489361702	0.0
102.0	22.282608695652172	26.6304347826087	21.195652173913043	29.891304347826086	0.0
103.0	28.783382789317507	24.33234421364985	18.991097922848667	27.89317507418398	0.0
104.0	26.860841423948216	25.5663430420712	19.41747572815534	28.155339805825243	0.0
105.0	28.368794326241137	21.27659574468085	23.75886524822695	26.595744680851062	0.0
106.0	29.296875	23.046875	25.0	22.65625	0.0
107.0	31.601731601731604	23.376623376623375	22.51082251082251	22.51082251082251	0.0
108.0	27.358490566037734	24.056603773584907	25.0	23.58490566037736	0.0
109.0	28.57142857142857	25.396825396825395	17.46031746031746	28.57142857142857	0.0
110.0	31.76470588235294	22.35294117647059	19.411764705882355	26.47058823529412	0.0
111.0	28.37837837837838	26.351351351351347	17.56756756756757	27.7027027027027	0.0
112.0	30.37037037037037	22.22222222222222	22.962962962962962	24.444444444444443	0.0
113.0	25.6198347107438	25.6198347107438	21.487603305785125	27.27272727272727	0.0
114.0	31.19266055045872	21.100917431192663	15.59633027522936	32.11009174311927	0.0
115.0	19.801980198019802	29.7029702970297	21.782178217821784	28.71287128712871	0.0
116.0	31.11111111111111	26.666666666666668	21.11111111111111	21.11111111111111	0.0
117.0	32.53012048192771	25.301204819277107	12.048192771084338	30.120481927710845	0.0
118.0	24.65753424657534	19.17808219178082	31.506849315068493	24.65753424657534	0.0
119.0	35.0	21.666666666666668	20.0	23.333333333333332	0.0
120.0	33.92857142857143	23.214285714285715	21.428571428571427	21.428571428571427	0.0
121.0	30.612244897959183	26.53061224489796	14.285714285714285	28.57142857142857	0.0
122.0	35.714285714285715	11.904761904761903	28.57142857142857	23.809523809523807	0.0
123.0	25.0	27.500000000000004	20.0	27.500000000000004	0.0
124.0	30.555555555555557	33.33333333333333	13.88888888888889	22.22222222222222	0.0
125.0	32.35294117647059	5.88235294117647	26.47058823529412	35.294117647058826	0.0
126.0	20.0	20.0	36.0	24.0	0.0
127.0	25.0	41.66666666666667	8.333333333333332	25.0	0.0
128.0	25.0	35.0	20.0	20.0	0.0
129.0	27.77777777777778	33.33333333333333	22.22222222222222	16.666666666666664	0.0
130.0	31.25	25.0	12.5	31.25	0.0
131.0	7.6923076923076925	30.76923076923077	23.076923076923077	38.46153846153847	0.0
132.0	27.27272727272727	45.45454545454545	9.090909090909092	18.181818181818183	0.0
133.0	20.0	20.0	30.0	30.0	0.0
134.0	14.285714285714285	42.857142857142854	14.285714285714285	28.57142857142857	0.0
135.0	33.33333333333333	0.0	0.0	66.66666666666666	0.0
136.0	25.0	25.0	50.0	0.0	0.0
137.0	50.0	50.0	0.0	0.0	0.0
138.0	50.0	0.0	50.0	0.0	0.0
139.0	0.0	100.0	0.0	0.0	0.0
