# Position (bp)	A	C	G	T	N
0.0	26.14593788971013	23.79613269292985	24.004899805611547	26.053029611748475	0.0
1.0	26.299257014397938	23.679589878583933	23.772497642741996	26.248655464276133	0.0
2.0	26.251745351489596	23.776318518006498	23.80839151171632	26.163544618787586	0.0
3.0	26.329685763418503	23.70984954465278	23.765696623187043	26.19476806874167	0.0
4.0	26.34181942835659	23.658595246717848	23.768898816517336	26.23068650840823	0.0
5.0	26.29555198655451	23.83754840956775	23.67252050409529	26.19437909978245	0.0
6.0	26.198228777392035	23.781593436967917	23.81393317559649	26.206244610043562	0.0
7.0	26.151452167471888	23.863196647908815	23.856010436589976	26.129340748029318	0.0
8.0	26.21192858327345	23.796915593388977	23.764855452987675	26.226300370349897	0.0
9.0	26.201129206543094	23.69730853095369	23.832448521060005	26.269113741443206	0.0
10.0	26.21556419588304	23.750031088598362	23.634519674246757	26.399885041271844	0.0
11.0	26.190140631001828	23.762742871038967	23.732897816613193	26.314218681346013	0.0
12.0	26.17079661424438	23.814142686994465	23.78125785850681	26.233802840254345	0.0
13.0	26.230763066192463	23.800601875264253	23.66878621821709	26.299848840326195	0.0
14.0	26.090933459345784	23.961986243640652	23.80198359074693	26.145096706266635	0.0
15.0	26.149241852714656	23.754452578142917	23.915007917229715	26.18129765191271	0.0
16.0	26.235664741481745	23.775665294166412	23.683366954983835	26.305303009368004	0.0
17.0	26.37190151159256	23.827617652748227	23.630032884737613	26.1704479509216	0.0
18.0	26.42716997816896	23.706579710945917	23.79473291513527	26.071517395749854	0.0
19.0	26.151380329952744	23.759361096526376	23.838671346063503	26.250587227457373	0.0
20.0	26.243955011468206	23.841711111725207	23.752452538204327	26.16188133860226	0.0
21.0	26.112416061016386	23.764611600851136	23.715422665598144	26.407549672534337	0.0
22.0	26.194766076215213	23.589686904136844	23.841711111725207	26.373835907922732	0.0
23.0	26.335977008317908	23.653245640699698	23.77649432116506	26.23428302981734	0.0
24.0	26.183988725232823	23.922955757592508	23.717080719595433	26.175974797579244	0.0
25.0	26.15469643794733	23.80302318512173	24.001160637798105	26.04111973913284	0.0
26.0	26.286162748603786	23.686617606826744	23.76924373602748	26.25797590854199	0.0
27.0	26.250238344603467	23.77449422584291	23.805444481597032	26.169822947956593	0.0
28.0	26.3295483749734	23.712317372765433	23.762058855227416	26.196075397033752	0.0
29.0	26.341707404019665	23.66423393971885	23.767862028181312	26.226196628080174	0.0
30.0	26.291689579988446	23.838605469905023	23.675840285626645	26.193864664479882	0.0
31.0	26.20630003509538	23.779744715658342	23.806273506304734	26.207681742941546	0.0
32.0	26.147715622417934	23.86237084485908	23.856567671905182	26.1333458608178	0.0
33.0	26.21155052491081	23.78996935371997	23.76675666190438	26.23172345946484	0.0
34.0	26.195799055464512	23.698776635873003	23.829209856551092	26.27621445211139	0.0
35.0	26.208787109218477	23.751557875596554	23.632178317687792	26.407476697497174	0.0
36.0	26.180323927587455	23.77173081015058	23.73884616341182	26.30909909885014	0.0
37.0	26.169270264818127	23.81705082750483	23.776704958396778	26.23697394928027	0.0
38.0	26.223433212387842	23.8026810659047	23.671695162088145	26.30219055961931	0.0
39.0	26.093829016417452	23.95798502781378	23.801575699627765	26.146610256141003	0.0
40.0	26.14937367183333	23.754044949719653	23.921784282244225	26.17479709620279	0.0
41.0	26.241599239510105	23.77470486801963	23.677432904452402	26.306262988017863	0.0
42.0	26.381427687137993	23.823340849803245	23.62437546977937	26.17085599327939	0.0
43.0	26.409614449308044	23.7141862315957	23.799851881328205	26.07634743776805	0.0
44.0	26.16035504266702	23.75784807887872	23.841026661360925	26.240770217093335	0.0
45.0	26.24684971481629	23.842961047000045	23.744307379404873	26.165881858778796	0.0
46.0	26.103981518326925	23.7755338904364	23.711422823539817	26.40906176769687	0.0
47.0	26.185225715170006	23.58955652827519	23.85650174647389	26.368716010080913	0.0
48.0	26.33141000132644	23.6602997745059	23.78327143299288	26.225018791174783	0.0
49.0	26.183014988725294	23.920889154176063	23.717778662068355	26.17831719503029	0.0
50.0	26.152617500110537	23.80344431180086	24.000198965380022	26.043739222708584	0.0
51.0	26.28049066937848	23.68814473586037	23.774086488906327	26.257278105854816	0.0
52.0	26.253409345267535	23.783205710290627	23.803378533352863	26.160006411088972	0.0
53.0	26.326086776299974	23.717160440264955	23.75446634592799	26.202286437507084	0.0
54.0	26.339903778397396	23.6654848524206	23.7699413882771	26.224669980904903	0.0
55.0	26.290438910888625	23.83653933838667	23.678196494350228	26.194825256374475	0.0
56.0	26.21140565889138	23.784587410500368	23.795917352220254	26.208089578387998	0.0
57.0	26.14674208907545	23.864449682623462	23.858922881784494	26.129885346516595	0.0
58.0	26.206707878178253	23.795641012178308	23.765796287647873	26.231854821995558	0.0
59.0	26.19427257629058	23.701132717831946	23.832117897715495	26.272476808161983	0.0
60.0	26.21112931884943	23.748663205047073	23.63729816814186	26.40290930796163	0.0
61.0	26.18156093436095	23.764138247396186	23.740373003788623	26.313927814454242	0.0
62.0	26.16912563247327	23.82272233628925	23.765519947605927	26.242632083631552	0.0
63.0	26.22881508153413	23.7961936922622	23.674604073804897	26.30038715239877	0.0
64.0	26.093408460979404	23.955089216382543	23.799786112807535	26.15171620983052	0.0
65.0	26.14287332848817	23.748939545089023	23.92579717193601	26.182389954486794	0.0
66.0	26.230124297407386	23.78341632722992	23.676196687244733	26.310262688117962	0.0
67.0	26.376584114912927	23.82956498670808	23.618441778077454	26.17540912030154	0.0
68.0	26.423009113669398	23.71046275775546	23.79060114846604	26.0759269801091	0.0
69.0	26.164079209890733	23.75965114929506	23.83315739732614	26.243112243488063	0.0
70.0	26.235927422251944	23.849185075468256	23.749702935275817	26.165184567003983	0.0
71.0	26.108535014949958	23.774573470323926	23.70825204352896	26.40863947119716	0.0
72.0	26.179277870197915	23.595229278699215	23.85664623598269	26.368846615120177	0.0
73.0	26.32269795564202	23.671775258791733	23.776784184550422	26.228742601015824	0.0
74.0	26.172369388240107	23.922414984221028	23.721516328887958	26.183699298650914	0.0
75.0	26.15274929947993	23.805247130216596	24.003106053488228	26.038897516815247	0.0
76.0	26.286148531951643	23.687461139896374	23.769257340241793	26.257132987910193	0.0
77.0	26.254922279792748	23.777271157167533	23.806839378238344	26.160967184801383	0.0
78.0	26.318756476683937	23.728635578583766	23.756269430051812	26.196338514680484	0.0
79.0	26.343626943005184	23.665630397236615	23.779481865284975	26.21126079447323	0.0
80.0	26.288911917098446	23.842487046632126	23.679170984455958	26.189430051813474	0.0
81.0	26.210155440414507	23.787495682210707	23.797167530224524	26.20518134715026	0.0
82.0	26.14272884283247	23.860449050086356	23.86791018998273	26.128911917098446	0.0
83.0	26.202970639032813	23.79412780656304	23.768151986183074	26.234749568221073	0.0
84.0	26.19495682210708	23.69713298791019	23.831433506044906	26.276476683937823	0.0
85.0	26.213747841105356	23.746321243523315	23.63412780656304	26.40580310880829	0.0
86.0	26.185284974093264	23.76151986183074	23.74217616580311	26.311018998272885	0.0
87.0	26.16483592400691	23.81651122625216	23.7706390328152	26.248013816925734	0.0
88.0	26.229775474956824	23.800759930915373	23.677236614853197	26.292227979274614	0.0
89.0	26.094093264248702	23.952193436960275	23.797443868739204	26.156269430051815	0.0
90.0	26.14853195164076	23.751295336787564	23.92511226252159	26.175060449050086	0.0
91.0	26.235229747206223	23.783008544363263	23.668328377676332	26.313433330754183	0.0
92.0	26.379201715504756	23.823630193768032	23.622456311001557	26.17471177972565	0.0
93.0	26.41927068940742	23.710608053587418	23.78853529938432	26.081585957620838	0.0
94.0	26.1597895411688	23.758690822270612	23.831920326299617	26.249599310260972	0.0
95.0	26.234953409455176	23.854027346383845	23.754269418253767	26.156749825907216	0.0
96.0	26.117786203008762	23.761177862030088	23.70784467607689	26.41319125888426	0.0
97.0	26.176093468480914	23.587637754368902	23.86231747891543	26.373951298234754	0.0
98.0	26.31923642352629	23.665565000165802	23.782179531110103	26.233019045197803	0.0
99.0	26.172777415468286	23.919243055632318	23.721108888127425	26.186870640771975	0.0
100.0	26.152881097392477	23.80898429296223	24.00518409620975	26.032950513435544	0.0
101.0	26.286003255249714	23.69423865014908	23.764704581943587	26.255053512657618	0.0
102.0	26.263619959267924	23.772165680604182	23.809747510894585	26.154466849233305	0.0
103.0	26.32109805265325	23.73071513248977	23.7544801134087	26.19370670144828	0.0
104.0	26.348179077421335	23.66301257056956	23.771613006629323	26.217195345379785	0.0
105.0	26.28766127717429	23.84705300419756	23.675171398016452	26.190114320611702	0.0
106.0	26.220787726216365	23.784600845038508	23.791509269724244	26.20310215902088	0.0
107.0	26.143966043710986	23.86031717959417	23.871094322103918	26.124622454590924	0.0
108.0	26.20779988780718	23.797312346460263	23.76415190796873	26.230735857763825	0.0
109.0	26.201167800108877	23.692027954249646	23.834894176750666	26.271910068890815	0.0
110.0	26.225485455002666	23.751164069559547	23.630404806052884	26.392945669384904	0.0
111.0	26.189285309649414	23.7544801134087	23.739557916087513	26.316676660854377	0.0
112.0	26.171323405466495	23.81195820679402	23.770783995667035	26.245934392072446	0.0
113.0	26.236815271487274	23.795930661523116	23.674895061029027	26.292359005960584	0.0
114.0	26.090356668149678	23.95924582109391	23.798417694409977	26.151979816346437	0.0
115.0	26.153085164296158	23.74453198186124	23.923045675740653	26.179337178101953	0.0
116.0	26.236190097215083	23.785640464465924	23.667092224451334	26.311077213867655	0.0
117.0	26.37739790758211	23.82736723426127	23.620115066403592	26.17511979175302	0.0
118.0	26.42161170339175	23.712964037603832	23.78177175733258	26.083652501671832	0.0
119.0	26.147762505595807	23.757177833413472	23.834551976080338	26.260507684910383	0.0
120.0	26.23093970896269	23.858869563775638	23.75579615229442	26.154394574967256	0.0
121.0	26.11598383985763	23.76463891145635	23.704121278441907	26.415255970244118	0.0
122.0	26.17263276573873	23.596902823603536	23.860803917342306	26.36966049331543	0.0
123.0	26.32517036128198	23.65824946528941	23.782324429780203	26.23425574364841	0.0
124.0	26.177330481543503	23.913307799866253	23.72125412431814	26.188107594272104	0.0
125.0	26.14831517804343	23.805536672580264	24.006156771066493	26.039991378309818	0.0
126.0	26.286003255249714	23.682908833664477	23.77299469156647	26.258093219519342	0.0
127.0	26.266106992154793	23.769954984704746	23.807260478007723	26.15667754513274	0.0
128.0	26.318611019766387	23.73486018730121	23.7544801134087	26.192048679523705	0.0
129.0	26.351495121270485	23.656104145883823	23.77437637650362	26.218024356342074	0.0
130.0	26.288213951149146	23.848158352147276	23.670197332242722	26.193430364460852	0.0
131.0	26.216919008392352	23.78432450805108	23.79924670537227	26.1995097781843	0.0
132.0	26.13429424915095	23.85617212478273	23.878279083777084	26.131254542289227	0.0
133.0	26.20033878914659	23.790127584787097	23.766915277843022	26.24261834822329	0.0
134.0	26.198128093247153	23.69230429123708	23.837381209637527	26.27218640587824	0.0
135.0	26.222722085128375	23.748400699685252	23.635378871826614	26.393498343359763	0.0
136.0	26.193022452504316	23.752124352331606	23.735820379965457	26.319032815198618	0.0
137.0	26.162625215889463	23.808221070811744	23.774231433506046	26.254922279792748	0.0
138.0	26.230880829015547	23.792746113989637	23.678618307426596	26.29775474956822	0.0
139.0	26.08442141623489	23.962141623488773	23.79910189982729	26.154335060449053	0.0
140.0	26.154611398963727	23.74300518134715	23.92455958549223	26.17782383419689	0.0
141.0	26.226255547511013	23.786456059291357	23.673985973018233	26.3133024201794	0.0
142.0	26.370780990068365	23.82569623681171	23.62286320653045	26.180659566589476	0.0
143.0	26.41250822109353	23.72317436455783	23.7784422202203	26.085875194128345	0.0
144.0	26.153650590124162	23.758887786599168	23.8315652176316	26.255896405645075	0.0
145.0	26.22743338132439	23.86113360212008	23.75446634592799	26.15696667062754	0.0
146.0	26.10998886349631	23.76883602810931	23.696434937118823	26.424740171275555	0.0
147.0	26.168296612347426	23.59253108134622	23.860028241952286	26.379144064354072	0.0
148.0	26.325810436258024	23.655812950952406	23.7790606096614	26.23931600312817	0.0
149.0	26.172165372934703	23.913085530006384	23.732911822656014	26.1818372744029	0.0
150.0	26.149781829536884	23.80669461385624	23.998750943010393	26.044772613596486	0.0
151.0	26.280839633903703	23.687933855064774	23.76834902949109	26.262877481540436	0.0
152.0	26.261015665803562	23.76924373602748	23.812353020827864	26.157387577341098	0.0
153.0	26.31075714826554	23.736082747719493	23.764269587781282	26.188890516233688	0.0
154.0	26.35718253189673	23.65843076676495	23.77007276073518	26.214313940603144	0.0
155.0	26.290307872142282	23.842750593443522	23.678327359749744	26.188614174664455	0.0
156.0	26.206852718233847	23.786653254889174	23.801852041197	26.204641985679977	0.0
157.0	26.13804366749477	23.851869865228217	23.87701694802844	26.13306951924857	0.0
158.0	26.201049545279947	23.796877892950803	23.762887879935114	26.239184681834132	0.0
159.0	26.200773203710714	23.697118586457606	23.834460346366523	26.26764786346516	0.0
160.0	26.22785467749557	23.75072885088885	23.64019222319556	26.381224248420015	0.0
161.0	26.194562120546383	23.749754745501825	23.73317415970973	26.32250897424206	0.0
162.0	26.16913855566517	23.80944485435337	23.784021289472157	26.237395300509302	0.0
163.0	26.229657693806324	23.796733071912765	23.67376039395472	26.299848840326195	0.0
164.0	26.088722714573503	23.96336795912333	23.796456728816228	26.151452597486934	0.0
165.0	26.152281626776542	23.745333255957267	23.92827238586339	26.1741127314028	0.0
166.0	26.22586136381222	23.78159992041297	23.68128709916323	26.31125161661158	0.0
167.0	26.375087048315958	23.82996009594659	23.618833386759814	26.17611946897764	0.0
168.0	26.413775188742854	23.718040832568782	23.787679485337197	26.080504493351164	0.0
169.0	26.16126919558843	23.753202143328902	23.826433468650084	26.25909519243258	0.0
170.0	26.21653812035914	23.86595074986114	23.75624193419129	26.16126919558843	0.0
171.0	26.109592750927828	23.773651645494063	23.69710418468664	26.419651418891473	0.0
172.0	26.16347995257926	23.594027639989278	23.864016337494164	26.378476069937296	0.0
173.0	26.31989100968035	23.661179383585683	23.7805602610904	26.238369345643562	0.0
174.0	26.177573528395794	23.91403471441165	23.734410708906864	26.173981048285693	0.0
175.0	26.15546595848751	23.805154932613362	23.996385412319995	26.04299369657913	0.0
176.0	26.289289405470534	23.681417983452437	23.77067754362112	26.25861506745591	0.0
177.0	26.259240324430383	23.765216309949842	23.81689304022218	26.15865032539759	0.0
178.0	26.312298785458665	23.740345156342833	23.76549265610103	26.181863402097466	0.0
179.0	26.364528208033384	23.656888618683762	23.770466886822433	26.20811628646042	0.0
180.0	26.290467439514735	23.840382463073244	23.68203611844196	26.187113978970057	0.0
181.0	26.20811628646042	23.78815304049853	23.800035924999655	26.203694748041396	0.0
182.0	26.139582440965555	23.843422270736326	23.883216116507537	26.133779171790582	0.0
183.0	26.20258936343664	23.797272463487765	23.766598040705787	26.23354013236981	0.0
184.0	26.200378594227132	23.696682464454977	23.832368424688767	26.270570516629128	0.0
185.0	26.226907824741268	23.751399002390393	23.633951888135076	26.387741284733256	0.0
186.0	26.196654535003578	23.75484644741242	23.72610628884412	26.322392728739878	0.0
187.0	26.16929611482799	23.810392330799225	23.78662643044467	26.23368512392812	0.0
188.0	26.23396147160666	23.80044381437174	23.674981968313975	26.29061274570763	0.0
189.0	26.087497201979755	23.95685660042613	23.796022251515076	26.15962394607904	0.0
190.0	26.15271525411551	23.744068887949307	23.928945484893454	26.17427037304173	0.0
191.0	26.22463812171491	23.780612498687344	23.67587643908451	26.318872940513234	0.0
192.0	26.36889200855575	23.81985397748313	23.61950135687085	26.191752657090273	0.0
193.0	26.411726017100438	23.72036853828255	23.793600875471867	26.074304569145145	0.0
194.0	26.162532021964235	23.748345359129612	23.820196152666355	26.2689264662398	0.0
195.0	26.217801863146345	23.866622819259327	23.75912297816012	26.156452339434207	0.0
196.0	26.100077101428447	23.7820599622507	23.69804980365389	26.419813132666963	0.0
197.0	26.160044879111037	23.59469520064334	23.860266787523386	26.384993132722233	0.0
198.0	26.31756392648006	23.660189962444143	23.778743771779773	26.243502339296025	0.0
199.0	26.180218371142512	23.914431231881856	23.728724565509964	26.17662583146567	0.0
200.0	26.15092535531599	23.80803678760629	23.999546787302307	26.041491069775415	0.0
201.0	26.2869618084342	23.689548444149672	23.773558834908528	26.2499309125076	0.0
202.0	26.261057483716034	23.768097518646766	23.813695389640717	26.157149607996484	0.0
203.0	26.31107696644273	23.73714623651754	23.77583533917907	26.175941457860656	0.0
204.0	26.365518060902176	23.663636941460624	23.77113737671303	26.199707620924173	0.0
205.0	26.289521609245593	23.843541268836756	23.678559881058643	26.188377240859005	0.0
206.0	26.201642076057247	23.789652875843906	23.80181230810896	26.206892739989883	0.0
207.0	26.14001586253209	23.838014254170822	23.883612125164774	26.138357758132315	0.0
208.0	26.203576531190325	23.797114345642917	23.76367590691402	26.23563321625274	0.0
209.0	26.196391412124616	23.694588223589854	23.832210888771595	26.276809475513947	0.0
210.0	26.232040656719885	23.749582019515888	23.640147129130405	26.378230194633822	0.0
211.0	26.192667269114594	23.758832909132614	23.717932774549062	26.33056704720373	0.0
212.0	26.17332261086562	23.808299963797854	23.78674448746328	26.23163293787325	0.0
213.0	26.232738346916047	23.797245873369867	23.67509817414061	26.29491760557347	0.0
214.0	26.089311523612917	23.960017354921973	23.798351282412668	26.152319839052446	0.0
215.0	26.149832668706146	23.73506661471244	23.939014583108797	26.176086133472616	0.0
216.0	26.22645472232048	23.777966926070036	23.669912893526707	26.325665458082774	0.0
217.0	26.375132649451714	23.811681995047753	23.617958524938096	26.195226830562433	0.0
218.0	26.409676777502654	23.716616554651573	23.783493986558188	26.090212681287582	0.0
219.0	26.16241312127786	23.753989857815977	23.810642384380483	26.272954636525682	0.0
220.0	26.22735626148596	23.863425957911318	23.754266211604094	26.15495156899863	0.0
221.0	26.09608821212917	23.78162523662793	23.698995453980185	26.423291097262712	0.0
222.0	26.164347597794695	23.59895538268091	23.858175235937047	26.37852178358735	0.0
223.0	26.31634218126045	23.66997830622763	23.77140014646751	26.242279366044407	0.0
224.0	26.18673225463238	23.90404996476489	23.731328847190174	26.177888933412557	0.0
225.0	26.14887178566	23.810366030592363	24.001602851971093	26.03915933177654	0.0
226.0	26.28960851614187	23.684414155985564	23.764833330569786	26.261143997302778	0.0
227.0	26.254860399112346	23.77484779730996	23.810497633016723	26.159794170560975	0.0
228.0	26.31565856853474	23.733118144660953	23.766557137843268	26.184666148961043	0.0
229.0	26.354901023343736	23.67093819866078	23.772636954785504	26.20152382320998	0.0
230.0	26.28470677319243	23.847529245301267	23.67618894965635	26.19157503184995	0.0
231.0	26.207879995467774	23.783414812092204	23.798061643816688	26.210643548623334	0.0
232.0	26.140725653787587	23.836475032679015	23.884560857585814	26.138238455947583	0.0
233.0	26.196549427529963	23.810221277701167	23.76489900594993	26.228330288818942	0.0
234.0	26.201800178525538	23.695533821745293	23.82569717537232	26.27696882435685	0.0
235.0	26.23579188233896	23.750252174225444	23.635288362954018	26.378667580481576	0.0
236.0	26.186192659409535	23.763095859898133	23.72191869028965	26.328792790402677	0.0
237.0	26.16905853514292	23.81836722850013	23.77691370204863	26.23566053430832	0.0
238.0	26.224606260587922	23.79404782631525	23.677701595408056	26.303644317688775	0.0
239.0	26.09002047804207	23.964836355295414	23.791560614728162	26.153582551934363	0.0
240.0	26.142604062162306	23.736758174486702	23.938788426513224	26.18184933683777	0.0
241.0	26.226993441109563	23.783371429992897	23.662862528641593	26.326772600255943	0.0
242.0	26.38324925713496	23.802363347384425	23.612189897035453	26.202197498445166	0.0
243.0	26.410911342577236	23.72758132643358	23.77402198191026	26.087485349078925	0.0
244.0	26.16526595156475	23.748203029967932	23.81427623576247	26.272254782704856	0.0
245.0	26.219255949747854	23.86866318676458	23.757520127399808	26.154560736087763	0.0
246.0	26.08981767708328	23.78769361786842	23.69285473337278	26.429633971675525	0.0
247.0	26.167795311951288	23.59232723984703	23.862206651310824	26.377670796890857	0.0
248.0	26.32357617908549	23.66964865948592	23.768648977503698	26.23812618392489	0.0
249.0	26.177564536869326	23.90995948730003	23.736570662168326	26.17590531366232	0.0
