# Position (bp)	A	C	G	T	N
0.0	26.078785788841497	16.973359285137345	21.871260845717142	35.06779947371223	0.008794606591789078
1.0	26.175465881634125	18.075651956564002	24.03051258551578	31.718369576286094	0.0
2.0	26.150239305320262	19.876922079965933	24.835217226280076	29.137621388433733	0.0
3.0	26.84825172883051	21.51549235796743	22.96798770609419	28.66826820710788	0.0
4.0	27.05353588654058	21.809879560455837	22.21882782051638	28.917756732487206	0.0
5.0	27.32755667879394	21.336129086011056	22.589820497866157	28.746493737328855	0.0
6.0	27.312513307597598	21.252580516751372	22.922394719545274	28.512511456105756	0.0
7.0	26.526323585228802	22.20748743299914	22.62060154969867	28.645587432073395	0.0
8.0	26.409679599337167	22.289647383379158	23.073985613908405	28.226687403375273	0.0
9.0	26.23425074753983	22.733773988391146	22.906425602429156	28.125549661639866	0.0
10.0	26.04100128678683	22.81570250229122	23.175354792123752	27.967941418798198	0.0
11.0	26.50873441275308	22.427814961905558	23.523666694439044	27.539783930902324	0.0
12.0	26.60339193305005	22.528258394201128	22.94576980401959	27.92257986872923	0.0
13.0	26.447403745567993	22.631479064256023	22.90920284018848	28.011914349987503	0.0
14.0	26.727673322779832	22.368104350080074	23.189935290360207	27.714287036779883	0.0
15.0	26.553401653382213	22.64235657881338	23.055702131992852	27.748539635811554	0.0
16.0	26.441617833569396	22.731922496551597	23.298247562973867	27.528212106905137	0.0
17.0	26.559650438340693	22.63471917497524	23.608372446098443	27.19725794058563	0.0
18.0	26.306690365762215	22.950167097138518	23.306116403291952	27.43702613380731	0.0
19.0	26.290026939206268	23.153599763009044	23.295701761694485	27.260671536090204	0.0
20.0	26.70082669110636	22.76964664278242	23.47552790661075	27.05399875950047	0.0
21.0	26.60038325881079	22.90596272946927	23.011729200803547	27.481924810916396	0.0
22.0	26.482350654039493	22.910822895548087	23.163551531646625	27.4432749187658	0.0
23.0	26.840614324992362	22.685172327602963	23.161237166847187	27.312976180557484	0.0
24.0	26.81608205811833	22.89531665139186	22.938826709621278	27.349774580868534	0.0
25.0	26.63602447672212	22.936975217781725	23.190398163320094	27.236602142176057	0.0
26.0	26.857740624508196	22.84856648244323	23.43248072134122	26.861212171707354	0.0
27.0	26.59205154553281	23.052924894233527	23.17257755436443	27.18244600586923	0.0
28.0	26.472861758361798	23.25057164810546	23.18947241740032	27.08709417613242	0.0
29.0	26.782523768526488	23.089028985104747	23.288758667296175	26.83968857907259	0.0
30.0	26.802658742281594	23.15221114412938	22.91475731570713	27.13037279788189	0.0
31.0	26.5353496079466	23.25566325066422	22.98650262448968	27.222484516899492	0.0
32.0	27.077373843974783	22.91267438738764	22.942529693300376	27.067422075337205	0.0
33.0	27.030160802066266	22.880967589635347	22.666425972727524	27.422445635570863	0.0
34.0	26.820710787717207	23.11957860045732	22.838383277325704	27.221327334499772	0.0
35.0	27.15299801554183	22.871807711567353	23.04892523971142	26.926269033179402	0.0
36.0	27.137653552379714	23.048188964671336	22.74665948075601	27.06749800219294	0.0
37.0	26.839000006987746	23.215853797723394	23.03067853341191	26.914467661876955	0.0
38.0	27.209796910420902	23.008950898595433	23.1164551637103	26.664797027273362	0.0
39.0	27.059637925168072	23.117644988325843	22.71051612676139	27.11220095974469	0.0
40.0	27.00728377973699	23.28852397941018	22.69738005578965	27.006812185063183	0.0
41.0	27.401351764909627	22.880364772503516	22.808245338925754	26.910038123661106	0.0
42.0	27.375029274144598	22.99561724235168	22.35540962294902	27.273943860554706	0.0
43.0	27.317485997555146	23.12169529040456	22.475521339412513	27.08529737262778	0.0
44.0	27.713194346324183	22.825424975760914	22.49265519106248	26.968725486852424	0.0
45.0	27.644928340199755	22.83720047239008	22.417325571934704	27.100545615475458	0.0
46.0	27.49837540614846	23.154961259685077	22.35341164708823	26.993251687078228	0.0
47.0	27.92650545522854	22.90789827737641	22.32937497144192	26.836221295953127	0.0
48.0	27.95583336994075	22.885921822067292	21.946101827183718	27.212142980808242	0.0
49.0	27.896736883408956	23.013780880575357	22.14842690445028	26.941055331565405	0.0
50.0	28.316787488975415	22.765235442166627	22.0935422806376	26.824434788220366	0.0
51.0	28.078422096371824	22.82140214703593	21.91483919234482	27.185336564247425	0.0
52.0	28.08314881485613	22.980015662942492	21.812901081193765	27.123934441007613	0.0
53.0	28.50437595678923	22.63886080702464	21.855521215447272	27.001242020738857	0.0
54.0	28.526440138671227	22.650128223393644	21.501757135394406	27.32167450254072	0.0
55.0	28.36932286735286	22.794661128248986	21.545157447848265	27.290858556549892	0.0
56.0	28.652476017467027	22.60198282891568	21.726427539220534	27.019113614396762	0.0
57.0	28.657069662804457	22.739242382865836	21.41282721491827	27.190860739411438	0.0
58.0	28.723264751670268	22.730130763566425	21.509917385939133	27.03668709882417	0.0
59.0	28.84100036890866	22.5747736084139	21.705402075633234	26.878823947044207	0.0
60.0	28.886107544257044	22.703827675260783	21.30650257534879	27.103562205133386	0.0
61.0	28.71888145387045	22.851828565440638	21.324905315788687	27.104384664900227	0.0
62.0	29.074274960827083	22.646806095033693	21.443040829260514	26.83587811487871	0.0
63.0	28.980187493178207	22.5545642339986	21.16271642768496	27.302531845138233	0.0
64.0	28.96389721483178	22.592867005691577	21.151870811302327	27.29136496817432	0.0
65.0	29.3440716276416	22.315170400930455	21.33906822620641	27.00168974522153	0.0
66.0	29.18869878391877	22.60518140412936	20.896069500829352	27.310050311122513	0.0
67.0	29.316655328689556	22.417097030727515	20.928628232521152	27.33761940806178	0.0
68.0	29.44876045078165	22.246184555663106	21.202485618420457	27.102569375134788	0.0
69.0	29.540427365246497	22.2966547399503	20.95214076677753	27.210777128025683	0.0
70.0	29.388360161575637	22.600199489703137	20.89461763555105	27.11682271317018	0.0
71.0	29.527672803337605	22.41676201042425	21.02416530874042	27.03139987749772	0.0
72.0	29.272329358415526	22.43999733254118	20.78677910409758	27.500894204945713	0.0
73.0	29.269349095842596	22.53227768683478	20.988299139474005	27.210074077848624	0.0
74.0	29.649758049942776	22.29487788717029	21.035934435884908	27.01942962700203	0.0
75.0	29.68493796578442	22.199311747443684	20.77636014328039	27.33939014349151	0.0
76.0	29.50477768245422	22.41960772712481	20.79549152442091	27.280123066000062	0.0
77.0	29.651565503661793	22.303854804691454	20.97767124033964	27.066908451307114	0.0
78.0	29.61203613461208	22.466195464336316	20.679121041122368	27.24264735992924	0.0
79.0	29.47635572590252	22.605790645879733	20.756720360491013	27.161133267726733	0.0
80.0	29.81564932404752	22.1694205471346	20.95771314124448	27.0572169875734	0.0
81.0	29.691795966237912	22.406798561842685	20.533156447674532	27.36824902424487	0.0
82.0	29.669424848028953	22.475450830503995	20.70872384979771	27.14640047166934	0.0
83.0	29.86351599103687	22.28988645988571	20.801749740004933	27.044847809072486	0.0
84.0	29.81270865161546	22.343688111808973	20.508119730662592	27.335483505912972	0.0
85.0	29.63351784691735	22.414821530826494	20.45476235922886	27.496898263027298	0.0
86.0	29.926933736457546	22.260015117157973	20.69286974048879	27.120181405895693	0.0
87.0	29.706234215073774	22.286321946032167	20.688555097700387	27.318888741193675	0.0
88.0	29.788847082607962	22.559948334924467	20.595833099342954	27.055371483124613	0.0
89.0	30.213982988056078	22.09033520049791	20.7225630538514	26.973118757594616	0.0
90.0	29.821916517478563	22.122240020101135	20.646063004491346	27.409780457928957	0.0
91.0	29.693184272163993	22.23126630010465	20.58838186680842	27.487167560922938	0.0
92.0	29.8388231981982	22.423986486486484	20.67673141891892	27.060458896396394	0.0
93.0	30.29715521419783	22.11886208567913	20.27888594757839	27.30509675254465	0.0
94.0	29.875739644970412	22.712031558185405	20.631163708086785	26.781065088757394	0.0
95.0	29.7339005672339	22.487070403737068	20.856272939606274	26.922756089422755	0.0
96.0	29.875041468539205	22.525710494304988	20.51752736923587	27.08172066791994	0.0
97.0	29.45491927758697	22.380318216864094	20.85465292866989	27.310109576879043	0.0
98.0	29.929533934973417	22.40326369143281	20.72444059834343	26.94276177525034	0.0
99.0	30.248709280079673	22.155829860838118	20.730141258484682	26.86531960059753	0.0
100.0	29.982510202381945	22.181505233058495	20.540795646983703	27.295188917575857	0.0
101.0	29.94297136809924	22.329355047327883	20.809571403374687	26.91810218119819	0.0
102.0	29.535353535353536	22.514374514374513	20.801864801864802	27.14840714840715	0.0
103.0	29.773931356740924	22.518016387508638	20.333015235776102	27.375037019974336	0.0
104.0	30.164756696506323	21.989619979797276	20.77397331847156	27.07165000522484	0.0
105.0	29.817511520737327	22.705990783410137	20.287557603686636	27.188940092165897	0.0
106.0	29.57085906355038	22.74681466426952	20.5073086844368	27.175017587743298	0.0
107.0	30.101260591031203	22.48398429427568	20.76048770407109	26.65426741062203	0.0
108.0	29.216827912270716	22.610865473011426	20.890425951057217	27.28188066366064	0.0
109.0	29.0749918940201	22.42808837834082	20.87174023808421	27.625179489554867	0.0
110.0	29.77349444743408	22.69947654224353	20.644782544885278	26.88224646543711	0.0
111.0	29.192096824247436	22.25095686355643	20.999275887038376	27.557670425157752	0.0
112.0	29.587668173647803	22.789912304591752	20.70374203387984	26.918677487880604	0.0
113.0	29.665016691608148	22.821457350063312	20.795441464256935	26.718084494071604	0.0
114.0	29.132758411271713	22.755982023563707	20.630389894327706	27.480869670836878	0.0
115.0	30.105182144689586	21.838122113904568	20.99794766546947	27.05874807593638	0.0
116.0	30.250900931529202	22.125518460596993	20.77922077922078	26.844359828653026	0.0
117.0	29.81710829493088	22.55184331797235	20.629320276497694	27.00172811059908	0.0
118.0	29.944108414363374	22.624607610443302	20.90957813337417	26.521705841819156	0.0
119.0	29.613385315139702	22.108512020792723	21.483105912930476	26.794996751137102	0.0
120.0	29.259291047978714	22.495923096729893	21.34580722684748	26.89897862844391	0.0
121.0	29.11898274296095	22.979109900090826	21.08991825613079	26.811989100817442	0.0
122.0	29.343852222436023	23.013276890513758	20.723494323648257	26.919376563401965	0.0
123.0	29.617151607963248	22.705461970393056	20.33690658499234	27.340479836651355	0.0
124.0	29.63123175083811	23.17508381096572	20.41743268086947	26.7762517573267	0.0
125.0	29.59265633964429	22.604704532415376	21.31956397016638	26.483075157773957	0.0
126.0	29.48485945228616	23.235613463626493	20.376402461093015	26.90312462299433	0.0
127.0	29.82008421589894	23.044532346561184	20.671175194589768	26.46420824295011	0.0
128.0	30.567567567567565	22.06756756756757	20.83783783783784	26.527027027027028	0.0
129.0	29.68192839823135	21.951219512195124	21.38068749108544	26.986164598488088	0.0
130.0	29.22868741542625	22.537964215907383	20.673582919861673	27.55976544880469	0.0
131.0	29.293893129770993	22.455470737913487	20.99236641221374	27.25826972010178	0.0
132.0	29.09366576819407	23.247978436657682	19.92924528301887	27.729110512129377	0.0
133.0	29.220663944612106	22.27942481803657	22.101899520681698	26.39801171666962	0.0
134.0	30.42988548901821	21.212690069457484	21.269006945748075	27.088417495776234	0.0
135.0	29.948227797690162	22.182397451214655	20.94782954998009	26.921545201115094	0.0
136.0	28.49056603773585	23.12368972746331	21.61425576519916	26.771488469601678	0.0
137.0	29.227373068432673	22.030905077262695	21.037527593818982	27.704194260485654	0.0
138.0	28.411997209951174	21.553127179725646	21.576377586607766	28.458498023715418	0.0
139.0	28.448699067255767	22.925871379479627	20.667648502700047	27.957781050564556	0.0
140.0	28.93584127802113	21.850038649832516	21.875805204844113	27.338314867302245	0.0
141.0	29.818869964855367	22.032981886996485	21.57339821573398	26.574749932414164	0.0
142.0	29.17976564732781	23.03515290082881	19.919977136324665	27.865104315518717	0.0
143.0	30.09357078176879	22.185330516148504	20.223362511319046	27.49773619076366	0.0
144.0	30.12512030798845	22.104587744626244	20.5646454924607	27.205646454924608	0.0
145.0	29.99320652173913	22.146739130434785	21.603260869565215	26.25679347826087	0.0
146.0	29.35680919870643	21.954725116780452	21.415738411785842	27.27272727272727	0.0
147.0	27.23112128146453	22.38749046529367	21.014492753623188	29.36689549961861	0.0
148.0	30.57784911717496	21.26805778491172	20.786516853932586	27.36757624398074	0.0
149.0	28.86816447647308	22.891055532005087	22.000847816871556	26.239932174650278	0.0
150.0	28.425720620842572	22.660753880266075	21.507760532150776	27.405764966740577	0.0
151.0	27.480204937121567	22.822543083372146	21.564974382859806	28.13227759664648	0.0
152.0	29.470034670629026	22.288261515601786	20.60425953442298	27.637444279346212	0.0
153.0	29.544264012572025	23.729701414353062	19.748559455212153	26.977475117862753	0.0
154.0	29.476584022038566	23.96694214876033	20.66115702479339	25.895316804407713	0.0
155.0	28.78612716763006	23.641618497109825	20.404624277456648	27.167630057803464	0.0
156.0	28.441479684657367	23.771983020012126	22.134627046694966	25.651910248635534	0.0
157.0	28.18066157760814	23.091603053435115	22.010178117048344	26.717557251908396	0.0
158.0	29.698996655518396	21.40468227424749	22.943143812709028	25.953177257525084	0.0
159.0	27.492877492877493	21.43874643874644	23.29059829059829	27.77777777777778	0.0
160.0	30.04518072289157	23.042168674698797	20.180722891566266	26.731927710843372	0.0
161.0	29.276054097056488	22.673031026252982	22.195704057279237	25.855210819411294	0.0
162.0	30.478589420654913	23.929471032745592	19.059613769941226	26.532325776658272	0.0
163.0	30.07181328545781	23.6983842010772	19.83842010771993	26.391382405745063	0.0
164.0	29.615745079662602	24.742268041237114	19.868791002811623	25.773195876288657	0.0
165.0	27.936821322803553	22.50740375123396	20.138203356367228	29.417571569595264	0.0
166.0	26.7650158061117	26.027397260273972	23.814541622760803	23.39304531085353	0.0
167.0	29.207383279044517	23.452768729641694	21.281216069489687	26.058631921824105	0.0
168.0	28.57142857142857	23.387096774193548	21.428571428571427	26.61290322580645	0.0
169.0	28.14814814814815	23.209876543209877	20.98765432098765	27.65432098765432	0.0
170.0	29.77602108036891	22.397891963109355	19.894598155467722	27.931488801054016	0.0
171.0	28.176795580110497	23.756906077348066	20.994475138121548	27.071823204419886	0.0
172.0	28.654970760233915	22.22222222222222	22.36842105263158	26.75438596491228	0.0
173.0	29.36630602782071	23.02936630602782	22.874806800618238	24.72952086553323	0.0
174.0	32.090761750405186	22.366288492706644	20.097244732576986	25.44570502431118	0.0
175.0	27.918781725888326	23.519458544839257	19.4585448392555	29.103214890016922	0.0
176.0	30.824372759856633	23.118279569892472	21.14695340501792	24.910394265232974	0.0
177.0	27.683615819209038	23.91713747645951	22.4105461393597	25.98870056497175	0.0
178.0	33.26732673267327	22.970297029702973	18.217821782178216	25.544554455445546	0.0
179.0	29.81366459627329	22.77432712215321	22.36024844720497	25.051759834368532	0.0
180.0	29.67032967032967	23.516483516483515	21.75824175824176	25.054945054945055	0.0
181.0	29.723502304147466	23.04147465437788	21.658986175115206	25.57603686635945	0.0
182.0	29.82885085574572	22.73838630806846	21.026894865525673	26.405867970660147	0.0
183.0	30.927835051546392	22.164948453608247	23.195876288659793	23.711340206185564	0.0
184.0	26.170798898071624	21.487603305785125	24.517906336088156	27.823691460055095	0.0
185.0	27.728613569321535	20.943952802359885	22.418879056047196	28.908554572271388	0.0
186.0	27.300613496932513	23.92638036809816	26.07361963190184	22.699386503067483	0.0
187.0	27.15654952076677	22.044728434504794	23.322683706070286	27.47603833865815	0.0
188.0	29.20962199312715	23.367697594501717	19.93127147766323	27.491408934707906	0.0
189.0	30.2491103202847	21.70818505338078	21.70818505338078	26.334519572953734	0.0
190.0	27.169811320754718	24.528301886792452	20.0	28.30188679245283	0.0
191.0	29.18287937743191	19.844357976653697	21.40077821011673	29.571984435797667	0.0
192.0	33.33333333333333	21.39917695473251	21.810699588477366	23.456790123456788	0.0
193.0	31.73913043478261	19.565217391304348	21.73913043478261	26.956521739130434	0.0
194.0	30.136986301369863	22.831050228310502	15.981735159817351	31.05022831050228	0.0
195.0	24.878048780487806	21.463414634146343	25.853658536585368	27.80487804878049	0.0
196.0	27.604166666666668	20.833333333333336	25.520833333333332	26.041666666666668	0.0
197.0	26.923076923076923	20.87912087912088	21.978021978021978	30.21978021978022	0.0
198.0	24.022346368715084	26.256983240223462	20.670391061452513	29.05027932960894	0.0
199.0	26.589595375722542	28.32369942196532	21.38728323699422	23.699421965317917	0.0
200.0	29.09090909090909	23.636363636363637	25.454545454545453	21.818181818181817	0.0
201.0	29.559748427672954	22.0125786163522	23.89937106918239	24.528301886792452	0.0
202.0	26.0	22.0	23.333333333333332	28.666666666666668	0.0
203.0	27.27272727272727	25.174825174825177	18.181818181818183	29.37062937062937	0.0
204.0	35.07462686567165	23.88059701492537	18.65671641791045	22.388059701492537	0.0
205.0	33.6	17.599999999999998	22.400000000000002	26.400000000000002	0.0
206.0	26.229508196721312	22.131147540983605	22.131147540983605	29.508196721311474	0.0
207.0	30.701754385964914	15.789473684210526	21.052631578947366	32.45614035087719	0.0
208.0	31.775700934579437	21.49532710280374	21.49532710280374	25.233644859813083	0.0
209.0	32.67326732673268	22.772277227722775	18.81188118811881	25.742574257425744	0.0
210.0	24.742268041237114	24.742268041237114	24.742268041237114	25.773195876288657	0.0
211.0	31.11111111111111	18.88888888888889	17.77777777777778	32.22222222222222	0.0
212.0	29.268292682926827	20.73170731707317	18.29268292682927	31.70731707317073	0.0
213.0	21.62162162162162	28.37837837837838	27.027027027027028	22.972972972972975	0.0
214.0	28.767123287671232	28.767123287671232	24.65753424657534	17.80821917808219	0.0
215.0	19.402985074626866	31.343283582089555	22.388059701492537	26.865671641791046	0.0
216.0	28.125	26.5625	21.875	23.4375	0.0
217.0	35.483870967741936	17.741935483870968	25.806451612903224	20.967741935483872	0.0
218.0	27.586206896551722	31.03448275862069	12.068965517241379	29.310344827586203	0.0
219.0	26.785714285714285	21.428571428571427	30.357142857142854	21.428571428571427	0.0
220.0	25.454545454545453	23.636363636363637	30.909090909090907	20.0	0.0
221.0	24.489795918367346	30.612244897959183	20.408163265306122	24.489795918367346	0.0
222.0	27.906976744186046	44.18604651162791	11.627906976744185	16.27906976744186	0.0
223.0	30.952380952380953	21.428571428571427	19.047619047619047	28.57142857142857	0.0
224.0	20.51282051282051	35.8974358974359	17.94871794871795	25.64102564102564	0.0
225.0	39.473684210526315	15.789473684210526	15.789473684210526	28.947368421052634	0.0
226.0	28.57142857142857	17.142857142857142	31.428571428571427	22.857142857142858	0.0
227.0	32.25806451612903	19.35483870967742	22.58064516129032	25.806451612903224	0.0
228.0	26.923076923076923	30.76923076923077	15.384615384615385	26.923076923076923	0.0
229.0	40.0	20.0	16.0	24.0	0.0
230.0	23.809523809523807	42.857142857142854	9.523809523809524	23.809523809523807	0.0
231.0	31.57894736842105	10.526315789473683	31.57894736842105	26.31578947368421	0.0
232.0	35.294117647058826	23.52941176470588	29.411764705882355	11.76470588235294	0.0
233.0	50.0	6.25	31.25	12.5	0.0
234.0	27.27272727272727	27.27272727272727	18.181818181818183	27.27272727272727	0.0
235.0	40.0	30.0	20.0	10.0	0.0
236.0	57.14285714285714	14.285714285714285	14.285714285714285	14.285714285714285	0.0
237.0	16.666666666666664	33.33333333333333	0.0	50.0	0.0
238.0	0.0	25.0	75.0	0.0	0.0
239.0	33.33333333333333	33.33333333333333	33.33333333333333	0.0	0.0
240.0	50.0	0.0	50.0	0.0	0.0
