# Position (bp)	A	C	G	T	N
0.0	26.167234412279853	23.736087933911655	23.73167468865934	26.365002965149152	0.0
1.0	26.234260574549367	23.725882304265678	23.69498958749948	26.344867533685473	0.0
2.0	26.19548697976285	23.671152472341824	23.79996193638964	26.333398611505693	0.0
3.0	26.371228879241393	23.675108534358642	23.73551266280154	26.218149923598432	0.0
4.0	26.256895410414828	23.74917255075022	23.732899382171226	26.261032656663723	0.0
5.0	26.427708550530376	23.854992360180265	23.593804299260288	26.123494790029074	0.0
6.0	26.16154317140036	23.855832400200786	23.847558318485955	26.135066109912902	0.0
7.0	26.158004330019168	23.5914337327799	23.854268654246592	26.396293282954343	0.0
8.0	26.28803569901844	23.695278650365292	23.744921908397156	26.271763742219107	0.0
9.0	26.249076086356965	23.703211358346113	23.688870012245303	26.35884254305162	0.0
10.0	26.336009443146686	23.772790830439806	23.67681492370191	26.214384802711592	0.0
11.0	26.33490627180487	23.71818384901997	23.733076662134472	26.213833217040687	0.0
12.0	26.389164680963727	23.710120465978292	23.736872297237667	26.163842555820317	0.0
13.0	26.3910952254876	23.78292957373577	23.61745432883241	26.208520871944224	0.0
14.0	26.305875474362367	23.634001853322744	23.80885402877063	26.251268643544257	0.0
15.0	26.34614111728885	23.73108066366605	23.770794722442858	26.151983496602245	0.0
16.0	26.283536316300417	23.783481157885447	23.573051804783336	26.3599307210308	0.0
17.0	26.239961168475862	23.70984467390345	23.736596505162826	26.313597652457858	0.0
18.0	26.318010325655283	23.758935663224783	23.667924278527934	26.255129732592003	0.0
19.0	26.256508692966197	23.676749624922778	23.732735416115084	26.334006265995942	0.0
20.0	26.324353543376578	23.73025328744153	23.716187891624745	26.229205277557142	0.0
21.0	26.372065572323717	23.540232547877505	23.78761803900803	26.30008384079075	0.0
22.0	26.167427852793224	23.76445150472156	23.735493336863474	26.33262730562175	0.0
23.0	26.251268643544257	23.8058203159474	23.635932397846616	26.306978642661726	0.0
24.0	26.246580178272	23.581877151178183	23.76886417791898	26.402678492630837	0.0
25.0	26.168183059242732	23.736255250377145	23.727981510950293	26.36758017942983	0.0
26.0	26.229408731001424	23.724672015179554	23.687715979072955	26.358203274746067	0.0
27.0	26.18941899043832	23.67392641336154	23.79168930453704	26.3449652916631	0.0
28.0	26.37033809257211	23.674202204675765	23.726050971750695	26.229408731001424	0.0
29.0	26.25864261030963	23.752802729230847	23.725775180436468	26.262779480023056	0.0
30.0	26.42604793804624	23.856776054694933	23.584018444923096	26.13315756233573	0.0
31.0	26.16652831135736	23.85925817652299	23.841055949783918	26.13315756233573	0.0
32.0	26.159081945873197	23.588982688579204	23.850157063153453	26.401778302394145	0.0
33.0	26.28897965487475	23.70343608398397	23.74039212009057	26.26719214105071	0.0
34.0	26.24788674905473	23.700678170841687	23.6833033180453	26.368131762058283	0.0
35.0	26.335312595665112	23.773211286483743	23.674477995989996	26.216998121861153	0.0
36.0	26.336139969607796	23.711434032096594	23.73377312854909	26.218652869746524	0.0
37.0	26.388467542209742	23.70943810432605	23.730949767508562	26.17114458595564	0.0
38.0	26.392052819406832	23.788865783769175	23.608498761700414	26.21058263512358	0.0
39.0	26.308764072213	23.636905188723475	23.800173196467675	26.254157542595852	0.0
40.0	26.34241051975488	23.724330794221636	23.773421512766344	26.159837173257138	0.0
41.0	26.28228817906529	23.779213114392405	23.578989172462865	26.35950953407944	0.0
42.0	26.2359553660568	23.711092847647784	23.739499274670845	26.313452511624575	0.0
43.0	26.3175893699289	23.755495126780918	23.672482170140707	26.254433333149475	0.0
44.0	26.254433333149475	23.684616954500072	23.72901923363321	26.33193047871724	0.0
45.0	26.314279883285437	23.739223484117222	23.717436030381087	26.229060602216254	0.0
46.0	26.36971378456345	23.54230902883114	23.790520527090905	26.297456659514502	0.0
47.0	26.164525612668715	23.770663607230127	23.730949767508562	26.333861012592596	0.0
48.0	26.249469103184275	23.81616904857775	23.631389377651036	26.302972470586937	0.0
49.0	26.245056454326328	23.58422919298168	23.777282580517053	26.393431772174942	0.0
50.0	26.162247135233525	23.74108854231305	23.728953791420178	26.367710531033246	0.0
51.0	26.230643003902426	23.72757484245508	23.689240061225334	26.35254209241716	0.0
52.0	26.189274534949465	23.676553730746424	23.793488602986805	26.34068313131731	0.0
53.0	26.367434741240224	23.67958741846964	23.73005695059226	26.22292088969787	0.0
54.0	26.25022407920683	23.76535804409879	23.726195893489983	26.2582219832044	0.0
55.0	26.419283222327945	23.862711841034763	23.58719783780802	26.130807098829273	0.0
56.0	26.166935561714862	23.861332892069665	23.834305492353728	26.137426053861745	0.0
57.0	26.15259449247783	23.595195741805597	23.848094982004717	26.404114783711858	0.0
58.0	26.286628331885435	23.700547442739143	23.742191701485126	26.270632523890292	0.0
59.0	26.241123016037175	23.709924295701814	23.68400005515796	26.36495263310305	0.0
60.0	26.328548380424436	23.785214909196213	23.665522139025637	26.220714571353714	0.0
61.0	26.335443125249935	23.710200085494836	23.738330644382852	26.21602614487238	0.0
62.0	26.379772529206058	23.710410484395855	23.735507286346234	26.17430970005185	0.0
63.0	26.389425145340823	23.789286147668477	23.607265386270118	26.21402332072058	0.0
64.0	26.30613685754945	23.641187437257997	23.793147194122387	26.259528511070172	0.0
65.0	26.33481891692131	23.730543083762644	23.774669328950125	26.15996867036592	0.0
66.0	26.28104005559907	23.781839843793094	23.575273858509192	26.361846242098647	0.0
67.0	26.231949607828	23.717856788271245	23.738265176670453	26.311928427230306	0.0
68.0	26.313583161424837	23.760604088296617	23.667387395338064	26.258425354940485	0.0
69.0	26.25401273042174	23.685589471477897	23.72668203730874	26.333715760791627	0.0
70.0	26.31882315304085	23.737713598605612	23.709031539233745	26.234431709119793	0.0
71.0	26.372602014363096	23.53969707332679	23.786528257344262	26.30117265496586	0.0
72.0	26.16382971681982	23.777427219274344	23.727509404406007	26.33123365949983	0.0
73.0	26.258701143972907	23.816313472845813	23.62133062692363	26.303654756257654	0.0
74.0	26.24077485686549	23.5918212004545	23.771359860561063	26.39604408211894	0.0
75.0	26.162930195230516	23.744542839571203	23.72192820128131	26.370598763916963	0.0
76.0	26.230222533556535	23.72744396671787	23.689385185205612	26.352948314519974	0.0
77.0	26.18306273907396	23.68304205495357	23.791426845781956	26.342468360190512	0.0
78.0	26.371701917004277	23.685524149400024	23.721652413009483	26.221121520586216	0.0
79.0	26.250355077399977	23.758608041434428	23.730477637707978	26.260559243457614	0.0
80.0	26.42106801766148	23.857891819292494	23.59313507833766	26.12790508470837	0.0
81.0	26.161827042143205	23.864510737816364	23.837759275449052	26.135902944591376	0.0
82.0	26.15024393472643	23.590928772163036	23.85154868904045	26.407278604070083	0.0
83.0	26.284001246562987	23.69490095064217	23.748128087104966	26.27296971568987	0.0
84.0	26.23656566380858	23.70731142287443	23.68442099631271	26.371701917004277	0.0
85.0	26.328954734870948	23.790599480966474	23.66153056975099	26.21891521441159	0.0
86.0	26.33309155894836	23.706484058058948	23.736544979688194	26.223879403304494	0.0
87.0	26.377420724879897	23.71469230387371	23.736755304772778	26.171131666473613	0.0
88.0	26.393967975554194	23.7894307194193	23.602998361822184	26.213602943204318	0.0
89.0	26.30240652182307	23.64326333846298	23.796049619689022	26.25828052002493	0.0
90.0	26.334673660637954	23.729584829480583	23.773986618789955	26.16175489109151	0.0
91.0	26.27786143332285	23.783087606660818	23.57707433576578	26.36197662425055	0.0
92.0	26.232632281479766	23.71524387889619	23.73647951726154	26.31564432236251	0.0
93.0	26.319505347519843	23.750268892823456	23.670566302075578	26.259659457581126	0.0
94.0	26.252764769800162	23.682700952570062	23.730136404503057	26.334397873126715	0.0
95.0	26.318677984986127	23.735927942239062	23.713037578806283	26.232356493968528	0.0
96.0	26.369422887053982	23.53873987170365	23.783087606660818	26.308749634581545	0.0
97.0	26.164788553715134	23.773435043767478	23.732342704592966	26.329433697924426	0.0
98.0	26.26352048273846	23.80459903253741	23.631404475479734	26.3004760092444	0.0
99.0	26.24393956944054	23.588105836215313	23.77453819381243	26.393416400531716	0.0
100.0	26.167750048952147	23.744411870964896	23.720694210408745	26.367143869674216	0.0
101.0	26.235593589612765	23.724831011668538	23.690357667836924	26.349217730881776	0.0
102.0	26.183469893739364	23.682084065317337	23.79377769933177	26.340668341611533	0.0
103.0	26.373211178188576	23.686496653327783	23.71738476940091	26.222907399082736	0.0
104.0	26.254071301906514	23.752961260235136	23.72676151892311	26.266205918935242	0.0
105.0	26.41954335229827	23.857484438732595	23.596314385864275	26.12665782310486	0.0
106.0	26.168301622453455	23.85996651948847	23.837903579436237	26.13382827862184	0.0
107.0	26.151478630663625	23.591626011103177	23.84507403495321	26.411821323279987	0.0
108.0	26.28385627097703	23.694494469096718	23.748824458975342	26.27282480095091	0.0
109.0	26.247452419890845	23.701940711364344	23.685945079826475	26.364661788918337	0.0
110.0	26.339565194608923	23.786055670313484	23.653678030000084	26.22070110507751	0.0
111.0	26.3420472753648	23.700561777611078	23.73944770945314	26.217943237570978	0.0
112.0	26.380308880308878	23.712355212355213	23.738554881412025	26.16878102592388	0.0
113.0	26.396028681742965	23.78819635962493	23.60314396028682	26.212630998345283	0.0
114.0	26.30557087699945	23.643132928847216	23.796469939327082	26.254826254826252	0.0
115.0	26.3411472697187	23.72448979591837	23.770821842250413	26.163541092112517	0.0
116.0	26.288196359624934	23.78626585769443	23.56811913954771	26.35741864313293	0.0
117.0	26.240209597352454	23.707942636514066	23.738554881412025	26.313292884721456	0.0
118.0	26.32018753447325	23.751241036955324	23.666850523993382	26.261720904578045	0.0
119.0	26.257032542746828	23.683397683397683	23.725317153888582	26.334252619966907	0.0
120.0	26.324600110314396	23.73772752344181	23.7134583563155	26.2242140099283	0.0
121.0	26.36707115278544	23.539988968560397	23.782404853833423	26.31053502482074	0.0
122.0	26.162989520132378	23.777440706012136	23.732211803640375	26.327357970215115	0.0
123.0	26.26144511858798	23.808052950910096	23.625206839492556	26.305295091009377	0.0
124.0	26.24103695532267	23.586596800882514	23.77937120794264	26.39299503585218	0.0
125.0	26.16444060794431	23.743308723962283	23.72703730567376	26.36521336241964	0.0
126.0	26.22925049434775	23.73420776119074	23.68732401357974	26.349217730881776	0.0
127.0	26.185124614243282	23.67794726405754	23.798741860843524	26.338186260855657	0.0
128.0	26.368247016676825	23.68373878582125	23.71931527665548	26.228698920846444	0.0
129.0	26.251865007901294	23.75240968673383	23.720418423658092	26.27530688170679	0.0
130.0	26.415406551038473	23.857760225483247	23.594659665360357	26.13217355811792	0.0
131.0	26.158649086180603	23.861897026743044	23.840385660192112	26.139068226884245	0.0
132.0	26.145962895650566	23.594383878609705	23.84562560845452	26.414027617285214	0.0
133.0	26.275858455208095	23.693667108844757	23.75158232648187	26.27889210946528	0.0
134.0	26.230905214851667	23.698355483605855	23.693667108844757	26.37707219269772	0.0
135.0	26.334397873126715	23.783087606660818	23.6570527140249	26.225461806187568	0.0
136.0	26.34156834841891	23.69704190315446	23.741719479975067	26.219670268451562	0.0
137.0	26.375635693719733	23.706825226974374	23.737713598605612	26.179825480700288	0.0
138.0	26.38611567695176	23.781564054760672	23.605059074010747	26.227261194276824	0.0
139.0	26.304206334322494	23.638705335966197	23.80059349799777	26.256494831713535	0.0
140.0	26.332888393694358	23.72695782634116	23.769429337334113	26.170724442630366	0.0
141.0	26.28297057882602	23.783770367020043	23.564518086244746	26.368740967909186	0.0
142.0	26.245811442518512	23.706614818185578	23.73888222396889	26.308691515327016	0.0
143.0	26.315310470359492	23.748259076931564	23.66910740633489	26.267323046374052	0.0
144.0	26.248845130241733	23.68289689598588	23.724816944524882	26.343441029247504	0.0
145.0	26.32716943145934	23.731711689350377	23.71626746094127	26.224851418249013	0.0
146.0	26.36467684331003	23.5422441015458	23.779974903128835	26.31310415201533	0.0
147.0	26.15101187554124	23.777834161624295	23.732328720276673	26.33882524255779	0.0
148.0	26.259121772561045	23.807067960308224	23.629734634329306	26.30407563280143	0.0
149.0	26.231542717198852	23.58560814574979	23.783349972696737	26.399499164354623	0.0
150.0	26.158806154558967	23.746459529003594	23.72715413700761	26.36758017942983	0.0
151.0	26.2272024004876	23.727705719636067	23.697092883756717	26.347998996119614	0.0
152.0	26.180869459697238	23.68688860513027	23.796653548193152	26.335588386979342	0.0
153.0	26.364546474973316	23.677787491760736	23.717501441009617	26.24016459225633	0.0
154.0	26.24705937511204	23.752802729230847	23.721086728094583	26.27905116756253	0.0
155.0	26.410052041820997	23.858982385208762	23.59532588880646	26.135639684163785	0.0
156.0	26.161564067701253	23.862291880979498	23.841883323726602	26.134260727592647	0.0
157.0	26.14667133673292	23.58953427120766	23.84712335869694	26.416671033362476	0.0
158.0	26.269122680250305	23.698471840327862	23.754457477116215	26.277948002305617	0.0
159.0	26.231339270201026	23.704263457926654	23.692404431414836	26.37199284045748	0.0
160.0	26.337867355043688	23.78292957373577	23.661029476656957	26.218173594563588	0.0
161.0	26.34752007766305	23.697709822610538	23.737423881387347	26.21734621833907	0.0
162.0	26.383242781102624	23.71080283515817	23.734796878016493	26.171157505722718	0.0
163.0	26.39289555696517	23.77947544058027	23.608483411015197	26.219145591439368	0.0
164.0	26.301056289472957	23.642130229736065	23.806779006591466	26.250034474199506	0.0
165.0	26.3319451722331	23.72624727653824	23.773683775062743	26.16812377616592	0.0
166.0	26.280095976171435	23.785267106097795	23.56518381643178	26.36945310129899	0.0
167.0	26.247348926746263	23.708110284647354	23.738999252597292	26.30554153600909	0.0
168.0	26.31023004007292	23.753616353502174	23.67032645778002	26.26582714864488	0.0
169.0	26.247348926746263	23.686874119181773	23.72796747832946	26.337809475742507	0.0
170.0	26.32539872969119	23.7318285993232	23.72576112347589	26.217011547509717	0.0
171.0	26.364837322698705	23.5511832956874	23.78091999481507	26.30305938679883	0.0
172.0	26.159442673226913	23.77850342537536	23.73189405054773	26.33015985085	0.0
173.0	26.267278564100298	23.80415237128642	23.62654031573025	26.30202874888303	0.0
174.0	26.23335576466954	23.585171048131766	23.787604664247024	26.39386852295167	0.0
175.0	26.168891879741967	23.737199623814423	23.728098359841916	26.3658101366017	0.0
176.0	26.23149754403771	23.724788809306457	23.7013461596803	26.342367486975537	0.0
177.0	26.184888040663346	23.687832161660513	23.801460063377895	26.32581973429825	0.0
178.0	26.36222479018829	23.67680032654232	23.72340982991668	26.237565053352714	0.0
179.0	26.246942113203175	23.743542929007383	23.733062685645102	26.27645227214434	0.0
180.0	26.40966168119651	23.859652993626355	23.596267930179515	26.134417394997616	0.0
181.0	26.163651758060823	23.859652993626355	23.838140915145882	26.138554333166937	0.0
182.0	26.146000821871716	23.580823361014048	23.85110332140976	26.42207249570448	0.0
183.0	26.261007702978873	23.69858820090075	23.76284864046422	26.27755545565616	0.0
184.0	26.233703911061347	23.710999015408714	23.690038528684152	26.365258544845787	0.0
185.0	26.34023376523087	23.77670400953153	23.657284065021816	26.225778160215786	0.0
186.0	26.350438240858722	23.6928618314	23.74085044651476	26.21584948122652	0.0
187.0	26.38616155153013	23.708713015466763	23.732983253535732	26.17214217946738	0.0
188.0	26.388919533128874	23.774077179357057	23.611080466871126	26.22592282064294	0.0
189.0	26.306455883326347	23.64003927365797	23.810482536460515	26.24302230655517	0.0
190.0	26.33900006619156	23.72470930873949	23.76938861063919	26.16690201442976	0.0
191.0	26.275290691260505	23.78648809655142	23.572192926328796	26.36602828585928	0.0
192.0	26.246128472653158	23.709054202761852	23.742977469986183	26.301839854598807	0.0
193.0	26.309838023293974	23.750424040840304	23.672924544173334	26.266813391692384	0.0
194.0	26.24640427157368	23.686714490199485	23.733048708847353	26.33383252937948	0.0
195.0	26.3305229423332	23.730566518562647	23.719534561741725	26.219375977362425	0.0
196.0	26.366376802001195	23.549090828858496	23.77634913936947	26.308183229770837	0.0
197.0	26.15629016332857	23.78137910872575	23.732562565157675	26.329768162788003	0.0
198.0	26.266885835479975	23.804546281944496	23.62444909013685	26.304118792438675	0.0
199.0	26.230756077245974	23.593007926482837	23.780551709682225	26.395684286588967	0.0
200.0	26.162981513096383	23.738419828948565	23.72793941215894	26.370659245796112	0.0
201.0	26.22365761029949	23.733179620553752	23.698980365766545	26.344182403380213	0.0
202.0	26.184218147117473	23.696222361348223	23.79027031201304	26.329289179521265	0.0
203.0	26.36238523254114	23.68298394014027	23.718286396694808	26.236344430623777	0.0
204.0	26.245445845204245	23.74945184662186	23.730145815693596	26.2749564924803	0.0
205.0	26.403479498374153	23.867218635284253	23.59059079212645	26.13871107421514	0.0
206.0	26.15856870602707	23.866391233958755	23.8368805866827	26.138159473331473	0.0
207.0	26.149467291446598	23.580937776662317	23.852049610983478	26.417545320907603	0.0
208.0	26.26144227083052	23.705047975486856	23.753037252365676	26.280472501316947	0.0
209.0	26.233034825321788	23.713321988741825	23.68629354544226	26.367349640494126	0.0
210.0	26.337635832092225	23.780682883777374	23.656020740250426	26.225660543879968	0.0
211.0	26.34894368139445	23.693253902587017	23.73958850460588	26.21821391141265	0.0
212.0	26.378048309605106	23.714897208324828	23.732272779925975	26.174781702144088	0.0
213.0	26.392390051244146	23.775573807566925	23.60292130245078	26.22911483873815	0.0
214.0	26.302478363276315	23.64539492192025	23.8061879099118	26.24593880489164	0.0
215.0	26.337505309202434	23.727308330897078	23.760956263204054	26.174230096696434	0.0
216.0	26.27655290723651	23.786054311072377	23.567894356524665	26.369498425166448	0.0
217.0	26.242701550291386	23.702827261519623	23.742267159803294	26.312204028385693	0.0
218.0	26.312755635354694	23.751920281760842	23.66669700504996	26.2686270778345	0.0
219.0	26.244356371198396	23.682969410635536	23.732889841330255	26.339784376835816	0.0
220.0	26.32930384442477	23.730959216938746	23.71165297302366	26.228083965612818	0.0
221.0	26.366537314832435	23.545619275353925	23.777570005819452	26.310273403994188	0.0
222.0	26.155343983054586	23.775980759895855	23.72550858302811	26.343166674021447	0.0
223.0	26.268147919332772	23.807698248091434	23.61794492740832	26.306208905167466	0.0
224.0	26.232293367459512	23.593674153832573	23.77046467499228	26.40356780371563	0.0
225.0	26.162035440943253	23.73522719437358	23.721436944080533	26.38130042060263	0.0
226.0	26.23457215748466	23.72667723919189	23.694959663517892	26.343790939805555	0.0
227.0	26.184375646417983	23.702130593670276	23.77714955526443	26.336344204647315	0.0
228.0	26.360890850168932	23.68034199820727	23.7167482589809	26.2420188926429	0.0
229.0	26.249741432807006	23.739915879473212	23.729711094256363	26.280631593463422	0.0
230.0	26.406674481141835	23.86844101220437	23.58987795628491	26.13500655036889	0.0
231.0	26.160656415913948	23.873129697304005	23.830655726401435	26.13555816038061	0.0
232.0	26.142453285527132	23.58518927118527	23.847204026753086	26.425153416534506	0.0
233.0	26.266289733158654	23.7040612287113	23.747362614631456	26.282286423498586	0.0
234.0	26.229883472385023	23.7153692339516	23.686133903330344	26.368613390333035	0.0
235.0	26.332831366838217	23.786040918543524	23.650620287168962	26.230507427449297	0.0
236.0	26.339174899468798	23.700541130913965	23.73915393823054	26.221130031386696	0.0
237.0	26.376002559491635	23.71639288196551	23.72825259534658	26.179351963196275	0.0
238.0	26.391447767615812	23.779828558189823	23.59641671171519	26.232306962479175	0.0
239.0	26.297397482431073	23.648544289134296	23.80630605783127	26.247752170603356	0.0
240.0	26.329536365391508	23.730589955043165	23.7656176738285	26.174256005736822	0.0
241.0	26.270599754526774	23.790492739232967	23.56791196061396	26.370995545626304	0.0
242.0	26.2319408205032	23.713998863630096	23.741580657439638	26.31247965842707	0.0
243.0	26.30540975150945	23.76092610929833	23.665214908881282	26.268449230310935	0.0
244.0	26.246817618875557	23.676363907177908	23.740907975053993	26.335910498892545	0.0
245.0	26.33200564909416	23.731712160999184	23.714886245779727	26.22139594412693	0.0
246.0	26.370289049548596	23.54792529231822	23.77218073940855	26.309604918724638	0.0
247.0	26.146801644001876	23.783686867293742	23.731001572283674	26.338509916420712	0.0
248.0	26.258878698020826	23.81821943314254	23.6179573822495	26.304944486587132	0.0
249.0	26.229639335218263	23.597820839942074	23.77187780153093	26.400662023308737	0.0
