# Position (bp)	A	C	G	T	N
0.0	26.327783378770974	23.741118780163337	23.755137834145643	26.175960006920047	0.0
1.0	26.347171432150763	23.817179604960955	23.657601011758107	26.178047951130175	0.0
2.0	26.285083663912665	23.741163838100636	23.745637844125632	26.228114653861066	0.0
3.0	26.327829541523005	23.782524665656577	23.716013886734828	26.173631906085586	0.0
4.0	26.146151460202326	23.99014602023287	23.691007348730675	26.172695170834125	0.0
5.0	26.332286531447302	23.731982929076935	23.789243886945396	26.146486652530363	0.0
6.0	26.280065013494774	23.8390766890834	23.621669176744255	26.259189120677572	0.0
7.0	26.11540377005132	23.650049056592522	23.70342978644726	26.531117386908896	0.0
8.0	26.223426937310084	23.79878872458245	23.697700008051314	26.28008433005615	0.0
9.0	26.326194693432093	23.757894548512336	23.61625486793218	26.29965589012339	0.0
10.0	26.158066584169486	23.7788678007544	23.782744174257896	26.28032144081821	0.0
11.0	26.186393929002726	23.752627733961504	23.78453326972105	26.276445067314718	0.0
12.0	26.24692499217271	23.650947475139027	23.783340539412283	26.31878699327598	0.0
13.0	26.18043027745889	23.84685342835418	23.729667675517717	26.243048618669214	0.0
14.0	26.31841033378458	23.715880560343027	23.791022345735705	26.174686760136684	0.0
15.0	26.055712266598285	23.753451453039364	23.878389580339093	26.312446700023255	0.0
16.0	26.29902852406028	23.73764782357186	23.738542368636057	26.2247812837318	0.0
17.0	26.277559442519514	23.81338597234067	23.61837514834539	26.290679436794427	0.0
18.0	26.140097684321013	23.75702963329616	23.759116905112624	26.343755777270207	0.0
19.0	26.22060674009888	23.74152418551672	23.776113261332394	26.261755813052005	0.0
20.0	26.20621587693482	23.707758962569365	23.8726529443863	26.213372216109516	0.0
21.0	26.339502694063516	23.735787957670254	23.617708361287786	26.307000986978444	0.0
22.0	26.279866534274394	23.655875503552824	23.78409324709945	26.28016471507334	0.0
23.0	26.076209048594524	23.785285970295227	23.785285970295227	26.353219010815014	0.0
24.0	26.258397516750303	23.78737323588785	23.643351909997108	26.310877337364737	0.0
25.0	26.34814993723294	23.699409900198887	23.77574418472897	26.176695977839202	0.0
26.0	26.384229813905364	23.777533269522642	23.661839119531734	26.176397797040256	0.0
27.0	26.299546467004802	23.732209788082905	23.7360861384692	26.232157606443092	0.0
28.0	26.332346354888823	23.755467890400666	23.719388013728242	26.192797740982265	0.0
29.0	26.177590520236038	23.946303601725873	23.700304442595723	26.175801435442363	0.0
30.0	26.337117247671955	23.72445708731032	23.782005981506828	26.1564196835109	0.0
31.0	26.279866534274394	23.836274886914932	23.627846508451935	26.256012070358743	0.0
32.0	26.115867094854295	23.62814468925088	23.73131524568607	26.52467297020876	0.0
33.0	26.215459481702137	23.788267778284684	23.70239170818834	26.293881031824835	0.0
34.0	26.348448118031886	23.751889720813317	23.623671977266696	26.275990183888098	0.0
35.0	26.17281962745291	23.75576607119961	23.78319870470261	26.28821559664487	0.0
36.0	26.20621587693482	23.753380624808045	23.761729687178523	26.27867381107861	0.0
37.0	26.270026567909188	23.63828283641503	23.77425328073424	26.317437314941543	0.0
38.0	26.19220137938438	23.82285675096238	23.73042070328923	26.254521166364015	0.0
39.0	26.290820829655782	23.722299086376754	23.803105841940795	26.18377424202667	0.0
40.0	26.054662341070106	23.744364399704203	23.887788936332626	26.31318432289306	0.0
41.0	26.288733570286972	23.76165883447437	23.734822642589634	26.21478495264903	0.0
42.0	26.273228214975784	23.813243958875027	23.624197896042556	26.289329930106632	0.0
43.0	26.15425443095346	23.760167934925217	23.759571575105557	26.326006059015768	0.0
44.0	26.218363111566994	23.741978960425563	23.776567829965888	26.263090098041552	0.0
45.0	26.214706785659974	23.707915758463066	23.850743509388167	26.226633946488793	0.0
46.0	26.34113469044545	23.74310088290808	23.616672978122605	26.299091448523864	0.0
47.0	26.277920738052714	23.6414218368424	23.792896779368398	26.287760645736487	0.0
48.0	26.088278880874498	23.798264001741366	23.76278069827563	26.350676419108503	0.0
49.0	26.256153669540115	23.805718477259376	23.636650972510875	26.301476880689627	0.0
50.0	26.377214351952627	23.69807585077929	23.77649693322877	26.148212864039312	0.0
51.0	26.38109067922199	23.763377056317072	23.681079646598224	26.174452617862716	0.0
52.0	26.2952151212545	23.74220634584592	23.733260975224304	26.229317557675273	0.0
53.0	26.34858916596346	23.751748074508974	23.71626477104324	26.183397988484323	0.0
54.0	26.177434408069917	23.958684314888973	23.69688313469641	26.1669981423447	0.0
55.0	26.336960184155362	23.733260975224304	23.770533352814365	26.159245487805972	0.0
56.0	26.283586139446403	23.82241650241972	23.622338379516293	26.271658978617584	0.0
57.0	26.118096782946544	23.622338379516293	23.713879338877476	26.545685498659687	0.0
58.0	26.218881291950062	23.78752955699543	23.72252653047837	26.271062620576142	0.0
59.0	26.349483703025623	23.760097087089147	23.608920323583874	26.281498886301357	0.0
60.0	26.17981984023568	23.764569772399955	23.78246051364318	26.273149873721184	0.0
61.0	26.19979783462395	23.740715450742318	23.779180544415258	26.280306170218477	0.0
62.0	26.272553515679743	23.634563719365833	23.789914989161193	26.302967775793228	0.0
63.0	26.200096013644668	23.8352382003107	23.72461378362341	26.240052002421216	0.0
64.0	26.288576795777796	23.74094283925217	23.806243850076036	26.164236514893997	0.0
65.0	26.052121537406446	23.762709842860126	23.89390822077109	26.29126039896234	0.0
66.0	26.28917315204103	23.726033932671378	23.751975430121956	26.23281748516564	0.0
67.0	26.267107970301456	23.812803768971584	23.626144258580076	26.293944002146887	0.0
68.0	26.15648388347199	23.72871753585592	23.774935146256375	26.339863434415722	0.0
69.0	26.222381250559085	23.748993648805797	23.77821510570415	26.250409994930973	0.0
70.0	26.20172883165211	23.709861615941747	23.858652059957482	26.229757492448663	0.0
71.0	26.347835680485193	23.732224909130487	23.62458292458203	26.29535648580229	0.0
72.0	26.27269501537104	23.65350611710613	23.798718434211665	26.27508043331117	0.0
73.0	26.094086847103654	23.804980156304513	23.746835594013792	26.35409740257804	0.0
74.0	26.271502306400972	23.790965825906234	23.63054646943236	26.306985398260434	0.0
75.0	26.359762770185853	23.703898071091416	23.796929370756565	26.139409787966162	0.0
76.0	26.372882568856582	23.775758786537892	23.682131132387713	26.169227512217812	0.0
77.0	26.3335231728444	23.7361012132832	23.720894173914857	26.20948143995754	0.0
78.0	26.33024322317672	23.768900709960015	23.71821057873221	26.182645488131058	0.0
79.0	26.18741632401132	23.95049065065256	23.68839285448056	26.173700170855557	0.0
80.0	26.34932656669778	23.719403287702274	23.776355141022925	26.154915004577024	0.0
81.0	26.306389043775404	23.810645523912324	23.618023025246668	26.264942407065604	0.0
82.0	26.117046494777423	23.634124596342556	23.727155896007705	26.52167301287231	0.0
83.0	26.218426757233033	23.794543952816433	23.723577769097506	26.263451520853025	0.0
84.0	26.33233046387434	23.767409823747432	23.620706620429317	26.279553091948916	0.0
85.0	26.203219717864695	23.74027569467843	23.80050749766676	26.25599708979011	0.0
86.0	26.20172883165211	23.728646782220288	23.791562180391267	26.278062205736337	0.0
87.0	26.2810439781615	23.63829907773779	23.77695149550796	26.30370544859275	0.0
88.0	26.205605135804827	23.82883433570583	23.717017869762145	26.248542658727203	0.0
89.0	26.286929141371374	23.741993964910606	23.801032882888258	26.170044010829763	0.0
90.0	26.05733334923607	23.766742602244673	23.895554786923178	26.280369261596075	0.0
91.0	26.277387498061856	23.736030437842157	23.770917071192585	26.215664992903402	0.0
92.0	26.276492969001588	23.799840177474564	23.648962942642797	26.274703910881055	0.0
93.0	26.145891726202546	23.72678697088606	23.778967832734992	26.3483534701764	0.0
94.0	26.22371575444581	23.746466610211943	23.776880598261034	26.25293703708121	0.0
95.0	26.201870752863233	23.709123871033146	23.88057476302505	26.20843061307857	0.0
96.0	26.332769781705746	23.740730470252526	23.631001899377708	26.295497848664024	0.0
97.0	26.276712794411	23.643525268879724	23.801260089512276	26.278501847197	0.0
98.0	26.091844006524077	23.7970856330116	23.757428296255213	26.353642064209104	0.0
99.0	26.25762956469364	23.7944020538326	23.638754461450382	26.309213920023378	0.0
100.0	26.37183076753346	23.703458537210807	23.77710787690124	26.147602818354486	0.0
101.0	26.385248663428477	23.774126122257904	23.675131868099104	26.165493346214515	0.0
102.0	26.33545336088475	23.738046891073523	23.718963661356163	26.20753608668557	0.0
103.0	26.343205922957424	23.743712224895862	23.738046891073523	26.175034961073194	0.0
104.0	26.213499595972245	23.93722810124846	23.68795341306545	26.16131888971384	0.0
105.0	26.3527475378161	23.706440291854143	23.788438544545922	26.15237362578383	0.0
106.0	26.28863981298435	23.82153602108697	23.617285828018357	26.27253833791033	0.0
107.0	26.127326886779795	23.611918669660348	23.74430857582453	26.516445867735328	0.0
108.0	26.215884999686917	23.77174071854323	23.7237344687855	26.28863981298435	0.0
109.0	26.33247160624141	23.749377558718205	23.629212846591706	26.288937988448684	0.0
110.0	26.198888998219893	23.735065136430183	23.81527433633596	26.25077152901396	0.0
111.0	26.220953982580593	23.7210508896065	23.78128233340191	26.276712794411	0.0
112.0	26.298181427843026	23.64412161980839	23.76637356018523	26.291323392163353	0.0
113.0	26.200081700077227	23.826903179444976	23.732679732715514	26.240335387762283	0.0
114.0	26.301382933680014	23.726645476393518	23.81430880151711	26.157662788409358	0.0
115.0	26.061650575178756	23.75825198137005	23.90435752324271	26.275739920208487	0.0
116.0	26.276038094783733	23.740957856005533	23.779422376212825	26.203581672997906	0.0
117.0	26.27544174563323	23.807152611711103	23.646436515651185	26.270969127004477	0.0
118.0	26.13023072748633	23.739765157704532	23.79373475582484	26.3362693589843	0.0
119.0	26.231311908496185	23.751692140714546	23.780316899938576	26.236679050850693	0.0
120.0	26.194416366254885	23.71091292381915	23.874014902809705	26.220655807116255	0.0
121.0	26.333962483563077	23.74013411932386	23.628318320198705	26.29758507691436	0.0
122.0	26.277309145339668	23.65903039302508	23.806030896941614	26.25762956469364	0.0
123.0	26.1061564288121	23.786053140831253	23.767268086578227	26.34052234377842	0.0
124.0	26.275520092553663	23.7944020538326	23.62324933730503	26.306828516308705	0.0
125.0	26.376601574962805	23.700178607103137	23.790525772796258	26.1326940451378	0.0
126.0	26.39389575189416	23.778300578758575	23.673640990777432	26.154162678569833	0.0
127.0	26.339329641921083	23.72761074982184	23.7228399423925	26.210219665864575	0.0
128.0	26.342609572028756	23.738345066537857	23.747588505932203	26.17145685550119	0.0
129.0	26.21379777143658	23.919933924317107	23.69510962420946	26.171158680036854	0.0
130.0	26.374216171248133	23.685269833886448	23.787842193617255	26.15267180124816	0.0
131.0	26.28267630369767	23.82392142480164	23.63696540866438	26.256436862836303	0.0
132.0	26.130308641423134	23.628318320198705	23.749079383253868	26.492293655124293	0.0
133.0	26.21558682422258	23.79082394826059	23.724628995178502	26.268960232338323	0.0
134.0	26.313984727452716	23.75802464718388	23.64292891795106	26.285061707412343	0.0
135.0	26.197696296362555	23.728803451679177	23.81974696830097	26.2537532836573	0.0
136.0	26.20962331493591	23.712105625676486	23.7952965802256	26.282974479162007	0.0
137.0	26.290428865770348	23.62861649566304	23.784562263509585	26.296392375057025	0.0
138.0	26.20753608668557	23.814976160871627	23.722541766928167	26.254945985514638	0.0
139.0	26.30243431174934	23.722612501938144	23.822203403981252	26.152749782331263	0.0
140.0	26.072242166907195	23.7339432033682	23.908674546473765	26.285140083250834	0.0
141.0	26.26575862027838	23.730961439833976	23.78135324356237	26.221926696325276	0.0
142.0	26.280071085242657	23.81146905525804	23.642701239220926	26.26575862027838	0.0
143.0	26.149768018797037	23.732154145247666	23.793578474052694	26.324499361902603	0.0
144.0	26.232142910388795	23.75667544301684	23.7903694714212	26.220812175173165	0.0
145.0	26.1755672838954	23.709335957300894	23.889137370665235	26.225959388138477	0.0
146.0	26.342029227507613	23.721035635374765	23.649472670401856	26.287462466715766	0.0
147.0	26.294022405171617	23.636650972510875	23.800053075865687	26.26927354645182	0.0
148.0	26.103187831910525	23.78156597658102	23.760395266109867	26.354850925398594	0.0
149.0	26.28269160238424	23.771726068897244	23.64649088019465	26.299091448523864	0.0
150.0	26.373338024683257	23.70582850531802	23.782162334622463	26.138671135376256	0.0
151.0	26.3986832414445	23.76844609966932	23.687341406033354	26.14552925285283	0.0
152.0	26.334872931010324	23.727893752851337	23.719842919291885	26.217390396846458	0.0
153.0	26.341432869466168	23.732962796203587	23.75055535842609	26.175048975904154	0.0
154.0	26.229019378654556	23.91843014709171	23.698970387841452	26.15358008641228	0.0
155.0	26.373338024683257	23.682868720722546	23.805420298238655	26.13837295635554	0.0
156.0	26.280604349239194	23.810191162570185	23.628301959930702	26.280902528259915	0.0
157.0	26.12107857315375	23.631581929158628	23.74846810528105	26.498871392406574	0.0
158.0	26.232001168861764	23.78812591503687	23.71537023398108	26.264502682120288	0.0
159.0	26.32831299255447	23.735050049348626	23.640825478800963	26.29581147929594	0.0
160.0	26.190554284981616	23.73713730249367	23.830169156958455	26.242139255566254	0.0
161.0	26.217390396846458	23.697777671758573	23.796176748596324	26.28865518279865	0.0
162.0	26.309527714249082	23.62025112637125	23.76874427869004	26.301476880689627	0.0
163.0	26.21679403880502	23.803034866072892	23.722824709499086	26.257346385623	0.0
164.0	26.31765702154052	23.698742873500155	23.830240213735358	26.15335989122397	0.0
165.0	26.075833114668068	23.735717182319124	23.911046969299395	26.277402733713412	0.0
166.0	26.25026836191885	23.730648123852006	23.811156699506213	26.20792681472293	0.0
167.0	26.275315474344602	23.80578946112927	23.667433982967964	26.25146108155817	0.0
168.0	26.15485079077312	23.73392810286014	23.794756804465543	26.316464301901192	0.0
169.0	26.244084838400916	23.74473338163862	23.78588233189312	26.22529944806734	0.0
170.0	26.185123119219	23.715880560343027	23.88644048591688	26.21255583452109	0.0
171.0	26.347710703263612	23.70640943449674	23.665856603998627	26.28002325824102	0.0
172.0	26.301194221221653	23.646474736481146	23.795864207654347	26.25646683464285	0.0
173.0	26.109164641509995	23.773500514364944	23.76187139385446	26.355463450270598	0.0
174.0	26.274655971851562	23.78751509549297	23.636932894011004	26.30089603864446	0.0
175.0	26.344132512337303	23.712373086040582	23.790795103842083	26.15269929778003	0.0
176.0	26.399296289117828	23.763958671894798	23.69597304429502	26.14077199469235	0.0
177.0	26.322067001625093	23.726984032322992	23.736824057370328	26.214124908681587	0.0
178.0	26.345325242646073	23.721914928510728	23.74606771726328	26.18669211157992	0.0
179.0	26.24931045279024	23.905893578638203	23.708198529959894	26.136597438611663	0.0
180.0	26.376038048096852	23.667347516884586	23.80838787589641	26.14822655912215	0.0
181.0	26.275550519583142	23.809282423627987	23.639616537205733	26.275550519583142	0.0
182.0	26.135106525725703	23.619041939379482	23.757398655196578	26.488452879698237	0.0
183.0	26.21919401249385	23.7788678007544	23.736227692215945	26.265710494535803	0.0
184.0	26.33488885244435	23.734736779329985	23.63067105988997	26.299703308335694	0.0
185.0	26.208161257137746	23.740998613451016	23.818227900943747	26.232612228467488	0.0
186.0	26.218299464762275	23.702533060993247	23.78572600002982	26.293441474214664	0.0
187.0	26.30357968183919	23.619340121956675	23.756504107465002	26.320576088739134	0.0
188.0	26.220088560225424	23.783638721989476	23.728176762631758	26.268095955153342	0.0
189.0	26.329003709402322	23.685010913514866	23.83618993094071	26.149795446142104	0.0
190.0	26.092544220608055	23.73629846972245	23.894633890340046	26.276523419329443	0.0
191.0	26.273541584666216	23.71721472787777	23.795040612588114	26.214203074867903	0.0
192.0	26.290836225712955	23.80249519924619	23.656087117281523	26.25058145775933	0.0
193.0	26.168581004520462	23.744349423313178	23.799215181116637	26.287854391049727	0.0
194.0	26.262288922749377	23.735176510229213	23.782587822747292	26.219946744274115	0.0
195.0	26.181857216977477	23.71825072608107	23.88463809256863	26.215253964372824	0.0
196.0	26.35577780362058	23.7096740527372	23.63810938063758	26.29643876300464	0.0
197.0	26.323871887309497	23.656298734796234	23.78451877230805	26.23531060558622	0.0
198.0	26.116036152086856	23.77169676855687	23.755892903468204	26.356374175888075	0.0
199.0	26.280634897915977	23.785413330709297	23.626480121421395	26.307471649953335	0.0
200.0	26.356374175888075	23.706692191399714	23.794657100855495	26.142276531856716	0.0
201.0	26.399312979147844	23.76603123201565	23.699833910323502	26.134821878513005	0.0
202.0	26.342218339152968	23.7265139745765	23.721444780071504	26.209822906199026	0.0
203.0	26.363845096419634	23.72516452616167	23.746932373560117	26.164058003858575	0.0
204.0	26.2402676598549	23.885123348372304	23.72648359480067	26.148125396972127	0.0
205.0	26.389663367635702	23.65819693395875	23.809381811892614	26.142757886512936	0.0
206.0	26.276051062916167	23.79715581584668	23.65998610411181	26.266807017125338	0.0
207.0	26.129040915339452	23.625693676178095	23.752426562020094	26.492838846462362	0.0
208.0	26.216426567108098	23.782529737853626	23.751218886705413	26.24982480833286	0.0
209.0	26.355842490569415	23.731082914610326	23.61895957894109	26.29411501587917	0.0
210.0	26.21002251412724	23.73167931533197	23.811895212393207	26.24640295814758	0.0
211.0	26.23149294010646	23.691422266620943	23.785951781001653	26.291133012270944	0.0
212.0	26.31409444005427	23.597489152961877	23.77163816368218	26.316778243301677	0.0
213.0	26.221368696341933	23.779675017370376	23.735540837535524	26.263415448752163	0.0
214.0	26.320607864304073	23.70086300985871	23.830582874592203	26.147946251245013	0.0
215.0	26.095617529880478	23.74692845384927	23.8999093446573	26.257544671612948	0.0
216.0	26.275437173461842	23.713230908700528	23.800009542667652	26.211322375169978	0.0
217.0	26.28408521602214	23.81521816923921	23.662535486795335	26.238161127943314	0.0
218.0	26.162117995085527	23.731719827277715	23.811043252141136	26.29511892549562	0.0
219.0	26.252255207479084	23.75564733773689	23.769364963394814	26.222732491389205	0.0
220.0	26.17555139384252	23.7221619171448	23.87096966588336	26.231317023129318	0.0
221.0	26.377378634117537	23.708358060293026	23.646329425728165	26.26793387986127	0.0
222.0	26.316542857909695	23.654679434227283	23.783508136785066	26.245269571077955	0.0
223.0	26.102722997414478	23.77128133862565	23.76859740732236	26.35739825663751	0.0
224.0	26.291366831383474	23.799739355785317	23.629157558533116	26.279736254298097	0.0
225.0	26.355343089159344	23.716379230647647	23.78109334041113	26.14718433978188	0.0
226.0	26.385024409592063	23.770200913160306	23.701013065170777	26.14376161207686	0.0
227.0	26.31046853891369	23.715626015823737	23.74783415195679	26.226071293305775	0.0
228.0	26.36892034152553	23.725765614235996	23.740378564888957	26.164935479349516	0.0
229.0	26.243666478785872	23.907383715208503	23.72009936806444	26.128850437941185	0.0
230.0	26.39784801934874	23.669699599485863	23.809864636361198	26.1225877448042	0.0
231.0	26.287505330744754	23.797637473569942	23.65031507310949	26.26454212257582	0.0
232.0	26.140637068803553	23.626299889358428	23.742309516069867	26.490753525768152	0.0
233.0	26.237418546739633	23.791658589684328	23.723961051548546	26.246961812027497	0.0
234.0	26.342990918986626	23.72783800307174	23.63479116651507	26.294379911426567	0.0
235.0	26.225191238089558	23.72217168930707	23.818499023306444	26.23413804929693	0.0
236.0	26.21743733504317	23.71233019697896	23.796430222328258	26.273802245649613	0.0
237.0	26.302588924378117	23.60868800195638	23.77062625069711	26.31809682296839	0.0
238.0	26.231170465627436	23.792240636304804	23.72454229058993	26.252046607477837	0.0
239.0	26.310436971381534	23.700001192933065	23.839574361482576	26.149987474202824	0.0
240.0	26.105888528345105	23.7294808169498	23.906339473181905	26.25829118152319	0.0
241.0	26.264394727972824	23.72054318940345	23.813003498578798	26.20205858404493	0.0
242.0	26.301299584502818	23.791314826359162	23.67797029776801	26.229415291370007	0.0
243.0	26.15669137496458	23.742635982639563	23.824068964488657	26.2766036779072	0.0
244.0	26.241983116069562	23.750857620141396	23.78725054440235	26.21990871938669	0.0
245.0	26.17879921482993	23.700382442260764	23.91218743847214	26.208630904437165	0.0
246.0	26.344727593840055	23.706585361487836	23.682420539502026	26.266266505170076	0.0
247.0	26.31624484973611	23.66242313762579	23.79548716051519	26.225844852122908	0.0
248.0	26.096997001476886	23.787388301284444	23.787388301284444	26.32822639595423	0.0
249.0	26.288842808765832	23.769188310235258	23.684155565169394	26.257813315829516	0.0
