# Position (bp)	A	C	G	T	N
0.0	26.312522788061976	23.76777468834281	23.661453593068533	26.25824893052668	0.0
1.0	26.304172963825778	23.753023332192193	23.666741815084794	26.27606188889724	0.0
2.0	26.210892816886123	23.793142796708054	23.663724843515606	26.332239542890225	0.0
3.0	26.21905570321306	23.823664472677176	23.711784924091674	26.24549490001809	0.0
4.0	26.255179764618138	23.736053944691662	23.706554680781785	26.302211609908415	0.0
5.0	26.212208914021108	23.800870475087937	23.778607685115098	26.208312925775857	0.0
6.0	26.302549303887822	23.63720352967695	23.84813818167651	26.21210898475872	0.0
7.0	26.223874491820432	23.835534865083716	23.7005768412031	26.240013801892754	0.0
8.0	26.29770302043769	23.713009724946783	23.703549118633223	26.2857381359823	0.0
9.0	26.297161936560936	23.680300500834726	23.801335559265443	26.2212020033389	0.0
10.0	26.213589531703434	23.824389483847096	23.67748164347582	26.284539340973655	0.0
11.0	26.19717369348013	23.779593721915703	23.803243658339106	26.219988926265064	0.0
12.0	26.27925288459666	23.713095665384003	23.761230241869292	26.246421208150046	0.0
13.0	26.25115119543473	23.71532154175327	23.82216360747783	26.211363655334175	0.0
14.0	26.328778633812732	23.63185117790595	23.794896621954376	26.244473566326942	0.0
15.0	26.26255881182719	23.638528807013735	23.80046131287753	26.29845106828154	0.0
16.0	26.248090615426996	23.676925174383502	23.77820254918491	26.29678166100459	0.0
17.0	26.23390065357295	23.672195187098822	23.750100860022982	26.343803299305247	0.0
18.0	26.238074171765312	23.615713574228803	23.842752963893503	26.30345929011238	0.0
19.0	26.36634029754402	23.63685939973679	23.785436647385012	26.211363655334175	0.0
20.0	26.256437651811726	23.659396397975566	23.79044486921585	26.293721080996857	0.0
21.0	26.302068117381587	23.772081389169443	23.67831634711429	26.24753414633468	0.0
22.0	26.2447518008731	23.805747769254527	23.613209463313385	26.33629096655899	0.0
23.0	26.314032202866372	23.861116443939913	23.61627004332112	26.208581309872596	0.0
24.0	26.374057483097296	23.753373584485686	23.63067249102696	26.241896441390054	0.0
25.0	26.31590662474611	23.76060766255808	23.663782309896774	26.259703402799033	0.0
26.0	26.298377897109148	23.75142594808158	23.67240755682925	26.277788597980024	0.0
27.0	26.218524804540777	23.794830416515957	23.65766116691244	26.328983612030825	0.0
28.0	26.214629531732562	23.822653793717482	23.716090259035642	26.246626415514314	0.0
29.0	26.259146935255	23.734453687988648	23.704404440611	26.301994936145352	0.0
30.0	26.219637739628837	23.791491611251775	23.777301688878996	26.211568960240395	0.0
31.0	26.301994936145352	23.643193010767646	23.836009014774213	26.21880303831279	0.0
32.0	26.22262535092137	23.829543336180585	23.703782021140142	26.244049291757904	0.0
33.0	26.293852998377904	23.714354875059474	23.703782021140142	26.288010105422483	0.0
34.0	26.29413123137578	23.680966915314222	23.79559891043958	26.22930294287042	0.0
35.0	26.216504224968073	23.820083414252764	23.67540225535668	26.288010105422483	0.0
36.0	26.19368911914215	23.78029609555634	23.810345259327065	26.215669525974437	0.0
37.0	26.287731872424608	23.71101607908495	23.754142193755897	26.247109854734553	0.0
38.0	26.23959756379187	23.71908483602338	23.822031045237903	26.21928655494684	0.0
39.0	26.32529332713801	23.635614936660257	23.785860755513884	26.253230980687846	0.0
40.0	26.26018680563477	23.63728433464752	23.79365127945444	26.308877580263264	0.0
41.0	26.247109854734553	23.677906352337573	23.77946139656271	26.29552239636516	0.0
42.0	26.22735531188528	23.676236954350312	23.75469865975165	26.34170907401276	0.0
43.0	26.237371699808854	23.61530392781523	23.843454986074438	26.303869386301475	0.0
44.0	26.3606289178684	23.642292528609307	23.79365127945444	26.20342727406785	0.0
45.0	26.253509213685728	23.670115828397016	23.786417221509637	26.289957736407622	0.0
46.0	26.30331292030572	23.780017862558463	23.674289323365173	26.24237989377064	0.0
47.0	26.24265812676852	23.807841162346172	23.614190995823723	26.335309715061587	0.0
48.0	26.31305107523142	23.864600693913097	23.61530392781523	26.20704430304025	0.0
49.0	26.36890254081667	23.757693120986502	23.63276685252579	26.24063748567104	0.0
50.0	26.309082612711876	23.76381422990885	23.66782411271744	26.259279044661838	0.0
51.0	26.293779840405996	23.75658019209153	23.668380577164925	26.281259390337553	0.0
52.0	26.213092495520463	23.794976238968093	23.668658809388667	26.323272456122776	0.0
53.0	26.20697138659811	23.831146428054712	23.716792984096248	26.24508920125093	0.0
54.0	26.257331419095635	23.739051561995705	23.703716069580313	26.299900949328347	0.0
55.0	26.212814263296718	23.792472148954403	23.781899324452162	26.212814263296718	0.0
56.0	26.29211044706354	23.650017250397873	23.840049859214496	26.217822443324096	0.0
57.0	26.22053181159279	23.826350187667114	23.708380053030915	26.24473794770918	0.0
58.0	26.299549543283074	23.716726996519323	23.69279909185255	26.290924368345053	0.0
59.0	26.288420285298532	23.687234462860275	23.79045833066695	26.23388692117425	0.0
60.0	26.221088274492022	23.818281475628318	23.678331056472636	26.282299193407027	0.0
61.0	26.19604744402679	23.781833155728922	23.8057610603957	26.21635833984859	0.0
62.0	26.271169935422478	23.713109987674347	23.76180049135674	26.25391958554643	0.0
63.0	26.231382838127725	23.729525643201555	23.82106379012445	26.218027728546268	0.0
64.0	26.32125159635294	23.63937865352672	23.787119553271584	26.252250196848752	0.0
65.0	26.260318908887548	23.63854395917788	23.796857654008065	26.304279477926507	0.0
66.0	26.24752026220532	23.671375270232296	23.772929749341287	26.3081747182211	0.0
67.0	26.225818209135454	23.665254178340795	23.755401168015624	26.35352644450813	0.0
68.0	26.232495763926178	23.61489428596072	23.842765843194318	26.309844106918785	0.0
69.0	26.35797814770195	23.64216096802286	23.792405950814242	26.20745493346095	0.0
70.0	26.24835495655416	23.67276642748036	23.787119553271584	26.29175906269389	0.0
71.0	26.298436617484622	23.790736562116564	23.667758261387316	26.2430685590115	0.0
72.0	26.241955633213042	23.824124336070206	23.606269111022694	26.327650919694058	0.0
73.0	26.306227098073805	23.87170191395414	23.606269111022694	26.215801876949357	0.0
74.0	26.36875580806535	23.763960224142632	23.626792501126832	26.240491466665183	0.0
75.0	26.30643213675594	23.77314183643375	23.66491010366875	26.25551592314156	0.0
76.0	26.29001652690212	23.75366568914956	23.671031178529496	26.285286605418822	0.0
77.0	26.21405955249378	23.782601679400358	23.667692410423633	26.33564635768223	0.0
78.0	26.20209563344778	23.82795327950497	23.71276577985276	26.257185307194487	0.0
79.0	26.256907076519	23.738084771322207	23.70163655283322	26.30337159932557	0.0
80.0	26.210164323036945	23.782323448724867	23.79289621439343	26.21461601384476	0.0
81.0	26.28779068149822	23.646546879086515	23.84603827341172	26.219624166003552	0.0
82.0	26.22010767497183	23.83178220163321	23.701848837694588	26.246261285700374	0.0
83.0	26.301907265973874	23.717707942072536	23.694058400456296	26.286326391497294	0.0
84.0	26.28243117287815	23.68571150341527	23.791160636033553	26.240696687673026	0.0
85.0	26.218438295563622	23.81397548794569	23.68042513528929	26.2871610812014	0.0
86.0	26.19951866227063	23.781144359584324	23.80256806198962	26.21676891615542	0.0
87.0	26.274084275837122	23.70824812542604	23.766398174811847	26.251269423924988	0.0
88.0	26.233184480336103	23.727724218521764	23.82065300557851	26.218438295563622	0.0
89.0	26.317488140450457	23.65148922554707	23.77585799145834	26.25516464254413	0.0
90.0	26.256555792050975	23.64369878830878	23.793108245343127	26.30663717429712	0.0
91.0	26.25099119402362	23.67124354854416	23.773075692444667	26.304689564987548	0.0
92.0	26.222889973985502	23.670130628938693	23.752486679743473	26.354492717332334	0.0
93.0	26.23429739994157	23.617266947678868	23.840129098674232	26.308306553705325	0.0
94.0	26.355605636937803	23.641194719196474	23.79700346396227	26.20619617990345	0.0
95.0	26.24876535481268	23.66373134120724	23.799785762975947	26.28771754100413	0.0
96.0	26.298846737058835	23.790325946329453	23.66595718041818	26.244870136193537	0.0
97.0	26.243200756785335	23.82037477567714	23.608641820736477	26.32778264680105	0.0
98.0	26.31053239291627	23.866282709402782	23.608920050637842	26.21426484704311	0.0
99.0	26.368609076947045	23.76772319540588	23.630278006543946	26.233389721103123	0.0
100.0	26.310180960224365	23.77050548667839	23.66533487657756	26.253978676519687	0.0
101.0	26.29376544171656	23.75130767689808	23.679524562067353	26.275402319318005	0.0
102.0	26.224486389031092	23.78246933915018	23.664500189195806	26.328544082622923	0.0
103.0	26.214191911322814	23.82503839561956	23.707625703919692	26.253143989137932	0.0
104.0	26.257595655173947	23.74184788657155	23.70122643399292	26.29933002426158	0.0
105.0	26.21641774434082	23.793876733367465	23.788312150822446	26.201393371469273	0.0
106.0	26.296825962116323	23.640016025997728	23.84367974714537	26.21947826474058	0.0
107.0	26.224969881780773	23.82525033596074	23.705612144111157	26.24416763814733	0.0
108.0	26.30982952948803	23.711733167880205	23.68724907280401	26.29118822982775	0.0
109.0	26.288962403002643	23.683075647506936	23.78824596499331	26.239715984497114	0.0
110.0	26.22357874001508	23.81745994207286	23.67222474173453	26.286736576177532	0.0
111.0	26.20827618059246	23.78435076804937	23.792419390290387	26.214953661067785	0.0
112.0	26.283954292646143	23.704221002345466	23.767100610154777	26.24472409485361	0.0
113.0	26.238046614378284	23.72508812883086	23.823302737488767	26.21356251930209	0.0
114.0	26.329027285854593	23.646627733245783	23.777395059220904	26.24694992167872	0.0
115.0	26.26753881981097	23.641341394536152	23.791306476877832	26.299813308775043	0.0
116.0	26.251958032035212	23.6741723402065	23.776838602514626	26.297031025243662	0.0
117.0	26.222465826602527	23.67667639538475	23.74734639708194	26.353511380930783	0.0
118.0	26.23136913390296	23.62019603969762	23.843335178914742	26.305099647484674	0.0
119.0	26.353511380930783	23.639950252770458	23.796314587234328	26.210223779064428	0.0
120.0	26.24500232320675	23.663043206080957	23.798540414059435	26.293414056652857	0.0
121.0	26.299535080421904	23.79019356346528	23.670833599968837	26.239437756143978	0.0
122.0	26.235542559200038	23.819129312191688	23.617691984519375	26.3276361440889	0.0
123.0	26.307881931016063	23.86002888010306	23.61518792934113	26.216901259539753	0.0
124.0	26.3683308478198	23.759932779842856	23.629165090034945	26.2425712823024	0.0
125.0	26.316302001023885	23.773287777950898	23.663943730941305	26.246466490083915	0.0
126.0	26.292096066953057	23.75158590602533	23.675351125158592	26.280966901863025	0.0
127.0	26.21391368219556	23.78246933915018	23.670621229995326	26.332995748658938	0.0
128.0	26.208905557905045	23.830324749037327	23.708460391301443	26.25230930175618	0.0
129.0	26.255648051283192	23.7421261156988	23.701782892247426	26.300442940770587	0.0
130.0	26.215026598704565	23.7908162129677	23.78636454693169	26.207792641396043	0.0
131.0	26.2901484630623	23.639737796870477	23.834776415073343	26.23533732499388	0.0
132.0	26.224002893590974	23.819818315874407	23.703239987201425	26.252938803333194	0.0
133.0	26.298290277256097	23.70713520582057	23.694614860259033	26.299959656664303	0.0
134.0	26.28278252933943	23.68800324973429	23.787053370208174	26.242160850718115	0.0
135.0	26.212184868104384	23.826350187667114	23.668314724286546	26.293150219941964	0.0
136.0	26.200499147220608	23.780163767031244	23.801309357201884	26.218027728546268	0.0
137.0	26.283968582104713	23.70420658128671	23.766808657449786	26.245016179158796	0.0
138.0	26.233403447853714	23.72764404082223	23.81890421021001	26.22004830111404	0.0
139.0	26.32076836610909	23.64806962483167	23.77772584109601	26.25343616796323	0.0
140.0	26.260391973556807	23.64111381923809	23.789411594493227	26.309082612711876	0.0
141.0	26.2442545045797	23.67227582829733	23.77744760887227	26.3060220582507	0.0
142.0	26.21225779884923	23.674501686087275	23.7596407465527	26.353599768510787	0.0
143.0	26.224221784470192	23.614681757982485	23.85173561261171	26.309360844935618	0.0
144.0	26.351373910720845	23.632210388078306	23.795810935639324	26.22060476556153	0.0
145.0	26.24440054533819	23.659887037088563	23.80150802704432	26.294204390528925	0.0
146.0	26.297821429565122	23.788709273531623	23.669068751565064	26.24440054533819	0.0
147.0	26.225202415069145	23.818758520909267	23.62482958181464	26.33120948220695	0.0
148.0	26.306168442725582	23.85548537881528	23.614534932250073	26.223811246209067	0.0
149.0	26.36800970482097	23.76178671096161	23.624060610613533	26.246142973603888	0.0
150.0	26.314105417798157	23.772147531496238	23.661966344655657	26.25178070604995	0.0
151.0	26.293516004095626	23.7512798824734	23.679495169834837	26.275708943596136	0.0
152.0	26.220618350175844	23.78327694430842	23.67170458086631	26.324400124649422	0.0
153.0	26.21338423184793	23.833637537283533	23.699528112896765	26.253450117971777	0.0
154.0	26.262631883541825	23.739037528380003	23.70119752481859	26.29713306325958	0.0
155.0	26.212271290566708	23.79162400391755	23.786894003472376	26.20921070204336	0.0
156.0	26.289342474291054	23.65111516716378	23.831689890041403	26.22785246850376	0.0
157.0	26.22653426338385	23.82146146290974	23.699872289632644	26.252131984073767	0.0
158.0	26.293867398242103	23.705993483710667	23.69820287306591	26.301936244981317	0.0
159.0	26.276133397884287	23.693538783437116	23.794260529874293	26.236067288804303	0.0
160.0	26.214994226568912	23.835227667951198	23.664667992932763	26.285110112547127	0.0
161.0	26.208316523142415	23.7848666546097	23.791266120393427	26.215550701854458	0.0
162.0	26.28371892433327	23.70389950056343	23.76789415840069	26.244487416702604	0.0
163.0	26.241221577945712	23.729285149859212	23.815260820692036	26.214232451503044	0.0
164.0	26.332483778700293	23.65276958520217	23.776585680738112	26.23816095535943	0.0
165.0	26.26904541963918	23.641918286941717	23.794671177838865	26.294365115580238	0.0
166.0	26.2459516310336	23.680871665312573	23.77575096548731	26.29742573816652	0.0
167.0	26.213119497835308	23.678645757977097	23.759056660471227	26.349178083716374	0.0
168.0	26.228979087600585	23.61381620683131	23.853657722229023	26.303546983339082	0.0
169.0	26.348621606882507	23.628841081345783	23.804687760848516	26.217849550923194	0.0
170.0	26.249436564070315	23.655961847735963	23.803429029332058	26.291172558861664	0.0
171.0	26.29729383809773	23.783117511866937	23.67849928492329	26.241089365112046	0.0
172.0	26.237472245563463	23.80899382863757	23.621738332007055	26.331795593791913	0.0
173.0	26.31621415573647	23.85267750318585	23.61033049343075	26.220777847646925	0.0
174.0	26.36943135940078	23.762037389990567	23.62124757582756	26.247283674781098	0.0
175.0	26.315525876460764	23.770728992765722	23.664440734557594	26.249304396215916	0.0
176.0	26.29910962715637	23.747078464106846	23.680578742348356	26.273233166388426	0.0
177.0	26.2245409015025	23.783528102392875	23.664440734557594	26.32749026154702	0.0
178.0	26.20979410127991	23.83166388425153	23.71202003338898	26.246521981079578	0.0
179.0	26.260434056761266	23.740678909293266	23.705620478575405	26.29326655537006	0.0
180.0	26.208124652198105	23.796883695047303	23.79410127991096	26.200890372843627	0.0
181.0	26.28742348358375	23.653589315525878	23.829716193656093	26.229271007234278	0.0
182.0	26.227674534431095	23.82060050250557	23.70262577247015	26.249099190593185	0.0
183.0	26.299461044688492	23.706521164499623	23.698452138152863	26.29556565265902	0.0
184.0	26.276996533091445	23.69490091764562	23.795624906092964	26.232477643169965	0.0
185.0	26.20695220049138	23.826854425607337	23.676324510221285	26.28986886368	0.0
186.0	26.21029112652582	23.778718241944144	23.79791706664218	26.213073564887857	0.0
187.0	26.285416962300744	23.704705381514035	23.765362537806382	26.244515118378843	0.0
188.0	26.23930149473005	23.73259579961936	23.818295139623146	26.20980756602745	0.0
189.0	26.325279079344234	23.648009438057187	23.786575254037327	26.24013622856125	0.0
190.0	26.26935191265345	23.633262473705884	23.799096261505415	26.29828935213525	0.0
191.0	26.256274415964565	23.673051452993356	23.773776001958844	26.29689812908324	0.0
192.0	26.215372458235485	23.679172834422197	23.749290476243477	26.356164231098845	0.0
193.0	26.225111019599552	23.61601130786097	23.85307571592338	26.305801956616097	0.0
194.0	26.354773008046834	23.631593006043474	23.800765729167825	26.212868256741867	0.0
195.0	26.24668191455617	23.659827376083072	23.791994301518667	26.30149640784209	0.0
196.0	26.295096746189415	23.773351808878278	23.68292180726445	26.248629637667854	0.0
197.0	26.236665052838948	23.81119328647668	23.619203436896555	26.33293822378782	0.0
198.0	26.309009054130005	23.859886364268743	23.603621652003092	26.227482929598157	0.0
199.0	26.363618657013355	23.761453339380566	23.619547403538743	26.255380600067333	0.0
200.0	26.309711957973462	23.775153592734398	23.66914121627638	26.245993233015756	0.0
201.0	26.29691256344048	23.750111299082896	23.678045142908022	26.274930994568606	0.0
202.0	26.225402902680084	23.79129195975425	23.652724601549284	26.330580536016384	0.0
203.0	26.207873297124028	23.83191612501113	23.710878372362213	26.24933220550263	0.0
204.0	26.259905618377704	23.730355711868935	23.7086523907043	26.301086279049063	0.0
205.0	26.209542783367468	23.805760840530674	23.787952987267385	26.196743388834477	0.0
206.0	26.28661739827264	23.654950583207192	23.83219437271837	26.2262376458018	0.0
207.0	26.21685017154019	23.82669571580813	23.700092656744324	26.256361455907356	0.0
208.0	26.289194776719505	23.715952820187482	23.699814408262867	26.295037994830146	0.0
209.0	26.279250953003704	23.691811124405245	23.793650351985306	26.23528757060575	0.0
210.0	26.204753067010955	23.82933256165325	23.671843044723126	26.294071326612666	0.0
211.0	26.210596317639105	23.7695088052222	23.79789030827321	26.222004568865493	0.0
212.0	26.281828325296548	23.708293798641584	23.75977005417528	26.250107821886594	0.0
213.0	26.233207563969863	23.734793593553487	23.81326032032233	26.21873852215433	0.0
214.0	26.32558683094594	23.638240564515232	23.79517401805291	26.240998586485915	0.0
215.0	26.2632586508175	23.63601455808207	23.793504513228044	26.307222277872384	0.0
216.0	26.25296337106414	23.67496967066235	23.77068794728817	26.301379010985343	0.0
217.0	26.220408026979197	23.671908911816754	23.75121039099803	26.356472670206017	0.0
218.0	26.225416541453804	23.61959776063753	23.846650416819703	26.30833528108896	0.0
219.0	26.359811679855756	23.635736307277927	23.78404398588712	26.220408026979197	0.0
220.0	26.24921393710384	23.66285831946709	23.790019644616095	26.29790809881298	0.0
221.0	26.29902110822347	23.76915071816932	23.674544918277284	26.257283255329924	0.0
222.0	26.23557957182528	23.809219056947125	23.61694668128419	26.3382546899434	0.0
223.0	26.316829258791387	23.856521956893147	23.604703577768753	26.22194520654672	0.0
224.0	26.358083948968375	23.760034503387732	23.6234122180948	26.25846932954909	0.0
225.0	26.314193174988315	23.767335218039758	23.66549429022995	26.252977316741983	0.0
226.0	26.297497940921133	23.747579191060257	23.676346192373618	26.27857667564499	0.0
227.0	26.22737795783897	23.79209981523941	23.641564454733654	26.338957772187964	0.0
228.0	26.203169868441556	23.8357856777152	23.699441266166552	26.26160318767669	0.0
229.0	26.264385726687888	23.732553480399794	23.70111078957327	26.301950003339048	0.0
230.0	26.219865102508738	23.798499654965163	23.782082674799103	26.199552567726997	0.0
231.0	26.291376355096496	23.650468579569488	23.83745520112192	26.220699864212094	0.0
232.0	26.211590420248037	23.83084341774653	23.694220372137803	26.263345789867635	0.0
233.0	26.2928407854573	23.71926329292148	23.695055136163926	26.2928407854573	0.0
234.0	26.27454908704387	23.686495150007513	23.804475460651897	26.23448030229672	0.0
235.0	26.19865824848837	23.83097603935656	23.670700454392414	26.299665257762655	0.0
236.0	26.211179778563697	23.761690239606434	23.801759135847472	26.225370845982397	0.0
237.0	26.2821351156572	23.7074302759467	23.75640337135241	26.254031237043694	0.0
238.0	26.2260003339084	23.736991485335857	23.806833991874896	26.230174188880852	0.0
239.0	26.328955423228894	23.640158049974957	23.78902554399243	26.241860982803715	0.0
240.0	26.257864697976117	23.6365306003189	23.79013743916251	26.31546726254247	0.0
241.0	26.252692391177305	23.67300596082884	23.771239974843187	26.30306167315067	0.0
242.0	26.217053357489334	23.679281776412278	23.751360166531693	26.35230469956669	0.0
243.0	26.22189815149812	23.624755787352708	23.84489505118029	26.308451009968888	0.0
244.0	26.35385994110869	23.636399058184388	23.79698641269559	26.212754588011332	0.0
245.0	26.24509449191461	23.674469091819976	23.776336663976174	26.30409975228924	0.0
246.0	26.297199352026585	23.774890473566135	23.674131721193294	26.253778453213982	0.0
247.0	26.238378889940435	23.80921895006402	23.617435840338473	26.33496631965707	0.0
248.0	26.306208002315962	23.859695027919585	23.60777851388742	26.226318455877028	0.0
249.0	26.358056479561302	23.75815947333992	23.62482428426283	26.25895976283595	0.0
