# Position (bp)	A	C	G	T	N
0.0	26.612535258005643	23.72404536727583	23.177101851193438	26.485132380478323	0.0011851430467657445
1.0	25.183400886487	21.169469529972268	24.474833487401927	29.172296096138805	0.0
2.0	27.665979283699542	22.421869444641967	23.639011353670387	26.273139917988104	0.0
3.0	28.23558866055133	23.1870274242101	22.36631586432482	26.211068050913745	0.0
4.0	27.652350138661735	23.26050629310958	22.717710777690865	26.369432790537818	0.0
5.0	26.666903695276016	23.44998103771125	24.279877456208965	25.602793382161227	4.4442864253715426E-4
6.0	27.06318590153832	23.215026428689942	23.952185403778238	25.76960226599351	0.0
7.0	26.248103771125177	23.97174026404987	23.510719618857994	26.269436345966955	0.0
8.0	25.89685700063998	24.20491715850103	23.933223115029982	25.965002725829006	0.0
9.0	26.25565905804831	23.953222403944157	24.012479556282443	25.778638981725095	0.0
10.0	25.836859133897462	24.21187987390078	24.077366138092867	25.87389485410889	0.0
11.0	26.010186304486954	24.195436014126905	24.509498921519825	25.284878759866313	0.0
12.0	26.591647111806395	23.796190950247695	23.923593827775015	25.688568110170895	0.0
13.0	26.118330607504326	24.011738841878213	23.83604138519519	26.033889165422263	0.0
14.0	26.08662803100334	24.20388015833511	24.17617743961696	25.533314371044586	0.0
15.0	26.39283936571144	23.946852260067793	23.83233781317405	25.82797056104672	0.0
16.0	26.067962028016783	24.108920571713004	23.96270354831828	25.86041385195193	0.0
17.0	25.81893384531513	24.320616748441537	24.392317902770863	25.46813150347247	0.0
18.0	26.11610846429164	23.990258124155588	24.18654744127616	25.707085970276612	0.0
19.0	25.733603545947997	24.198547014624666	24.125364431486883	25.94248500794046	0.0
20.0	25.825896560714877	24.437205195667115	24.301358173931593	25.435540069686414	0.0
21.0	26.223956481547322	24.049663419374717	23.939000687382965	25.787379411694992	0.0
22.0	25.8544881367181	24.2129168740667	23.844633672284242	26.08796131693095	0.0
23.0	25.908708431107634	24.203732015454264	24.25513759510773	25.63242195833037	0.0
24.0	26.181143188982908	23.955740832918533	23.874854819976772	25.988261158121784	0.0
25.0	25.709604399250992	24.240471449904003	23.879891677925524	26.17003247291948	0.0
26.0	25.809452700941005	24.315135461850247	24.208472587641328	25.66693924956742	0.0
27.0	26.08914645997772	24.01218327052075	23.946111545663562	25.952558723837964	0.0
28.0	25.62842210054754	24.206546730190333	24.025516129796866	26.139515039465262	0.0
29.0	25.55420251724383	24.463426485576807	24.404317476119367	25.57805352105999	0.0
30.0	25.91433786057977	24.10743914290455	24.03307141672	25.945151579795684	0.0
31.0	25.646199246249026	24.23024959112565	24.0035909834317	26.11996017919363	0.0
32.0	25.753602834862164	24.24891559411221	24.29617317310199	25.70130839792363	0.0
33.0	26.077443172390907	24.000331840053093	23.909668396975515	26.01255659058048	0.0
34.0	25.639532816610966	24.06477399322098	23.93085282893645	26.3648403612316	0.0
35.0	25.75002533365919	24.285441789212033	24.129714295932907	25.83481858119587	0.0
36.0	26.09800896774852	23.87918149786611	23.83671374634597	26.1860957880394	0.0
37.0	25.664411501794604	24.04964690258928	23.93802304775474	26.347918547861376	0.0
38.0	25.757906382329377	24.236523862205775	24.21958570175104	25.785984053713808	0.0
39.0	26.12481567029753	23.999765783784532	23.83365717834178	26.041761367576154	0.0
40.0	25.646698699284716	24.17019845483619	23.940074299896306	26.243028545982796	0.0
41.0	25.730426798249272	24.21531585023396	24.256579786655998	25.797677564860766	0.0
42.0	26.1564097044496	23.838089087676497	23.976496288677875	26.029004919196026	0.0
43.0	25.807118636948868	24.040140673286775	23.799438793065846	26.353301896698504	0.0
44.0	25.79372617347674	24.18973445298888	24.10179738776152	25.914741985772867	0.0
45.0	26.288608419185188	23.788135001976723	23.78464666465118	26.1386099141869	0.0
46.0	25.93921389781987	23.93105041230491	23.820956318102805	26.308779371772413	0.0
47.0	26.021459727062947	24.079025753041954	24.05009552112078	25.849418998774315	0.0
48.0	26.278792388794614	23.785538431579827	23.720164408712826	26.215504770912734	0.0
49.0	25.84246240166487	24.021948629888932	23.826205858503418	26.30938310994278	0.0
50.0	25.81490757947088	24.25646135753593	24.0891258876231	25.839505175370086	0.0
51.0	26.312591795217983	23.813572464627484	23.80335525775641	26.07048048239812	0.0
52.0	26.021481050168195	23.94680918136875	23.697952401968603	26.33375736649446	0.0
53.0	25.974070045189833	24.10030371642576	24.187780079897593	25.73784615848681	0.0
54.0	26.240910467385014	23.764647707540334	23.87140299834788	26.123038826726773	0.0
55.0	25.9784007173769	23.883777145307807	23.845179149284572	26.292642988030725	0.0
56.0	25.98495286619153	24.14103466391761	24.036160701010083	25.837851768880782	0.0
57.0	26.4335842076279	23.73434893380106	23.679682409684244	26.1523844488868	0.0
58.0	25.925606637191756	23.943849883208742	23.718067135473753	26.412476344125746	0.0
59.0	25.956538626994835	24.105483416934316	24.064344216078954	25.873633739991895	0.0
60.0	26.443292397909318	23.71244635193133	23.687800110483153	26.156461139676203	0.0
61.0	26.108778105984264	23.910467384300006	23.723202276590133	26.257552233125597	0.0
62.0	26.03569825469332	24.079159295540357	24.02503102474058	25.860111425025746	0.0
63.0	26.420238780690532	23.725946620484777	23.77657941843975	26.077235180384946	0.0
64.0	25.952116905580127	23.932647854799036	23.686660551212366	26.428574688408474	0.0
65.0	25.956255565708492	24.12965688497032	24.037117898853495	25.876969650467696	0.0
66.0	26.326604617430192	23.778509348862233	23.846768249182908	26.048117784524667	0.0
67.0	26.11106681261009	23.91321682022138	23.690194003271646	26.285522363896884	0.0
68.0	25.971183658581072	24.11680328878943	23.949948489434174	25.96206456319533	0.0
69.0	26.514349513049467	23.64972754407449	23.677136585034663	26.158786357841375	0.0
70.0	26.19579748485447	23.744287550773763	23.68655364506221	26.373361319309552	0.0
71.0	26.09586041791765	24.028822630169888	23.945438383499358	25.929878568413105	0.0
72.0	26.52663885035431	23.624940412745513	23.62226233389216	26.22615840300802	0.0
73.0	26.09163225599895	23.800415390803938	23.76675724265883	26.341195110538283	0.0
74.0	26.114307461550517	24.01553650182453	23.97579977165372	25.894356264971236	0.0
75.0	26.511739764030885	23.565990901360788	23.629263376688815	26.293005957919508	0.0
76.0	26.037505824568395	23.83017756508131	23.724089828765017	26.40822678158528	0.0
77.0	25.989592398970046	23.966292337148655	23.98940033251505	26.053514516022542	0.0012004153437089231
78.0	26.519704024455503	23.6159206795382	23.578093381145397	26.285359297826925	9.226170339707593E-4
79.0	26.156993015808983	23.691409697183634	23.602216282998413	26.5484354907844	9.455132245783011E-4
80.0	26.088305844168442	23.84768567309122	23.88938816942205	26.17397376298758	6.465503307104942E-4
81.0	26.553554250837564	23.626231465817494	23.467343350913854	26.35253922446678	3.3170796430822305E-4
82.0	26.267008278297794	23.525949214191172	23.55487051762328	26.65183173925914	3.4025062861303636E-4
83.0	26.275168840425273	24.059018157551787	23.839254831124638	25.82585940038502	6.987705132818805E-4
84.0	26.48847125710676	23.625667604663185	23.542037558146212	26.34310572560731	7.178544765405157E-4
85.0	26.11164159075073	23.758032465353946	23.589548854716988	26.54040841606972	3.6867310861478456E-4
86.0	26.136458420218535	24.044768310345088	23.98941453908507	25.828979594931717	3.7913541958916886E-4
87.0	26.423254054602108	23.715376486232486	23.553543365426986	26.307436134411184	3.8995932724216864E-4
88.0	26.252694019577543	23.799279989404525	23.440478722763814	26.507547268254118	0.0
89.0	26.12323677347628	23.772405840707233	23.96872171501548	26.13522237422352	4.132965774910418E-4
90.0	26.591074568780147	23.519843990172742	23.5249534823318	26.364127958715304	0.0
91.0	26.24834891895331	23.60925219741883	23.467950377609366	26.673570854963774	8.77651054717155E-4
92.0	26.189377696963117	23.822382645353308	23.94948480654237	26.03785020942456	9.046417166481216E-4
93.0	26.537952009553305	23.494234429227152	23.511960294062767	26.45445385677501	0.0013994103817591523
94.0	26.208590138674886	23.66814329738059	23.555469953775038	26.56683359013868	9.63020030816641E-4
95.0	26.148692639918092	24.074212129796678	23.83763984354421	25.939455386741017	0.0
96.0	26.78105548593849	23.643152077898065	23.459808130816164	26.115984305347272	0.0
97.0	26.259168444628433	23.485017355029775	23.72490950970714	26.530904690634653	0.0
98.0	26.37485108181853	23.922985281119097	23.627070443103648	26.074544186838107	5.490071206223545E-4
99.0	26.722326347475434	23.32197421480093	23.648548872607485	26.30715056511615	0.0
100.0	26.50226324143202	23.587678560931163	23.474810416789136	26.435247780847686	0.0
101.0	26.1685315281312	24.0725408788185	23.855819220045536	25.903108373004763	0.0
102.0	26.944221774778924	23.605228774671623	23.357171260674995	26.093378189874457	0.0
103.0	26.299896506098282	23.489185542294944	23.570408604404385	26.64050934720239	0.0
104.0	26.33944660913795	23.817295334462145	23.73909436477012	26.10416369162978	0.0
105.0	26.90970504685049	23.503681614539904	23.40616476108371	26.1804485775259	0.0
106.0	26.459335413989354	23.55939049017808	23.485955571874424	26.494584174775106	7.343491830365339E-4
107.0	26.259193352528314	23.924482766521304	23.932883753255382	25.882676401628263	7.637260667343836E-4
108.0	26.697361515339473	23.592887701385244	23.320928161330855	26.38882262194443	0.0
109.0	26.571797974440152	23.78043726897512	23.246697276599974	26.399409902368674	0.0016575776160718725
110.0	26.239558653131105	23.900524012936028	23.66272936374799	26.196323262369646	8.64707815229234E-4
111.0	26.742978884746282	23.51294990656568	23.228584582885723	26.513681131683715	0.0018054941186029087
112.0	26.672076696610553	23.677058956744922	23.148637427342038	26.501283309428548	9.436098739337208E-4
113.0	26.497989507898716	23.880891927404935	23.442239105306317	26.178879459390036	0.0
114.0	26.733596493954558	23.79635097752774	23.26795760420228	26.201058858877524	0.0010360654378930574
115.0	26.358636581018217	23.763097256641018	23.378331376896657	26.498847876179298	0.0010869092648145733
116.0	26.69200826455715	23.740054564341403	23.470657397577707	26.096138260105246	0.0011415134184902345
117.0	26.772288185547417	23.320942654011333	23.365452861284542	26.54011332058176	0.00120297857495158
118.0	26.655509489939522	23.698857657246457	23.438946153943682	26.206686698870335	0.0
119.0	26.512326635727124	24.036269013064356	23.409877404297553	26.041526946910963	0.0
120.0	26.965206643272193	23.787062951965563	23.17615468765539	26.071575717106853	0.0
121.0	26.705435699650476	23.7872122453899	23.13336145594793	26.373990599011695	0.0
122.0	26.334793702758653	23.882656909473145	23.5360197711553	26.246529616612907	0.0
123.0	27.040816326530614	23.33242021640871	23.26222435282838	26.3645391042323	0.0
124.0	26.56544406841672	23.530595444983078	23.316564529406385	26.587395957193817	0.0
125.0	26.205215887428025	23.84096849635438	23.52259104219484	26.43122457402276	0.0
126.0	27.629460123739303	23.294346978557503	23.040088143062974	26.03610475464022	0.0
127.0	26.5636109263549	23.549918579849084	23.077452352010276	26.80901814178574	0.0
128.0	26.355177488961505	23.658542669693418	23.41656896250655	26.569710878838528	0.0
129.0	27.125153207136048	23.363747787008034	23.001498025330246	26.50415361568841	0.0054473648372599754
130.0	27.00213040477691	23.581480481291443	22.747321991178325	26.666066552645002	0.003000570108320581
131.0	26.94423147438248	23.814127137571255	22.550751691723057	26.69088969632321	0.0
132.0	27.14472945141359	24.137801909754728	22.385321100917434	26.332147537914246	0.0
133.0	26.771888028588446	24.087467029694544	22.577214328256616	26.563430613460394	0.0
134.0	27.49766802493986	24.208355834847072	22.48514900093279	25.803917718101037	0.0049094211792429674
135.0	27.000635580978795	23.60316634887618	22.389784480268098	27.000635580978795	0.005778008898133703
136.0	27.307152875175316	23.55539971949509	22.454417952314166	26.68302945301543	0.0
137.0	27.49691738594328	24.141271798485114	22.696846926193412	25.656156420644706	0.008807468733485996
138.0	28.07410903941468	24.109039414680197	20.958225159310835	26.846825584139722	0.01180080245456691
139.0	28.300536672629693	25.313059033989266	21.44901610017889	24.937388193202146	0.0
140.0	27.26616106897797	22.426868905742143	23.293607800650054	27.013362224629827	0.0
