# Position (bp)	A	C	G	T	N
0.0	25.77529280429888	24.24552042534673	24.321204896785304	25.657981873569092	0.0
1.0	25.633069068387226	24.20326326212686	24.405088519296385	25.758579150189526	0.0
2.0	25.681859033587607	24.268473815162515	24.276672836956145	25.772994314293733	0.0
3.0	25.795099801343298	24.30548986220162	24.249361460599754	25.65004887585533	0.0
4.0	25.703231665210964	24.378907937428856	24.129808950536507	25.788051446823673	0.0
5.0	25.666459621454084	24.41725180586516	24.1921295493456	25.72415902333515	0.0
6.0	25.777577395159078	24.2875294399551	24.245911511455965	25.688981653429856	0.0
7.0	25.75633378311916	24.158227927916567	24.135843726748803	25.949594562215466	0.0
8.0	25.674580781028823	24.285853901518614	24.319902142832373	25.719663174620187	0.0
9.0	25.730750800736423	24.252540919522836	24.218493858919068	25.79821442082167	0.0
10.0	25.88606537480652	24.202044657127455	24.31490115599101	25.59698881207502	0.0
11.0	25.647112229168044	24.201098932276643	24.371644647039723	25.780144191515586	0.0
12.0	25.667287692652035	24.23073164426875	24.14435544122793	25.957625221851288	0.0
13.0	25.821989924909683	24.04119564463555	24.314509264921917	25.82230516553285	0.0
14.0	25.857612115327626	24.267538412069932	24.08154644440101	25.793303028201425	0.0
15.0	25.764616131493167	24.211740821769258	24.113700987964112	25.90994205877346	0.0
16.0	25.9290899977618	24.182977690491427	24.187075805673683	25.700856506073087	0.0
17.0	25.63623238204521	24.35352232999915	24.10164586610512	25.90859942185052	0.0
18.0	25.684779284973473	24.20977305899079	24.304029708182675	25.80141794785306	0.0
19.0	25.762012994177525	24.34564133926404	24.151138487921596	25.741207178636845	0.0
20.0	25.778090215277143	24.248547533407518	24.216393091208282	25.756969160107058	0.0
21.0	25.739315740860413	24.381893896645536	24.10322206425214	25.775568298241907	0.0
22.0	25.73584810493697	24.17509669975632	24.28007149634795	25.808983698958766	0.0
23.0	25.781242611571187	24.252330408960372	24.217654049725898	25.748772929742543	0.0
24.0	25.868879228545577	24.21418641380245	24.22427408194339	25.69266027570858	0.0
25.0	25.790699800453314	24.23089411416088	24.31254117817659	25.66586490720921	0.0
26.0	25.656092478697683	24.180771013085597	24.421298850321072	25.74183765789565	0.0
27.0	25.702117464590707	24.24350369933705	24.278495298200927	25.775883537871312	0.0
28.0	25.80141794785306	24.289843924859483	24.230578874531474	25.678159252755982	0.0
29.0	25.73679382382518	24.359827122587234	24.118668806092952	25.784710247494637	0.0
30.0	25.704324141996537	24.392927283674684	24.172574782721085	25.73017379160769	0.0
31.0	25.785340726753443	24.27786481894212	24.2400360634136	25.696758390890835	0.0
32.0	25.77651401713012	24.132224110157335	24.147670851998146	25.943591020714397	0.0
33.0	25.68919263978513	24.273136224501055	24.310019261141356	25.727651874572455	0.0
34.0	25.758860597883483	24.23467698971373	24.23373127082552	25.77273114157727	0.0
35.0	25.916480412585628	24.190858681226533	24.281332454865566	25.611328451322272	0.0
36.0	25.687301202008705	24.173205261979895	24.356674726293193	25.782818809718204	0.0
37.0	25.684148805714663	24.218284528984707	24.168161427909425	25.9294052373912	0.0
38.0	25.817729020868796	24.04230502490385	24.295126410692895	25.844839543534455	0.0
39.0	25.855242418510816	24.268331126662883	24.08044889981716	25.79597755500914	0.0
40.0	25.78494420276149	24.19172813820062	24.122690876993886	25.900636782044007	0.0
41.0	25.922937006062018	24.190706163841615	24.1831404604361	25.70321636966027	0.0
42.0	25.618417443990154	24.36913066915494	24.123875783759587	25.888576103095318	0.0
43.0	25.654039297524438	24.223806116240727	24.333508815620654	25.788645770614178	0.0
44.0	25.741675361971623	24.362195441033226	24.13932242821251	25.756806768782646	0.0
45.0	25.76153533341109	24.237046097200373	24.226012779734003	25.77540578965453	0.0
46.0	25.747034401883862	24.370706857364425	24.12891958602993	25.75333915472179	0.0
47.0	25.748295352451443	24.151616696246464	24.265417484971046	25.834670466331044	0.0
48.0	25.7782429284316	24.250601315801916	24.217501363402803	25.753654392363686	0.0
49.0	25.86934660693964	24.22159945274745	24.228219443227278	25.68083449708563	0.0
50.0	25.80251622685762	24.234208958423306	24.311442180687912	25.651832634031162	0.0
51.0	25.638907890713412	24.16674810305749	24.420829642425943	25.77351436380315	0.0
52.0	25.69249828983579	24.23137181964624	24.295365060951198	25.78076482956677	0.0
53.0	25.80945145497934	24.28149460470776	24.226643255017795	25.68241068529511	0.0
54.0	25.75113249122851	24.36913066915494	24.10874437694856	25.77099246266798	0.0
55.0	25.693444002761485	24.389621115878203	24.17620523231438	25.740729649045935	0.0
56.0	25.78927624589797	24.261004157984498	24.258482256849327	25.69123733926821	0.0
57.0	25.79305909760073	24.12356054611769	24.125136734327175	25.95824362195441	0.0
58.0	25.69249828983579	24.267939386106217	24.32026883466101	25.719293489396982	0.0
59.0	25.74924106537713	24.24870988995054	24.210250897639185	25.79179814703314	0.0
60.0	25.92608938248098	24.180303321659032	24.274559376586037	25.619047919273946	0.0
61.0	25.685247824072178	24.158551924368187	24.371652570290113	25.784547681269526	0.0
62.0	25.69375924040338	24.205837570652637	24.153508122097843	25.946895066846142	0.0
63.0	25.816305300389004	24.04688199431313	24.27164572444534	25.86516698085253	0.0
64.0	25.85350322487091	24.245796319296897	24.09353701823959	25.8071634375926	0.0
65.0	25.78352068898122	24.210489814703898	24.12316926316586	25.882820233149022	0.0
66.0	25.92655639723475	24.174161394350346	24.182987992673922	25.716294215740977	0.0
67.0	25.639376716064096	24.33335539982914	24.117418976555925	25.909848907550842	0.0
68.0	25.667747924961304	24.208206845027	24.33587728506445	25.788167944947244	0.0
69.0	25.78501558840311	24.33776869899093	24.13349599493101	25.743719717674946	0.0
70.0	25.76326432824858	24.226805748637396	24.235947582615385	25.77398234049864	0.0
71.0	25.772406162226574	24.36424849396166	24.11142949912207	25.751915844689698	0.0
72.0	25.72827317060869	24.16344338210029	24.26368832020377	25.844595127087256	0.0
73.0	25.781547996204562	24.250448422718403	24.213565851152026	25.754437729925005	0.0
74.0	25.89440236048458	24.209467787644652	24.221446742512363	25.674683109358398	0.0
75.0	25.80897349813853	24.248241773137508	24.309712725748135	25.633072002975826	0.0
76.0	25.668378396270132	24.168171916916492	24.403652950763345	25.759796736050035	0.0
77.0	25.70084766867472	24.229327633872703	24.31034319705696	25.75948150039562	0.0
78.0	25.808343026829704	24.294266178681873	24.236262818269797	25.661127976218623	0.0
79.0	25.75853579343238	24.36235708003518	24.113636148702962	25.765470977829473	0.0
80.0	25.683824943336393	24.40428342207217	24.186770820526885	25.725120814064557	0.0
81.0	25.801723078087026	24.257698842769912	24.23500187565214	25.70557620349092	0.0
82.0	25.778710875314843	24.123723689644194	24.147366363725205	25.95019907131576	0.0
83.0	25.686977299880525	24.279765338578855	24.32578974412322	25.7074676174174	0.0
84.0	25.74245877505729	24.24761130182868	24.22113150685795	25.78879841625607	0.0
85.0	25.903228958808157	24.19023841272543	24.28859193690243	25.61794069156398	0.0
86.0	25.68729253553494	24.135387408857493	24.387891168042668	25.789428887564895	0.0
87.0	25.721022750557175	24.200325953666663	24.15587772639437	25.92277356938179	0.0
88.0	25.827175749628022	24.056817895241217	24.28788490152069	25.82812145361007	0.0
89.0	25.868471490177285	24.24501298766802	24.08392807605982	25.802587446094872	0.0
90.0	25.765704990795147	24.209076236350338	24.140985549643155	25.884233223211357	0.0
91.0	25.917251162424147	24.17400898415951	24.20206478051856	25.706675072897784	0.0
92.0	25.662857593190953	24.328158247300813	24.136811411458744	25.872172748049493	0.0
93.0	25.646150208842304	24.197021041847268	24.34360469698164	25.81322405232879	0.0
94.0	25.76184096461502	24.34770273465206	24.14343131846481	25.74702498226811	0.0
95.0	25.787690125305385	24.231381511545433	24.220978800535896	25.759949562613286	0.0
96.0	25.75175348727244	24.351800772322484	24.14059421546221	25.755851524942862	0.0
97.0	25.72590432658208	24.159823469146506	24.248719363227995	25.86555284104342	0.0
98.0	25.791788162975806	24.256600204901886	24.208054220190718	25.743557411931594	0.0
99.0	25.903380881078096	24.187248798171645	24.21498936086374	25.694380959886516	0.0
100.0	25.823311529671365	24.26038300890535	24.290960674600047	25.625344786823234	0.0
101.0	25.645834975175347	24.175900386161242	24.416108440381432	25.76215619828198	0.0
102.0	25.689652454882182	24.23075104421152	24.325005910631255	25.75459059027504	0.0
103.0	25.823626763338325	24.292852076601783	24.233903380881078	25.64961777917882	0.0
104.0	25.769091338955004	24.341713294979904	24.116321223106628	25.772874142958468	0.0
105.0	25.677043108203957	24.418315076050124	24.164867207817796	25.73977460792813	0.0
106.0	25.795255733312317	24.280242729923557	24.22570730554023	25.698794231223893	0.0
107.0	25.784853022302784	24.13775711245961	24.1484750571361	25.928914808101506	0.0
108.0	25.70068563322563	24.26195917724013	24.330049649302545	25.707305540231694	0.0
109.0	25.76184096461502	24.23957758688628	24.21940263220112	25.77917881629758	0.0
110.0	25.90180471274332	24.17968319016471	24.30073291827567	25.617779178816296	0.0
111.0	25.69122862321696	24.13492000945701	24.391520214358895	25.782331152967135	0.0
112.0	25.72590432658208	24.208999921191584	24.154779730475216	25.91031602175112	0.0
113.0	25.829850012294074	24.048470175836787	24.28584037878358	25.83583943308556	0.0
114.0	25.893842244961007	24.236664081758747	24.089765656030714	25.779728017249532	0.0
115.0	25.757346497449767	24.223109076809592	24.14713800255969	25.872406423180948	0.0
116.0	25.91677253197237	24.1924552449823	24.225239339652678	25.66553288339265	0.0
117.0	25.643781897505573	24.3330485740495	24.136974469386274	25.886195059058654	0.0
118.0	25.614465351309946	24.21641285262604	24.36803929047654	25.80108250558748	0.0
119.0	25.781853373136588	24.32453731870238	24.143594334656253	25.750014973504776	0.0
120.0	25.796984493753683	24.21578238926699	24.210108219035583	25.777124897943743	0.0
121.0	25.76703748419901	24.35606048665467	24.110810239985877	25.766091789160445	0.0
122.0	25.712817635321077	24.173226112531403	24.268110848067785	25.845845404079725	0.0
123.0	25.803919590703188	24.243838008744525	24.227130729729815	25.72511167082247	0.0
124.0	25.88997783921293	24.198129415213714	24.224924107973155	25.686968637600206	0.0
125.0	25.814322236127442	24.255816812566398	24.304992954571965	25.624867996734203	0.0
126.0	25.67530506545786	24.143279102976734	24.41690020080258	25.76451563076283	0.0
127.0	25.69201234447257	24.22870688812743	24.32768963549761	25.75159113190239	0.0
128.0	25.813061309409353	24.288600907236773	24.237218143474546	25.66111963987933	0.0
129.0	25.752536826940958	24.323906855343335	24.130354604116295	25.793201713599412	0.0
130.0	25.674755537061905	24.410042052038612	24.1900096461198	25.725192764779685	0.0
131.0	25.815745921664433	24.266687682244463	24.245882260225393	25.671684135865707	0.0
132.0	25.787690125305385	24.130191504452675	24.159823469146506	25.922294901095437	0.0
133.0	25.660650957522265	24.27488375758531	24.339506659311212	25.724958625581213	0.0
134.0	25.750888961743122	24.228305550651903	24.221685622777596	25.79911986482738	0.0
135.0	25.91764809724359	24.167780495801075	24.306168511840216	25.608402895115123	0.0
136.0	25.644970115754166	24.14035508032179	24.41051118452576	25.80416361939828	0.0
137.0	25.723778780924523	24.174400423675387	24.171878546389934	25.929942249010164	0.0
138.0	25.829779051329822	24.046490954312898	24.279765338578855	25.84396465577843	0.0
139.0	25.88463005519776	24.24004564612276	24.122147511372127	25.753176787307353	0.0
140.0	25.755068201233833	24.216087736387337	24.14547494979872	25.883369112580105	0.0
141.0	25.927899073834727	24.178966149888723	24.20323937179641	25.689895404480147	0.0
142.0	25.652067006701927	24.3183007483718	24.155008164629187	25.87462408029708	0.0
143.0	25.656480319776055	24.189053722629577	24.36085769587229	25.793608261722074	0.0
144.0	25.7895101852961	24.314517908593984	24.143974881943876	25.75199702416604	0.0
145.0	25.759247467073532	24.2372849297968	24.23224114342637	25.7712264597033	0.0
146.0	25.75577986394386	24.3529767796685	24.137354912332686	25.75388844405495	0.0
147.0	25.740648504832574	24.15532340127734	24.263449571593394	25.84057852229669	0.0
148.0	25.8065329642963	24.24295918946353	24.23066496018561	25.71984288605456	0.0
149.0	25.89172847951428	24.18503188628748	24.227588967943483	25.695650666254753	0.0
150.0	25.83151808991208	24.251862266369503	24.29347363509982	25.623146008618598	0.0
151.0	25.687454487565454	24.145942418692332	24.426503919980078	25.740099173762143	0.0
152.0	25.68587829935597	24.214033749341944	24.31427931946498	25.78580863183711	0.0
153.0	25.795580998735897	24.30892027955274	24.227273730301587	25.668224991409772	0.0
154.0	25.74577345131627	24.31995359701911	24.1658023901318	25.768470561532812	0.0
155.0	25.67334972574239	24.393796103650462	24.20812054725427	25.72473362335288	0.0
156.0	25.79921127044723	24.26021139969548	24.226165519719814	25.714411810137477	0.0
157.0	25.785340726753443	24.117407847575333	24.146725133109932	25.95052629256129	0.0
158.0	25.70054126644369	24.24791705414871	24.327672680387995	25.723868999019604	0.0
159.0	25.781008643897884	24.204175046813234	24.216784671739937	25.79803163754894	0.0
160.0	25.91656211185998	24.15625847209175	24.324281724240112	25.602897691808156	0.0
161.0	25.632215069762747	24.12473440977498	24.4267349267696	25.816315593692668	0.0
162.0	25.76051800339199	24.164139487670937	24.157204193961253	25.91813831497582	0.0
163.0	25.843822998136922	24.030553217513564	24.2903123098699	25.835311474479617	0.0
164.0	25.878184334383086	24.220959154143692	24.124495219360877	25.776361292112338	0.0
165.0	25.757131553479162	24.227263986482438	24.132691501401247	25.88291295863715	0.0
166.0	25.95423938262887	24.174379602542118	24.209056289720568	25.662324725108444	0.0
167.0	25.684391707858367	24.320967416523757	24.15294310501362	25.841697770604256	0.0
168.0	25.65791132855846	24.187619792192073	24.34208867144154	25.812380207807927	0.0
169.0	25.767300514475938	24.343349641884394	24.130560879652982	25.758788963986685	0.0
170.0	25.76919197014022	24.244363462120447	24.21410017149198	25.772344396247355	0.0
171.0	25.771398668415213	24.35091546454151	24.148529708463634	25.72915615857964	0.0
172.0	25.741135377786744	24.154519318067187	24.264538989206095	25.839806314939977	0.0
173.0	25.79945526076869	24.26516947442752	24.21283920104913	25.722536063754664	0.0
174.0	25.886859070346613	24.195892375833424	24.208186876408742	25.70906167741122	0.0
175.0	25.821918887820562	24.257680122314518	24.317261163564144	25.603139826300776	0.0
176.0	25.6967671768359	24.148921078763614	24.407420834449823	25.746890909950665	0.0
177.0	25.658622700691957	24.218589915357093	24.330816638557444	25.791970745393506	0.0
178.0	25.786611604117084	24.283530097883137	24.231199659536905	25.698658638462874	0.0
179.0	25.757924436108006	24.323881279258547	24.164052771779392	25.754141512854055	0.0
180.0	25.682977422181867	24.370614159526376	24.205741234623947	25.74066718366781	0.0
181.0	25.776371081891348	24.24742996031058	24.231982926298734	25.744216031499338	0.0
182.0	25.82208169274273	24.105569443875254	24.153802019463264	25.918546843918755	0.0
183.0	25.682427895451955	24.267290432611528	24.343264620302445	25.707017051634075	0.0
184.0	25.77519135467763	24.210622548957794	24.216612234089503	25.79757386227507	0.0
185.0	25.91642182515163	24.17184721889462	24.32600279938968	25.585728156564063	0.0
186.0	25.649723213497598	24.130865162730288	24.403868706101914	25.815542917670204	0.0
187.0	25.773930368334113	24.156400136186527	24.150095204468936	25.919574291010427	0.0
188.0	25.842735592397485	24.022180819706758	24.307795126902914	25.827288460992843	0.0
189.0	25.878673816481772	24.210068377200034	24.110765389598722	25.80049241671947	0.0
190.0	25.758249241041455	24.234972935995284	24.132832720176793	25.87394510278647	0.0
191.0	25.963872513476876	24.171999621701712	24.201948236184233	25.662179628637183	0.0
192.0	25.6962264745752	24.314176728350304	24.146464487248195	25.8431323098263	0.0
193.0	25.660603385769683	24.193436524699727	24.348538822861826	25.797421266668767	0.0
194.0	25.792377289492762	24.303773525424795	24.118407364206675	25.78544182087576	0.0
195.0	25.78859430661076	24.24356104788626	24.20447022477223	25.763374420730745	0.0
196.0	25.78827905803726	24.350745562876327	24.12313609280918	25.737839286277232	0.0
197.0	25.77756060653826	24.142996752939695	24.258692979414267	25.820749661107783	0.0
198.0	25.806563475300276	24.255225245105766	24.227168122064246	25.711043157529712	0.0
199.0	25.881043728267482	24.18783830219193	24.19887203704813	25.73224593249246	0.0
200.0	25.83156003215586	24.264749925127283	24.30888542109992	25.594804621616934	0.0
201.0	25.700270177396522	24.146986592013217	24.41211983644337	25.740623394146894	0.0
202.0	25.653151235998273	24.20639799743374	24.347636927674948	25.792813838893043	0.0
203.0	25.809533117478857	24.296870320219174	24.235708047883122	25.657888514418847	0.0
204.0	25.7564245246435	24.302374339103924	24.192973772238737	25.748227364013836	0.0
205.0	25.68400078189534	24.379685854630523	24.21447893611789	25.72183442735625	0.0
206.0	25.803736107826907	24.247497438322693	24.24024592102152	25.70852053282888	0.0
207.0	25.80799752816286	24.100412077951148	24.17576527636337	25.915825117522612	0.0
208.0	25.683945681612524	24.25851365369033	24.361929204488487	25.69561146020866	0.0
209.0	25.815046033547734	24.19788119561105	24.225312145289443	25.761760625551773	0.0
210.0	25.89924201339404	24.169809179079067	24.339126486650102	25.591822320876794	0.0
211.0	25.628397381730128	24.149629835159985	24.413853119600446	25.808119663509437	0.0
212.0	25.777850647630817	24.146476812672628	24.174854015058838	25.90081852463772	0.0
213.0	25.83801304749503	24.03066066738347	24.309078698025218	25.822247587096285	0.0
214.0	25.848733560566167	24.2579986063333	24.12777590343971	25.765491929660822	0.0
215.0	25.757628310436054	24.225186904247636	24.120186289379173	25.89699849593714	0.0
216.0	25.953206785646714	24.171974522292995	24.22305606356814	25.651762628492147	0.0
217.0	25.688501535609102	24.33483215508706	24.156676273420405	25.819990035883432	0.0
218.0	25.645310814986725	24.17968429748939	24.37928446650312	25.795720421020768	0.0
219.0	25.78484668844519	24.3078591879722	24.136637110099265	25.770657013483344	0.0
220.0	25.773820034812438	24.254875003153302	24.20631416967281	25.76499079236144	0.0
221.0	25.765631109597507	24.36018718230093	24.147336688487783	25.72684501961378	0.0
222.0	25.747035822401614	24.147325933400605	24.283236629667005	25.822401614530776	0.0
223.0	25.779057373688957	24.26067597141722	24.239547922829015	25.720718732064807	0.0
224.0	25.863390235672185	24.21529330511869	24.21308575086804	25.708230708341084	0.0
225.0	25.84257615273752	24.26039048481045	24.30233401557272	25.594699346879306	0.0
226.0	25.683325501673032	24.151263525382465	24.406396942183424	25.75901403076108	0.0
227.0	25.64123589091815	24.205334250022865	24.3582910468237	25.79513881223528	0.0
228.0	25.831885228064756	24.27707746601026	24.225671043045782	25.665366262879203	0.0
229.0	25.738849063803887	24.313030424402598	24.178679895673344	25.76944061612017	0.0
230.0	25.664283393940156	24.380659221436208	24.211611910266154	25.74344547435748	0.0
231.0	25.805505443627236	24.234864445481726	24.248110815345605	25.711519295545436	0.0
232.0	25.820807024405013	24.096244945847236	24.165315738679013	25.91763229106874	0.0
233.0	25.68851321516432	24.253138207279378	24.36068882861288	25.69765974894342	0.0
234.0	25.784485341659963	24.19044014445443	24.268660011669898	25.7564145022157	0.0
235.0	25.88715451359867	24.17639952941622	24.33946374896311	25.596982208022002	0.0
236.0	25.610236903443944	24.174496686632036	24.417676762897848	25.79758964702617	0.0
237.0	25.78198185127126	24.127022176522726	24.180957397483656	25.91003857472236	0.0
238.0	25.84042492792753	24.048548772717808	24.317913714902126	25.793112584452533	0.0
239.0	25.846580873075954	24.26003028009084	24.12629321221297	25.767095634620237	0.0
240.0	25.803307542117064	24.196534745594306	24.127772187753322	25.872385524535304	0.0
241.0	25.941838347323298	24.18102727648393	24.24821695009353	25.628917426099246	0.0
242.0	25.692825529418073	24.320581452938335	24.183987962107135	25.802605055536453	0.0
243.0	25.636293660407834	24.205027256208357	24.390520896426406	25.7681581869574	0.0
244.0	25.790362015931855	24.31422036438205	24.165312721823486	25.73010489786261	0.0
245.0	25.779408655924325	24.242204335850115	24.23336982826348	25.745017179962076	0.0
246.0	25.744126974109776	24.37278134515564	24.168310114699526	25.714781566035054	0.0
247.0	25.749988166800776	24.16560167873653	24.31138669317303	25.77302346128966	0.0
248.0	25.813047896141928	24.24911800160306	24.253220319728364	25.68461378252665	0.0
249.0	25.878777742364043	24.193960661304114	24.233406650278173	25.69385494605367	0.0
