# Position (bp)	A	C	G	T	N
0.0	26.237146252820505	23.811943434900186	23.74534222115048	26.205568091128832	0.0
1.0	26.229682323693382	23.739887811403733	23.846392338563827	26.18403752633906	0.0
2.0	26.328417838138808	23.71807750371676	23.769738994667385	26.18376566347705	0.0
3.0	26.17605868240102	23.735837360669475	23.651177206616694	26.43692675031281	0.0
4.0	26.35228012982578	23.764660642184197	23.62404474455257	26.259014483437454	0.0
5.0	26.365733699862837	23.640579177833764	23.71030778148261	26.28337934082079	0.0
6.0	26.146474427946348	23.828132845563445	23.775052004877697	26.25034072161251	0.0
7.0	26.183016886716125	23.918544402940114	23.713700445836846	26.18473826450691	0.0
8.0	26.287917472302386	23.846626083663715	23.662166581560935	26.20328986247296	0.0
9.0	26.234022534823414	23.72180278587328	23.83109208986392	26.213082589439384	0.0
10.0	26.2419972922738	23.78783358957296	23.797012322448886	26.173156795704354	0.0
11.0	26.137015535005393	23.815369788200737	23.74939764565502	26.298217031138847	0.0
12.0	26.165699075242664	23.89826521948645	23.74681612703366	26.18921957823722	0.0
13.0	26.25863374561142	23.78353105853737	23.731040179903164	26.226795015948046	0.0
14.0	26.20470868996535	23.700635627251657	23.75370017669061	26.340955506092385	0.0
15.0	26.22019780169348	23.854092567521054	23.752265999678745	26.173443631106725	0.0
16.0	26.272975515730053	23.82081966084582	23.73304802771977	26.173156795704354	0.0
17.0	26.202414006746366	23.74136625438858	23.828564216709882	26.227655522155167	0.0
18.0	26.172296289497233	23.67940980747608	23.825695862686157	26.322598040340534	0.0
19.0	26.267238807682595	23.676254618049978	23.76890245301636	26.287604121251064	0.0
20.0	26.239415773652446	23.670804745404897	23.712109043346565	26.37767043759609	0.0
21.0	26.364476009086946	23.66162601252897	23.75398701209298	26.219910966291103	0.0
22.0	26.16225705041419	23.864131806604096	23.7390715711696	26.23453957181211	0.0
23.0	26.180040845361297	23.833440418550218	23.68916221115675	26.297356524931732	0.0
24.0	26.221058307900595	23.792709791413294	23.77865485669703	26.207577043989076	0.0
25.0	26.24945501273549	23.801314853484477	23.754560682897726	26.19466945088231	0.0
26.0	26.223352991119576	23.749110810252645	23.861837123385115	26.165699075242664	0.0
27.0	26.303878290351175	23.720359231627526	23.783176004566407	26.19258647345489	0.0
28.0	26.16017416595675	23.74760851669234	23.670163180192354	26.422054137158558	0.0
29.0	26.340593116543758	23.763958087731226	23.636316699796062	26.259132095928955	0.0
30.0	26.340306281964125	23.64606907550347	23.727816930697898	26.285807711834508	0.0
31.0	26.13550639210861	23.825340687771952	23.784610177464554	26.254542742654884	0.0
32.0	26.196888992149336	23.915119911196015	23.715196209194193	26.172794887460455	0.0
33.0	26.288676057630806	23.847713784983064	23.66500015775902	26.198609999627116	0.0
34.0	26.222704104316	23.723514412003453	23.8471401158238	26.206641367856744	0.0
35.0	26.238117911620783	23.78654979147186	23.798023141747507	26.17730915515985	0.0
36.0	26.14059443427778	23.81064382705072	23.746966733020873	26.301795005650625	0.0
37.0	26.156657124663685	23.895546619090506	23.746393065507093	26.20140319073871	0.0
38.0	26.252746433222235	23.786836625228748	23.73119087639186	26.229226065157157	0.0
39.0	26.195379681843995	23.705662672028545	23.75299024191559	26.34596740421187	0.0
40.0	26.22291572250555	23.837032532684706	23.768479264787715	26.171572480022025	0.0
41.0	26.267948622337467	23.815233167160976	23.737214385286578	26.179603825214983	0.0
42.0	26.202550525766277	23.734632881474553	23.83273002633134	26.23008656642783	0.0
43.0	26.170711978751353	23.679560800151446	23.835024696386466	26.314702524710725	0.0
44.0	26.27196429493394	23.66521911230689	23.77794477876512	26.284871813994044	0.0
45.0	26.249591261896434	23.65460626330192	23.730330375121188	26.365472099680463	0.0
46.0	26.365472099680463	23.669808452417147	23.7527034081587	26.212016039743684	0.0
47.0	26.177595988916742	23.86686324340139	23.734346047717665	26.221194719964203	0.0
48.0	26.188208837921717	23.828714353734863	23.686157976559947	26.296918831783472	0.0
49.0	26.228365563886484	23.791712799095897	23.77966578130647	26.200255855711145	0.0
50.0	26.25446743576358	23.802899315614656	23.75557174572761	26.187061502894153	0.0
51.0	26.21603171234016	23.751556073131137	23.861126568263565	26.171285646265137	0.0
52.0	26.301432730506118	23.70932350452479	23.790497224891364	26.19874654007773	0.0
53.0	26.16776858318872	23.746898618899422	23.667159063203638	26.418173734708216	0.0
54.0	26.337000014341648	23.76869792189539	23.64593342607598	26.24836863768698	0.0
55.0	26.34187617422232	23.658554075178913	23.730549141652443	26.26902060894632	0.0
56.0	26.137651125102185	23.829219671002626	23.777876575788433	26.255252628106756	0.0
57.0	26.196165043670316	23.917564214723132	23.70243951410501	26.183831227501543	0.0
58.0	26.301432730506118	23.840119322500612	23.67461671949173	26.183831227501543	0.0
59.0	26.231732327505846	23.721370487759405	23.840692988368925	26.206204196365828	0.0
60.0	26.242269874597003	23.79473146777728	23.792149978774425	26.170848678851293	0.0
61.0	26.14847577415987	23.808212577014423	23.758016957514428	26.285294691311282	0.0
62.0	26.168840854071295	23.88479675076584	23.761458942851572	26.184903452311293	0.0
63.0	26.247719684714145	23.787847497102995	23.734496724377287	26.229936093805573	0.0
64.0	26.20125288266272	23.696061221445863	23.762606271297283	26.340079624594132	0.0
65.0	26.230509758028433	23.83947727716013	23.766908752968714	26.163104211842725	0.0
66.0	26.260340297616995	23.818538533025848	23.735357220711574	26.18576394864558	0.0
67.0	26.207563189114147	23.737365045491572	23.83058548170585	26.22448628368843	0.0
68.0	26.176298488968435	23.668525338748726	23.832019642262992	26.323156530019848	0.0
69.0	26.27410823896557	23.661067703851582	23.793584139331568	26.271239917851286	0.0
70.0	26.239401553482715	23.666517513968724	23.731628403263002	26.36245252928556	0.0
71.0	26.367041843068417	23.662788696520153	23.752280315285855	26.21788914512557	0.0
72.0	26.16711986140272	23.862137013962986	23.75141981895157	26.219323305682718	0.0
73.0	26.19293475143129	23.835174795488705	23.690898243440152	26.28099220963985	0.0
74.0	26.21674181667986	23.79473146777728	23.79301047510871	26.195516240434145	0.0
75.0	26.25603781594557	23.80477059167728	23.755722300623	26.183469291754154	0.0
76.0	26.216454984568433	23.74396218405443	23.866726327745845	26.17285650363129	0.0
77.0	26.315910244753137	23.705745517544035	23.78146897776197	26.196875259940853	0.0
78.0	26.16704480591561	23.744180910230412	23.670178437744703	26.418595846109277	0.0
79.0	26.35004316810895	23.776306014565293	23.644937284338724	26.22871353298703	0.0
80.0	26.3466011926445	23.65583687330949	23.729265683217786	26.26829625082823	0.0
81.0	26.128896244517936	23.833959103594857	23.788926591268282	26.24821806061892	0.0
82.0	26.193433284476402	23.915992852164287	23.71205580589553	26.17851805746378	0.0
83.0	26.30873946253553	23.838835235502827	23.671899425476926	26.18052587648471	0.0
84.0	26.227566207832215	23.7166451065148	23.84026939194635	26.215519293706635	0.0
85.0	26.249003264130703	23.78771103551535	23.79545545809694	26.16783024225701	0.0
86.0	26.151194075229895	23.802052558814587	23.766485581032477	26.280267784923044	0.0
87.0	26.159512158743453	23.88437290255222	23.764190937304598	26.19192400139973	0.0
88.0	26.246134959470858	23.797750101824818	23.729197620454453	26.226917318249875	0.0
89.0	26.19593962792352	23.70309604804984	23.763043615440658	26.337920708585983	0.0
90.0	26.223188522192075	23.84192199358647	23.769640716158307	26.165248768063147	0.0
91.0	26.251584738324567	23.819549217239658	23.745260126549603	26.183605917886176	0.0
92.0	26.218599234736317	23.726042485328623	23.836759045198743	26.218599234736317	0.0
93.0	26.165822428995117	23.673265679587423	23.837906367062683	26.323005524354777	0.0
94.0	26.276252158399256	23.657776834424247	23.79545545809694	26.27051554907956	0.0
95.0	26.246421789936843	23.663800274209926	23.7246083329987	26.36516960285454	0.0
96.0	26.372340364504154	23.646877276716825	23.762183124042703	26.218599234736317	0.0
97.0	26.17012488598489	23.854255703623817	23.756733345188994	26.2188860652023	0.0
98.0	26.187047883477995	23.838193197528668	23.687894033352645	26.286864885640693	0.0
99.0	26.21716508240639	23.79086617064118	23.799471084620723	26.192497662331704	0.0
100.0	26.257321347644265	23.799471084620723	23.76074897171278	26.182458596022233	0.0
101.0	26.224335844056014	23.742965482821724	23.876915310436615	26.155783362685654	0.0
102.0	26.31834074787961	23.70618318661997	23.787642805308643	26.187833260191773	0.0
103.0	26.165747377659986	23.731424195227728	23.682949985515105	26.419878441597184	0.0
104.0	26.34645005292007	23.761828137414344	23.65168555439868	26.240036255266908	0.0
105.0	26.348457860422958	23.639638709381337	23.742036892028718	26.269866538166987	0.0
106.0	26.12845952403489	23.8329618889453	23.79309256853077	26.24548601848904	0.0
107.0	26.18668594161869	23.9198712708561	23.712206609128643	26.181236178396567	0.0
108.0	26.30485975464592	23.829806762869328	23.677500222292974	26.187833260191773	0.0
109.0	26.228563069536108	23.719951009496928	23.839272141097236	26.21221377986972	0.0
110.0	26.25086048646168	23.768643873336394	23.793311151904543	26.187184488297383	0.0
111.0	26.153912345112435	23.79531895364846	23.767783386874715	26.28298531436439	0.0
112.0	26.17255621844883	23.88165442863699	23.761186324001834	26.184603028912345	0.0
113.0	26.24684488297384	23.78298531436439	23.742255621844883	26.227914180816885	0.0
114.0	26.189479118861865	23.70267324460762	23.769217530977514	26.33863010555301	0.0
115.0	26.22848783845801	23.84666131252868	23.764628269848554	26.160222579164756	0.0
116.0	26.2629072969252	23.808226250573657	23.743402937127122	26.185463515374025	0.0
117.0	26.219022487379533	23.72389857732905	23.834901330885728	26.22217760440569	0.0
118.0	26.181447911886185	23.664811840293712	23.832893529141806	26.320846718678293	0.0
119.0	26.287861404313905	23.653051858650755	23.789295548416707	26.26979118861863	0.0
120.0	26.249426342358877	23.664238182652593	23.72160394676457	26.364731528223956	0.0
121.0	26.37419687930243	23.64301284993116	23.765488756310233	26.21730151445617	0.0
122.0	26.17399036255163	23.858708122992198	23.756597062872878	26.210704451583293	0.0
123.0	26.192921064708578	23.82600963744837	23.69722349701698	26.283845800826068	0.0
124.0	26.21242542450665	23.780403854979347	23.80478430472694	26.20238641578706	0.0
125.0	26.250286828820563	23.797039926571824	23.762620468104632	26.19005277650298	0.0
126.0	26.221030289123455	23.75229463056448	23.877351996328592	26.14932308398348	0.0
127.0	26.31145683644113	23.70130708268438	23.79710818353655	26.190127897337934	0.0
128.0	26.175499585531163	23.73027687665465	23.677213392649705	26.417010145164483	0.0
129.0	26.34480463976962	23.75587285379104	23.652900716502504	26.246421789936843	0.0
130.0	26.35283589281719	23.644008972056977	23.744686465617633	26.2584686695082	0.0
131.0	26.146031126842168	23.811517964192085	23.799471084620723	26.242979824345024	0.0
132.0	26.19135034046776	23.926823811517963	23.701661895719916	26.180163952294354	0.0
133.0	26.304648374531748	23.83704587566473	23.66752907026773	26.190776679535794	0.0
134.0	26.232155508451484	23.708326999142372	23.840556223235055	26.218961269171086	0.0
135.0	26.253244797567653	23.769558420697866	23.798241714113612	26.178955067620862	0.0
136.0	26.149411275402638	23.792218222496306	23.773000415907756	26.2853700861933	0.0
137.0	26.164613420912993	23.875112940467822	23.771566251236965	26.18870738738222	0.0
138.0	26.247508138884506	23.772713582973598	23.75521677398999	26.224561504151904	0.0
139.0	26.199607038880202	23.69698968835602	23.77931074045922	26.32409253230456	0.0
140.0	26.231445494571688	23.838685157829822	23.770418919500337	26.159450428098154	0.0
141.0	26.259841955053282	23.82434351112195	23.738867296743013	26.17694723708176	0.0
142.0	26.21739068079797	23.72538614883761	23.839545656632293	26.21767751373213	0.0
143.0	26.182110229896598	23.660561905718012	23.842127153039712	26.315200711345675	0.0
144.0	26.291967243678922	23.651096418890816	23.789923559023045	26.267012778407217	0.0
145.0	26.261276119724066	23.66228290332296	23.71477333027378	26.361667646679194	0.0
146.0	26.377730290992012	23.640483600326988	23.766976924290447	26.214809184390553	0.0
147.0	26.177595988916742	23.852234721799938	23.76302942340678	26.207139865876535	0.0
148.0	26.195092848087103	23.822690844840146	23.691320984183985	26.29089532288876	0.0
149.0	26.21976055117975	23.770773934842843	23.815233167160976	26.19423234681643	0.0
150.0	26.24385458675861	23.78597612395808	23.775936942466885	26.19423234681643	0.0
151.0	26.224063057533115	23.746106231750204	23.874607754837452	26.155222955879232	0.0
152.0	26.31994102681043	23.6997071418942	23.787478523260848	26.192873308034525	0.0
153.0	26.169926541664157	23.734987795188637	23.67819454842198	26.416891114725228	0.0
154.0	26.353863099199152	23.75513435370247	23.65560246907914	26.23540007801923	0.0
155.0	26.361607655063217	23.6487184194222	23.74968448105739	26.23998944445719	0.0
156.0	26.139310218224377	23.81938548383396	23.803035865898714	26.238268432042954	0.0
157.0	26.191514261456206	23.918917368457286	23.710961701737073	26.178606668349435	0.0
158.0	26.30940361183139	23.823114344064802	23.67940980747608	26.188072236627736	0.0
159.0	26.231746459723894	23.714184911840885	23.835516635066874	26.218551993368344	0.0
160.0	26.249107217127666	23.770828014881147	23.80266701852112	26.177397749470067	0.0
161.0	26.15703226065531	23.792054017307798	23.770541177010518	26.280372545026374	0.0
162.0	26.166784748256745	23.87523699979061	23.77771212377628	26.18026612817637	0.0
163.0	26.24480464906821	23.767099122562954	23.75734663496152	26.23074959340732	0.0
164.0	26.184855534106454	23.698831709352923	23.79377504453158	26.32253771200904	0.0
165.0	26.23161010701921	23.843111158280006	23.77685161016439	26.1484271245364	0.0
166.0	26.259146542599726	23.82360618307714	23.74874149884261	26.168505775480526	0.0
167.0	26.228741728312905	23.71116573779003	23.841390131056222	26.218702402840844	0.0
168.0	26.177397749470067	23.66096911042971	23.840529617444332	26.321103522655886	0.0
169.0	26.28610930243898	23.651790298569537	23.79463555814347	26.26746484084801	0.0
170.0	26.267751678718636	23.65121662282828	23.723499766227135	26.357531932225946	0.0
171.0	26.368431771309904	23.6363010535555	23.773983231458082	26.221283943676514	0.0
172.0	26.186651674564292	23.844040065628693	23.757701618917583	26.21160664088943	0.0
173.0	26.203861996167838	23.821092970157302	23.699760202852325	26.27528483082254	0.0
174.0	26.222793349931734	23.771183037507026	23.81592987367624	26.190093738885	0.0
175.0	26.240864187615454	23.7797881983088	23.776632972681483	26.202714641394266	0.0
176.0	26.23426689766743	23.74135181339422	23.87100290280758	26.153378386130775	0.0
177.0	26.32871234872801	23.69695978796823	23.790756309752258	26.183571553551506	0.0
178.0	26.172671651937456	23.735109443617393	23.676881021837094	26.415337882608057	0.0
179.0	26.353456139243775	23.74378273565368	23.672072650921045	26.230688474181502	0.0
180.0	26.362635030089553	23.6387991716051	23.757264231583417	26.24130156672193	0.0
181.0	26.137465364029072	23.81778754309776	23.799716601745136	26.24503049112803	0.0
182.0	26.185080860291542	23.91330537596163	23.730301239723943	26.171312524022877	0.0
183.0	26.302972239592	23.82180330784279	23.68039102075003	26.194833431815184	0.0
184.0	26.234205808533524	23.709429903191108	23.843384725708137	26.212979562567227	0.0
185.0	26.271932718151124	23.75546076994346	23.80278983314354	26.16981667876187	0.0
186.0	26.15891665208549	23.796192448576257	23.764926582583477	26.27996431675477	0.0
187.0	26.16063770892913	23.874213692154562	23.77410555241622	26.19104304650009	0.0
188.0	26.242387909001984	23.770663438728942	23.755747612750735	26.231201039518332	0.0
189.0	26.208827300551025	23.686905339005172	23.78041609417623	26.323851266267575	0.0
190.0	26.222595755300137	23.844955725812696	23.770663438728942	26.16178508015822	0.0
191.0	26.262753748318385	23.82631094333994	23.75316602748528	26.157769280856396	0.0
192.0	26.222595755300137	23.704115907441565	23.849258367921795	26.224029969336506	0.0
193.0	26.17182457841278	23.659942115121492	23.840079398089053	26.328153908376674	0.0
194.0	26.284553801671144	23.6587947438924	23.793324020503523	26.263327433932933	0.0
195.0	26.265909019198393	23.653631573361483	23.728497546059785	26.351961861380346	0.0
196.0	26.361714516827632	23.639863118612368	23.778695037332593	26.219727327227403	0.0
197.0	26.182799708566872	23.843016218138843	23.768723717952394	26.205460355341888	0.0
198.0	26.199723482740616	23.822076633144206	23.707912868378934	26.270287015736244	0.0
199.0	26.228981533007094	23.76815003069227	23.815192386022684	26.187676050277954	0.0
200.0	26.244184245400465	23.770157936102713	23.77474743418373	26.210910384313095	0.0
201.0	26.22926837663716	23.749792038368202	23.869405832104686	26.15153375288995	0.0
202.0	26.326297038904713	23.682164872454614	23.796902653598035	26.194635435042642	0.0
203.0	26.176277390059692	23.733223185063434	23.67126478324599	26.419234641630883	0.0
204.0	26.362515059376975	23.731570191038955	23.6658826229132	26.240032126670876	0.0
205.0	26.363662440479608	23.63088749928289	23.759967873329128	26.24548218690838	0.0
206.0	26.129596695542425	23.814181630428546	23.81733692846079	26.238884745568242	0.0
207.0	26.1909815845333	23.91916700131949	23.72181745166657	26.168033962480635	0.0
208.0	26.315472434169006	23.817910619012107	23.679364350869143	26.187252595949744	0.0
209.0	26.237525780293097	23.710985345032828	23.834042321273365	26.217446553400702	0.0
210.0	26.272671728573187	23.754435383242928	23.80692852041065	26.16596436777323	0.0
211.0	26.169693388446348	23.788857112533236	23.763901358797764	26.27754814022265	0.0
212.0	26.17629088656032	23.870035024109555	23.787136026068723	26.166538063261402	0.0
213.0	26.239684238003306	23.76562244526228	23.758164403916044	26.236528912818365	0.0
214.0	26.208704681642033	23.695631595705315	23.77680950728163	26.318854215371022	0.0
215.0	26.22849717598396	23.843931879397733	23.767343531726794	26.160227412891512	0.0
216.0	26.28443248608071	23.810944388827853	23.754148535498842	26.150474589592594	0.0
217.0	26.22505500305493	23.700508007354777	23.852250463976226	26.22218652561407	0.0
218.0	26.1645301290528	23.67727334008382	23.83303166512247	26.325164865740913	0.0
219.0	26.29676693907641	23.64887541341931	23.79201243771818	26.262345209786098	0.0
220.0	26.271811185340933	23.643138458537592	23.741814082503147	26.343236273618327	0.0
221.0	26.369339418330146	23.636827808167702	23.780825375698832	26.213007397803317	0.0
222.0	26.186979369851066	23.83568166693439	23.765116919475872	26.21222204373867	0.0
223.0	26.216524772242238	23.813881175849648	23.701436537623056	26.268157514285058	0.0
224.0	26.2391858090277	23.756798311035638	23.809578447346077	26.19443743259059	0.0
225.0	26.249225508869355	23.773148679349198	23.782614682057048	26.195011129724392	0.0
226.0	26.23803841476008	23.746471762627074	23.872971980631984	26.14251784198086	0.0
227.0	26.332200278243906	23.685440959224362	23.791001534644234	26.191357227887497	0.0
228.0	26.179309553518927	23.729328915852733	23.67597492936334	26.415386601265006	0.0
229.0	26.358379181558973	23.732839186033836	23.678337645648195	26.230443986758996	0.0
230.0	26.36641098751054	23.622688704412333	23.761811057501994	26.249089250575135	0.0
231.0	26.141807271079188	23.800535836197053	23.81430464639974	26.243352246324015	0.0
232.0	26.19688251188994	23.916710172282237	23.725094230294825	26.161313085532996	0.0
233.0	26.321088653926694	23.8145914966123	23.671166390334296	26.193153459126712	0.0
234.0	26.2396984621916	23.706516968672997	23.843058061518075	26.210726507617327	0.0
235.0	26.271402795666233	23.757139046100097	23.80475659115748	26.166701567076196	0.0
236.0	26.163833040265512	23.781808376671993	23.770907974791385	26.28345060827111	0.0
237.0	26.17301232605971	23.86270083273333	23.79242192587153	26.17186491533543	0.0
238.0	26.235546210532657	23.758573309505437	23.769473711386045	26.236406768575865	0.0
239.0	26.207434647787935	23.684278465108672	23.772629090877796	26.335657796225593	0.0
240.0	26.237761515578338	23.83180385148296	23.77328288290356	26.15715175003514	0.0
241.0	26.294363526303254	23.80016582082744	23.75770650861092	26.147764144258385	0.0
242.0	26.233750584562948	23.691798330803813	23.854758701022234	26.219692383611005	0.0
243.0	26.163813261948004	23.661883734875808	23.83891246402759	26.335390539148595	0.0
244.0	26.293906151811054	23.637657496865128	23.7885904981076	26.279845853216223	0.0
245.0	26.278740085172814	23.628568476875923	23.739339049783624	26.35335238816764	0.0
246.0	26.386963646643192	23.62925143711561	23.773321738830962	26.210463177410237	0.0
247.0	26.19687263208652	23.816043259626646	23.752611880324217	26.23447222796262	0.0
248.0	26.228110466785324	23.791123614859046	23.69179537233737	26.28897054601826	0.0
249.0	26.22150772234024	23.760693575242577	23.82385026123902	26.19394844117816	0.0
