# Position (bp)	A	C	G	T	N
0.0	26.32066728452271	23.72765585985438	23.68032468618298	26.271352169439933	0.0
1.0	26.257181159358677	23.7764041345339	23.64999872460909	26.31641598149833	0.0
2.0	26.154099038971125	23.928797141002857	23.631787921814023	26.28531589821199	0.0
3.0	26.16220413530425	23.703183096037	23.748526344427315	26.38608642423143	0.0
4.0	26.131755464306668	23.746532117059292	23.80320844704022	26.31850397159382	0.0
5.0	26.28166619438935	23.590252196089544	23.8237461037121	26.30433550580901	0.0
6.0	26.34452781429932	23.829169878043253	23.6549054721857	26.171396835471732	0.0
7.0	26.214769626580004	23.726719689907544	23.646816480461965	26.41169420305049	0.0
8.0	26.289782885249057	23.687975815065716	23.831056787563003	26.191184512122216	0.0
9.0	26.2600822159202	23.71966127720817	23.86329832593428	26.15695818093735	0.0
10.0	26.251303145680353	23.844166440032634	23.653227268606656	26.251303145680353	0.0
11.0	26.27934910706192	23.704786510742455	23.73198259450639	26.28388178768924	0.0
12.0	26.241954491886503	23.699970537575922	23.797423171063368	26.26065179947421	0.0
13.0	26.24365424712175	23.804788777082766	23.772776720152297	26.178780255643186	0.0
14.0	26.214758408122563	23.77362659776992	23.850398875895205	26.16121611821231	0.0
15.0	26.281332154836367	23.756062460339045	23.7212174780165	26.241387906808082	0.0
16.0	26.231189375396607	23.739064907986585	23.72008430785967	26.30966140875714	0.0
17.0	26.29315595493395	23.67639018337474	23.747213117540575	26.28324074415073	0.0
18.0	26.251228777907777	23.681772726371346	23.776958749890227	26.29003974583065	0.0
19.0	26.499109047488194	23.666474972591526	23.54465952582629	26.289756454093993	0.0
20.0	26.212910134449878	23.63411276112342	23.77150886417333	26.381468240253376	0.0
21.0	26.259086556712013	23.72674889658181	23.79813821198094	26.216026334725235	0.0
22.0	26.22622480835368	23.776324810053428	23.802387575992793	26.195062805600095	0.0
23.0	26.30243006963291	23.739780279551496	23.690770947948124	26.267018702867475	0.0
24.0	26.309512342986004	23.805787067202274	23.703802330917807	26.18089825889392	0.0
25.0	26.320560689416816	23.71116789520502	23.679439310583184	26.288832104794984	0.0
26.0	26.261636175119126	23.771792155107452	23.663008436404017	26.303563233369402	0.0
27.0	26.165033966583	23.923919386731786	23.63581250672816	26.275234139957053	0.0
28.0	26.16276763911001	23.708051694929658	23.754228117191794	26.374952548768533	0.0
29.0	26.12565652673983	23.749128880377572	23.808053394675262	26.317161198207334	0.0
30.0	26.26333592072386	23.588786211663653	23.83269970594401	26.315178161668467	0.0
31.0	26.35852167458937	23.833266287812258	23.646010980356607	26.16220105724177	0.0
32.0	26.216592916593484	23.726465605647686	23.648843889697844	26.408097588060986	0.0
33.0	26.30327994243528	23.702952458115437	23.80465390346578	26.1891136959835	0.0
34.0	26.26333592072386	23.698136512235337	23.854229816937398	26.184297750103404	0.0
35.0	26.25738681110727	23.835532615285246	23.646860853158977	26.260219720448507	0.0
36.0	26.27155135781345	23.715983841085116	23.715133968282746	26.297330832818687	0.0
37.0	26.25568706550253	23.692470693552863	23.79813821198094	26.253704028963664	0.0
38.0	26.231890627036154	23.80380403066341	23.781424046867652	26.182881295432786	0.0
39.0	26.201578497084938	23.77462506444869	23.849130580123177	26.1746658583432	0.0
40.0	26.27891692210066	23.749695462245818	23.720516496031095	26.25087111962243	0.0
41.0	26.24350555533522	23.730431678725417	23.72334940537233	26.302713360567036	0.0
42.0	26.2867746002068	23.672289975778693	23.75926004617629	26.281675377838216	0.0
43.0	26.24654740152127	23.676822617884106	23.778807065255883	26.29782291533874	0.0
44.0	26.511423674556294	23.6552925678834	23.560673663932917	26.272610093627392	0.0
45.0	26.21361148568256	23.62378043943841	23.784122199684983	26.378485875194052	0.0
46.0	26.267719747532546	23.72179854729232	23.79715350882163	26.2133281963535	0.0
47.0	26.218144114947478	23.77307391585174	23.795737062176343	26.21304490702444	0.0
48.0	26.306530385613435	23.74757787623656	23.69771895432243	26.248172783827577	0.0
49.0	26.301147888361342	23.81556731521037	23.714433024736824	26.168851771691465	0.0
50.0	26.334292739861077	23.71386644607871	23.670239889403845	26.281600924656367	0.0
51.0	26.242790286575485	23.76740812927059	23.67222291470725	26.31757866944668	0.0
52.0	26.18188308082811	23.91641831635486	23.63397885528448	26.267719747532546	0.0
53.0	26.17621729424696	23.700551847613006	23.748711033552787	26.374519824587246	0.0
54.0	26.13145758025587	23.73256354179651	23.800836270099378	26.33514260784825	0.0
55.0	26.269986062165014	23.58666953733187	23.837097304218744	26.30624709628438	0.0
56.0	26.34959036363018	23.837380593547802	23.644743849788664	26.16828519303335	0.0
57.0	26.213894775011614	23.732846831125563	23.63369556595542	26.4195628279074	0.0
58.0	26.30624709628438	23.699701979625832	23.80650205668053	26.187548867409262	0.0
59.0	26.275368559417107	23.701685004929235	23.844179537445186	26.178766898208476	0.0
60.0	26.264886854241976	23.834830989586283	23.65125950435699	26.24902265181475	0.0
61.0	26.274518691429932	23.710466974130018	23.723214993937606	26.291799340502443	0.0
62.0	26.24024068261397	23.698852111638658	23.813584289906967	26.247322915840403	0.0
63.0	26.233441738716586	23.805935478022413	23.77307391585174	26.187548867409262	0.0
64.0	26.1946311006357	23.768541286586817	23.8560776892656	26.180749923511883	0.0
65.0	26.293215787147727	23.758059581411686	23.695169350360914	26.25355528107967	0.0
66.0	26.261770671622344	23.70848394882662	23.722931704608552	26.306813674942493	0.0
67.0	26.287475530953518	23.6752720278076	23.75034348733842	26.286908953900458	0.0
68.0	26.25036473397791	23.678388201599446	23.767340798930302	26.303906265492344	0.0
69.0	26.507024139015346	23.657708139162654	23.55855715487667	26.276710566945326	0.0
70.0	26.21459611669188	23.62364659289854	23.791636213236337	26.37012107717324	0.0
71.0	26.2820185950062	23.722514008577953	23.788520048272225	26.206947348143615	0.0
72.0	26.2296103660644	23.761324426767292	23.78880333599624	26.220261871172074	0.0
73.0	26.3168629850594	23.731012640298246	23.7035337310693	26.24859064357305	0.0
74.0	26.2876843494864	23.814015943433105	23.719681131337854	26.17861857574264	0.0
75.0	26.33527668712004	23.70325044334529	23.66528988832798	26.296182981206695	0.0
76.0	26.250290369917114	23.75225921959898	23.68512002900866	26.312330381475252	0.0
77.0	26.190516660151047	23.89871897291203	23.64942577578343	26.261338591153493	0.0
78.0	26.193916112839165	23.695035099349006	23.740361135190568	26.37068765262126	0.0
79.0	26.156522133269878	23.737811545674482	23.80891676440093	26.296749556654714	0.0
80.0	26.280318868662146	23.58880220284534	23.83271293321775	26.298165995274758	0.0
81.0	26.328761069467816	23.83752882452592	23.65339180391957	26.180318302086697	0.0
82.0	26.213746253519847	23.747726616014823	23.621663578830475	26.416863551634854	0.0
83.0	26.300998872514857	23.69815126431311	23.803534297644745	26.197315565527283	0.0
84.0	26.28145201955818	23.68823619397277	23.83186307004572	26.19844871642332	0.0
85.0	26.27748599142205	23.8165655329492	23.667556190120056	26.2383922855087	0.0
86.0	26.278902430042095	23.72421373492201	23.687103043076732	26.30978079195916	0.0
87.0	26.251990096261167	23.678887699080448	23.82478087694548	26.244341327712906	0.0
88.0	26.242358313644836	23.81118306619301	23.771239497107633	26.17521912305452	0.0
89.0	26.21346296579584	23.7760553884158	23.828463617357606	26.182018028430754	0.0
90.0	26.304115037478965	23.76075785131927	23.689086057144802	26.246041054056963	0.0
91.0	26.247174204953	23.712598938237612	23.735545243882402	26.304681612926984	0.0
92.0	26.277128263819442	23.70063371284338	23.747376054889674	26.274861968447503	0.0
93.0	26.260131048529882	23.674004742223065	23.760690540199832	26.30517366904722	0.0
94.0	26.5037578010136	23.67768747220247	23.55587409596061	26.262680630823315	0.0
95.0	26.196883852691215	23.62237960339943	23.792067988668556	26.38866855524079	0.0
96.0	26.262322946175637	23.71303116147309	23.790934844192634	26.233711048158643	0.0
97.0	26.23201133144476	23.743909348441928	23.79830028328612	26.225779036827195	0.0
98.0	26.29745042492918	23.733994334277618	23.708781869688387	26.259773371104817	0.0
99.0	26.28640226628895	23.828045325779037	23.69830028328612	26.187252124645894	0.0
100.0	26.314164305949006	23.727762039660057	23.684419263456093	26.27365439093484	0.0
101.0	26.25212464589235	23.738810198300282	23.669688385269122	26.33937677053824	0.0
102.0	26.19036827195467	23.873654390934846	23.66742209631728	26.2685552407932	0.0
103.0	26.189518413597735	23.701699716713883	23.723796033994336	26.384985835694053	0.0
104.0	26.169688385269126	23.755807365439093	23.787252124645892	26.287252124645892	0.0
105.0	26.28866855524079	23.60084985835694	23.81954674220963	26.290934844192638	0.0
106.0	26.309915014164304	23.83512747875354	23.653824362606233	26.201133144475918	0.0
107.0	26.2271954674221	23.74759206798867	23.627478753541077	26.39773371104816	0.0
108.0	26.301983002832863	23.704815864022663	23.815014164305946	26.178186968838528	0.0
109.0	26.307365439093484	23.696883852691215	23.810764872521244	26.184985835694054	0.0
110.0	26.293484419263457	23.815014164305946	23.659490084985833	26.23201133144476	0.0
111.0	26.296600566572238	23.713597733711048	23.684419263456093	26.305382436260622	0.0
112.0	26.259773371104817	23.70084985835694	23.8042492917847	26.23512747875354	0.0
113.0	26.25637393767705	23.81756373937677	23.76685552407932	26.159206798866858	0.0
114.0	26.196317280453258	23.787818696883853	23.829745042492917	26.18611898016997	0.0
115.0	26.277903682719543	23.76628895184136	23.705665722379603	26.25014164305949	0.0
116.0	26.216430594900853	23.726345609065156	23.74985835694051	26.307365439093484	0.0
117.0	26.292142470658558	23.708565746645174	23.742276890302804	26.257014892393464	0.0
118.0	26.263813778509288	23.670888586086647	23.752758506398035	26.31253912900603	0.0
119.0	26.487610446488517	23.69015209674815	23.573721172014654	26.24851628474868	0.0
120.0	26.18796707063496	23.624779743794583	23.792769364132376	26.39448382143808	0.0
121.0	26.267570921081706	23.71118249961756	23.79758525544054	26.223661323860192	0.0
122.0	26.23300981875251	23.729029626230176	23.820248273361322	26.217712281655984	0.0
123.0	26.295333118034662	23.72449702264602	23.712598938237612	26.267570921081706	0.0
124.0	26.284851472246302	23.821381424257364	23.712598938237612	26.18116816525873	0.0
125.0	26.30864764106312	23.708632910101475	23.682287151768566	26.300432297066838	0.0
126.0	26.26105530342948	23.761324426767292	23.670672355084164	26.306947914719064	0.0
127.0	26.212896390347822	23.863874582858827	23.64489317219928	26.278335854594076	0.0
128.0	26.19901529187134	23.67860441135644	23.730729352574237	26.391650944197988	0.0
129.0	26.16813692995428	23.744043875602692	23.793052651856385	26.294766542586643	0.0
130.0	26.280318868662146	23.59390138187752	23.82449758922147	26.30128216023887	0.0
131.0	26.30071558479085	23.82393101377345	23.6542416670916	26.221111734344106	0.0
132.0	26.219128720276036	23.776338676139808	23.621946866554485	26.38258573702967	0.0
133.0	26.292858012957616	23.725414097003657	23.80955078938348	26.172177100655247	0.0
134.0	26.30503941959847	23.686320280342326	23.821448907497796	26.18719139256141	0.0
135.0	26.293215787147727	23.84219651214178	23.655225554963796	26.209362145746695	0.0
136.0	26.292649208489614	23.72973064850593	23.67930514793369	26.298314995070765	0.0
137.0	26.26063751430611	23.667123706784214	23.83171480696665	26.240523971943023	0.0
138.0	26.251929914021442	23.79892066459865	23.783906287624472	26.165243133755432	0.0
139.0	26.209719684414797	23.785039448150826	23.817051233020297	26.188189634414083	0.0
140.0	26.28734118046998	23.75642714486041	23.711384013937874	26.24484766073174	0.0
141.0	26.224525062748942	23.718816750426353	23.73638078834201	26.320277398482695	0.0
142.0	26.29145620451397	23.71463456782429	23.7222834447142	26.271625782947538	0.0
143.0	26.248112568804483	23.671857515588126	23.759394662217098	26.320635253390297	0.0
144.0	26.484377877181704	23.675540308164752	23.576954783805913	26.263127030847638	0.0
145.0	26.188412201976245	23.631980328166076	23.790624150122383	26.388983319735292	0.0
146.0	26.253286193454812	23.708752606291362	23.815837186111864	26.22212401414196	0.0
147.0	26.226164406457954	23.737715692468083	23.820437348261002	26.215682552812964	0.0
148.0	26.294512592424713	23.73863282245956	23.698688348111844	26.268166237003882	0.0
149.0	26.255134706365617	23.81427235899034	23.735233292727838	26.1953596419162	0.0
150.0	26.32737471316468	23.713136349471657	23.686789994050823	26.272698943312843	0.0
151.0	26.240686705005807	23.75761353012833	23.66809258052636	26.333607184339495	0.0
152.0	26.2010255248024	23.844301538287205	23.662993285928778	26.291679650981614	0.0
153.0	26.19054364146293	23.68509022918496	23.73891611660387	26.385450012748237	0.0
154.0	26.154565285135554	23.759313294994193	23.79104223915692	26.295079180713333	0.0
155.0	26.27836482619904	23.59046998498541	23.800957534207768	26.33020765460778	0.0
156.0	26.289413297827135	23.82957024278308	23.668659168814983	26.212357290574808	0.0
157.0	26.24351964644891	23.74684835264455	23.632680812487607	26.376951188418936	0.0
158.0	26.292037428928378	23.696205830776595	23.794225882392936	26.217530857902087	0.0
159.0	26.30506899648431	23.682324378380063	23.806974155002	26.205632470133633	0.0
160.0	26.296361349394314	23.82545582286083	23.637914036737794	26.24026879100706	0.0
161.0	26.301177377134632	23.709304565594298	23.69428989087448	26.29522816639659	0.0
162.0	26.260382789216628	23.682958060897256	23.8047752331524	26.251883916733714	0.0
163.0	26.234960494295823	23.814474754027767	23.7986101471159	26.15195460456051	0.0
164.0	26.213429956344005	23.781895650548037	23.82524002300368	26.179434370104282	0.0
165.0	26.295585956423324	23.777362905716075	23.692657236668772	26.234393901191826	0.0
166.0	26.252032658519038	23.71283846951437	23.72133739015145	26.31379148181514	0.0
167.0	26.306500276215704	23.706673088091563	23.73103672960607	26.25578990608666	0.0
168.0	26.247290961372293	23.687408813405668	23.737269289063274	26.328030936158758	0.0
169.0	26.49121067467456	23.689675198662833	23.567290394775984	26.251823731886624	0.0
170.0	26.199487795480813	23.633365818280716	23.77388210230492	26.393264283933547	0.0
171.0	26.2317838768896	23.74158602089613	23.81241076082769	26.21421934138658	0.0
172.0	26.232991390520223	23.728054892161946	23.816727717765446	26.222225999552386	0.0
173.0	26.273294388949008	23.745120147769576	23.713390484500625	26.26819497878079	0.0
174.0	26.26706177652118	23.804046665269052	23.71140738054632	26.21748417766345	0.0
175.0	26.325138392325954	23.72670561105099	23.6649460879025	26.283209908720558	0.0
176.0	26.239581621725755	23.751352760197403	23.679677717277368	26.32938790079947	0.0
177.0	26.21096826467072	23.845408547744647	23.662113082253487	26.28151010533115	0.0
178.0	26.187171017219008	23.6867602313999	23.740587338731153	26.385481412649938	0.0
179.0	26.14665903643812	23.764384586182867	23.789598336459083	26.299358040919934	0.0
180.0	26.2914256251027	23.593554345547364	23.79809735340612	26.316922675943815	0.0
181.0	26.301907746004044	23.815945288994904	23.675994809933652	26.206152155067397	0.0
182.0	26.224283391221082	23.759568476579542	23.63718263254217	26.37896549965721	0.0
183.0	26.307364985650782	23.713174363492655	23.783433102631587	26.196027548224976	0.0
184.0	26.31699723214564	23.694193171870438	23.807230417501223	26.181579178482693	0.0
185.0	26.294765410973458	23.856660027933675	23.644466101382804	26.204108459710067	0.0
186.0	26.29334889610997	23.724074236710965	23.681012184860855	26.30156468231821	0.0
187.0	26.26926814343063	23.66713033919865	23.823796883100695	26.239804634270026	0.0
188.0	26.22514717631127	23.85191145057199	23.767203621755463	26.155737751361276	0.0
189.0	26.207299038466985	23.772019785935665	23.840579299559746	26.180101876037597	0.0
190.0	26.271325691686165	23.773153001036892	23.714792423323832	26.240728883953107	0.0
191.0	26.231454174068	23.72420865948773	23.731574578513616	26.31276258793066	0.0
192.0	26.284223289968722	23.722009428403066	23.717476542314493	26.276290739313723	0.0
193.0	26.23917773446353	23.67979692670323	23.734191559766103	26.34683377906713	0.0
194.0	26.492736050043064	23.68461311817234	23.572707492860705	26.24994333892389	0.0
195.0	26.21998725122176	23.616403428004816	23.77335505347404	26.390254267299383	0.0
196.0	26.239535377859625	23.72887598271832	23.82463347262554	26.206955166796515	0.0
197.0	26.24775125717119	23.722926552872018	23.825200084991856	26.204122104964938	0.0
198.0	26.291738201680577	23.715627779949795	23.726110138423792	26.26652387994583	0.0
199.0	26.254058372571347	23.8179016018177	23.731492971153685	26.19654705445727	0.0
200.0	26.316385909443756	23.72526021746644	23.66916543428128	26.289188438808527	0.0
201.0	26.233525605430458	23.754858742336502	23.693664086669763	26.317951565563273	0.0
202.0	26.209444375191232	23.850900354702357	23.66901623924844	26.27063903085797	0.0
203.0	26.207177906462835	23.706412973267003	23.73927676982877	26.34713235044139	0.0
204.0	26.17176433258162	23.760808222748548	23.780923132713077	26.286504311956755	0.0
205.0	26.279138288589465	23.605271806262255	23.806987523089653	26.30860238205863	0.0
206.0	26.301236358691344	23.825969198689982	23.666749770520042	26.20604467209864	0.0
207.0	26.217660324331675	23.753158890790203	23.64918463787496	26.37999614700316	0.0
208.0	26.290828424998086	23.7217788430211	23.81867065566293	26.168722076317884	0.0
209.0	26.31462641406801	23.71384617999779	23.804788495372144	26.16673891056206	0.0
210.0	26.292244971966532	23.827169937473617	23.659734085803084	26.220851004756764	0.0
211.0	26.276946264707302	23.724328627564304	23.691464737896315	26.30726036983208	0.0
212.0	26.264763960778648	23.678149196392905	23.802238710828934	26.254848131999513	0.0
213.0	26.248123069949287	23.818738136385527	23.785590843414457	26.147547950250726	0.0
214.0	26.22914128679491	23.771142023401424	23.837153299147236	26.16256339065643	0.0
215.0	26.282120293509365	23.770008782616088	23.71051364138595	26.2373572824886	0.0
216.0	26.232898639823894	23.719646767846466	23.73126251880477	26.316192073524867	0.0
217.0	26.27971940799166	23.713481108769066	23.73387955848689	26.272919924752387	0.0
218.0	26.25478796944766	23.692516035447973	23.735296117495068	26.317399877609304	0.0
219.0	26.484837152376418	23.68741642301852	23.570125337141043	26.257621087464017	0.0
220.0	26.187717265353417	23.61778863179844	23.800241948964068	26.394252153884075	0.0
221.0	26.25372910215403	23.742446177688	23.80817470188431	26.195650018273664	0.0
222.0	26.254295727362614	23.72913048528616	23.80817470188431	26.208399085466915	0.0
223.0	26.27760180867279	23.72041499747851	23.717298550001985	26.284684643846717	0.0
224.0	26.252386915453613	23.8286407189361	23.726647892431565	26.19232447317872	0.0
225.0	26.326898341483318	23.717015236595028	23.666868763563627	26.289217658358027	0.0
226.0	26.270235660091906	23.74647983091856	23.670268524447113	26.31301598454242	0.0
227.0	26.208190023968314	23.846206150167436	23.656952794320134	26.288651031544113	0.0
228.0	26.200257248573518	23.705682700316743	23.749596278395085	26.344463772714654	0.0
229.0	26.170226027436073	23.757529053789884	23.794926423508215	26.277318495265835	0.0
230.0	26.295450553311085	23.592357337533926	23.81759149606478	26.294600613090214	0.0
231.0	26.306783089589363	23.81135860111172	23.662052435645357	26.219805873653552	0.0
232.0	26.21895593343268	23.740813562779415	23.659502614982745	26.380727888805154	0.0
233.0	26.312807218846064	23.720198886575155	23.80774297734903	26.159250917229755	0.0
234.0	26.310540705169068	23.698950320853342	23.814259204170384	26.176249769807203	0.0
235.0	26.278809513691158	23.83154137095746	23.66608587253694	26.223563242814446	0.0
236.0	26.278809513691158	23.707166432932443	23.691867465612738	26.322156587763658	0.0
237.0	26.269743458983186	23.687617752468377	23.815392461008884	26.227246327539554	0.0
238.0	26.248002629163313	23.827642479119685	23.77692909191872	26.14742579979828	0.0
239.0	26.198705817023832	23.795911197742544	23.842091544746776	26.163291440486848	0.0
240.0	26.25966137038464	23.76640449692876	23.727022371313947	26.246911761372647	0.0
241.0	26.21764975887843	23.740416055126452	23.736165968708033	26.305768217287085	0.0
242.0	26.288259595713452	23.711740404286548	23.737242078896514	26.262757921103486	0.0
243.0	26.259517757507233	23.699251614512047	23.73325625614563	26.30797437183509	0.0
244.0	26.476272521692806	23.67250242290624	23.58295407529996	26.268270980101	0.0
245.0	26.201535448802787	23.605895805997264	23.791521307256964	26.40104743794299	0.0
246.0	26.263865822483464	23.733300079921552	23.80046819292269	26.20236590467229	0.0
247.0	26.25230280871808	23.72955814414874	23.80863305274495	26.209505994388234	0.0
248.0	26.300812316831905	23.703439166935926	23.72498001802629	26.270768498205875	0.0
249.0	26.23959095057508	23.822480712435308	23.732632688808394	26.205295648181213	0.0
