# Position (bp)	A	C	G	T	N
0.0	26.339899708702998	23.769303414426517	23.612614889400245	26.27818198747024	0.0
1.0	26.398691158670406	23.73099586331653	23.648262193905374	26.222050784107687	0.0
2.0	26.28866939248918	23.805900864832367	23.668900351412965	26.236529391265485	0.0
3.0	26.25421307589788	23.6474929039432	23.805774208393963	26.292519811764958	0.0
4.0	26.208514668170547	23.742006192872875	23.623628683003652	26.425850455952926	0.0
5.0	26.341634700815597	23.720612254669852	23.68842472640601	26.249328318108546	0.0
6.0	26.21964844331893	23.714381477304165	23.851641803749654	26.214328275627246	0.0
7.0	26.184244126659856	23.685946544092612	23.85406026557712	26.27574906367041	0.0
8.0	26.253713993876733	23.728863152126785	23.76424085566163	26.253181998334853	0.0
9.0	26.344726692379304	23.720441548078202	23.692778294986034	26.24205346455646	0.0
10.0	26.1936300717641	23.773919149683206	23.639062225697824	26.39338855285487	0.0
11.0	26.334870755464763	23.687738393526867	23.711145512482908	26.266245338525458	0.0
12.0	26.198151901562426	23.749980050750892	23.777111029540848	26.274757018145838	0.0
13.0	26.272629098240742	23.76833335993233	23.670183054309835	26.28885448751709	0.0
14.0	26.28140676784926	23.753437920596667	23.733754661474542	26.23140065007953	0.0
15.0	26.22076105055406	23.724445011889753	23.81408363789187	26.240710299664322	0.0
16.0	26.265447368561045	23.58480026811791	23.819403437654607	26.330348925666435	0.0
17.0	26.242572229581278	23.80902982811727	23.6951861131947	26.253211829106753	0.0
18.0	26.329018975725756	23.787484639078187	23.691462253360783	26.19203413183528	0.0
19.0	26.29896210706629	23.636402325816455	23.69944195300489	26.365193614112364	0.0
20.0	26.324231155939295	23.66167137468946	23.593843927714563	26.42025354165669	0.0
21.0	26.399702092005693	23.712678379061323	23.648840951709644	26.238778577223336	0.0
22.0	26.309531725871448	23.6443191339389	23.85764253700576	26.188506603183892	0.0
23.0	26.299690122488062	23.705762657764893	23.758694524610657	26.235852695136387	0.0
24.0	26.258461783990107	23.675705869053477	23.78289954914817	26.28293279780825	0.0
25.0	26.344110332353605	23.772525967203524	23.60654865608916	26.276815044353715	0.0
26.0	26.401830006250748	23.725711853812292	23.64697902674522	26.225479113191742	0.0
27.0	26.285858679895203	23.80710457368568	23.660810469338088	26.246226277081036	0.0
28.0	26.26032370895453	23.646181058903327	23.80045484166988	26.293040390472267	0.0
29.0	26.213509595563302	23.744597092737163	23.613996355946856	26.427896955752683	0.0
30.0	26.34889813940498	23.711348432658163	23.680759665385484	26.25899376255137	0.0
31.0	26.223883177507943	23.714008325464484	23.84620499793858	26.215903499088988	0.0
32.0	26.18072327612806	23.690006277330326	23.844811626892508	26.28445881964911	0.0
33.0	26.253870133739056	23.737618231920756	23.75357754630861	26.25493408803158	0.0
34.0	26.341380374299124	23.721924906106036	23.687612380172148	26.249082339422696	0.0
35.0	26.191894796199556	23.77166476928151	23.639202459862325	26.397237974656605	0.0
36.0	26.334198682824585	23.692400174488505	23.704103671706264	26.269297470980646	0.0
37.0	26.202268350551662	23.75357754630861	23.769536860696462	26.274617242443266	0.0
38.0	26.271425379565695	23.769536860696462	23.670589111491772	26.28844864824607	0.0
39.0	26.28126695677154	23.754641500601135	23.725382757556734	26.238708785070592	0.0
40.0	26.221419527817087	23.727510666141782	23.81342497526306	26.237644830778066	0.0
41.0	26.263445722371763	23.57882305376161	23.82273457532264	26.334996648543978	0.0
42.0	26.240304716509378	23.81182904382428	23.693198140207897	26.254668099458446	0.0
43.0	26.323825128472482	23.796135718009552	23.692400174488505	26.187638979029458	0.0
44.0	26.29589632829374	23.636010596984754	23.702773728840608	26.3653193458809	0.0
45.0	26.32621902563066	23.659683579993406	23.595580333868856	26.418517060507078	0.0
46.0	26.39105004029716	23.717871990679782	23.65243897573393	26.238638993289126	0.0
47.0	26.30247608104118	23.65190700000266	23.859909510928112	26.185707408028048	0.0
48.0	26.29955021451921	23.705104573129372	23.764951842896927	26.230393369454486	0.0
49.0	26.253002338033337	23.680899677356717	23.789954702266485	26.27614328234346	0.0
50.0	26.343970188080018	23.778517224044236	23.612540795888894	26.264971791986852	0.0
51.0	26.403551469981938	23.726915578111328	23.64658724268999	26.222945709216745	0.0
52.0	26.28412291831247	23.813095646576603	23.664142441821802	26.238638993289126	0.0
53.0	26.260184010405446	23.645523291227455	23.800594216891827	26.293698481475275	0.0
54.0	26.2107102673976	23.750854486018348	23.61865851679846	26.41977672978559	0.0
55.0	26.34716204246762	23.721063845067388	23.674515968581513	26.257258143883476	0.0
56.0	26.215498048979008	23.715744087754718	23.851929874959104	26.216827988307173	0.0
57.0	26.182179924353257	23.694934008586067	23.83776911250725	26.285116954553434	0.0
58.0	26.242824996409176	23.739885838311725	23.759036913697805	26.258252251581293	0.0
59.0	26.342038206395397	23.721532724400067	23.691476175530248	26.244952893674295	0.0
60.0	26.188563616148613	23.777390027609467	23.631629064948743	26.40241729129318	0.0
61.0	26.334058591651193	23.694668021427926	23.696263944376767	26.27500944254411	0.0
62.0	26.197075205209092	23.760100862330365	23.769144425707125	26.27367950675341	0.0
63.0	26.270487660855736	23.771804297288526	23.667803318455785	26.289904723399953	0.0
64.0	26.274743455385973	23.756643029274546	23.726586480404727	26.24202703493475	0.0
65.0	26.22340793386495	23.724192595981467	23.815692178381628	26.236707291771953	0.0
66.0	26.263040020427812	23.577633671846325	23.82234185733513	26.336984450390734	0.0
67.0	26.242559009251032	23.819150011437447	23.687486368158144	26.250804611153374	0.0
68.0	26.31836534932093	23.802658807632767	23.687752355316285	26.191223487730014	0.0
69.0	26.291766633506935	23.638544731060385	23.699189803116305	26.370498832316375	0.0
70.0	26.333792604493055	23.651046127492965	23.592794939860305	26.42236632815368	0.0
71.0	26.382930053543074	23.72013969608388	23.654175056322632	26.242755194050417	0.0
72.0	26.304198064150615	23.658696825983686	23.84807917884663	26.18902593101907	0.0
73.0	26.298612348686955	23.70923425160722	23.760037663681413	26.232115736024408	0.0
74.0	26.24913886886602	23.6810396878383	23.788232227450333	26.281589215845347	0.0
75.0	26.34117018079099	23.78051862038148	23.607361441008194	26.270949757819334	0.0
76.0	26.40341101024314	23.72013969608388	23.643535598296623	26.232913695376357	0.0
77.0	26.284249080351845	23.814830872515355	23.658164853082383	26.242755194050417	0.0
78.0	26.26297016429983	23.64007777443817	23.792753997111387	26.304198064150615	0.0
79.0	26.209240901268487	23.75179208371126	23.623054641596557	26.4159123734237	0.0
80.0	26.351011679465046	23.71694785867608	23.675187985923998	26.256852475934878	0.0
81.0	26.215624576084096	23.715085953521527	23.851271016254433	26.218018454139948	0.0
82.0	26.187626343228004	23.68682838599851	23.844025960208533	26.281519310564956	0.0
83.0	26.243217363549316	23.738163634429192	23.757580593680178	26.261038408341314	0.0
84.0	26.33604638791361	23.724864347270984	23.68948824343015	26.249601021385256	0.0
85.0	26.194541972550272	23.771677838067877	23.629641451218212	26.404138738163635	0.0
86.0	26.33790828811576	23.694275986807106	23.696935844238748	26.27087988083839	0.0
87.0	26.197201829981914	23.758112565166506	23.768220023406744	26.276465581444835	0.0
88.0	26.273805724013194	23.769017980636235	23.67086924140866	26.28630705394191	0.0
89.0	26.27486966698585	23.760772422598148	23.731248005106924	26.233109905309078	0.0
90.0	26.22752420470263	23.723268432812	23.815033514203638	26.234173848281735	0.0
91.0	26.268751994893076	23.57883817427386	23.81849132886477	26.333918501968295	0.0
92.0	26.23842962017236	23.817427385892113	23.69268007234812	26.251462921587404	0.0
93.0	26.31636344291946	23.80838387062453	23.690552186402808	26.1847005000532	0.0
94.0	26.301468241302267	23.63309926587935	23.701723587615703	26.36370890520268	0.0
95.0	26.334450473454623	23.647196510267047	23.59426534737738	26.42408766890095	0.0
96.0	26.38358765935828	23.71708767664731	23.658304983761614	26.241019680232792	0.0
97.0	26.309377834403037	23.650591417726837	23.845558448881665	26.194472298988458	0.0
98.0	26.289960926798255	23.705916305148673	23.768422788533915	26.23569997951915	0.0
99.0	26.24500945576802	23.672934160724118	23.79103151656688	26.291024866940987	0.0
100.0	26.337040278113953	23.783583935567783	23.609097752160462	26.270278034157794	0.0
101.0	26.406196387391244	23.718683586861403	23.645803687084566	26.22931633866279	0.0
102.0	26.28331130090621	23.80938448402893	23.665220594689345	26.242083620375517	0.0
103.0	26.26495833344416	23.641813911549335	23.78704174103165	26.306186013974852	0.0
104.0	26.21122935623642	23.75884732724937	23.620269123659103	26.409654192855108	0.0
105.0	26.350339529898047	23.719215556932767	23.672668175688436	26.257776737480746	0.0
106.0	26.218942922271193	23.71522578139754	23.84981420945258	26.21601708687869	0.0
107.0	26.189348923561422	23.686968363824004	23.84549502343322	26.278187689181355	0.0
108.0	26.245205632484137	23.739101292151865	23.753198461546646	26.262494613817356	0.0
109.0	26.3372362100425	23.72287624813146	23.688830254121427	26.25105728770461	0.0
110.0	26.203180108628	23.767295630941426	23.630313701916684	26.399210558513893	0.0
111.0	26.344151802575794	23.68829828546502	23.69601183098292	26.27153808097627	0.0
112.0	26.20185018698698	23.75532633617227	23.76117799139275	26.281645485447996	0.0
113.0	26.281113516791592	23.759316101095322	23.673669147413833	26.28590123469925	0.0
114.0	26.280315563806983	23.764369803331185	23.72447215410068	26.23084247876115	0.0
115.0	26.225788776525288	23.725536091413492	23.813842888377017	26.234832243684203	0.0
116.0	26.277389736196742	23.574988961650376	23.81490682568983	26.33271447646305	0.0
117.0	26.243875710843117	23.812778951064203	23.69069214441885	26.25265319367383	0.0
118.0	26.323671009304135	23.81171501375139	23.680318755618917	26.18429522132556	0.0
119.0	26.300796357078642	23.636963310121768	23.69175608173166	26.37048425106793	0.0
120.0	26.339364084668134	23.644676855639666	23.592011958655394	26.423947101036806	0.0
121.0	26.38943933014329	23.71655570657595	23.657507028654567	26.236497934626197	0.0
122.0	26.30831389426031	23.65670907354752	23.837312912775527	26.197664119416643	0.0
123.0	26.28916297169121	23.710438050755265	23.766560893284144	26.23383808426938	0.0
124.0	26.24394551562529	23.676125981152303	23.79395735195938	26.285971151263034	0.0
125.0	26.338902173363728	23.790233561459832	23.60696987187501	26.263894393301435	0.0
126.0	26.397559308328834	23.71614989932413	23.646195462803124	26.240095329543912	0.0
127.0	26.282191095813896	23.807978550795568	23.666739369823226	26.243090983567313	0.0
128.0	26.265965879167354	23.642268551274345	23.788561488251347	26.30320408130695	0.0
129.0	26.20399087132073	23.757972965065246	23.619659642832445	26.418376520781578	0.0
130.0	26.339378334813997	23.721798711558208	23.676048920358124	26.262774033269675	0.0
131.0	26.218157927635342	23.712818221232748	23.851663887093473	26.21735996403844	0.0
132.0	26.182585196139975	23.686548425879625	23.843215695453722	26.28765068252668	0.0
133.0	26.24383237355535	23.739277307124524	23.757630567488132	26.259259751832005	0.0
134.0	26.328150975515683	23.721988003883443	23.695123086539613	26.254737934061257	0.0
135.0	26.194092378077166	23.768004149432777	23.631285659187935	26.406617813302123	0.0
136.0	26.328948943357585	23.6916652258914	23.695655065100876	26.283730765650144	0.0
137.0	26.19116649599021	23.751512814033596	23.767738160152145	26.289582529824045	0.0
138.0	26.276688841424328	23.75589501879224	23.675831819402955	26.291584320380473	0.0
139.0	26.27276886411031	23.764469932331785	23.72802911009916	26.23473209345874	0.0
140.0	26.22602413612412	23.712930674476198	23.811347755425576	26.249697433974106	0.0
141.0	26.274168708156115	23.569028942601562	23.82305140829523	26.33375094094709	0.0
142.0	26.22841806512019	23.813209700200293	23.696439163614407	26.261933071065112	0.0
143.0	26.32045133541339	23.811081763314903	23.685533487076775	26.182933414194938	0.0
144.0	26.297044029674083	23.638186891376805	23.69058733717958	26.374181741769537	0.0
145.0	26.336480915015294	23.643303630801967	23.59781885889081	26.422396595291925	0.0
146.0	26.38575977060718	23.71385480477405	23.6601241125791	26.240261312039664	0.0
147.0	26.30862164814908	23.652676293859006	23.83940374891275	26.199298309079154	0.0
148.0	26.289204120771704	23.706938973105395	23.765457548763262	26.238399357359643	0.0
149.0	26.240261312039664	23.66996587303065	23.795248823643632	26.294523991286052	0.0
150.0	26.32910314962934	23.793120875437893	23.603467491601254	26.274308483331517	0.0
151.0	26.39467797322495	23.717704889253007	23.647216229947308	26.24040090757474	0.0
152.0	26.276114122772952	23.809536475983254	23.668824778026632	26.245524623217165	0.0
153.0	26.264942305543883	23.642757204492135	23.78479888069031	26.30750160927367	0.0
154.0	26.197645406521147	23.758731307155813	23.61908359179244	26.424539694530598	0.0
155.0	26.332239204566616	23.727875811951716	23.67547466923441	26.26441031424726	0.0
156.0	26.210748912739895	23.7178310657144	23.850297250927664	26.221122770618045	0.0
157.0	26.181026961462344	23.684644521524483	23.852222671461707	26.282105845551467	0.0
158.0	26.247064049603264	23.734715103087435	23.764772851203507	26.253447996105795	0.0
159.0	26.330055354136135	23.734183107545558	23.68550551546378	26.25025602285453	0.0
160.0	26.192534506560833	23.771688793247915	23.632571959046984	26.403204741144272	0.0
161.0	26.33111934521989	23.6980074106979	23.695347432988513	26.275525811093704	0.0
162.0	26.18535256674549	23.748812984947186	23.7825947018564	26.283239746450924	0.0
163.0	26.275133598091188	23.75292931603629	23.682705530921076	26.289231554951442	0.0
164.0	26.278129488748203	23.769484492206203	23.725594509762196	26.226791509283398	0.0
165.0	26.23750129675293	23.71022958511886	23.804925799132306	26.247343318995902	0.0
166.0	26.27527338211784	23.568451264699856	23.823811841814763	26.33246351136754	0.0
167.0	26.231649283527382	23.81742782738689	23.69559955205499	26.255323337030738	0.0
168.0	26.31783347830366	23.82194983760663	23.69187554363873	26.16834114045098	0.0
169.0	26.295223427204945	23.638143422204134	23.689747538829437	26.37688561176148	0.0
170.0	26.33891758747453	23.6392703052099	23.601232118062022	26.420579989253547	0.0
171.0	26.38101596810104	23.715675764822297	23.661145351481764	26.242162915594903	0.0
172.0	26.307865413619837	23.65236728494402	23.845484748774396	26.19428255266175	0.0
173.0	26.297225332968022	23.709823720463802	23.763024123722857	26.229926822845318	0.0
174.0	26.241364909546018	23.676307466410595	23.793880357613112	26.288447266430282	0.0
175.0	26.333135605167886	23.785634295107958	23.61113697241825	26.270093127305906	0.0
176.0	26.397648529666036	23.70915184805884	23.65036508970966	26.242834532565467	0.0
177.0	26.27269680316226	23.79779429367921	23.682614501481645	26.24689440167689	0.0
178.0	26.26285465001835	23.639255826820666	23.792740215037746	26.305149308123234	0.0
179.0	26.191033532481768	23.761617730771892	23.625423611591394	26.42192512515495	0.0
180.0	26.338399825501284	23.723047130613352	23.669580298669448	26.26897274521592	0.0
181.0	26.205201458770578	23.71433207513041	23.855314643832813	26.225151822266202	0.0
182.0	26.18053264952172	23.681942478958963	23.854048072523753	26.283476798995565	0.0
183.0	26.243645775421555	23.736536758075285	23.766063453133686	26.253754013369473	0.0
184.0	26.328767779193523	23.72882257648345	23.68679358712104	26.255616057201987	0.0
185.0	26.195764648299818	23.7721815971548	23.631198278407474	26.400855476137906	0.0
186.0	26.330629823026037	23.698497862639687	23.6961038062836	26.274768508050677	0.0
187.0	26.182198328948665	23.755157196400404	23.78228983510272	26.280354639548214	0.0
188.0	26.275174301530342	23.753421523745175	23.68425952772997	26.287144646994516	0.0
189.0	26.28162839692707	23.771307271605203	23.71970164499585	26.227362686471878	0.0
190.0	26.241530935527376	23.705134241488373	23.80781375107401	26.24552107191024	0.0
191.0	26.28542243573885	23.565479468088217	23.822444251144503	26.326653845028424	0.0
192.0	26.22876249910222	23.818454114761643	23.698750023275796	26.25403336286034	0.0
193.0	26.322929717737754	23.81446397837878	23.695557914169505	26.16704838971396	0.0
194.0	26.29154064485924	23.63889797753287	23.701676123289893	26.36788525431799	0.0
195.0	26.340556386097262	23.638428839718458	23.601719487345914	26.419295286838366	0.0
196.0	26.376537873245994	23.721753009243866	23.660570592538406	26.241138524971735	0.0
197.0	26.30258695218461	23.65285628782337	23.84677794772894	26.197778812263085	0.0
198.0	26.292212542395426	23.712442641484337	23.762452616878367	26.23289219924187	0.0
199.0	26.235286293808606	23.683181485668683	23.795703930305248	26.28582829021746	0.0
200.0	26.330252044955778	23.786127552038305	23.615348806277847	26.26827159672807	0.0
201.0	26.393170941921618	23.725869393466215	23.640745578216816	26.24021408639535	0.0
202.0	26.272205404312597	23.80892844792271	23.672463968589227	26.246402179175465	0.0
203.0	26.256244646495812	23.640276440325387	23.79030756380313	26.31317134937567	0.0
204.0	26.197189842573724	23.762908262884324	23.62059150568469	26.419310388857266	0.0
205.0	26.339240587143074	23.725134469384606	23.667941753874473	26.26768318959784	0.0
206.0	26.204973917392216	23.715887114579925	23.84969182354803	26.229447144479824	0.0
207.0	26.18562460097893	23.689880825707597	23.845233028303895	26.279261545009575	0.0
208.0	26.23836517973287	23.735432367079078	23.770280299745426	26.25592215344263	0.0
209.0	26.325884033528503	23.729846057262336	23.680899342677545	26.26337056653162	0.0
210.0	26.185428243850406	23.77560059480899	23.626366318276013	26.412604843064596	0.0
211.0	26.329608240072993	23.69925436064684	23.689943844285605	26.28119355499456	0.0
212.0	26.18170403730591	23.754053399801553	23.78544314067658	26.278799422215954	0.0
213.0	26.274416959062773	23.749657504183105	23.683419478235887	26.29250605851824	0.0
214.0	26.277679055959307	23.768341863607827	23.72710924781068	26.226869832622178	0.0
215.0	26.24609286673849	23.705358924224893	23.79952914887674	26.249019060159878	0.0
216.0	26.28892169772422	23.56835986858731	23.817086309405052	26.325632124283416	0.0
217.0	26.23305800513414	23.81442613356743	23.697644414295784	26.25487144700265	0.0
218.0	26.317917614354307	23.809371799475944	23.69844246704707	26.174268119122672	0.0
219.0	26.29504010215075	23.643110809624517	23.694186185706876	26.367662902517857	0.0
220.0	26.34192927105668	23.6351931558814	23.597152540208665	26.425725032853258	0.0
221.0	26.384030347447414	23.71186950171981	23.652813283924736	26.251286866908035	0.0
222.0	26.30688483771511	23.649355036936736	23.840356678273963	26.20340344707419	0.0
223.0	26.301564457733573	23.710007368726274	23.754964579570274	26.23346359396988	0.0
224.0	26.241976201940343	23.68127731682597	23.78289657447335	26.293849906760343	0.0
225.0	26.331624604629262	23.783428612471504	23.61557062405397	26.269376158845265	0.0
226.0	26.390821231621313	23.72476463843835	23.641766269143496	26.242647860796836	0.0
227.0	26.273044079699932	23.80303796121412	23.671623526908036	26.252294432177912	0.0
228.0	26.26506344603762	23.64475539357825	23.778031975738873	26.31214918464526	0.0
229.0	26.196429996541724	23.75941049719348	23.61762123912639	26.42653826713841	0.0
230.0	26.33795323348674	23.724029687957223	23.668165252321035	26.269851826235	0.0
231.0	26.21006679808145	23.71265386037578	23.84593079708121	26.231348544461557	0.0
232.0	26.185130404247847	23.685582642561478	23.848122412930824	26.281164540259848	0.0
233.0	26.235212432862383	23.736456091533277	23.772103206378173	26.256228269226167	0.0
234.0	26.320871917788175	23.731401649876165	23.68138927979527	26.266337152540387	0.0
235.0	26.187328248742375	23.778753787505952	23.618873817194146	26.415044146557527	0.0
236.0	26.328852615141514	23.69309430258016	23.69602055827638	26.28203252400195	0.0
237.0	26.18120971410482	23.760664206838396	23.778753787505952	26.279372291550835	0.0
238.0	26.272329444939547	23.756002181402216	23.68470757239196	26.28696080126628	0.0
239.0	26.280912147782416	23.773357027326124	23.715629522431257	26.230101302460202	0.0
240.0	26.234776455315007	23.72053056946299	23.797945187258247	26.246747787963752	0.0
241.0	26.27724215723833	23.578299919124845	23.81640275826842	26.328055165368408	0.0
242.0	26.224649691526352	23.818049765485537	23.70072602378932	26.256574519198793	0.0
243.0	26.313059024470707	23.820760991598338	23.69172976338067	26.174450220550284	0.0
244.0	26.28841431456172	23.64813272709375	23.695489651979813	26.367963306364718	0.0
245.0	26.33565953552225	23.648510228460903	23.593436970385486	26.42239326563136	0.0
246.0	26.382248473480463	23.721115855848666	23.649545702465048	26.247089968205824	0.0
247.0	26.302990312547394	23.65350794339186	23.846139519538536	26.197362224522212	0.0
248.0	26.303228003703744	23.716727508807033	23.753977798827147	26.226066688662076	0.0
249.0	26.23378282016624	23.690918379293098	23.784310177843526	26.29098862269713	0.0
