# Position (bp)	A	C	G	T	N
0.0	26.372699129385207	23.588184673156228	23.798294533790806	26.240821663667756	0.0
1.0	26.251718318674072	23.72676777272372	23.713915307844474	26.307598600757736	0.0
2.0	26.268366483106607	23.7451839931158	23.70076078240729	26.2856887413703	0.0
3.0	26.336493142571378	23.660573347525933	23.789647783244348	26.21328572665834	0.0
4.0	26.214009934459387	23.667257072295822	23.748554251199902	26.370178742044892	0.0
5.0	26.297498589219963	23.7513898278569	23.65612725515284	26.294984327770297	0.0
6.0	26.110507393139592	23.733193283179734	23.837113476940612	26.319185846740062	0.0
7.0	26.268345689496236	23.88249819825356	23.629974356539083	26.21918175571112	0.0
8.0	26.17519964916495	23.920190612927826	23.648405180962172	26.25620455694505	0.0
9.0	26.2167053986414	23.756480157311405	23.689723364318912	26.337091079728282	0.0
10.0	26.338369238246063	23.753103798854283	23.61791921883423	26.290607744065426	0.0
11.0	26.35010013155359	23.808406581589757	23.764276078194783	26.077217208661867	0.0
12.0	26.29032843708191	23.782431032123096	23.608422781394804	26.318817749400186	0.0
13.0	26.206815649011673	23.707297453558233	23.723497258601956	26.362389638828137	0.0
14.0	26.245918626703425	23.692214876448556	23.76930360389801	26.29256289295001	0.0
15.0	26.259604668895538	23.798910144150334	23.73159716112382	26.20988802583031	0.0
16.0	26.36008155741139	23.738513532385554	23.75164092394492	26.149763986258133	0.0
17.0	26.27601039019077	23.829288048487555	23.679859229673493	26.214842331648185	0.0
18.0	26.230762785241463	23.760858028656816	23.80442979638578	26.203949389715948	0.0
19.0	26.17015333910566	23.839901684216404	23.612267128452924	26.377677848225012	0.0
20.0	26.19696673463118	23.56785744211379	23.943244979470993	26.29193084378404	0.0
21.0	26.272658715750076	23.738234226182165	23.745775493673715	26.243331564394047	0.0
22.0	26.230762785241463	23.71980001675837	23.727620590453313	26.321816607546854	0.0
23.0	26.31204089042818	23.633494399910624	23.721196547775325	26.333268161885876	0.0
24.0	26.269865653716167	23.724268916012626	23.742703125436414	26.263162304834793	0.0
25.0	26.38438119710639	23.5795883026562	23.77594056363992	26.260089936597492	0.0
26.0	26.254503812529677	23.7189620981482	23.698014132893892	26.32851995642823	0.0
27.0	26.275731083987374	23.73292740831774	23.692428008826074	26.29891349886881	0.0
28.0	26.33961863637506	23.65018671567546	23.779505126651042	26.230689521298434	0.0
29.0	26.229013688758794	23.663314070569307	23.722806125726542	26.384866114945353	0.0
30.0	26.304426153042616	23.759953747021907	23.652421159061646	26.283198940873838	0.0
31.0	26.117012214026158	23.73090598300147	23.818887191332593	26.333194611639776	0.0
32.0	26.264206172091242	23.878099941066555	23.623932005887756	26.233761880954443	0.0
33.0	26.19158676204016	23.890110074267312	23.659962405490027	26.258340758202504	0.0
34.0	26.216724250134764	23.729509455885108	23.697668637631935	26.356097656348194	0.0
35.0	26.343808217724163	23.735095564350573	23.623932005887756	26.297164212037504	0.0
36.0	26.360007932274023	23.790677343581983	23.75939513617536	26.08991958796864	0.0
37.0	26.287109216799664	23.76693638260374	23.622535478771393	26.323418921825205	0.0
38.0	26.215886333864947	23.704092662367227	23.720571682340356	26.359449321427476	0.0
39.0	26.251078817197392	23.686217115277728	23.772243185645937	26.290460881878943	0.0
40.0	26.26616131005416	23.799335811703457	23.735654175197123	26.198848703045268	0.0
41.0	26.356582651830003	23.72553291325915	23.74759798006882	26.170286454842024	0.0
42.0	26.28982884211467	23.808486392277786	23.690899137507262	26.21078562810028	0.0
43.0	26.239833310988963	23.76128390758368	23.803179604057735	26.195703177369623	0.0
44.0	26.173917415203114	23.84004781695491	23.607945658488628	26.378089109353354	0.0
45.0	26.18899986593377	23.56632926665773	23.95623854850963	26.28843231889887	0.0
46.0	26.26720516601868	23.749832417214105	23.736984403628725	26.245978013138487	0.0
47.0	26.24541940385217	23.715198641462216	23.731398310765517	26.307983643920096	0.0
48.0	26.322228180721275	23.646769003887922	23.72609152254547	26.304911292845333	0.0
49.0	26.279494570317734	23.726929436474954	23.723298476113865	26.270277517093444	0.0
50.0	26.393450864727175	23.570518836305133	23.77580774902802	26.26022254993967	0.0
51.0	26.25966394065335	23.71212629038745	23.69536801179783	26.332841757161376	0.0
52.0	26.282846226035662	23.737543012915047	23.68978191893462	26.28982884211467	0.0
53.0	26.34226453986085	23.645585742096397	23.773786215237145	26.238363502805605	0.0
54.0	26.218532928528937	23.661226758427294	23.72630455851835	26.393935754525423	0.0
55.0	26.30316199903361	23.748648867562487	23.659271631385934	26.288917502017974	0.0
56.0	26.10960442193876	23.72993550873802	23.819033441051523	26.341426628271698	0.0
57.0	26.26014920412364	23.87629073297713	23.632179156669917	26.23138090622931	0.0
58.0	26.176637349071175	23.885787064320887	23.664019797057815	26.273555789550123	0.0
59.0	26.209874508774334	23.721277088983417	23.6947432219935	26.374105180248748	0.0
60.0	26.33304751238014	23.710942846050504	23.635810106889586	26.320199534679766	0.0
61.0	26.352598782793763	23.788589319978882	23.762893364578126	26.095918532649225	0.0
62.0	26.292269148374594	23.76373127616728	23.60564528968	26.338354285778127	0.0
63.0	26.22802925987269	23.69586043744571	23.698374172213178	26.37773613046842	0.0
64.0	26.25819407708228	23.686643409965	23.75870380663235	26.29645870632037	0.0
65.0	26.28025908226337	23.77993090022428	23.72630455851835	26.213505458994003	0.0
66.0	26.360345665495455	23.724841774803508	23.7371311104532	26.177681449247835	0.0
67.0	26.293871531753965	23.813939458263743	23.68043258461487	26.211756425367422	0.0
68.0	26.243038370657533	23.755006507761834	23.813939458263743	26.188015663316893	0.0
69.0	26.171816084505938	23.83237346173827	23.609489601546223	26.386320852209565	0.0
70.0	26.199467089717736	23.561728774362212	23.947446331912612	26.291357804007443	0.0
71.0	26.2740410128647	23.737410413536146	23.742996475195095	26.245552098404062	0.0
72.0	26.247227916901743	23.72037292547635	23.736572504287302	26.295826653334597	0.0
73.0	26.341911662020927	23.636302697509176	23.7259589871353	26.295826653334597	0.0
74.0	26.284654530016706	23.726238290218244	23.720931531642247	26.268175648122806	0.0
75.0	26.389672489204933	23.572621594597162	23.77930587597826	26.25840004021964	0.0
76.0	26.25421049397543	23.699425194255294	23.717579894646875	26.328784417122396	0.0
77.0	26.282140802270177	23.724003865554668	23.704452649748347	26.28940268242681	0.0
78.0	26.342955297666432	23.637074587679976	23.77002248383538	26.249947630818216	0.0
79.0	26.233468794950216	23.654949935062213	23.72114458083707	26.390436689150505	0.0
80.0	26.316980183501613	23.758012484812937	23.641264122222687	26.283743209462763	0.0
81.0	26.128730431382408	23.73343388216236	23.805773178599857	26.332062507855376	0.0
82.0	26.254416467663777	23.87643666122027	23.63456086695435	26.234586004161603	0.0
83.0	26.187942519586073	23.879508986551595	23.67087016632452	26.261678327537812	0.0
84.0	26.216710656779362	23.711648302540254	23.701872721940592	26.36976831873979	0.0
85.0	26.325359252587038	23.72980295222534	23.634840169257195	26.309997625930425	0.0
86.0	26.348820646026226	23.781753180554972	23.766391553898362	26.103034619520436	0.0
87.0	26.291005069336798	23.7677880654126	23.612495985029398	26.328710880221205	0.0
88.0	26.217269261385063	23.70438644266622	23.6954487689751	26.38289552697362	0.0
89.0	26.24883042160683	23.681762956135575	23.770301786138226	26.299104836119376	0.0
90.0	26.267264373594763	23.77979806443504	23.739299230522157	26.213638331448042	0.0
91.0	26.34204381682289	23.730574579092607	23.74258454457094	26.18479705951357	0.0
92.0	26.297914176228087	23.812968528304417	23.67247986236021	26.216637433107287	0.0
93.0	26.249036409746505	23.74146733847993	23.812689226781664	26.1968070249919	0.0
94.0	26.178931727535776	23.814644337440928	23.611592130400293	26.394831804623	0.0
95.0	26.200437944787673	23.56075925325945	23.949267671407345	26.289535130545534	0.0
96.0	26.2769665620217	23.734764101933884	23.74314314761644	26.24512618842798	0.0
97.0	26.24959501279201	23.72079902579629	23.73141248366086	26.298193477750843	0.0
98.0	26.3507021640282	23.63896367962998	23.71074417097722	26.2995899853646	0.0
99.0	26.2990313823191	23.718843915137025	23.7300159760471	26.252108726496775	0.0
100.0	26.404607357919314	23.575282932442548	23.77861444100593	26.241495268632203	0.0
101.0	26.25099152040577	23.70320302986292	23.71465439229575	26.331151057435566	0.0
102.0	26.294283256432315	23.712978583159234	23.699292808544392	26.293445351864058	0.0
103.0	26.34727695740943	23.642249264740794	23.774079215276632	26.23639456257314	0.0
104.0	26.243097780396994	23.643366467711438	23.72687738976698	26.38665836212459	0.0
105.0	26.31040925937822	23.75145585512112	23.657610805587133	26.28052407991353	0.0
106.0	26.139197904127226	23.719894871200463	23.806757402167932	26.334149822504376	0.0
107.0	26.25985582495664	23.873510279663833	23.63135653577703	26.2352773596025	0.0
108.0	26.179137910327704	23.882168602686317	23.678558361286683	26.260135125699296	0.0
109.0	26.219636518013502	23.714029555604586	23.70592983406743	26.360404092314482	0.0
110.0	26.336104927703	23.724363683083034	23.637501152115565	26.3020302370984	0.0
111.0	26.357331784145217	23.77324131304865	23.76877250116608	26.100654401640057	0.0
112.0	26.296444222245185	23.75983487740094	23.61599499493069	26.327725905423183	0.0
113.0	26.219077916528178	23.699505916986233	23.695875007331644	26.38554115915394	0.0
114.0	26.252594005647463	23.671575842720166	23.76877250116608	26.30705765046629	0.0
115.0	26.276334568773617	23.7835754405271	23.72576018679634	26.21432980390295	0.0
116.0	26.3530686686888	23.715359822141785	23.747758617800347	26.183812891369072	0.0
117.0	26.298325876024332	23.800546310726794	23.689105625659845	26.212022187589028	0.0
118.0	26.24162798362185	23.75166881727638	23.811439009267175	26.1952641898346	0.0
119.0	26.186605890994812	23.82009730810696	23.6000089375988	26.393287863299424	0.0
120.0	26.19805718946034	23.566492942089944	23.958071489618423	26.277378378831294	0.0
121.0	26.28547807774594	23.746920717912623	23.73351431970908	26.234086884632358	0.0
122.0	26.248051882761047	23.722063021243557	23.74021751881085	26.289667577184545	0.0
123.0	26.344689669811583	23.640507432172004	23.71508052217921	26.299722375837202	0.0
124.0	26.298046576061758	23.722900921131277	23.728766220345328	26.250286282461637	0.0
125.0	26.40697356146554	23.564258542389354	23.78015741345891	26.248610482686196	0.0
126.0	26.266764980253495	23.693574425061026	23.712566822516045	26.327093772169434	0.0
127.0	26.30391187527581	23.70865662304001	23.700836224087947	26.28659527759623	0.0
128.0	26.341970243298878	23.64001485879951	23.77687222270324	26.241142675198375	0.0
129.0	26.23946687074241	23.65342129444722	23.74000452467203	26.367107310138337	0.0
130.0	26.313481567547488	23.75592466700369	23.664314023410988	26.266279742037835	0.0
131.0	26.12830517516346	23.728273893480285	23.803685093998663	26.33973583735759	0.0
132.0	26.26348673461123	23.879096294517048	23.62381541572519	26.233601555146535	0.0
133.0	26.182768819982293	23.88356510639962	23.67799975980136	26.25566631381673	0.0
134.0	26.212374698704323	23.709002142236695	23.716543262288532	26.362079896770446	0.0
135.0	26.329681010621808	23.73078760016423	23.651745489991256	26.287785899222705	0.0
136.0	26.36990031756494	23.781620335328473	23.75899697517296	26.089482371933627	0.0
137.0	26.288065199965367	23.74391473506928	23.63610464840226	26.331915416563096	0.0
138.0	26.22689833732268	23.701181721442197	23.709560743722015	26.362359197513108	0.0
139.0	26.262090230897922	23.676603256088057	23.766258794482134	26.295047718531883	0.0
140.0	26.286389395509403	23.780223831615167	23.725201585311016	26.208185187564414	0.0
141.0	26.356288194483234	23.720519724273537	23.743422449139192	26.179769632104033	0.0
142.0	26.3071311264789	23.808220402417636	23.681976114133775	26.202672356969693	0.0
143.0	26.25406383715604	23.749287781116983	23.80067926130333	26.195969120423644	0.0
144.0	26.204906769151705	23.82386128769174	23.599582164921966	26.37164977823459	0.0
145.0	26.21998905138031	23.551542303008635	23.94703325922533	26.281435386385727	0.0
146.0	26.28758001988627	23.736439911070395	23.725826453205823	26.25015361583751	0.0
147.0	26.24233317320046	23.715492296864003	23.746494765889466	26.295679764046078	0.0
148.0	26.34986425945994	23.64315320247126	23.709906266408964	26.29707627165983	0.0
149.0	26.296517668614328	23.715771598386752	23.733367594320125	26.25434313867879	0.0
150.0	26.414941514261137	23.56969690198751	23.765766570959347	26.24959501279201	0.0
151.0	26.27305634070317	23.693986079612106	23.71241998011373	26.320537599570994	0.0
152.0	26.316906679775222	23.711582075545476	23.69007585829358	26.281435386385727	0.0
153.0	26.351055064449007	23.646850168279638	23.771977599955314	26.230117167316045	0.0
154.0	26.256930188389404	23.643777842948317	23.734271789070903	26.36502017959138	0.0
155.0	26.3127906489589	23.756895275601547	23.67087016632452	26.25944390911503	0.0
156.0	26.129847640593795	23.717234348597206	23.79627690030304	26.356641110505958	0.0
157.0	26.268102280503303	23.85325457008393	23.63875040149706	26.239892747915704	0.0
158.0	26.18319438043767	23.877274568128815	23.689024816009606	26.25050623542391	0.0
159.0	26.21838647059645	23.71081039563171	23.711648302540254	26.359154831231585	0.0
160.0	26.33317971706677	23.72868574301395	23.654949935062213	26.28318460485707	0.0
161.0	26.36613738880277	23.782032482857822	23.760526205538564	26.091303922800847	0.0
162.0	26.298825533816526	23.74209225355063	23.632605750834415	26.326476461798425	0.0
163.0	26.23095507422459	23.683159467649812	23.725892719985474	26.359992738140125	0.0
164.0	26.25497507226947	23.679249235409948	23.769184576926836	26.296591115393745	0.0
165.0	26.293518790062425	23.77756364601226	23.721703185442763	26.20721437848255	0.0
166.0	26.361462877827247	23.71506616690035	23.742717172112147	26.18075378316026	0.0
167.0	26.31509856605797	23.80528106269237	23.680991190780766	26.198629180468895	0.0
168.0	26.256444918639012	23.750537658434673	23.81086712435132	26.182150298574996	0.0
169.0	26.19695336197121	23.829021824742902	23.602786327555485	26.3712384857304	0.0
170.0	26.220694124021744	23.54776362021484	23.963366607640616	26.268175648122806	0.0
171.0	26.289681985509755	23.743555081360988	23.718697106978667	26.24806582615059	0.0
172.0	26.245552098404062	23.717859197729823	23.74467229369278	26.29191641017334	0.0
173.0	26.334370478781345	23.648033426992967	23.71199383298793	26.30560226123776	0.0
174.0	26.312026232145552	23.716183379232138	23.73238295804309	26.23940743057922	0.0
175.0	26.428774920817578	23.55642201578621	23.782936816056576	26.231866247339635	0.0
176.0	26.257003524804905	23.705569862080136	23.72149013780814	26.315936475306817	0.0
177.0	26.3282258109565	23.699145891172346	23.699425194255294	26.273203103615856	0.0
178.0	26.34394036303916	23.644747830507242	23.783561850443956	26.227749956009642	0.0
179.0	26.254283822999557	23.633575675985174	23.750045386877748	26.362095114137524	0.0
180.0	26.30818946856854	23.75060399460385	23.687202017691106	26.254004519136505	0.0
181.0	26.118542145556418	23.71541170785933	23.810095717433867	26.355950429150386	0.0
182.0	26.262104331165006	23.866515097770318	23.641954791876728	26.229425779187952	0.0
183.0	26.179151083838644	23.87964237933375	23.67658847089514	26.26461806593247	0.0
184.0	26.218267235335684	23.694170025333143	23.71930765384927	26.368255085481902	0.0
185.0	26.322801568592403	23.725518674517076	23.654015887025594	26.29766386986493	0.0
186.0	26.364418425374552	23.785290535935737	23.761828683790096	26.088462354899615	0.0
187.0	26.30073625526495	23.749259834426358	23.62552649513446	26.32447741517423	0.0
188.0	26.222530081446145	23.681108740098537	23.7249600589898	26.371401119465514	0.0
189.0	26.26330901493738	23.685856972080398	23.754287374171852	26.29654663881037	0.0
190.0	26.294032868937624	23.770207916699253	23.72914967544438	26.206609538918745	0.0
191.0	26.36337482927265	23.71999877104241	23.747371008331775	26.169255391353165	0.0
192.0	26.31673030246322	23.79848447184151	23.684247277439972	26.2005379482553	0.0
193.0	26.268689232934943	23.755470956101078	23.802953408541814	26.17288640242216	0.0
194.0	26.201096565342834	23.851553095157627	23.595706469065185	26.351643870434355	0.0
195.0	26.221838637417395	23.559741471289794	23.95496416461374	26.26345572667907	0.0
196.0	26.287197019210893	23.753302832755164	23.72118226050622	26.238317887527725	0.0
197.0	26.252283353722916	23.712244362141295	23.753582142079065	26.281890142056724	0.0
198.0	26.337472697513586	23.630686039561372	23.72481328171697	26.30702798120807	0.0
199.0	26.30674867188417	23.716992620647662	23.732633942786276	26.243624764681893	0.0
200.0	26.419031020093513	23.560300089937602	23.7921268287778	26.228542061191085	0.0
201.0	26.266528129242012	23.70609955701541	23.725371900364777	26.3020004133778	0.0
202.0	26.33691407886578	23.689620306905084	23.700234061213433	26.2732315530157	0.0
203.0	26.343132462816843	23.637176174848125	23.789958801759653	26.229732560575382	0.0
204.0	26.25514978004329	23.643600307241115	23.751134697297672	26.35011521541792	0.0
205.0	26.309335940227633	23.749179526569375	23.686334753159695	26.25514978004329	0.0
206.0	26.13811884644927	23.70616577054675	23.806996718106276	26.348718664897703	0.0
207.0	26.27051183576566	23.853920815585504	23.64751064869772	26.228056699951118	0.0
208.0	26.18085329236785	23.88855526848684	23.676000279310106	26.254591159835204	0.0
209.0	26.20334447786874	23.711325808677095	23.7292017551945	26.356127958259666	0.0
210.0	26.32408064308897	23.746306092921664	23.663629609353613	26.26598365463575	0.0
211.0	26.36262576042813	23.804682393819373	23.7831753355939	26.049516510158593	0.0
212.0	26.287770025305708	23.759713090257023	23.640446676461224	26.312070207976046	0.0
213.0	26.21989710129545	23.690443604024335	23.722005910251326	26.36765338442889	0.0
214.0	26.22771784974108	23.684578042690113	23.78010289870455	26.307601208864263	0.0
215.0	26.27129059108099	23.783454648038386	23.728988721363493	26.216266039517123	0.0
216.0	26.349571673170008	23.732127445038138	23.74329997402387	26.17500090776798	0.0
217.0	26.316333399437465	23.795531547032155	23.686599389421293	26.201535664109088	0.0
218.0	26.26186732063203	23.752517310437096	23.804748883445384	26.18086648548549	0.0
219.0	26.190083821898714	23.834914711706855	23.613698637789405	26.361302828605027	0.0
220.0	26.204681302720516	23.55510865314787	23.959276018099548	26.280934026032064	0.0
221.0	26.296296296296294	23.74643874643875	23.716272833919895	26.240992123345062	0.0
222.0	26.25439919557567	23.710407239819002	23.737780012289818	26.29741355231551	0.0
223.0	26.327300150829565	23.655941008882188	23.723255684039998	26.293503156248256	0.0
224.0	26.303558460421208	23.72269705603039	23.7433662923859	26.230378191162508	0.0
225.0	26.40131836210268	23.572705435450533	23.818222445673428	26.207753756773368	0.0
226.0	26.257750963633313	23.707614099770964	23.728004022121667	26.30663091447405	0.0
227.0	26.336238198983295	23.694486341545165	23.70286576168929	26.266409697782244	0.0
228.0	26.346646407034264	23.64427586245423	23.783653940154014	26.225423790357492	0.0
229.0	26.246931028800148	23.64846558422877	23.754325887732218	26.350277499238867	0.0
230.0	26.306425077998654	23.754325887732218	23.683659247134926	26.255589787134205	0.0
231.0	26.136043059167253	23.707680318642307	23.809909529941148	26.346367092249295	0.0
232.0	26.261176082833593	23.857393043385965	23.655727768637977	26.22570310514247	0.0
233.0	26.162857278524328	23.89035218801237	23.690083487189227	26.25670704627408	0.0
234.0	26.216352854752706	23.709488655566634	23.722616523796354	26.3515419658843	0.0
235.0	26.33025524141514	23.740412386107806	23.661085879323153	26.268246493153903	0.0
236.0	26.36321484634679	23.797672716709403	23.778399727384965	26.060712709558842	0.0
237.0	26.288078119850063	23.74739535325434	23.645164714229054	26.319361812666543	0.0
238.0	26.206237744892658	23.688459110537575	23.744322847709867	26.3609802968599	0.0
239.0	26.22774528370399	23.675331132302087	23.80102454093974	26.295899043054185	0.0
240.0	26.253264619209226	23.77229368304912	23.757210094831077	26.217231602910573	0.0
241.0	26.34334111757936	23.725096930623373	23.773701911795925	26.157860040001342	0.0
242.0	26.302439787475347	23.798961958981177	23.700632992720305	26.19796526082317	0.0
243.0	26.260772400307285	23.763949996508135	23.814232837488653	26.16104476569593	0.0
244.0	26.19188628960616	23.842195540308747	23.61842877176907	26.34748939831602	0.0
245.0	26.207923475131935	23.563412664932713	23.966263350365555	26.2624005095698	0.0
246.0	26.28913070808946	23.771075753977676	23.717155349434954	26.22263818849791	0.0
247.0	26.248163028111954	23.717192939322654	23.749881260372256	26.284762772193137	0.0
248.0	26.314539561913275	23.653609745194455	23.743573983012965	26.288276709879305	0.0
249.0	26.29079123826553	23.739941886455075	23.756146624944122	26.21312025033527	0.0
