# Position (bp)	A	C	G	T	N
0.0	26.17408713354591	23.781204483210455	23.846720541674397	26.197987841569237	0.0
1.0	26.218795516789545	23.788234103217317	23.730310034360784	26.262660345632355	0.0
2.0	26.277803238404246	23.788972331015636	23.72571126524943	26.20751316533069	0.0
3.0	26.24215962731697	23.73801979808317	23.728179796508766	26.291640778091097	0.0
4.0	26.217249522096033	23.760260879343303	23.78640503767008	26.23608456089059	0.0
5.0	26.234079454449883	23.75425508290911	23.73176744408308	26.279898018557923	0.0
6.0	26.122457010191635	23.792940620942037	23.8587112332833	26.225891135583023	0.0
7.0	26.140208874349373	23.837307342079527	23.821849740874395	26.20063404269671	0.0
8.0	26.155943063498533	23.815251450812877	23.927382073151882	26.10142341253671	0.0
9.0	26.198444880949367	23.809282942305476	23.815465200909355	26.1768069758358	0.0
10.0	26.265861910060583	23.73217115689382	23.743410774297242	26.25855615874836	0.0
11.0	26.2928369918288	23.719245596879883	23.55430421148464	26.433613199806675	0.0
12.0	26.191118454327817	23.865922603994562	23.80691461262659	26.13604432905104	0.0
13.0	26.33976239448809	23.78303042564431	23.76223713344798	26.11497004641962	0.0
14.0	26.31166335097953	23.69198952467658	23.789212215216192	26.207134909127696	0.0
15.0	26.093614773353114	23.901046408380257	23.718402625574626	26.286936192692	0.0
16.0	26.162457429949082	23.82602196221241	23.785278349124997	26.226242258713512	0.0
17.0	26.268671814411437	23.666138404648706	23.796236976093336	26.268952804846524	0.0
18.0	26.093333782918027	23.768137932584775	23.88755886749615	26.250969417001045	0.0
19.0	26.227928201324026	23.867327556169986	23.72823729080262	26.176506951703367	0.0
20.0	26.18240775084016	23.78106349259871	23.75830326735678	26.27822548920435	0.0
21.0	26.289184116172688	23.78106349259871	23.703791122950175	26.225961268278432	0.0
22.0	26.403266232817437	23.641130255926086	23.76392307605849	26.191680435197984	0.0
23.0	26.233548010025736	23.749030582998955	23.629328657652493	26.388092749322812	0.0
24.0	26.19076387035138	23.770881043033565	23.889458673447884	26.14889641316718	0.0
25.0	26.181491212048837	23.789426359638647	23.843376371580707	26.18570605673181	0.0
26.0	26.21464799022156	23.793360214676092	23.73969119237956	26.25230060272279	0.0
27.0	26.275060764010842	23.79307922503056	23.729013585849362	26.202846425109232	0.0
28.0	26.25089565449513	23.729294575494894	23.73772426486084	26.282085505149134	0.0
29.0	26.214086010930497	23.767228177641652	23.794203183612684	26.224482627815167	0.0
30.0	26.229821431080264	23.742220099189346	23.742782078480406	26.28517639124998	0.0
31.0	26.118830521095298	23.790269328575242	23.856020905629627	26.234879244699833	0.0
32.0	26.143484149418633	23.853705962021547	23.80284697908881	26.199962909471008	0.0
33.0	26.15753359221773	23.818020377311836	23.918895376609363	26.10555065386107	0.0
34.0	26.20698763087056	23.799756101673008	23.825326087567365	26.167930179889066	0.0
35.0	26.271615067746414	23.718831311150197	23.751426018444107	26.258127602659275	0.0
36.0	26.305895708176212	23.723889110557874	23.53506459933799	26.435150581927918	0.0
37.0	26.215698285406003	23.86157364998904	23.806499834216574	26.116228230388383	0.0
38.0	26.32809382779879	23.7873925920098	23.767723372091062	26.116790208100348	0.0
39.0	26.296904064784794	23.696914180383605	23.78992149171364	26.216260263117963	0.0
40.0	26.088410333646166	23.915804499193563	23.699724068943425	26.296061098216843	0.0
41.0	26.170740068448882	23.830383886975042	23.780929848322216	26.217946196253855	0.0
42.0	26.25728463609133	23.665162439657646	23.797508190825152	26.28004473342587	0.0
43.0	26.089253300214114	23.77278117149874	23.882928803043672	26.255036725243475	0.0
44.0	26.241830249012327	23.849772118037798	23.739905475348845	26.16849215760103	0.0
45.0	26.173268968152723	23.77446710463463	23.773062160354723	26.27920176685793	0.0
46.0	26.283135610841672	23.77980589289829	23.717707355726272	26.219351140533764	0.0
47.0	26.38822544297893	23.633972676643644	23.76744238323508	26.210359497142342	0.0
48.0	26.239582338164468	23.753392940435983	23.625543010964183	26.381481710435363	0.0
49.0	26.177972221519752	23.775243265418517	23.89157232492336	26.15521218813837	0.0
50.0	26.18696383964573	23.78648278807599	23.837622616167494	26.18893075611079	0.0
51.0	26.196236445838146	23.80502800046082	23.74517754230978	26.253558011391252	0.0
52.0	26.27350816410827	23.79294551360404	23.73169011512081	26.20185620716688	0.0
53.0	26.259739748852866	23.724946401526328	23.740119757113913	26.275194092506894	0.0
54.0	26.203823123631942	23.760350897897368	23.80502800046082	26.230797978009875	0.0
55.0	26.226021180880448	23.750516315572078	23.749954339439203	26.27350816410827	0.0
56.0	26.106320264578365	23.794912430069097	23.85701079275163	26.24175651260091	0.0
57.0	26.126758980353372	23.864811401339747	23.804399136807085	26.204030481499796	0.0
58.0	26.166940160949515	23.825473182574296	23.922694780380343	26.08489187609585	0.0
59.0	26.20655936699186	23.80496111136088	23.815919615159824	26.172559906487436	0.0
60.0	26.28888863912242	23.722350851953426	23.752416490581307	26.236344018342848	0.0
61.0	26.300971092028952	23.716169131861708	23.55263453670818	26.43022523940116	0.0
62.0	26.211336150699093	23.872117070539044	23.81254776783707	26.103999010924785	0.0
63.0	26.328226857887877	23.77967225644023	23.763936968934047	26.12816391673785	0.0
64.0	26.28158296992312	23.68919435327968	23.803837162253295	26.225385514543902	0.0
65.0	26.094164456233422	23.90724048015106	23.705491615339657	26.29310344827586	0.0
66.0	26.171997931933642	23.82125837342085	23.783044103762983	26.223699590882525	0.0
67.0	26.265285707863146	23.67486400215798	23.790911747516073	26.2689385424628	0.0
68.0	26.095288405341005	23.77068066357955	23.889257294429708	26.244773636649732	0.0
69.0	26.245335611203522	23.847390190172188	23.729375533875828	26.17789866474846	0.0
70.0	26.167783122780204	23.768994739918174	23.788382862024008	26.274839275277618	0.0
71.0	26.280459020815538	23.77967225644023	23.72825158476824	26.21161713797599	0.0
72.0	26.38920109697433	23.63974059254597	23.7600031470575	26.2110551634222	0.0
73.0	26.241963763880772	23.73274738119858	23.63974059254597	26.38554826237468	0.0
74.0	26.17923004082734	23.776795573900852	23.884132412072304	26.15984197319951	0.0
75.0	26.18794062193549	23.78943996583204	23.83973654706945	26.182882865163016	0.0
76.0	26.198056135480446	23.80545619561155	23.739705357569356	26.25678231133865	0.0
77.0	26.270550649219278	23.79421673611716	23.750382844089028	26.18484977057453	0.0
78.0	26.25369145997769	23.724532087251923	23.735490560258956	26.28628589251143	0.0
79.0	26.209857567949555	23.76443216845702	23.816133682131227	26.209576581462198	0.0
80.0	26.243856932920096	23.74673001975335	23.748415938677507	26.260997108649043	0.0
81.0	26.095215081106748	23.800960411813797	23.845637263304006	26.25818724377545	0.0
82.0	26.13447975498047	23.871420944673915	23.781505521368963	26.21259377897665	0.0
83.0	26.179718452330775	23.810447048245244	23.916378656326394	26.093455843097583	0.0
84.0	26.21118885048751	23.817752676388775	23.807075219871308	26.16398325325241	0.0
85.0	26.28396414622496	23.719969653544634	23.765770322290596	26.230295877939813	0.0
86.0	26.299137373907666	23.725308381803366	23.534238107280338	26.441316137008624	0.0
87.0	26.220742364213663	23.85933855966731	23.80848014836045	26.111438927758577	0.0
88.0	26.336227486020963	23.779538621484168	23.75593582286662	26.128298069628258	0.0
89.0	26.28930287448369	23.69439995504229	23.796678749051672	26.219618421422346	0.0
90.0	26.107786113686814	23.887156143752282	23.703672483070612	26.30138525949029	0.0
91.0	26.18618112338082	23.830116047093203	23.783472421253755	26.20023040827222	0.0
92.0	26.266262047261797	23.68737531259659	23.78937312090815	26.25698951923347	0.0
93.0	26.09570372868021	23.784877349742896	23.880412487004413	26.23900643457248	0.0
94.0	26.253336705161708	23.853156874315097	23.728118238781644	26.16538818174155	0.0
95.0	26.166231138835034	23.754811880075305	23.788530163814663	26.290426817275005	0.0
96.0	26.264295147377	23.7899350923038	23.73345696704038	26.212312793278826	0.0
97.0	26.394672511169183	23.63455000140493	23.766894265081906	26.203883222343983	0.0
98.0	26.233105734918094	23.71940768214898	23.655904914439855	26.391581668493075	0.0
99.0	26.188917393246808	23.76598452897095	23.86910599031726	26.175992087464984	0.0
100.0	26.185826559255503	23.777785895119575	23.838478635312494	26.197908910312428	0.0
101.0	26.215891944443666	23.80644635576623	23.723836792725862	26.253824907064242	0.0
102.0	26.286138171518807	23.782000668744082	23.745472630665006	26.1863885290721	0.0
103.0	26.25888263541365	23.714002320935343	23.734795204149588	26.29231983950142	0.0
104.0	26.205776487744842	23.77160422713696	23.828925148430276	26.193694136687917	0.0
105.0	26.250734073072934	23.741257857040498	23.73872899286579	26.269279077020773	0.0
106.0	26.088605780983503	23.797454838700613	23.852808865635826	26.261130514680058	0.0
107.0	26.131523046317422	23.863981207782135	23.79176828925629	26.212727456644153	0.0
108.0	26.173389680015287	23.804412574601283	23.92270688860666	26.099490856776775	0.0
109.0	26.218347139019706	23.809189304620503	23.797949939869397	26.174513616490398	0.0
110.0	26.300956469940317	23.69651467299068	23.7577692108842	26.244759646184797	0.0
111.0	26.30882402526609	23.714216672473672	23.528486169961674	26.44847313229856	0.0
112.0	26.23239634495858	23.851336922437145	23.795983051037954	26.12028368156632	0.0
113.0	26.337484405381407	23.76844660739775	23.76479381385364	26.1292751733672	0.0
114.0	26.295898755802323	23.690614006496354	23.805255526957616	26.208231710743707	0.0
115.0	26.109606285052767	23.88112123902757	23.70859699009812	26.30067548582154	0.0
116.0	26.171141807065062	23.835601811785597	23.789520416306072	26.20373596484327	0.0
117.0	26.28915513695166	23.69651467299068	23.780809908623965	26.23352028143369	0.0
118.0	26.093590190282445	23.792611241612622	23.87718746136468	26.23661110674025	0.0
119.0	26.240263900284354	23.851336922437145	23.738662290807326	26.169736886471178	0.0
120.0	26.148382093444077	23.7602980679532	23.790644352781182	26.30067548582154	0.0
121.0	26.275667899250333	23.774628258010857	23.73248064019422	26.21722320254459	0.0
122.0	26.38609465792993	23.636665055691054	23.784743686286852	26.192496600092163	0.0
123.0	26.228462567295697	23.724051116630886	23.643127690422936	26.404358625650477	0.0
124.0	26.206338457561447	23.741257857040498	23.86404826196785	26.18835542343021	0.0
125.0	26.188917393246808	23.758959906263435	23.843255378753607	26.20886732173615	0.0
126.0	26.223759521876076	23.813189993565445	23.73170437015828	26.231346114400196	0.0
127.0	26.309178933999455	23.78284362346898	23.725803687083964	26.182173755447597	0.0
128.0	26.281642412986	23.703605879328222	23.728894521075272	26.285857186610507	0.0
129.0	26.202759279552673	23.768861164966705	23.830959004186685	26.197420551293938	0.0
130.0	26.262890218887858	23.743572452162184	23.71800275365984	26.275534575290116	0.0
131.0	26.094860771586724	23.781505521368963	23.849504060243333	26.274129646800976	0.0
132.0	26.118817946044974	23.880479587736623	23.80124139830116	26.199461067917245	0.0
133.0	26.163775784022548	23.81135691184611	23.932743074385556	26.09212422974579	0.0
134.0	26.208733622000118	23.816414668618584	23.800679425326436	26.17417228405486	0.0
135.0	26.313822568272695	23.718912357504728	23.73436661430952	26.232898459913063	0.0
136.0	26.31775637909573	23.71582150614377	23.526717600150608	26.43970451460989	0.0
137.0	26.229807608552104	23.84367035789249	23.817819601055383	26.10870243250002	0.0
138.0	26.345012068369634	23.77848149282501	23.74560607380391	26.130900365001448	0.0
139.0	26.312846493409424	23.705277236875748	23.787606740341737	26.194269529373088	0.0
140.0	26.107725204910547	23.877241933535082	23.705839213008623	26.309193648545747	0.0
141.0	26.174038388589636	23.83593668776887	23.769623504089783	26.220401419551713	0.0
142.0	26.301044994619076	23.69375672615184	23.7682185637576	26.23697971547148	0.0
143.0	26.09423777772158	23.788449704541048	23.891010348790488	26.226302168946887	0.0
144.0	26.2409135484016	23.87134118413991	23.729442210589315	26.158303056869176	0.0
145.0	26.157460092669865	23.7713094324884	23.785639823876682	26.28559065096505	0.0
146.0	26.27631804477264	23.764846706960356	23.75388817236932	26.20494707589769	0.0
147.0	26.3752258441584	23.647112707123327	23.78648278807599	26.191178660642283	0.0
148.0	26.232483906408493	23.738995804848166	23.631377375402867	26.39714291334047	0.0
149.0	26.173830945864683	23.747211185604378	23.883490780755633	26.1954670877753	0.0
150.0	26.196310054343247	23.757326784419732	23.85820178371726	26.18816137751977	0.0
151.0	26.22111075206879	23.790269328575242	23.741658119898283	26.24696179945769	0.0
152.0	26.293044101324863	23.7809966702727	23.719459937901288	26.206499290501146	0.0
153.0	26.269721960745745	23.701476600587267	23.736319316633182	26.292482122033807	0.0
154.0	26.200672129120722	23.771509817805804	23.83473266570006	26.193085387373415	0.0
155.0	26.25265535961156	23.7422868125569	23.72936125254296	26.275696575288578	0.0
156.0	26.090523878567172	23.79595598565825	23.84119544570703	26.27232469006755	0.0
157.0	26.146795435578547	23.855873981055574	23.804171595721066	26.193158987644814	0.0
158.0	26.178547443963325	23.803609613271778	23.91741105925262	26.100431883512275	0.0
159.0	26.21423332949312	23.817378183279338	23.805576551844286	26.162811935383257	0.0
160.0	26.310332328321383	23.705824667095644	23.741510552625442	26.242332451957523	0.0
161.0	26.324943872002876	23.70385772852314	23.539196870881725	26.432001528592263	0.0
162.0	26.224068022355663	23.864303717794893	23.81007241143859	26.101555848410857	0.0
163.0	26.336745503437925	23.78562617489456	23.75443614895907	26.12319217270845	0.0
164.0	26.30710827495708	23.698090091912746	23.796718566037523	26.198083067092654	0.0
165.0	26.089900837639547	23.89000817689059	23.718883559392044	26.301207426077816	0.0
166.0	26.160430031386895	23.834090608939505	23.78941275313939	26.216066606534206	0.0
167.0	26.301207426077816	23.698933070324067	23.780982969026162	26.21887653457195	0.0
168.0	26.087652895209352	23.79559459482243	23.87427257987923	26.24247993008899	0.0
169.0	26.24585184373428	23.863594853335808	23.734619156403404	26.155934146526505	0.0
170.0	26.162115988209543	23.749511775003445	23.800090479682815	26.288281757104198	0.0
171.0	26.26355439037206	23.76243744397706	23.7652473720148	26.208760793636078	0.0
172.0	26.376232504685554	23.64554443760695	23.78660282510165	26.191620232605846	0.0
173.0	26.22196745541347	23.740520005282665	23.637957631905046	26.39955490739882	0.0
174.0	26.166966393166234	23.756603349443633	23.864504889288522	26.211925368101607	0.0
175.0	26.19394177812746	23.768686073957515	23.84062043385411	26.196751714060916	0.0
176.0	26.223800786222284	23.780554626713013	23.75554612663293	26.240098460431778	0.0
177.0	26.301355235908837	23.79235639079575	23.724636744511475	26.181651628783943	0.0
178.0	26.26201602229972	23.713115974811664	23.73362856476499	26.291239438123633	0.0
179.0	26.207295758658866	23.77809249237098	23.830076599284027	26.184535149686127	0.0
180.0	26.264618773849463	23.73959615373808	23.72638938063044	26.269395691782016	0.0
181.0	26.095178684830195	23.81349788410635	23.84019242549413	26.251131005569324	0.0
182.0	26.146955268252796	23.860772120704627	23.801200976741967	26.191071634300616	0.0
183.0	26.198096533352818	23.815531770808455	23.923434220250257	26.062937475588477	0.0
184.0	26.207369400101722	23.83604447604088	23.81159782733922	26.14498829651818	0.0
185.0	26.307403962605058	23.723084099281493	23.747811743945242	26.221700194168207	0.0
186.0	26.32707367995122	23.71493521638094	23.544932659317684	26.413058444350156	0.0
187.0	26.228163101296236	23.83154854064747	23.83042455679912	26.109863801257177	0.0
188.0	26.325949696102867	23.804572928287023	23.745563776248535	26.123913599361575	0.0
189.0	26.30193185809624	23.684439761152092	23.81426062521953	26.199367755532137	0.0
190.0	26.090340709518795	23.892939936775555	23.7178784685634	26.298840885142255	0.0
191.0	26.161152089919216	23.839831401475237	23.78672286617492	26.21229364243063	0.0
192.0	26.28282402528978	23.717316473480857	23.768177028451003	26.23168247277836	0.0
193.0	26.08106779065683	23.78672286617492	23.87917105725325	26.253038285914997	0.0
194.0	26.266245170354757	23.843484369511767	23.73811029153495	26.152160168598527	0.0
195.0	26.172672989111344	23.74429223744292	23.804144713733756	26.27889005971198	0.0
196.0	26.256410256410255	23.759747102212856	23.75525114155251	26.22859149982438	0.0
197.0	26.392132068844397	23.642290129961363	23.783350895679664	26.18222690551458	0.0
198.0	26.218475588338602	23.732490340709518	23.64538110291535	26.40365296803653	0.0
199.0	26.18230047713517	23.75840887505128	23.86265925580402	26.196631392009532	0.0
200.0	26.193540410369963	23.755598891742583	23.848328340929655	26.202532356957796	0.0
201.0	26.219184933951155	23.799782506680753	23.764095618380715	26.216936940987374	0.0
202.0	26.306575660418186	23.792757528668933	23.71070578549089	26.189961025421994	0.0
203.0	26.268921778274834	23.715201771418457	23.735433708092494	26.280442742214216	0.0
204.0	26.207737613523964	23.784113389083718	23.824577376135238	26.18357162125708	0.0
205.0	26.252135599316606	23.759947396816834	23.73550040463987	26.252416599226684	0.0
206.0	26.10404864670443	23.805750382159875	23.848462368492044	26.24173860264365	0.0
207.0	26.160041138502432	23.860050411525524	23.796825254094884	26.18308319587716	0.0
208.0	26.17858718468209	23.821553315667757	23.937606604640447	26.062252895009706	0.0
209.0	26.222423293834	23.831107339457276	23.80947028558101	26.13699908112771	0.0
210.0	26.301946491846767	23.710277038589826	23.745121125351602	26.24265534421181	0.0
211.0	26.327517555518714	23.717302056082122	23.548982636966766	26.4061977514324	0.0
212.0	26.23787833231705	23.820148312169298	23.820991314268372	26.120982041245284	0.0
213.0	26.341005589103915	23.784742224008138	23.76422917293064	26.110023013957306	0.0
214.0	26.32120246495199	23.69045912962354	23.793586965990293	26.19475143943417	0.0
215.0	26.094433625856706	23.90345885705133	23.710972295985318	26.291135221106643	0.0
216.0	26.17339526623561	23.84051434657135	23.778693845207087	26.207396541985954	0.0
217.0	26.282986155017717	23.70394723901211	23.7778508383703	26.235215767599872	0.0
218.0	26.091623603067422	23.7817848702753	23.875639631437412	26.25095189521987	0.0
219.0	26.254042920288086	23.832084278203496	23.735981498809956	26.177891302698463	0.0
220.0	26.16580820470454	23.725022409931746	23.830398264529926	26.278771120833788	0.0
221.0	26.254604924845943	23.757337672008518	23.76661074721316	26.22144665593238	0.0
222.0	26.381617954921616	23.65561484703641	23.774478811023158	26.188288387018822	0.0
223.0	26.216950619469525	23.74019653299388	23.6328536624432	26.40999918509339	0.0
224.0	26.1816179032675	23.759933458473366	23.86137556622118	26.197073072037945	0.0
225.0	26.200164105792034	23.740825249811728	23.84423437903942	26.214776265356814	0.0
226.0	26.231429157522335	23.802431807388714	23.750165089766682	26.21597394532227	0.0
227.0	26.282571859711634	23.789786633770483	23.712510572770164	26.215130933747723	0.0
228.0	26.265992632078838	23.710824549621066	23.735271885282984	26.287910933017113	0.0
229.0	26.215204599484075	23.770464163477264	23.83846728824895	26.17586394878971	0.0
230.0	26.270562515104	23.746859773060645	23.73842963362614	26.24414807820921	0.0
231.0	26.098025661344437	23.806713763045643	23.833128199940425	26.262132375669495	0.0
232.0	26.156267123768846	23.85089851488626	23.8017225633316	26.19111179801329	0.0
233.0	26.19757492307476	23.821111938516008	23.923678923187165	26.057634215222063	0.0
234.0	26.20825312969806	23.846683433324433	23.79469742739522	26.15036600958229	0.0
235.0	26.310820114369214	23.701965633034998	23.743835443215826	26.243378809379962	0.0
236.0	26.327118429741613	23.703370660222276	23.54516459893499	26.42434631110112	0.0
237.0	26.252370983378526	23.823078976578195	23.82392199289056	26.100628047152714	0.0
238.0	26.331052505865987	23.802565579643968	23.757885715088587	26.10849619940146	0.0
239.0	26.296917634033324	23.684676406369867	23.816749704240113	26.2016562553567	0.0
240.0	26.080260791366904	23.883767985611513	23.73117131294964	26.304799910071942	0.0
241.0	26.169303841938113	23.853461116888226	23.77729687192603	26.199938169247634	0.0
242.0	26.287578980505028	23.71298315832078	23.76779169383671	26.231646167337487	0.0
243.0	26.08847199305132	23.79051640051609	23.882153528732175	26.238858077700417	0.0
244.0	26.25799777355478	23.832240725956076	23.742283343266127	26.167478157223016	0.0
245.0	26.17909675678107	23.707041968422473	23.805159462012504	26.30870181278395	0.0
246.0	26.26085978575646	23.751230072820313	23.772598194956	26.215311946467228	0.0
247.0	26.393247179764035	23.635714366051445	23.77911619484653	26.19192225933799	0.0
248.0	26.233841464271958	23.732836169249502	23.63891490001884	26.3944074664597	0.0
249.0	26.176549986502295	23.762991541437955	23.860568703320435	26.199889768739315	0.0
