# Position (bp)	A	C	G	T	N
0.0	26.25076363879815	23.61631439323144	23.757465528159095	26.375456439811312	0.0
1.0	26.3470030489761	23.57196057810595	23.729849001760208	26.351187371157746	0.0
2.0	26.30866904327548	23.672920606760503	23.72173592863479	26.296674421329225	0.0
3.0	26.304866891303863	23.792482092250015	23.63488273492067	26.26776828152545	0.0
4.0	26.20306089149092	23.76862851197831	23.72595342558218	26.302357170948586	0.0
5.0	26.37096909148719	23.74310401570806	23.635724684974146	26.250202207830604	0.0
6.0	26.382079128945712	23.819285240159083	23.63047128187107	26.16816434902414	0.0
7.0	26.318915919023013	23.766004501200598	23.853295442185786	26.061784137590603	0.0
8.0	26.259192432435448	23.772459932567912	23.68628741462925	26.28206022036739	0.0
9.0	26.241170351903133	23.788807924304155	23.71797553214926	26.25204619164345	0.0
10.0	26.255291381531613	23.724630649020362	23.61197093156201	26.408107037886015	0.0
11.0	26.322496807045138	23.70901445056079	23.698696605149998	26.269792137244075	0.0
12.0	26.35958527838662	23.67220483990608	23.712639639488906	26.25557024221839	0.0
13.0	26.193663169753655	23.73968912610638	23.5930084048611	26.47363929927887	0.0
14.0	26.22963619834803	23.750843553577504	23.676387750207752	26.343132497866716	0.0
15.0	26.089090412211867	23.813866068789356	23.824183914200145	26.272859604798636	0.0
16.0	26.17246975755852	23.775662154700754	23.76004595624118	26.291822131499547	0.0
17.0	26.228520755600915	23.796576706209112	23.70873558987401	26.266166948315963	0.0
18.0	26.257801127712614	23.79267265659422	23.609461185381004	26.340065030312154	0.0
19.0	26.36655679555608	23.645155353288605	23.637626114745593	26.350661736409727	0.0
20.0	26.30764382896964	23.64815687543049	23.807943603371974	26.236255692227893	0.0
21.0	26.34138587797648	23.656522672704913	23.700861398259356	26.30123005105925	0.0
22.0	26.255423810108088	23.69800671492789	23.727844642000647	26.31872483296338	0.0
23.0	26.19993084293538	23.73314296549955	23.844128899844954	26.222797291720113	0.0
24.0	26.273270794525438	23.67402482961707	23.760750019520138	26.291954356337357	0.0
25.0	26.269645625815663	23.61407011634003	23.74346075336583	26.372823504478475	0.0
26.0	26.356091956587214	23.56415433179775	23.740393302919095	26.339360408695946	0.0
27.0	26.31091677728079	23.674582547880114	23.697448996664843	26.317051678174252	0.0
28.0	26.30115670767755	23.776923849148364	23.65087952170082	26.271039921473267	0.0
29.0	26.20885433514406	23.75182652731146	23.730075515052814	26.309243622491664	0.0
30.0	26.372265786215436	23.72394061415935	23.638330860782368	26.26546273884285	0.0
31.0	26.365294307927407	23.796165129223322	23.644744620807355	26.19379594204192	0.0
32.0	26.320676846884027	23.75600941428428	23.859745011210137	26.063568727621554	0.0
33.0	26.26602045710589	23.759076864731014	23.688246645324647	26.28665603283845	0.0
34.0	26.240644276137466	23.791424523987462	23.711391953240902	26.25653924663417	0.0
35.0	26.257096964897215	23.730354374184337	23.597617427580282	26.41493123333817	0.0
36.0	26.333504366934	23.709718798451775	23.694381546218114	26.262395288396114	0.0
37.0	26.37812182797738	23.664543619145352	23.704699334084395	26.252635218792875	0.0
38.0	26.20327715251364	23.723104036764788	23.595665413659635	26.477953397061942	0.0
39.0	26.226143601298368	23.756567132547325	23.676813420932284	26.340475845222027	0.0
40.0	26.093964372957355	23.803136607511348	23.823772183243914	26.279126836287382	0.0
41.0	26.159775127996344	23.771346666517942	23.765490624755998	26.30338758072972	0.0
42.0	26.235624811770087	23.797001706617884	23.70107416537462	26.266299316237408	0.0
43.0	26.279963413681944	23.789472510066815	23.603194610210707	26.327369466040533	0.0
44.0	26.382304714950195	23.644186902544313	23.627176495521525	26.34633188698397	0.0
45.0	26.31669943252325	23.629062617643367	23.80557995566152	26.248657994171857	0.0
46.0	26.35127786840674	23.6510924276014	23.695709764225263	26.301919939766595	0.0
47.0	26.248027082647805	23.694807114214488	23.720740868808665	26.336424934329038	0.0
48.0	26.205919588629307	23.739703183995804	23.840928484185987	26.213448743188906	0.0
49.0	26.26866254329264	23.67305622326453	23.765358081013705	26.292923152429125	0.0
50.0	26.268104828140075	23.610870983753756	23.74555919309772	26.375464995008453	0.0
51.0	26.362079831346936	23.55677261395515	23.74053975672465	26.340607797973263	0.0
52.0	26.31216432519255	23.67696022933247	23.699547693011272	26.311327752463708	0.0
53.0	26.293759725157972	23.77037751738677	23.661344205060708	26.27451855239455	0.0
54.0	26.1983904340697	23.75559806584385	23.727154593063137	26.318856907023306	0.0
55.0	26.356502679821308	23.730500883978518	23.634016162585123	26.278980273615055	0.0
56.0	26.35873354043156	23.81499472959181	23.636247023195374	26.190024706781255	0.0
57.0	26.320808910057274	23.745001477945156	23.862958232712224	26.071231379285344	0.0
58.0	26.273681979665703	23.756713496148976	23.6674790717389	26.30212545244642	0.0
59.0	26.260575673580476	23.76786779920024	23.707913420299718	26.26364310691957	0.0
60.0	26.266431682682384	23.7232505869952	23.593302956448024	26.417014773874392	0.0
61.0	26.330011210074566	23.699547693011272	23.685047099044635	26.285393997869527	0.0
62.0	26.37351299197448	23.657440198992767	23.693970541485644	26.275076267547114	0.0
63.0	26.21679503410428	23.715442574859317	23.59246638371918	26.475296007317223	0.0
64.0	26.238545925054236	23.73105859913108	23.683373953586944	26.347021522227738	0.0
65.0	26.096886276303238	23.79659012955723	23.821966168998845	26.28455742514068	0.0
66.0	26.170225818865273	23.77065637496305	23.761732932522044	26.297384873649634	0.0
67.0	26.24272878869846	23.79296498106557	23.69898997785871	26.265316252377264	0.0
68.0	26.28985571909003	23.798542132591198	23.604736117075564	26.306866031243203	0.0
69.0	26.403071895060314	23.656603626263923	23.619515568618485	26.320808910057274	0.0
70.0	26.332168641437566	23.63144054633624	23.79819691193981	26.23819390028639	0.0
71.0	26.353640614935014	23.642315961484297	23.70784730917132	26.296196114409366	0.0
72.0	26.255130950787493	23.699415517779858	23.72813768794896	26.31731584348369	0.0
73.0	26.213860259670728	23.736224512559676	23.848882345067597	26.201032882702002	0.0
74.0	26.279670280640698	23.67013563556864	23.760484986391823	26.289709097398834	0.0
75.0	26.300584482220142	23.60153705438808	23.719493151296124	26.37838531209566	0.0
76.0	26.366673359211173	23.567795475839915	23.718656583232946	26.34687458171597	0.0
77.0	26.31341185918886	23.675433899968766	23.698021237674563	26.313133003167806	0.0
78.0	26.28775710525142	23.77721634765538	23.658144826663097	26.276881720430108	0.0
79.0	26.18764779369116	23.74960960157052	23.736503368580735	26.32623923615759	0.0
80.0	26.358865390621517	23.72479141569625	23.642250033462723	26.274093160219515	0.0
81.0	26.347990005800202	23.808448222014007	23.66065453085263	26.182907241333155	0.0
82.0	26.314806139294163	23.75546557801276	23.84720920894124	26.082519073751843	0.0
83.0	26.271025743987863	23.754629009949582	23.674318475884533	26.30002677017802	0.0
84.0	26.256525230892784	23.770802659171018	23.708896622495875	26.263775487440327	0.0
85.0	26.259592647124435	23.73427252041226	23.60376790255655	26.40236692990675	0.0
86.0	26.33850890108419	23.693001829295497	23.687703564895372	26.280785704724934	0.0
87.0	26.37364475973765	23.654798554410387	23.69579038950609	26.27576629634587	0.0
88.0	26.222504796323566	23.70555035024316	23.593729085798422	26.478215767634854	0.0
89.0	26.232264757060637	23.73427252041226	23.68881898897961	26.344643733547496	0.0
90.0	26.107894971668227	23.79394770891893	23.806217373845538	26.291939945567304	0.0
91.0	26.177887832954088	23.758532994244412	23.76857181100254	26.295007361798955	0.0
92.0	26.259871503145494	23.78418774818186	23.69885780573774	26.257082942934908	0.0
93.0	26.276881720430108	23.791995716771517	23.620778119841162	26.310344442957213	0.0
94.0	26.38814527283273	23.66093338687369	23.624682104135992	26.32623923615759	0.0
95.0	26.3339737708758	23.635212724722468	23.798900752630303	26.23191275177143	0.0
96.0	26.353772493161078	23.640232119104652	23.713571048133204	26.292424339601066	0.0
97.0	26.252195978918603	23.687013747525167	23.735255570117957	26.325534703438276	0.0
98.0	26.21761802515267	23.719639720030116	23.857393826162127	26.205348428655086	0.0
99.0	26.279244862106466	23.669724770642205	23.761467889908257	26.289562477343075	0.0
100.0	26.295418421126016	23.59638604612253	23.731072753130142	26.377122779621313	0.0
101.0	26.37433423496277	23.564038928083434	23.726053372744765	26.335573464209027	0.0
102.0	26.33445804634561	23.671955606369036	23.687292601991018	26.30629374529433	0.0
103.0	26.283706533560135	23.78126655698391	23.660243718803155	26.2747831906528	0.0
104.0	26.196425085747748	23.75840049078386	23.734976715652103	26.31019770781629	0.0
105.0	26.354814422352973	23.728841917403308	23.642675887454338	26.273667772789384	0.0
106.0	26.365132037589582	23.804969186581523	23.653272357156798	26.176626418672093	0.0
107.0	26.324698140040713	23.760631326510694	23.851259027913333	26.06341150553526	0.0
108.0	26.27227350046011	23.745852039820416	23.686177184127605	26.295697275591866	0.0
109.0	26.24801316193079	23.773179777474134	23.719082011098408	26.25972504949667	0.0
110.0	26.260282758428378	23.717687738769136	23.622319511446975	26.399709991355515	0.0
111.0	26.353699004489556	23.692869691308104	23.680321240344664	26.273110063857676	0.0
112.0	26.37740163408717	23.639329633864087	23.713226067315468	26.270042664733275	0.0
113.0	26.22654136806001	23.7087643958618	23.596664900588383	26.468029335489806	0.0
114.0	26.242993781545408	23.73553442458381	23.68060009481052	26.34087169906026	0.0
115.0	26.113884163854884	23.78795906416441	23.812777111625444	26.28537966035526	0.0
116.0	26.168260784696468	23.761467889908257	23.77485290426926	26.295418421126016	0.0
117.0	26.25386910571373	23.78238197484733	23.694821672569084	26.26892724686986	0.0
118.0	26.273388918323526	23.783497392710746	23.623434929310395	26.319678759655336	0.0
119.0	26.39775801009453	23.650204958032404	23.633752544547	26.318284487326064	0.0
120.0	26.335646902336528	23.63214531704447	23.803920147012484	26.228287633606516	0.0
121.0	26.36130158473435	23.64971319738211	23.699628285960475	26.28935693192307	0.0
122.0	26.26907375184045	23.693559541337617	23.730089680096373	26.30727702672556	0.0
123.0	26.23087047695534	23.715868023022352	23.851113193236067	26.20214830678624	0.0
124.0	26.274093160219515	23.66734707535805	23.77721634765538	26.281343416767054	0.0
125.0	26.295007361798955	23.60432561459867	23.7339936643912	26.366673359211173	0.0
126.0	26.37838531209566	23.567516619818853	23.7339936643912	26.320104403694284	0.0
127.0	26.33850890108419	23.684078436621604	23.67878017222148	26.298632490072727	0.0
128.0	26.295007361798955	23.772754651318433	23.666231651273815	26.2660063356088	0.0
129.0	26.193503770133404	23.752677017802167	23.729253112033195	26.324566100031234	0.0
130.0	26.359144246642575	23.722839423548834	23.6506157140945	26.26740061571409	0.0
131.0	26.355797974389862	23.80482309374024	23.67069334761076	26.168685584259133	0.0
132.0	26.339903181189488	23.74960960157052	23.85808459376255	26.052402623477445	0.0
133.0	26.273814304198456	23.742080489001918	23.693559541337617	26.290545665462005	0.0
134.0	26.2509481104716	23.764110114665595	23.715310310980232	26.26963146388257	0.0
135.0	26.243697853924065	23.72339713559095	23.624124392093872	26.408780618391113	0.0
136.0	26.365279079105875	23.68212644447419	23.682405300495248	26.270189175924685	0.0
137.0	26.37894302413778	23.64336545754696	23.705829206264223	26.27186231205104	0.0
138.0	26.22752420470263	23.711964038727523	23.592334805693124	26.46817695087672	0.0
139.0	26.241467005755588	23.73176281622273	23.68073216436889	26.34603801365279	0.0
140.0	26.11514522821577	23.781399187971267	23.81458305447731	26.288872529335656	0.0
141.0	26.18067639316468	23.7551867219917	23.76606210681301	26.298074778030607	0.0
142.0	26.26210235131397	23.78418774818186	23.69523267746397	26.2584772230402	0.0
143.0	26.27576629634587	23.78976486860304	23.623287824030697	26.31118101102039	0.0
144.0	26.40320349796993	23.655635122473566	23.63304778476777	26.30811359478874	0.0
145.0	26.339697775001603	23.63757539590694	23.81074546787988	26.211981361211578	0.0
146.0	26.364237173284405	23.643989102276308	23.70199131639929	26.289782408039997	0.0
147.0	26.272845406936863	23.701499696045243	23.713769429401626	26.31188546761627	0.0
148.0	26.239382497783083	23.71627914758816	23.84929421147443	26.195044143154327	0.0
149.0	26.280374561496462	23.666642499010056	23.773166093149584	26.279816846343902	0.0
150.0	26.299615734259884	23.58716808976983	23.735241462775303	26.377974713194984	0.0
151.0	26.39080216170393	23.56234976548078	23.736078035504146	26.310770037311144	0.0
152.0	26.347021522227738	23.67138307780684	23.679748805095286	26.30184659487014	0.0
153.0	26.30463517063295	23.76507922343742	23.666363641433776	26.26392196449585	0.0
154.0	26.204246443171613	23.739145468843244	23.73663575065671	26.319972337328434	0.0
155.0	26.3701667010591	23.70874999302856	23.659392202026737	26.261691103885603	0.0
156.0	26.358175825278995	23.801330708354016	23.67277736568825	26.16771610067874	0.0
157.0	26.331126640379694	23.756434638572696	23.85459250542378	26.05784621562383	0.0
158.0	26.273403122089423	23.733568317317612	23.688951105112572	26.30407745548039	0.0
159.0	26.27061454632661	23.755876923420132	23.72046201123238	26.253046519020874	0.0
160.0	26.255277379631124	23.72129858396123	23.617842423160795	26.40558161324685	0.0
161.0	26.363752976804626	23.677239086908752	23.69536482936705	26.26364310691957	0.0
162.0	26.38020557380523	23.633179589856276	23.720740868808665	26.265873967529824	0.0
163.0	26.24300764627474	23.70986542333369	23.59804353524481	26.44908339514676	0.0
164.0	26.25388309174972	23.722135156690072	23.68616252934976	26.337819222210445	0.0
165.0	26.125329749083953	23.77790667194637	23.813879299286683	26.282884279682996	0.0
166.0	26.182495552221656	23.755040350691285	23.767031226471392	26.29543287061566	0.0
167.0	26.259181385699073	23.794080411370697	23.688672247536292	26.258065955393946	0.0
168.0	26.28372085241184	23.787945544692505	23.622861859533863	26.305471743361796	0.0
169.0	26.395263882924436	23.655767053535076	23.62453500499155	26.324434058548935	0.0
170.0	26.353229876884036	23.63129348447456	23.809205114262213	26.206271524379193	0.0
171.0	26.36717279457899	23.63519750142915	23.703238939780537	26.294390764211318	0.0
172.0	26.275501667577604	23.697448996664843	23.727565782869124	26.299483552888425	0.0
173.0	26.235345952638568	23.71445940368763	23.85779299728949	26.19240164638431	0.0
174.0	26.278290258892817	23.664264760013833	23.787241637014645	26.27020334407871	0.0
175.0	26.297810398099298	23.58980937189769	23.74346075336583	26.36891947663718	0.0
176.0	26.38286243321324	23.553278825668425	23.75322082296907	26.310637918149265	0.0
177.0	26.339918126958985	23.662312746093185	23.69884329232245	26.29892583462538	0.0
178.0	26.30394529899276	23.75879800559949	23.677649998326842	26.2596066970809	0.0
179.0	26.1988154064093	23.74122988031366	23.732585247236507	26.327369466040533	0.0
180.0	26.366409744453488	23.70274732016375	23.66705335132904	26.263789584053722	0.0
181.0	26.354697660929606	23.79783828401245	23.674861407011637	26.17260264804631	0.0
182.0	26.34354329566876	23.757961428204926	23.851379237264503	26.047116038861805	0.0
183.0	26.278847977155863	23.73565269768324	23.697727855796366	26.287771469364536	0.0
184.0	26.26657817536893	23.76047116038862	23.72617148721152	26.24677917703093	0.0
185.0	26.261837570133075	23.722267459370226	23.612396961550903	26.403498008945803	0.0
186.0	26.36306343487524	23.679602012247493	23.696891278401804	26.260443274475463	0.0
187.0	26.377285250582815	23.63693656512476	23.71613255847676	26.269645625815663	0.0
188.0	26.228255595402096	23.69979754488313	23.60609930897551	26.46584755073927	0.0
189.0	26.254468792352437	23.722106648670657	23.6799982152717	26.343426343705207	0.0
190.0	26.112248255706948	23.772859859787282	23.820545569133124	26.294346315372646	0.0
191.0	26.173113550866294	23.75758860224709	23.76930091439694	26.299996932489677	0.0
192.0	26.250637902715308	23.80304352797151	23.68090084412307	26.265417725190115	0.0
193.0	26.291630995239785	23.772089560146906	23.613694481548926	26.322584963064386	0.0
194.0	26.394810887988466	23.64799482427349	23.635724782973643	26.3214695047644	0.0
195.0	26.349708306841123	23.62128969648295	23.812591328402995	26.216410668272932	0.0
196.0	26.36616136264766	23.634954098762954	23.712757532153176	26.28612700643621	0.0
197.0	26.269468341722558	23.6991592186171	23.7306710913426	26.30070134831774	0.0
198.0	26.233215744781717	23.729276760691032	23.857555180635536	26.179952313891718	0.0
199.0	26.278392057892606	23.683821581449823	23.790906175490456	26.24688018516711	0.0
200.0	26.293450828929572	23.59876741170401	23.74851852368271	26.35926323568371	0.0
201.0	26.3977623532102	23.554411571958024	23.75045664838214	26.29736942644963	0.0
202.0	26.35621083630097	23.654246760236592	23.69412506169982	26.295417341762622	0.0
203.0	26.312149496222716	23.744879263562108	23.679344991926733	26.26362624828844	0.0
204.0	26.20896787705213	23.74711021749012	23.726752762897004	26.317169142560743	0.0
205.0	26.39190609914917	23.72201198579998	23.643649729078533	26.24243218597232	0.0
206.0	26.376084107197634	23.808248975152683	23.66853509579185	26.147131821857833	0.0
207.0	26.352380155609474	23.747176441060823	23.860118798627962	26.04032460470175	0.0
208.0	26.283220390975764	23.740204690593714	23.69307565743607	26.283499260994454	0.0
209.0	26.273533209328786	23.758955238448472	23.727721709254883	26.239789842967852	0.0
210.0	26.254569995175537	23.72521187208754	23.63457886326686	26.38563926947006	0.0
211.0	26.37922524115352	23.685054477410073	23.695930438468555	26.239789842967852	0.0
212.0	26.37100619933238	23.649212046170106	23.725065325848398	26.254716428649118	0.0
213.0	26.223144367846864	23.71912857238471	23.610088570599917	26.447638489168508	0.0
214.0	26.24601209200634	23.74311179528367	23.68036499118756	26.33051112152243	0.0
215.0	26.1029493786672	23.787731744863127	23.839323561564377	26.26999531490529	0.0
216.0	26.160470518680473	23.766603547853634	23.792260090411425	26.280665843054468	0.0
217.0	26.256403677809605	23.793096716799177	23.689076169255095	26.261423436136123	0.0
218.0	26.27369395648985	23.788355833935242	23.60513465501711	26.332815554557804	0.0
219.0	26.365165108217624	23.658678743833367	23.639715212377606	26.336440935571403	0.0
220.0	26.338187639089526	23.63559799432208	23.811568901952693	26.214645464635705	0.0
221.0	26.35380470854644	23.625837325911505	23.730137039784484	26.290220925757566	0.0
222.0	26.267426327663763	23.690323804105628	23.745820330692368	26.29642953753824	0.0
223.0	26.23312445444683	23.71012407238532	23.874661513019372	26.182089960148474	0.0
224.0	26.277187023294594	23.666340380555578	23.787094129359893	26.269378466789927	0.0
225.0	26.288620981033574	23.59996765026591	23.742473806476085	26.36893756222444	0.0
226.0	26.390968846648317	23.56148262177862	23.75111899403482	26.29642953753824	0.0
227.0	26.338539967259837	23.668571396699768	23.692554820249818	26.300333815790573	0.0
228.0	26.30312258597081	23.76924600020637	23.673591183024197	26.25404023079862	0.0
229.0	26.194639425959547	23.750561239998774	23.744147068584226	26.310652265457456	0.0
230.0	26.385112429269814	23.717374874853938	23.65462754579858	26.242885150077665	0.0
231.0	26.36482793240002	23.813653856879917	23.681186903898713	26.140331306821352	0.0
232.0	26.358971498689275	23.753137375202186	23.857716548608398	26.030174577500137	0.0
233.0	26.276159029048234	23.734159564499578	23.691490785774842	26.298190620677346	0.0
234.0	26.270654674754233	23.767691556857002	23.72948476608799	26.232169002300775	0.0
235.0	26.262288224220875	23.733667991354668	23.614585512096493	26.389458272327964	0.0
236.0	26.361570103883423	23.686815868367844	23.70996304817681	26.24165097957192	0.0
237.0	26.37774524158126	23.64665690580771	23.732552464616884	26.243045387994147	0.0
238.0	26.23712950258247	23.72522115502605	23.59637673884185	26.44127260354964	0.0
239.0	26.24898903979697	23.756867557241264	23.669855258387486	26.324288144574282	0.0
240.0	26.10378708225379	23.792883219312753	23.82802368355733	26.275306014876133	0.0
241.0	26.150911190320798	23.763185345092065	23.804742540622854	26.281160923964276	0.0
242.0	26.24579528402403	23.801063242275315	23.69758399669759	26.255557477003062	0.0
243.0	26.26431956442305	23.784074775531153	23.621458636088512	26.33014702395729	0.0
244.0	26.34958535449192	23.651111997523007	23.676495610866418	26.32280703711865	0.0
245.0	26.326213516401058	23.645193774879143	23.83655570835995	26.192037000359853	0.0
246.0	26.35004323932268	23.622060423466397	23.748709794403993	26.279186542806933	0.0
247.0	26.25156576491626	23.71621225774234	23.759174894197532	26.273047083143865	0.0
248.0	26.236661133507234	23.71326144875783	23.877303351978686	26.172774065756254	0.0
249.0	26.27655567799802	23.67810961235336	23.79751426299711	26.24782044665151	0.0
