# Position (bp)	A	C	G	T	N
0.0	26.1710533960839	23.8548021614084	23.882981813956192	26.091162628551505	0.0
1.0	26.127476613793505	23.918714775434317	23.889954099122654	26.063854511649527	0.0
2.0	26.052424403522075	23.88351940132877	23.8730612470187	26.19099494813046	0.0
3.0	26.137868928654427	23.903381361840577	23.94463165233558	26.014118057169416	0.0
4.0	26.18613960324999	23.92352003067565	23.779146949719244	26.111193416355118	0.0
5.0	26.27986149841978	23.797987544153187	23.719848020078082	26.202302937348946	0.0
6.0	26.110547917749887	23.848640735243283	23.919806429312132	26.121004917694695	0.0
7.0	25.999035674243785	23.937063221428943	23.745359908447146	26.318541195880123	0.0
8.0	26.161514063643654	23.900061575639285	23.77952435723165	26.158900003485414	0.0
9.0	26.164744425694806	23.891165630273335	23.832205934888744	26.11188400914311	0.0
10.0	26.118891476965793	23.92322124572338	23.823893306690984	26.13399397061984	0.0
11.0	26.095076006203637	23.83522017693152	23.92176908287203	26.147934733992813	0.0
12.0	26.061676260622573	23.892725825845012	23.79049356110992	26.2551043524225	0.0
13.0	26.190628321822523	23.843642721469358	23.944132390782833	26.021596565925286	0.0
14.0	26.246391375314392	23.830282823236928	23.787879667977485	26.13544613347119	0.0
15.0	26.07300313086311	23.909861347490953	23.823893306690984	26.193242214954953	0.0
16.0	26.22751325824683	23.819536818136932	23.88865976986123	26.064290153755003	0.0
17.0	26.139221756884705	23.896501449258526	23.796302212515318	26.16797458134145	0.0
18.0	26.014916616809074	23.95342623303148	23.86455386652881	26.167103283630638	0.0
19.0	26.178430153871172	23.770744146331545	23.879656360182857	26.17116933961442	0.0
20.0	26.232298237665404	23.78716063151291	23.821141044854148	26.159400085967544	0.0
21.0	26.086792365152938	23.90420427746605	23.743305568140894	26.265697789240118	0.0
22.0	26.12948570499193	23.80516734627493	23.950673218787394	26.114673729945746	0.0
23.0	26.022607139952836	23.837695605199873	23.888521009770095	26.251176245077197	0.0
24.0	26.162885256566643	23.806329069807965	23.856283181728415	26.174502491896977	0.0
25.0	26.181763263978436	23.859477921444256	23.879227221505825	26.07953159307148	0.0
26.0	26.15242974476934	23.90536600099908	23.881550668571894	26.060653585659683	0.0
27.0	26.07604642247238	23.862091799393582	23.866448262642457	26.195413515491584	0.0
28.0	26.14371681827159	23.89665307450133	23.941669861406385	26.0179602458207	0.0
29.0	26.189024036059898	23.92395357752762	23.791807525645048	26.095214860767435	0.0
30.0	26.291836568733373	23.788903216812464	23.71716678864764	26.202093425806527	0.0
31.0	26.130937859408217	23.857154474378188	23.9129172039638	26.098990462249795	0.0
32.0	26.003729132541036	23.933537796675147	23.763635729968982	26.299097340814832	0.0
33.0	26.16607999628248	23.894620058318523	23.77670511971561	26.16259482568338	0.0
34.0	26.175954646313272	23.899266952450656	23.833920003717516	26.090858397518556	0.0
35.0	26.127452688809115	23.9059468627656	23.831596556651448	26.135003891773835	0.0
36.0	26.10276606373215	23.830144402235156	23.908560740714925	26.158528793317764	0.0
37.0	26.06907608127418	23.89665307450133	23.791226663878533	26.243044180345958	0.0
38.0	26.182344125744955	23.837114743433357	23.935280381974696	26.04526074884699	0.0
39.0	26.228522636183044	23.839438190499425	23.788322355045945	26.14371681827159	0.0
40.0	26.069366512157437	23.901880830399982	23.831886987534705	26.196865669907876	0.0
41.0	26.2253278964672	23.82230276838718	23.888521009770095	26.063848325375528	0.0
42.0	26.127743119692376	23.899557383333914	23.80226303744235	26.17043645953136	0.0
43.0	26.006633441373623	23.957643559985595	23.863253522926613	26.172469475714173	0.0
44.0	26.177406800729564	23.77873813589842	23.876903774439757	26.16695128893226	0.0
45.0	26.240568311851252	23.775695723139656	23.811999372672936	26.171736592336153	0.0
46.0	26.09070684657787	23.899708989945342	23.75536567940102	26.25421848407577	0.0
47.0	26.111327319512778	23.804448213570016	23.96244169633885	26.12178277057836	0.0
48.0	26.026231565006768	23.831748558019044	23.891576972449887	26.250442904524306	0.0
49.0	26.14646925226099	23.82419739891612	23.8596297608606	26.16970358796229	0.0
50.0	26.19642307401879	23.858468044075533	23.87821722942164	26.066891652484042	0.0
51.0	26.15256826538258	23.874441649870178	23.899418560749076	26.07357152399816	0.0
52.0	26.062535214540045	23.861662765234463	23.877055512636574	26.198746507588915	0.0
53.0	26.133980796821543	23.90755057824453	23.943563798581543	26.014904826352385	0.0
54.0	26.195551786429988	23.922652896450376	23.784118169831377	26.097677147288262	0.0
55.0	26.289069987627716	23.794573620896962	23.724580184596796	26.191776206878526	0.0
56.0	26.12672006691489	23.846850876224885	23.914811308151187	26.111617748709044	0.0
57.0	26.010257959212126	23.920039033683977	23.747814520298096	26.3218884868058	0.0
58.0	26.17812603465401	23.894481264412548	23.792250187326832	26.135142513606606	0.0
59.0	26.18073989742041	23.906388861459465	23.823035682131053	26.089835558989073	0.0
60.0	26.129914788073815	23.912197445384788	23.82564954489745	26.132238221643945	0.0
61.0	26.091287704970405	23.819550531775857	23.933689205908493	26.155472557345245	0.0
62.0	26.086059979437614	23.891867401646152	23.79544490848576	26.22662771043047	0.0
63.0	26.19903693678518	23.850626455776347	23.916844312525047	26.033492294913422	0.0
64.0	26.227789427215537	23.84481787185102	23.79137889973803	26.136013801195407	0.0
65.0	26.072990665605634	23.90116113592667	23.843075296673426	26.182772901794273	0.0
66.0	26.221980843290215	23.817807956598262	23.886349246917092	26.07386195319443	0.0
67.0	26.138337234765537	23.881411950580567	23.800672634018554	26.179578180635342	0.0
68.0	26.01141967599719	23.940659506618882	23.87269907469258	26.175221742691352	0.0
69.0	26.183063330990535	23.77918087349485	23.87821722942164	26.159538566092973	0.0
70.0	26.22850836431227	23.780494888475836	23.823187732342006	26.167809014869885	0.0
71.0	26.094040427509295	23.889986059479554	23.752904275092938	26.263069237918213	0.0
72.0	26.098977695167285	23.81563661710037	23.95765566914498	26.127730018587357	0.0
73.0	26.022014405204462	23.833352695167285	23.8833062267658	26.261326672862456	0.0
74.0	26.15212592936803	23.81563661710037	23.85513475836431	26.177102695167285	0.0
75.0	26.20004646840149	23.866171003717472	23.871979553903348	26.061802973977695	0.0
76.0	26.170132434944236	23.884758364312265	23.89056691449814	26.05454228624535	0.0
77.0	26.080099907063197	23.868494423791823	23.8833062267658	26.168099442379184	0.0
78.0	26.147769516728626	23.902764869888475	23.9431342936803	26.006331319702603	0.0
79.0	26.196851765799256	23.928322490706318	23.780494888475836	26.094330855018587	0.0
80.0	26.29821096654275	23.78862685873606	23.733736059479554	26.179426115241633	0.0
81.0	26.141960966542747	23.840032527881043	23.92048094795539	26.097525557620816	0.0
82.0	25.99035780669145	23.9291937732342	23.764521375464685	26.315927044609666	0.0
83.0	26.161419609665426	23.90857342007435	23.792983271375466	26.13702369888476	0.0
84.0	26.181749535315983	23.91351068773234	23.831610130111525	26.073129646840147	0.0
85.0	26.125116171003715	23.910025557620816	23.831900557620816	26.132957713754646	0.0
86.0	26.09055529739777	23.81563661710037	23.94342472118959	26.15038336431227	0.0
87.0	26.099848977695167	23.884467936802974	23.793564126394052	26.222118959107803	0.0
88.0	26.189010223048324	23.8557156133829	23.925708643122675	26.029565520446095	0.0
89.0	26.236640334572492	23.836837825278813	23.786013011152416	26.140508828996285	0.0
90.0	26.063835966542754	23.9108968401487	23.844388940520446	26.180878252788105	0.0
91.0	26.225894516728626	23.801696096654275	23.90450743494424	26.067901951672862	0.0
92.0	26.14283224907063	23.88098280669145	23.81244191449814	26.163743029739777	0.0
93.0	25.993842936802974	23.935873605947954	23.8650092936803	26.205274163568777	0.0
94.0	26.185234665427508	23.770910780669144	23.883596654275095	26.160257899628252	0.0
95.0	26.24171560341773	23.76699717125249	23.83902277519299	26.15226445013679	0.0
96.0	26.075882458861184	23.891880274859	23.770772706942918	26.2614645593369	0.0
97.0	26.107829299318663	23.81520785776105	23.963905878799498	26.113056964120794	0.0
98.0	26.026510069063256	23.823049354964247	23.898269642950495	26.252170933021997	0.0
99.0	26.13890486230912	23.818692967629136	23.85238236302066	26.190019807041082	0.0
100.0	26.203669820691093	23.869517486538765	23.853834492132364	26.072978200637774	0.0
101.0	26.16852829618787	23.88461962930048	23.891589849036656	26.05526222547499	0.0
102.0	26.061361167744145	23.867774931604718	23.87997281614303	26.190891084508106	0.0
103.0	26.164462334675097	23.878811112853665	23.95316012337289	26.003566429098345	0.0
104.0	26.195247471843214	23.91743774722498	23.79516847601954	26.092146304912262	0.0
105.0	26.305318858510347	23.789650385395067	23.72256202043436	26.182468735660226	0.0
106.0	26.124673997014426	23.857900453645133	23.91308135988987	26.104344189450572	0.0
107.0	25.991949396204717	23.922665412027115	23.77803335250144	26.307351839266737	0.0
108.0	26.174627238457028	23.903497307752627	23.78326101730357	26.13861443648678	0.0
109.0	26.18972938121874	23.886362184234525	23.843669588350437	26.08023884619629	0.0
110.0	26.12031760967931	23.903206881930288	23.854705769599384	26.121769738791016	0.0
111.0	26.09911652464844	23.813174877004663	23.947351606926077	26.14035699142082	0.0
112.0	26.09185587908992	23.89536538472709	23.793425921085497	26.219352815097498	0.0
113.0	26.19350491690917	23.85528662124407	23.916276043935618	26.03493241791114	0.0
114.0	26.259722004402857	23.81956424509616	23.793425921085497	26.12728782941549	0.0
115.0	26.072397348993093	23.90582071433135	23.850639808086616	26.171142128588937	0.0
116.0	26.217029408518773	23.80039614082167	23.920051579626048	26.06252287103351	0.0
117.0	26.13658145573039	23.88432920347814	23.816950412695093	26.162138928096372	0.0
118.0	25.980041937488746	23.950836716794164	23.879101538676007	26.190019807041082	0.0
119.0	26.184211290594266	23.77890462996846	23.88868559081325	26.14819848862402	0.0
120.0	26.2409967472119	23.749128717472118	23.834804832713754	26.175069702602233	0.0
121.0	26.083004182156134	23.89550418215613	23.762488382899626	26.259003252788105	0.0
122.0	26.099848977695167	23.820573884758364	23.975952602230482	26.103624535315983	0.0
123.0	26.03363150557621	23.81563661710037	23.9016031598513	26.24912871747212	0.0
124.0	26.142541821561338	23.823768587360593	23.85484433085502	26.17884526022305	0.0
125.0	26.197723048327138	23.874883828996282	23.860362453531597	26.06703066914498	0.0
126.0	26.185234665427508	23.87226998141264	23.89550418215613	26.046991171003718	0.0
127.0	26.07458178438662	23.860943308550187	23.888824349442377	26.175650557620816	0.0
128.0	26.161419609665426	23.88504879182156	23.952137546468403	26.001394052044606	0.0
129.0	26.197723048327138	23.907121282527882	23.80750464684015	26.08765102230483	0.0
130.0	26.308375929368026	23.781656598513013	23.72879879182156	26.181168680297397	0.0
131.0	26.13884217832882	23.85433275538091	23.92926327039751	26.077561795892763	0.0
132.0	25.991595003470618	23.923745131694737	23.77127024648654	26.313389618348104	0.0
133.0	26.165056720822033	23.904065427889336	23.78005216108365	26.150825690204986	0.0
134.0	26.171736592336153	23.91132615779599	23.84801259300995	26.068924656857906	0.0
135.0	26.140079809943135	23.897095127178943	23.855273322916606	26.107551739961316	0.0
136.0	26.07850882033469	23.8140323770468	23.960408691964986	26.147050110653524	0.0
137.0	26.075314099175763	23.881702379776833	23.806771647140142	26.236211873907262	0.0
138.0	26.20426466231797	23.82884426605638	23.91829645850638	26.04859461311927	0.0
139.0	26.261479213982426	23.808223793121474	23.810547226691607	26.119749766204496	0.0
140.0	26.08402697506375	23.888672680487225	23.847431734617416	26.17986860983161	0.0
141.0	26.21210625061716	23.799510917233487	23.924105042431705	26.064277789717643	0.0
142.0	26.141241526728198	23.884606671739498	23.82652083248625	26.147630969046055	0.0
143.0	26.005901521268132	23.940949935815148	23.881702379776833	26.17144616313989	0.0
144.0	26.19235706527106	23.771920143588193	23.89593341039388	26.13978938074687	0.0
145.0	26.231426945015624	23.739820397541795	23.85250758024605	26.17624507719653	0.0
146.0	26.09724787695024	23.876903774439757	23.772639087349994	26.253209261260007	0.0
147.0	26.122224932910466	23.791226663878533	23.97274596591503	26.113802437295973	0.0
148.0	26.03364351351665	23.828692247818864	23.90042867598369	26.237235562680794	0.0
149.0	26.140888430652165	23.818886775191324	23.868260168740832	26.17196462541568	0.0
150.0	26.197522617370723	23.863613261112643	23.863322829385883	26.075541292130755	0.0
151.0	26.18627183326847	23.86832948994232	23.895920584117984	26.049478092671226	0.0
152.0	26.069517940019864	23.857293052272055	23.8860458767288	26.18714313097928	0.0
153.0	26.15141992483605	23.88924063500177	23.947327149055802	26.012012291106373	0.0
154.0	26.201664759492786	23.90521442636663	23.81663249243423	26.07648832170635	0.0
155.0	26.30041183338464	23.772196309182895	23.74373391729642	26.18365794013604	0.0
156.0	26.1337794390569	23.84923020623677	23.922128993096397	26.09486136160993	0.0
157.0	25.976364528786306	23.921838559682616	23.778654886687402	26.323142024843676	0.0
158.0	26.173354399498127	23.901577638885662	23.78424219893585	26.140825762680358	0.0
159.0	26.191942191965428	23.89605938799693	23.84029601059504	26.071702409442597	0.0
160.0	26.15041009317131	23.8899602685936	23.86469248820837	26.09493715002672	0.0
161.0	26.071702409442597	23.80776737377727	23.94920885708311	26.171321359697018	0.0
162.0	26.090871070424498	23.88008550384535	23.794988266456006	26.234055159274146	0.0
163.0	26.21953344640907	23.813285624666	23.91871326006645	26.04846766885848	0.0
164.0	26.257289899858264	23.792374358140293	23.81009084783568	26.140244894165754	0.0
165.0	26.085352819535768	23.877181161272336	23.867596830781384	26.16986918841051	0.0
166.0	26.2247612630405	23.797021306257115	23.93584888124724	26.042368549455148	0.0
167.0	26.154476172773535	23.888508097307092	23.820256046841237	26.136759683078136	0.0
168.0	25.997060805316107	23.938753223820257	23.876600292757733	26.1875856781059	0.0
169.0	26.202397825228278	23.772334394386487	23.891702874137412	26.13356490624782	0.0
170.0	26.229270134471843	23.743138450814673	23.84508146728239	26.182509947431093	0.0
171.0	26.10322093462287	23.874415497661992	23.791350817577182	26.231012750137957	0.0
172.0	26.106706165955096	23.80006389590776	23.96590282013302	26.127327118004125	0.0
173.0	26.03525892364439	23.83114054195347	23.8932938340449	26.240306700357234	0.0
174.0	26.13814916252552	23.82017315841294	23.869837849141323	26.171839829920216	0.0
175.0	26.180843370344657	23.882617067808276	23.85589688332283	26.080642678524235	0.0
176.0	26.183533348048837	23.85306179351046	23.90940669400653	26.053998164434166	0.0
177.0	26.074909673896627	23.849576541933384	23.89430393717253	26.181209846997454	0.0
178.0	26.157393961220766	23.879782055601382	23.93641739372887	26.026406589448982	0.0
179.0	26.22913205618225	23.88152468138992	23.81937102826539	26.069972234162435	0.0
180.0	26.310454592980705	23.75315124830094	23.750827747249556	26.185566411468802	0.0
181.0	26.112451968737204	23.85429282587923	23.935325160394648	26.09793004498892	0.0
182.0	25.974784131603485	23.91906060579657	23.783135399512645	26.323019863087303	0.0
183.0	26.15406063211213	23.883986918613097	23.815152800125468	26.146799649149305	0.0
184.0	26.17700533827467	23.89792800590173	23.837516627650984	26.08755002817261	0.0
185.0	26.142443059371605	23.90286547431645	23.85813781926542	26.096553647046523	0.0
186.0	26.082031681120867	23.803825666703457	23.94933576527856	26.164806886897118	0.0
187.0	26.101781554779755	23.85813781926542	23.809344013755208	26.230736612199614	0.0
188.0	26.215633767636927	23.800049955562784	23.92174403001981	26.06257224678048	0.0
189.0	26.24874384994743	23.798597758970217	23.805568302614535	26.147090088467817	0.0
190.0	26.106428583875974	23.871207588598516	23.852329032895156	26.17003479463036	0.0
191.0	26.22957485492556	23.78959414009631	23.91477348637549	26.066057518602637	0.0
192.0	26.167130401445228	23.888924387027817	23.812248406940338	26.131696804586618	0.0
193.0	26.015230637862828	23.937718192538032	23.88456779725012	26.162483372349016	0.0
194.0	26.21389113172585	23.75793625437837	23.896185369990647	26.13198724390513	0.0
195.0	26.230308099818767	23.747908824759513	23.839107300525118	26.1826757748966	0.0
196.0	26.106870672429018	23.87396022119987	23.773758074259955	26.24541103211116	0.0
197.0	26.13388168595195	23.80483526186161	23.9578976718249	26.103385380361544	0.0
198.0	26.050815558343785	23.83736465449138	23.879188159301084	26.23263162786375	0.0
199.0	26.132505380435255	23.81216544729497	23.868801607886077	26.1865275643837	0.0
200.0	26.184065686710174	23.882300661339933	23.864293162087826	26.06934048986207	0.0
201.0	26.181818181818183	23.85564914318908	23.909671797850713	26.052860877142024	0.0
202.0	26.087726839696074	23.83559495317982	23.889618235471804	26.1870599716523	0.0
203.0	26.165137934439752	23.888595212231404	23.937681167839113	26.008585685489727	0.0
204.0	26.23600759815739	23.866811504121475	23.821501391252824	26.07567950646831	0.0
205.0	26.319657037299514	23.753826671391312	23.748889030886396	26.177627260422774	0.0
206.0	26.146334662627474	23.842483001397067	23.942978800033693	26.06820353594177	0.0
207.0	25.974388093861915	23.911900619530456	23.790201950083215	26.323509336524413	0.0
208.0	26.157599697929072	23.89671497865172	23.806093700078424	26.13959162334079	0.0
209.0	26.191886977687158	23.88479345660294	23.83977274707656	26.083546818633348	0.0
210.0	26.139895319588945	23.903963565175466	23.853133731839225	26.103007383396363	0.0
211.0	26.097779171967495	23.806079828979396	23.942594238511006	26.153546760542106	0.0
212.0	26.107364226253754	23.851100538505776	23.817698076599108	26.22383715864136	0.0
213.0	26.216589888521618	23.80258044277656	23.917021511435394	26.063808157266426	0.0
214.0	26.243893087643272	23.814779744511767	23.809551472339535	26.13177569550543	0.0
215.0	26.105785988149183	23.866329731613803	23.858196816544673	26.16968746369234	0.0
216.0	26.22793207814615	23.795595419980366	23.929789298183447	26.04668320369004	0.0
217.0	26.165925013651837	23.900591385981016	23.818970825732844	26.114512774634306	0.0
218.0	26.007912256445408	23.929347384075566	23.89739627508162	26.1653440843974	0.0
219.0	26.207461455343967	23.77249648537801	23.88752047775622	26.1325215815218	0.0
220.0	26.22213701876993	23.754335209745726	23.838860907300578	26.184666864183757	0.0
221.0	26.105950492921338	23.874297797684402	23.779605779117794	26.240145930276466	0.0
222.0	26.123668938113248	23.81184754004078	23.959694894183123	26.10478862766285	0.0
223.0	26.031010183748993	23.828404119974206	23.896082771281016	26.24450292499579	0.0
224.0	26.127685778770548	23.825112485367463	23.877107012870823	26.170094722991166	0.0
225.0	26.198270528398016	23.871297568457038	23.854159707436377	26.07627219570856	0.0
226.0	26.17714209361366	23.8437719670255	23.90999982571616	26.06908611364468	0.0
227.0	26.055875723282135	23.832581971974996	23.8964864174006	26.21505588734227	0.0
228.0	26.16815100127229	23.878906181919586	23.944263380797185	26.008679436010944	0.0
229.0	26.224212954087296	23.88791095154272	23.81616327099709	26.071712823372895	0.0
230.0	26.319061174693548	23.759077441468655	23.753558357055713	26.168303026782088	0.0
231.0	26.135554916501818	23.84280440017545	23.944762518917443	26.076878164405286	0.0
232.0	25.97245662397569	23.910043949723608	23.78223246005165	26.335266966249055	0.0
233.0	26.163959379066743	23.886003439300985	23.806701989217327	26.143335192414945	0.0
234.0	26.19300752928054	23.86712214166202	23.84911228852947	26.090758040527977	0.0
235.0	26.16105456404536	23.893265476854435	23.844174102993122	26.10150585610708	0.0
236.0	26.091048522030118	23.804668618702358	23.951361777282024	26.152921081985497	0.0
237.0	26.09962411475248	23.860289205063705	23.81294044513644	26.22714623504738	0.0
238.0	26.222360363919456	23.810754912099277	23.90806734601397	26.0588173779673	0.0
239.0	26.24443721459861	23.80814054820306	23.823536246702997	26.12388599049533	0.0
240.0	26.117887654941423	23.869475922531468	23.840136182870822	26.172500239656287	0.0
241.0	26.228684309909074	23.796298986142986	23.933707114429307	26.041309589518637	0.0
242.0	26.191250893329226	23.88515417555154	23.80439140312244	26.119203527996792	0.0
243.0	26.022358833714893	23.93929181531882	23.883220415799933	26.155128935166356	0.0
244.0	26.224026124953514	23.77713601710673	23.88608683525474	26.112751022685014	0.0
245.0	26.250722730191384	23.73605748138334	23.83803870637833	26.175181082046944	0.0
246.0	26.09476378787835	23.87429139269121	23.797001984536305	26.233942834894137	0.0
247.0	26.117188975577154	23.82135437097735	23.97071002048555	26.090746632959945	0.0
248.0	26.04268673630988	23.84645560608482	23.890043151670127	26.22081450593517	0.0
249.0	26.14621048777511	23.807877164127927	23.887787896575173	26.158124451521793	0.0
