# Position (bp)	A	C	G	T	N
0.0	26.07156823295381	23.904061842933004	23.78164547994582	26.24272444416737	0.0
1.0	26.187467058096765	23.801198093478497	23.80941585858643	26.20191898983831	0.0
2.0	26.175590270508824	23.685788809614067	23.823561029981725	26.31505988989538	0.0
3.0	26.30756360470966	23.74048261009649	23.823856924024803	26.12809686116905	0.0
4.0	26.236170182701958	23.830099899676423	23.770470955617416	26.16325896200421	0.0
5.0	26.129748731222662	23.822778085474337	23.911790304167468	26.135682879135537	0.0
6.0	26.044930677011667	23.866773281193932	23.731150560997733	26.357145480796675	0.0
7.0	26.211611809577622	23.6940245797429	23.779629891227575	26.3147337194519	0.0
8.0	26.15107324266754	23.806833270240187	23.90486306903897	26.137230418053303	0.0
9.0	26.37182590911274	23.791592631617604	23.70571668281549	26.13086477645417	0.0
10.0	26.147540520538502	23.740600760413315	23.839465789875092	26.272392929173094	0.0
11.0	26.14273850482179	23.84257297651532	23.75867893722918	26.256009581433716	0.0
12.0	26.170138241558337	23.681564214248993	23.84765746374478	26.300640080447884	0.0
13.0	26.205164709139083	23.7699777977391	23.721957640571947	26.30289985254987	0.0
14.0	26.217028512674496	23.773084984379324	23.887203475529493	26.122683027416688	0.0
15.0	26.224090300493195	23.863758339971415	23.679304442147007	26.23284691738838	0.0
16.0	26.20685953821557	23.80104966414137	23.887768418554987	26.104322379088067	0.0
17.0	26.29357829262919	23.719980339982712	23.868842827200876	26.11759854018722	0.0
18.0	26.129462343722636	23.803874379268848	23.860651153331187	26.206012123677326	0.0
19.0	26.246970493025778	23.743990418566288	23.72280505511019	26.286234033297738	0.0
20.0	26.36504358535442	23.856979023665463	23.63552135767108	26.142456033309042	0.0
21.0	26.201492579473364	23.894265263348192	23.649927404821224	26.254314752357228	0.0
22.0	26.087374088323195	23.908671310498335	23.770260269251846	26.23369433192663	0.0
23.0	26.385099062759522	23.768000497149863	23.660096379280148	26.186804060810466	0.0
24.0	26.189628775937944	23.87392731443034	23.667440638611595	26.269003271020118	0.0
25.0	26.082289601093727	23.891158076707963	23.77675711404505	26.24979520815326	0.0
26.0	26.191888548039934	23.79540023388641	23.82308244213571	26.189628775937944	0.0
27.0	26.162229039201396	23.690885774169676	23.840878147438833	26.3060070391901	0.0
28.0	26.311938940957802	23.73947087436232	23.821105141546475	26.127485043133404	0.0
29.0	26.220135699314724	23.838618375336846	23.77929935765978	26.16194656768865	0.0
30.0	26.14174340432744	23.82464267555505	23.909383650641207	26.1242302694763	0.0
31.0	26.041749053725777	23.8537370770013	23.73905429071804	26.365459578554884	0.0
32.0	26.206993955143776	23.702898141347948	23.787074176600193	26.303033726908083	0.0
33.0	26.156714309925995	23.8133438788769	23.902039432800407	26.1279023783967	0.0
34.0	26.36884921755833	23.7876391164341	23.704310490932716	26.139201175074856	0.0
35.0	26.140048584825713	23.74131405005367	23.841590870572286	26.27704649454833	0.0
36.0	26.144285633580022	23.841590870572286	23.76645387266256	26.247669623185132	0.0
37.0	26.18806847070787	23.675498559403422	23.835376532399298	26.301056437489407	0.0
38.0	26.214055703067622	23.746680978475794	23.73396983221287	26.305293486243713	0.0
39.0	26.22168239082538	23.766736342579513	23.89130557595616	26.120275690638945	0.0
40.0	26.235240946839163	23.84921755833004	23.684537596745947	26.231003898084854	0.0
41.0	26.2086887746455	23.796678153776625	23.885656177617083	26.108976893960794	0.0
42.0	26.292017400146882	23.71108976893961	23.878594429693237	26.11829840122027	0.0
43.0	26.144003163663072	23.800632732613977	23.86136376475905	26.194000338963903	0.0
44.0	26.254166431275067	23.73707700129936	23.736512061465454	26.272244505960114	0.0
45.0	26.39088187108073	23.845545449409638	23.617592226427885	26.145980453081748	0.0
46.0	26.208971244562456	23.892435455623975	23.64414439862155	26.254448901192024	0.0
47.0	26.076492853511102	23.898367323880006	23.777187729506807	26.247952093102082	0.0
48.0	26.377888254900856	23.777187729506807	23.65318343596407	26.19174057962827	0.0
49.0	26.19795491780125	23.861928704592962	23.673521269984747	26.266595107621036	0.0
50.0	26.077622733178917	23.893565335291793	23.776905259589853	26.25190667193944	0.0
51.0	26.18439636178747	23.80825942037173	23.82887972430936	26.17846449353144	0.0
52.0	26.16547087735156	23.699790972261454	23.835376532399298	26.29936161798768	0.0
53.0	26.310660414665836	23.737924411050223	23.823230325970286	26.12818484831366	0.0
54.0	26.22111745099147	23.842720750240098	23.774080560420316	26.16208123834812	0.0
55.0	26.136793758579973	23.8177288417104	23.93382332171447	26.111654077995155	0.0
56.0	26.055442882080776	23.85614453339058	23.726209105648802	26.36220347887984	0.0
57.0	26.221816723254488	23.69429018535571	23.785809921417314	26.298083169972486	0.0
58.0	26.166452932303642	23.808689855432714	23.90557648959669	26.119280722666954	0.0
59.0	26.373784680048136	23.792871629446758	23.704459044918114	26.128884645586997	0.0
60.0	26.1517645796024	23.74541695148889	23.832134726090466	26.27068374281824	0.0
61.0	26.156001604420066	23.833829536017536	23.775358593533735	26.234810266028664	0.0
62.0	26.191310144567286	23.6779070227274	23.85134257193056	26.279440260774756	0.0
63.0	26.20091406748733	23.758692962584245	23.724514295721736	26.31587867420669	0.0
64.0	26.23255051945924	23.76660207557722	23.892865415143692	26.10798198981984	0.0
65.0	26.24949861872991	23.842868522295223	23.675929744479156	26.23170311449571	0.0
66.0	26.21390761026151	23.809819728717425	23.884956302150716	26.091316358870355	0.0
67.0	26.28508962719831	23.71010841134167	23.88184915061776	26.122952810842264	0.0
68.0	26.139335973470573	23.793154097767935	23.87281016434007	26.19469976442142	0.0
69.0	26.257690200044063	23.734683155284134	23.73581302856885	26.27181361610295	0.0
70.0	26.396099677421176	23.838066560835202	23.624238041703624	26.141595720039994	0.0
71.0	26.200066662523795	23.888628390326026	23.653049810463756	26.25825513668642	0.0
72.0	26.071543576387906	23.901621933100202	23.776488466818446	26.250346023693442	0.0
73.0	26.36757037698222	23.76575467061369	23.67931936433329	26.187355588070798	0.0
74.0	26.203738750699106	23.868573139522404	23.66660828988029	26.261079819898196	0.0
75.0	26.07860528441735	23.886651112077782	23.780443023314934	26.25430058018993	0.0
76.0	26.194982232742596	23.80417036229387	23.827050296309267	26.173797108654263	0.0
77.0	26.161086034201265	23.704176576596936	23.8406087757258	26.294128613475998	0.0
78.0	26.307404624571358	23.728468852218224	23.8304399161634	26.133686607047018	0.0
79.0	26.230008304568642	23.84456333222229	23.769144290467825	26.156284072741244	0.0
80.0	26.141165570695772	23.817594287392946	23.93368811154046	26.107552030370822	0.0
81.0	26.060380087225727	23.864201297087202	23.716753666418096	26.358664949268977	0.0
82.0	26.20443811718979	23.708844598106342	23.78030867963754	26.306408605066324	0.0
83.0	26.159243441122637	23.81250988633539	23.906571305900165	26.12167536664181	0.0
84.0	26.366574017580728	23.793584615732264	23.707149797753825	26.13269156893318	0.0
85.0	26.148792172282104	23.740198404627936	23.83482475764355	26.27618466544641	0.0
86.0	26.14992203918378	23.83369489074187	23.78030867963754	26.23607439043681	0.0
87.0	26.191162181095066	23.6653447223917	23.849230560639956	26.294262535873276	0.0
88.0	26.19963618285766	23.75912367523106	23.728899735611144	26.312340406300137	0.0
89.0	26.234944523535127	23.754321740898924	23.891600569452915	26.119133166113034	0.0
90.0	26.24398345874856	23.851490294443316	23.673818724154295	26.23070752265383	0.0
91.0	26.227600388674215	23.799233950240662	23.883126567690326	26.090039093394797	0.0
92.0	26.296522269676633	23.707149797753825	23.881996700788648	26.114331231780895	0.0
93.0	26.136928569814476	23.794714482633946	23.873522699026054	26.194834248525524	0.0
94.0	26.25471719431451	23.7325718030416	23.73822113755	26.27448986509389	0.0
95.0	26.38747655526179	23.84471109303324	23.632296115517594	26.135516236187378	0.0
96.0	26.218561453460783	23.879454500259868	23.65715318735453	26.244830858924818	0.0
97.0	26.085237159062665	23.893012903080017	23.78030867963754	26.241441258219783	0.0
98.0	26.3775902198721	23.759971075407314	23.673818724154295	26.18861998056629	0.0
99.0	26.20133098321018	23.875499966103995	23.660825254784985	26.262343795900843	0.0
100.0	26.08015275800511	23.89188303617834	23.776071678756242	26.25189252706031	0.0
101.0	26.195116715250943	23.796126816261047	23.83115269021309	26.17760377827492	0.0
102.0	26.171107043590265	23.70263033014711	23.838496825074007	26.287765801188616	0.0
103.0	26.308385872144264	23.727487401984046	23.836237091270647	26.127889634601043	0.0
104.0	26.2202562538133	23.840191625426524	23.788782681400132	26.150769439360044	0.0
105.0	26.12943682102444	23.80898578070537	23.944569042951645	26.11700835531854	0.0
106.0	26.059667933993545	23.85305034093541	23.718879404337535	26.3684023207335	0.0
107.0	26.19807584753662	23.698824380130272	23.78836582623875	26.314733946094353	0.0
108.0	26.151186636009783	23.81039810635377	23.92027704179919	26.118138215837256	0.0
109.0	26.37235683254902	23.779044476959317	23.718032008948494	26.130566681543165	0.0
110.0	26.145819798545872	23.73413252134024	23.8434465265263	26.276601153587592	0.0
111.0	26.152598961658185	23.827628479264234	23.769158197420527	26.250614361657053	0.0
112.0	26.184235056182313	23.65786693632671	23.86321908560388	26.294678921887094	0.0
113.0	26.204007615259894	23.75729466197398	23.72537610232017	26.313321620445958	0.0
114.0	26.230559337449794	23.7584245224927	23.891183133442176	26.119833006615334	0.0
115.0	26.247224780100897	23.82988820030167	23.686113449294684	26.236773570302745	0.0
116.0	26.208527057334774	23.798534570907222	23.895702575517053	26.097235796240952	0.0
117.0	26.289312084423177	23.705038612983227	23.884121505200184	26.121527797393412	0.0
118.0	26.125764774338606	23.795709919610424	23.87790727234723	26.200618033703737	0.0
119.0	26.257111059639687	23.729895544395045	23.73780456802608	26.27518882793919	0.0
120.0	26.397778694220197	23.84372899165598	23.62933795822906	26.129154355894762	0.0
121.0	26.222650313818757	23.864631411252283	23.664646099439025	26.248072175489934	0.0
122.0	26.06842435301362	23.902481738629366	23.78836582623875	26.240728082118263	0.0
123.0	26.389304740329806	23.763226429697255	23.663798704049984	26.18367012592295	0.0
124.0	26.19948817318502	23.870845644105234	23.666623355346783	26.263042827362966	0.0
125.0	26.087914446961523	23.884968900589225	23.77763215131092	26.249484501138337	0.0
126.0	26.190449289035268	23.79316773344331	23.82169671154096	26.194686265980465	0.0
127.0	26.171806590476404	23.690067961110202	23.851355550157333	26.28676989825606	0.0
128.0	26.313039155316275	23.733002660821523	23.824521362837757	26.12943682102444	0.0
129.0	26.22152045330004	23.848248433730856	23.77678475592188	26.153446357047223	0.0
130.0	26.142577904322874	23.807143018552416	23.948093914536866	26.102185162587848	0.0
131.0	26.062922287754503	23.855162361873774	23.72325040110275	26.358664949268977	0.0
132.0	26.192574514722168	23.70206539669627	23.794149549183103	26.31121053939846	0.0
133.0	26.14427270467539	23.80375341784738	23.937360178970916	26.114613698506318	0.0
134.0	26.37504801934332	23.779461279461277	23.717883533319775	26.12760716787562	0.0
135.0	26.147662305380425	23.73596140374664	23.8469708268366	26.26940546403634	0.0
136.0	26.14512010485165	23.839909158701104	23.781438546539217	26.233532189908026	0.0
137.0	26.193421914898423	23.650656452669875	23.873240232300635	26.282681400131064	0.0
138.0	26.218561453460783	23.752344473820983	23.729464669061983	26.29962940365625	0.0
139.0	26.23127245610467	23.751779540370144	23.886798635120783	26.130149368404403	0.0
140.0	26.24567825910108	23.837931891623168	23.68116285901521	26.235226990260546	0.0
141.0	26.21517185275575	23.784828147244255	23.897532370686733	26.10246762931327	0.0
142.0	26.293206938532244	23.699872607146993	23.888278445185765	26.118642009135	0.0
143.0	26.138414735765753	23.789697279555284	23.875284939114124	26.196603045564835	0.0
144.0	26.25917671550558	23.7398346425777	23.73418526019643	26.266803381720294	0.0
145.0	26.402388558870804	23.842935871035902	23.633061315571673	26.121614254521624	0.0
146.0	26.216806347646042	23.875702288847272	23.65565884509676	26.251832518409923	0.0
147.0	26.07867894842396	23.886153646252623	23.790114145771014	26.2450532595524	0.0
148.0	26.37922609110759	23.763279579459976	23.66978230104994	26.1877120283825	0.0
149.0	26.207276425060734	23.861928704592962	23.667589401728716	26.26320546861759	0.0
150.0	26.082142251850176	23.886503587367947	23.780577368510254	26.250776792271623	0.0
151.0	26.19597762838258	23.79696062369358	23.81842833738207	26.18863341054178	0.0
152.0	26.176769674029714	23.674086209818654	23.855714366419974	26.293429749731658	0.0
153.0	26.314050053669284	23.720411276199087	23.832834303146715	26.132704366984917	0.0
154.0	26.229591548500085	23.846957798994406	23.77436303033727	26.14908762216824	0.0
155.0	26.14273850482179	23.80641662288358	23.949629679846787	26.101215192447842	0.0
156.0	26.052630092255196	23.84935229282127	23.730431785954387	26.367585828969148	0.0
157.0	26.202057522498855	23.69597026139914	23.796530119937405	26.3054420961646	0.0
158.0	26.144433333898277	23.806981565909076	23.92985667395443	26.118728426238214	0.0
159.0	26.365608528379912	23.775909699506805	23.726477184775916	26.132004587337367	0.0
160.0	26.148952878102243	23.734386387132858	23.84822240677028	26.26843832799462	0.0
161.0	26.148952878102243	23.833533888107382	23.77788700009604	26.23962623369433	0.0
162.0	26.1893463044252	23.64343056002802	23.877316972583316	26.289906162963465	0.0
163.0	26.213921326034267	23.754441864537963	23.733821444107363	26.29781536532041	0.0
164.0	26.230869616799147	23.749639848821246	23.89285290578445	26.126637628595155	0.0
165.0	26.255162166895467	23.83014422995441	23.696817675937382	26.21787592721274	0.0
166.0	26.218723341750984	23.786643616991228	23.893700320322694	26.100932720935095	0.0
167.0	26.289980424668872	23.69321247284735	23.89348534109944	26.12332176138434	0.0
168.0	26.132360875325194	23.786710807673078	23.886423533333144	26.19450478366858	0.0
169.0	26.25510218493567	23.73402256966513	23.734869991384546	26.276005254014663	0.0
170.0	26.402553564114516	23.84051523240541	23.643065971780857	26.113865231699222	0.0
171.0	26.220640368345975	23.858028614606724	23.678092736183494	26.243238280863807	0.0
172.0	26.077426097764217	23.88712342697343	23.797579198621527	26.237871276640824	0.0
173.0	26.385040181913194	23.76481222547067	23.67300820586698	26.177139386749147	0.0
174.0	26.209697921551122	23.855836209867405	23.65640906856791	26.27805680001356	0.0
175.0	26.089363697480888	23.8849311044196	23.773918545594242	26.251786652505267	0.0
176.0	26.21421751682137	23.77250617207229	23.83380318292497	26.179473128181368	0.0
177.0	26.172976209980398	23.672792601422543	23.869394995678135	26.284836192918924	0.0
178.0	26.317603258628193	23.7174236047162	23.83380318292497	26.131169953730645	0.0
179.0	26.23314332201551	23.834650607038142	23.780697938499607	26.15150813244674	0.0
180.0	26.134424821757456	23.8093623944951	23.953990260217168	26.102222523530276	0.0
181.0	26.052789170988554	23.845801837225856	23.7387433194355	26.36266567235009	0.0
182.0	26.211823328022778	23.697501779600692	23.78902410087794	26.30165079149859	0.0
183.0	26.147983684168896	23.800040676587233	23.937324158503102	26.114651480740765	0.0
184.0	26.356733670045084	23.777442572568162	23.721512265120957	26.1443114922658	0.0
185.0	26.142334158164132	23.737330937934306	23.84862660022824	26.271708303673325	0.0
186.0	26.147418731568422	23.834785261516558	23.779137430369595	26.238658576545426	0.0
187.0	26.18837779510299	23.654565381964453	23.882806232557087	26.27425059037547	0.0
188.0	26.216060472526355	23.7424155113386	23.747217608442654	26.294306407692396	0.0
189.0	26.228489429736847	23.751737229246466	23.890998045264002	26.12877529575269	0.0
190.0	26.2539122967583	23.8277233540106	23.697219303300454	26.221145045930644	0.0
191.0	26.210693422821823	23.7850694326746	23.907099194377594	26.097137950125987	0.0
192.0	26.291838389202592	23.688811929572807	23.89728002802173	26.122069653202868	0.0
193.0	26.131391397442457	23.793328455895438	23.88033140213157	26.19494874453054	0.0
194.0	26.24481298498061	23.742899191828457	23.728492778432187	26.28379504475875	0.0
195.0	26.412322850548996	23.838376990415497	23.639229511114124	26.11007064792138	0.0
196.0	26.216282636882116	23.84911118078919	23.67086712484711	26.26373905748159	0.0
197.0	26.07730311941222	23.88555093232093	23.797417579779044	26.239728368487807	0.0
198.0	26.387747204167127	23.75504577567237	23.66775985921262	26.189447160947886	0.0
199.0	26.196583128064905	23.86104268830083	23.657939933560822	26.284434250073446	0.0
200.0	26.09136568306752	23.884905905549623	23.772760913656832	26.25096749772603	0.0
201.0	26.22158946458535	23.769088659514246	23.829822093410847	26.17949978248956	0.0
202.0	26.171738172450027	23.678263522446073	23.861312301555916	26.288686003547983	0.0
203.0	26.311150784458842	23.725854656188382	23.832916198213567	26.1300783611392	0.0
204.0	26.224145626295897	23.83376365105282	23.789413619132098	26.15267710351919	0.0
205.0	26.14521068034667	23.80620120001356	23.9547904496096	26.09379767003017	0.0
206.0	26.04775195199946	23.846032158555463	23.742641159787116	26.363574729657962	0.0
207.0	26.207223851251715	23.69249196314062	23.795318564721434	26.30496562088623	0.0
208.0	26.156658022452355	23.799838415340375	23.928936648643763	26.114566913563507	0.0
209.0	26.36202873495031	23.785996372819877	23.715091216235304	26.13688367599451	0.0
210.0	26.162173156455516	23.730197292594184	23.848561549413546	26.259068001536757	0.0
211.0	26.15371142524605	23.84318112478389	23.770014802761676	26.233092647208377	0.0
212.0	26.19482126411779	23.64924036543818	23.88399541224794	26.27194295819609	0.0
213.0	26.23295836558508	23.733424485714124	23.744724367630358	26.288892781070437	0.0
214.0	26.23634833015995	23.753199279067534	23.880322950625164	26.13012944014735	0.0
215.0	26.262278132000688	23.816680462056087	23.69209820810604	26.228943197837186	0.0
216.0	26.22527070509036	23.783063028450517	23.905102787421995	26.086563479037128	0.0
217.0	26.29314484917312	23.685950133057613	23.905452819634895	26.11545219813437	0.0
218.0	26.12484850881827	23.801842471771085	23.879247756235504	26.194061263175143	0.0
219.0	26.25792071236267	23.73431042129856	23.722727747848023	26.28504111849075	0.0
220.0	26.405952929145116	23.851267172725912	23.63543394062326	26.10734595750571	0.0
221.0	26.229387785082082	23.845334583885393	23.670464465205367	26.254813165827155	0.0
222.0	26.087853165601153	23.872172485782976	23.793071301242737	26.24690304737313	0.0
223.0	26.39832531492159	23.762278340118144	23.66085932136834	26.17853702359193	0.0
224.0	26.207143987162972	23.8448369380975	23.669118810314824	26.27890026442471	0.0
225.0	26.09188193549845	23.87223992587068	23.782685831807807	26.25319230682306	0.0
226.0	26.21477162293489	23.784663367007933	23.82703912129636	26.173525888760818	0.0
227.0	26.17974099938979	23.664033719800212	23.869697380613374	26.28652790019662	0.0
228.0	26.30573824214071	23.728444866318622	23.835231767125457	26.130585124415212	0.0
229.0	26.223246773792575	23.840881867697245	23.793986032951388	26.141885325558796	0.0
230.0	26.15926593478617	23.792425432376387	23.9605168741207	26.087791758716744	0.0
231.0	26.063778695610413	23.84949177058202	23.73705413391944	26.349675399888127	0.0
232.0	26.20983462062185	23.691570567329805	23.79581551187375	26.30277930017459	0.0
233.0	26.15898342816139	23.79157791250205	23.93141869176832	26.11801996756824	0.0
234.0	26.364648251001487	23.778300101137372	23.725471362303445	26.1315802855577	0.0
235.0	26.144010577048032	23.741574239915927	23.855706916327186	26.25870826670885	0.0
236.0	26.14994321616842	23.8339539062191	23.78621028663122	26.229892590981258	0.0
237.0	26.197121822506737	23.63874182849588	23.893280297422976	26.27085605157441	0.0
238.0	26.22961008435648	23.74185674654071	23.739596693542463	26.288936475560355	0.0
239.0	26.22552066265128	23.75074864678562	23.891720249059247	26.13201044150385	0.0
240.0	26.265394514905026	23.811878250894924	23.694909603577997	26.227817630622052	0.0
241.0	26.229503564536046	23.78448331887551	23.908246044820192	26.077767071768253	0.0
242.0	26.302716205676564	23.67835060868779	23.90752693033718	26.111406255298462	0.0
243.0	26.133046203585163	23.80379090397827	23.89026895805249	26.172893934384067	0.0
244.0	26.26472175979967	23.726940502468818	23.73146266530625	26.276875072425266	0.0
245.0	26.40471035180652	23.843753356662727	23.634014936089144	26.11752135544161	0.0
246.0	26.23062505830504	23.848669796999516	23.67509745775888	26.245607686936562	0.0
247.0	26.092480249903794	23.85404169590511	23.788962582339227	26.26451547185187	0.0
248.0	26.406500654713653	23.756752620271747	23.655286175055128	26.181460549959468	0.0
249.0	26.20137461914547	23.85290158010345	23.686246722879613	26.25947707787147	0.0
