# Position (bp)	A	C	G	T	N
0.0	26.239823508227683	23.826956395983565	23.72600673186805	26.207213363920705	0.0
1.0	26.252300433006003	23.69509798639448	23.849358147290097	26.20324343330942	0.0
2.0	26.25511416314854	23.726031125867244	23.710153474512115	26.3087012364721	0.0
3.0	26.260638810607905	23.815059055676205	23.71668018076764	26.207621952948244	0.0
4.0	26.274369725267405	23.608406120036403	23.844271892000695	26.272952262695505	0.0
5.0	26.231362322127104	23.743976415896594	23.721866318952323	26.302794943023983	0.0
6.0	26.27861362116076	23.72422081382297	23.77325653904151	26.223909025974763	0.0
7.0	26.167215094082934	23.840579094003576	23.75980296292517	26.23240284898831	0.0
8.0	26.160778812226333	23.8654366648245	23.84984908387536	26.123935439073815	0.0
9.0	26.16517318188774	23.87733587254085	23.765111968849364	26.19237897672204	0.0
10.0	26.173939409396045	23.64087697970773	23.791630890949946	26.39355271994627	0.0
11.0	26.213611491301897	23.791630890949946	23.72333823566917	26.271419382078985	0.0
12.0	26.279353798460157	23.86190715032602	23.69415091826701	26.164588132946815	0.0
13.0	26.178756733627473	23.867291218584672	23.572867696440564	26.381084351347294	0.0
14.0	26.179606849668314	23.684516269804163	23.898178768068508	26.237698112459018	0.0
15.0	26.238190504797476	23.725821351453977	23.79694752531922	26.239040618429332	0.0
16.0	26.196818308047177	23.849937941704873	23.722987639347792	26.230256110900157	0.0
17.0	26.249525353222214	23.687282866809863	23.776544798154685	26.286646981813234	0.0
18.0	26.16791444456409	23.729788548402635	23.788446389000665	26.313850618032607	0.0
19.0	26.320084784666214	23.971504191060205	23.590369912778343	26.118041111495238	0.0
20.0	26.267944481912416	23.761809495202527	23.71221953334429	26.25802648954077	0.0
21.0	26.20871989889315	23.761526123991906	23.73290563171944	26.296848345395503	0.0
22.0	26.26567751222747	23.697484230392128	23.783629078420148	26.25320917896025	0.0
23.0	26.288913951498184	23.71618673029295	23.74594070740789	26.248958610800976	0.0
24.0	26.329719405827245	23.6541284351675	23.90292835809053	26.11322380091472	0.0
25.0	26.250092095643453	23.831518813014675	23.71958718482037	26.198801906521506	0.0
26.0	26.239890732061184	23.704851881868212	23.848521085651782	26.20673630041882	0.0
27.0	26.245558156273557	23.722137525715937	23.726671465085833	26.305632852924678	0.0
28.0	26.265394141016852	23.810549343428907	23.72723820750707	26.196818308047177	0.0
29.0	26.26879459554427	23.616440064155242	23.849087828073017	26.26567751222747	0.0
30.0	26.226855656372734	23.736306086246863	23.736022715036242	26.300815542344157	0.0
31.0	26.26511076980623	23.722987639347792	23.773144343627266	26.238757247218714	0.0
32.0	26.16897377406878	23.850720469261393	23.740206010286347	26.240099746383482	0.0
33.0	26.16585669958486	23.874523583502175	23.837402060102864	26.122217656810097	0.0
34.0	26.163306365916206	23.865739100865696	23.773927088794117	26.19702744442398	0.0
35.0	26.168407033253516	23.621757179897703	23.798013573442525	26.411822213406253	0.0
36.0	26.22763144844784	23.779594496946686	23.72065345215999	26.272120602445487	0.0
37.0	26.2902563085337	23.87367347227929	23.690332818543762	26.14573740064325	0.0
38.0	26.16132277306281	23.874523583502175	23.580385100383968	26.38376854305105	0.0
39.0	26.163022995508577	23.689766077728503	23.900026920188726	26.24718400657419	0.0
40.0	26.2448426731955	23.739288628944504	23.778677003989845	26.237191693870148	0.0
41.0	26.214238755894087	23.840734947406602	23.717469169387016	26.227557127312295	0.0
42.0	26.24229234675372	23.675813837504535	23.788878309756985	26.29301550598477	0.0
43.0	26.155014508523756	23.729087323177367	23.791712005803408	26.324186162495465	0.0
44.0	26.32872007616975	23.965700943054046	23.60157100108814	26.104007979688067	0.0
45.0	26.270912676822633	23.746372869060572	23.72228645266594	26.260428001450855	0.0
46.0	26.196953210010882	23.769325807036633	23.741555585781647	26.292165397170837	0.0
47.0	26.257877675009066	23.687148621690245	23.782927548059483	26.272046155241203	0.0
48.0	26.289048331519766	23.726536996735582	23.744672651432715	26.239742020311933	0.0
49.0	26.30690061661226	23.677230685527746	23.902226151614073	26.11364254624592	0.0
50.0	26.25221028291621	23.827416575988394	23.717752538991657	26.20262060210374	0.0
51.0	26.228407236126223	23.712651886108087	23.85745375408052	26.201487123685162	0.0
52.0	26.24965995647443	23.72313656147987	23.733054497642364	26.294148984403336	0.0
53.0	26.28309756982227	23.809564290895903	23.716619060573084	26.190719078708742	0.0
54.0	26.26439517591585	23.610072089227423	23.852636470801595	26.272896264055134	0.0
55.0	26.22699038810301	23.741555585781647	23.74382254261879	26.287631483496554	0.0
56.0	26.258444414218353	23.725970257526296	23.763091675734493	26.252493652520858	0.0
57.0	26.150406492545986	23.854269092681434	23.750556111273262	26.24476830349932	0.0
58.0	26.17704315990218	23.88430618565757	23.825082106110283	26.11356854832997	0.0
59.0	26.167691989447345	23.86758742635953	23.754239905694863	26.21048067849826	0.0
60.0	26.171659152670607	23.628990895360403	23.813747354043816	26.38560259792517	0.0
61.0	26.230316494614573	23.768124976976285	23.743471891231717	26.25808663717742	0.0
62.0	26.27310518366549	23.872121327186118	23.706917315817364	26.14785617333103	0.0
63.0	26.165708407835712	23.872404695987782	23.578551248664624	26.38333564751188	0.0
64.0	26.15267344295928	23.67603011643624	23.91972728586528	26.2515691547392	0.0
65.0	26.246677510215417	23.736037041864787	23.77995908166099	26.237326366258806	0.0
66.0	26.216923870353476	23.83634931339934	23.71195076197655	26.234776054270636	0.0
67.0	26.24016004624566	23.68474743410277	23.794977585591305	26.28011493406027	0.0
68.0	26.15684985463222	23.730653049889767	23.79214390560445	26.320353189873565	0.0
69.0	26.339055477786783	23.960464496823445	23.59378630652483	26.106693718864943	0.0
70.0	26.26169601414573	23.747371761812193	23.731503153885825	26.259429070156248	0.0
71.0	26.20587251840475	23.756722905768807	23.749355337802992	26.288049238023454	0.0
72.0	26.267080006120747	23.68474743410277	23.784492969639953	26.26367959013653	0.0
73.0	26.29456670199321	23.71648464995551	23.745671553820085	26.243277094231193	0.0
74.0	26.309868573922206	23.663494834201384	23.895856593123224	26.13077999875318	0.0
75.0	26.258012230162826	23.821047441470338	23.71535117796077	26.205589150406066	0.0
76.0	26.24101015024171	23.711100657980495	23.847967401345432	26.199921790432363	0.0
77.0	26.253761710182545	23.729236209896342	23.74000419384638	26.27699788607473	0.0
78.0	26.283231982045802	23.808012513530823	23.706850138000217	26.201905366423162	0.0
79.0	26.2699136861076	23.617589218414388	23.86808652925208	26.244410566225934	0.0
80.0	26.233925950274582	23.747371761812193	23.73490356987005	26.283798718043172	0.0
81.0	26.236759630261435	23.738020617855586	23.76352373773725	26.26169601414573	0.0
82.0	26.162726445810275	23.856967574291797	23.72180142193659	26.25850455796134	0.0
83.0	26.183128883901624	23.87368623883887	23.815595963717666	26.12758891354183	0.0
84.0	26.17094409448596	23.870285832490314	23.751838344682188	26.206931728341537	0.0
85.0	26.168393789724536	23.618372395501265	23.82749738593762	26.38573642883658	0.0
86.0	26.22648406484575	23.77592455631781	23.72293489071944	26.274656488117	0.0
87.0	26.28655791033695	23.862068183814632	23.6920478663867	26.159326039461718	0.0
88.0	26.170660727290247	23.855550738313227	23.578417620905697	26.39537091349083	0.0
89.0	26.160176141048858	23.678446240992464	23.916758052587284	26.244619565371398	0.0
90.0	26.271748370643245	23.716066874468687	23.771039954661376	26.241144800226696	0.0
91.0	26.22669311419666	23.840181354491357	23.721167469538113	26.21195806177387	0.0
92.0	26.24879569283083	23.68886370076509	23.795126098044772	26.26721450835931	0.0
93.0	26.164635874185322	23.739869651459337	23.78435817512043	26.31113629923491	0.0
94.0	26.3425899688297	23.960895437801078	23.5998866534429	26.096627939926325	0.0
95.0	26.264664210824595	23.731368659676964	23.72938509492774	26.2745820345707	0.0
96.0	26.189855483139702	23.753471238311135	23.753471238311135	26.303202040238027	0.0
97.0	26.27968262964012	23.67044488523661	23.79597619722301	26.253896287900254	0.0
98.0	26.29866817795409	23.703315386795126	23.75403797109663	26.24397846415415	0.0
99.0	26.327288183621423	23.647208841031453	23.885519977330688	26.139982998016436	0.0
100.0	26.249079059223572	23.814111646358743	23.72003400396713	26.21677529045055	0.0
101.0	26.25616321904222	23.717483706432418	23.82771323321054	26.19863984131482	0.0
102.0	26.26976480589402	23.70784924907906	23.741853216208558	26.28053272881836	0.0
103.0	26.288466987815244	23.79739302918674	23.705582317937093	26.208557665060923	0.0
104.0	26.265230943610092	23.63587418532162	23.866817795409464	26.23207707565883	0.0
105.0	26.251345990365543	23.742136582601304	23.73420232360442	26.272315103428735	0.0
106.0	26.232927174837062	23.732502125247944	23.757721734202324	26.276848965712666	0.0
107.0	26.16796211968796	23.855982272648703	23.72110025191201	26.25495535575133	0.0
108.0	26.176463087381446	23.870717283317415	23.819144745976917	26.133674883324222	0.0
109.0	26.1605946143536	23.881201810139387	23.749436810890305	26.208766764616705	0.0
110.0	26.17986347445884	23.606337188049906	23.81829464920757	26.395504688283683	0.0
111.0	26.23285283974826	23.760488068891842	23.728184391656583	26.278474699703313	0.0
112.0	26.291509516833333	23.850598326442825	23.684262725240224	26.17362943148362	0.0
113.0	26.177879915330358	23.842947455518686	23.577717263481826	26.401455365669126	0.0
114.0	26.165695194969697	23.668394252212376	23.919172799170305	26.246737753647626	0.0
115.0	26.28265070756187	23.70856498404656	23.770055142787516	26.238729165604045	0.0
116.0	26.20784240384016	23.853081025327143	23.722733223387795	26.216343347444898	0.0
117.0	26.25714787674765	23.69808048693405	23.790740772225718	26.25403086409258	0.0
118.0	26.17327189984755	23.7411519345314	23.787340394783822	26.29823577083723	0.0
119.0	26.337623476205856	23.95537571337085	23.590968597514326	26.11603221290897	0.0
120.0	26.24184617825912	23.72953397827159	23.73095080220571	26.297669041263582	0.0
121.0	26.199624825022244	23.748802783775666	23.75645363301993	26.295118758182156	0.0
122.0	26.269332562581116	23.677111492709024	23.80490901156695	26.24864693314291	0.0
123.0	26.29568548775581	23.70516460660467	23.75390334993851	26.24524655570102	0.0
124.0	26.345274325450124	23.619588440983616	23.886518070172453	26.148619163393803	0.0
125.0	26.24723010920879	23.80122526933823	23.728683883911113	26.22286073754187	0.0
126.0	26.28010042448045	23.71876611637225	23.82559464100515	26.175538818142147	0.0
127.0	26.285200990643293	23.698363851720874	23.725566871256042	26.290868286379787	0.0
128.0	26.307303444015616	23.78790712435747	23.706864795325615	26.197924636301295	0.0
129.0	26.27790796852375	23.63042326318146	23.866466799470672	26.22520196882412	0.0
130.0	26.27252402231787	23.73640199376029	23.713449380987868	26.27762460293397	0.0
131.0	26.241353807441747	23.727334294887235	23.753120563557484	26.278191334113533	0.0
132.0	26.162368943043358	23.87786908472655	23.72343440068008	26.236327571550017	0.0
133.0	26.17285349957495	23.872201756871636	23.8237461037121	26.131198639841312	0.0
134.0	26.134956460630377	23.888704700211676	23.757789055792166	26.21854978336578	0.0
135.0	26.194463571730154	23.6319740208955	23.792926588060606	26.380635819313742	0.0
136.0	26.247736604524242	23.767423540446416	23.726618664263714	26.258221190765628	0.0
137.0	26.296192394991202	23.839398808157576	23.699698780670957	26.164710016180265	0.0
138.0	26.20020515843105	23.838332889390134	23.566016242653685	26.395445709525134	0.0
139.0	26.182919710511253	23.672279242160624	23.904641001082467	26.24016004624566	0.0
140.0	26.275938871682104	23.70493373420573	23.773508984207854	26.24561840990431	0.0
141.0	26.209913940894936	23.857952887103036	23.70153330858579	26.230599863416238	0.0
142.0	26.272538446062164	23.69841625176751	23.780026466646078	26.249018835524247	0.0
143.0	26.16464907508161	23.74098884657236	23.810131030105186	26.28423104824084	0.0
144.0	26.34260518679724	23.969101378309755	23.59306991294886	26.095223521944146	0.0
145.0	26.2527770221255	23.72823721436344	23.72937069278201	26.289615070729056	0.0
146.0	26.20403745012695	23.741838955386292	23.76564200217628	26.288481592310482	0.0
147.0	26.258161044613708	23.695366340224883	23.82004896626768	26.226423648893725	0.0
148.0	26.306050507798336	23.729087323177367	23.73872188973522	26.226140279289083	0.0
149.0	26.319935618425827	23.62962459194777	23.89655875952122	26.153881030105186	0.0
150.0	26.26156147986942	23.808147442872688	23.735888193688794	26.194402883569097	0.0
151.0	26.262128219078708	23.711801777294163	23.832800598476606	26.193269405150527	0.0
152.0	26.272896264055134	23.69734992745738	23.721719713456658	26.30803409503083	0.0
153.0	26.29754941965905	23.776976786361985	23.72313656147987	26.202337232499097	0.0
154.0	26.265886453477666	23.646977146176624	23.852137321299537	26.234999079046172	0.0
155.0	26.260502415732724	23.733971861318523	23.719519970529475	26.28600575241927	0.0
156.0	26.222814151518158	23.742472973547372	23.753807789852505	26.28090508508196	0.0
157.0	26.188033800518003	23.84682085838807	23.730355290823873	26.23479005027005	0.0
158.0	26.17329849756584	23.860139305287138	23.818767108536843	26.147795088610177	0.0
159.0	26.1492860442117	23.89846214008212	23.746858112799064	26.205393702907116	0.0
160.0	26.18839138209032	23.628125239095134	23.799281935317502	26.384201443497034	0.0
161.0	26.24846624897632	23.758476365357204	23.74034055648596	26.252716829180518	0.0
162.0	26.291538795045522	23.858506686162663	23.699534986525663	26.150419532266156	0.0
163.0	26.19526654047131	23.84553914512089	23.57378461398955	26.38540970041826	0.0
164.0	26.177130680208112	23.67126486290423	23.910998265758362	26.240606191129295	0.0
165.0	26.27666899977614	23.715821599304036	23.780430784576538	26.22707861634329	0.0
166.0	26.21461017708018	23.850424068621756	23.70618689623708	26.228778858060984	0.0
167.0	26.27015140652496	23.71383798396672	23.786098256968867	26.229912352539454	0.0
168.0	26.173311796877215	23.740542378644903	23.792966646830457	26.293179177647424	0.0
169.0	26.349287313327096	23.965258295786224	23.59375442772535	26.091699963161325	0.0
170.0	26.253790132902605	23.722973164442177	23.736291762305534	26.28694494034968	0.0
171.0	26.20249936240755	23.736291762305534	23.77653093031823	26.28467794496869	0.0
172.0	26.249539516563235	23.686984612768853	23.826121454277537	26.237354416390378	0.0
173.0	26.282410949587693	23.746776615942643	23.75556122304401	26.215251211425656	0.0
174.0	26.3135821360764	23.636260591119047	23.87486185496897	26.175295417835585	0.0
175.0	26.248972767717987	23.81478647737255	23.741109127490155	26.19513162741931	0.0
176.0	26.26824222845646	23.708237694465698	23.840290175408768	26.183229901669076	0.0
177.0	26.28297769843294	23.700586585054833	23.730907648275668	26.285528068236562	0.0
178.0	26.28779506361756	23.79126640029471	23.721556292329055	26.199382243758677	0.0
179.0	26.268316666147147	23.645962328097504	23.862461000484572	26.223260005270777	0.0
180.0	26.26774991569587	23.7403262782348	23.724740640824734	26.267183165244596	0.0
181.0	26.233178138168096	23.743443405716814	23.769230551249827	26.25414790486527	0.0
182.0	26.179127655233387	23.856294348348484	23.74011017659994	26.224467819818187	0.0
183.0	26.210015642356783	23.85657772437714	23.81888871256603	26.114517920700052	0.0
184.0	26.144629867351306	23.913037317894965	23.76143071294777	26.18090210180596	0.0
185.0	26.182602362796022	23.63702828384157	23.805920875521057	26.37444847784135	0.0
186.0	26.249195918240115	23.77304916304653	23.740460827403673	26.237294091309682	0.0
187.0	26.30105387843701	23.840209472153976	23.709005999087527	26.14973065032149	0.0
188.0	26.18636046768645	23.8654976394643	23.565400724313236	26.38274116853602	0.0
189.0	26.182676558435304	23.652397658167228	23.91622223607624	26.248703547321234	0.0
190.0	26.267764285815492	23.731527268090172	23.78366890063335	26.217039545460985	0.0
191.0	26.211371976706292	23.871799594768834	23.705739830256316	26.211088598268557	0.0
192.0	26.245944146109924	23.71565807557703	23.79217025376539	26.246227524547656	0.0
193.0	26.174040194511512	23.730744380589655	23.796488364448372	26.29872706045046	0.0
194.0	26.358520080253	23.95093005066821	23.594722345019896	26.095827524058894	0.0
195.0	26.26217113839109	23.714025005384208	23.75058092744358	26.27322292878113	0.0
196.0	26.193876741365436	23.739245757812768	23.77636843835368	26.29050906246812	0.0
197.0	26.254519898890287	23.69192142460412	23.821709116876935	26.23184955962866	0.0
198.0	26.286825132338105	23.736411965405065	23.757098649981298	26.21966425227554	0.0
199.0	26.306945058432802	23.64119654050623	23.888586617698735	26.163271783362234	0.0
200.0	26.247152038630254	23.80243932850455	23.753414719851282	26.196993913013912	0.0
201.0	26.2686888609288	23.71855907323653	23.850047040953967	26.162705024880694	0.0
202.0	26.2811575475227	23.710341075254192	23.714875143106518	26.293626234116594	0.0
203.0	26.29901043969123	23.797055122929915	23.71770893551422	26.186225501864634	0.0
204.0	26.280665262990848	23.638713114545048	23.858332648498227	26.222288973965874	0.0
205.0	26.2443926173831	23.76283357373407	23.737045989747312	26.255727819135522	0.0
206.0	26.22398925422874	23.74668091123687	23.763967093909315	26.265362740625083	0.0
207.0	26.182689964350693	23.845931501181695	23.744764538854348	26.226613995613263	0.0
208.0	26.18920772382836	23.86208420945245	23.84054726509145	26.10816080162774	0.0
209.0	26.16151053754665	23.913727290503033	23.75786738305548	26.16689478889484	0.0
210.0	26.181347253039977	23.62609491584982	23.806609026839077	26.38594880427113	0.0
211.0	26.250775757266613	23.77402013710004	23.749082551908433	26.226121553724912	0.0
212.0	26.311702811996113	23.826162360682495	23.699207381525216	26.162927445796175	0.0
213.0	26.19870777601451	23.845783269099975	23.585354794831105	26.37015416005441	0.0
214.0	26.2083427794151	23.6584674676944	23.889424166855587	26.24376558603491	0.0
215.0	26.26254325136945	23.726546493273897	23.798242457046186	26.21266779831047	0.0
216.0	26.216068397382674	23.865404288722196	23.70897673140085	26.209550582494284	0.0
217.0	26.253623783924713	23.694091709009086	23.80092780203867	26.25135670502753	0.0
218.0	26.175767124995748	23.733549462134008	23.795327537151863	26.295355875718386	0.0
219.0	26.34438159580136	23.935320055770298	23.603758827463473	26.11653952096487	0.0
220.0	26.253414797265894	23.70861152359469	23.77180652693864	26.266167152200776	0.0
221.0	26.188519479930626	23.738367018442737	23.783992110543082	26.289121391083555	0.0
222.0	26.2491640122876	23.703793967285957	23.810913748738933	26.2361282716875	0.0
223.0	26.28146997812263	23.72561466350786	23.748285516725424	26.24462984164409	0.0
224.0	26.306691302327163	23.640032192611567	23.87835953706118	26.17491696800009	0.0
225.0	26.253698182931114	23.78370872487786	23.74460150307757	26.217991589113453	0.0
226.0	26.276085650483456	23.717679864881717	23.840102472256543	26.166132012378284	0.0
227.0	26.257948967909407	23.711161994581666	23.72589804917308	26.304990988335845	0.0
228.0	26.293938947392288	23.789093052517032	23.722780806855667	26.19418719323502	0.0
229.0	26.277860432164363	23.62621324831739	23.87842720510096	26.217499114417286	0.0
230.0	26.26510804109104	23.75175345377258	23.73503365214311	26.248104852993272	0.0
231.0	26.231668437832095	23.742685086787105	23.73956783563585	26.286078639744954	0.0
232.0	26.184983875264255	23.821250644706044	23.742752370534525	26.251013109495176	0.0
233.0	26.20623792061756	23.866592608126414	23.82975226284736	26.097417208408668	0.0
234.0	26.15926976560972	23.918520260830384	23.738568833546346	26.18364114001355	0.0
235.0	26.19497666299207	23.627197320282367	23.79297934384325	26.38484667288231	0.0
236.0	26.260722696267496	23.759539551056612	23.742252878514368	26.237484874161527	0.0
237.0	26.322217908425976	23.834354002714857	23.69889450312152	26.144533585737644	0.0
238.0	26.194484118887303	23.85000793488857	23.575687501416944	26.379820444807184	0.0
239.0	26.181448230519848	23.66042077580539	23.917454487746266	26.240676505928494	0.0
240.0	26.251186781731356	23.708994034207656	23.81272230016013	26.227096883900863	0.0
241.0	26.211875143486356	23.861108040621165	23.710890224788205	26.21612659110427	0.0
242.0	26.253057707406807	23.71108597862227	23.78988483462161	26.24597147934931	0.0
243.0	26.177335181578776	23.7465522568721	23.786521981931415	26.289590579617705	0.0
244.0	26.35389705194463	23.93597568754412	23.604571059219086	26.105556201292167	0.0
245.0	26.259370144819062	23.694417038070288	23.75310448065866	26.293108336451994	0.0
246.0	26.198044113769175	23.711930679172845	23.788771092126268	26.30125411493171	0.0
247.0	26.255494115979015	23.683538919608676	23.8188005104211	26.24216645399121	0.0
248.0	26.290310230311764	23.737340793910537	23.743296399127644	26.22905257665006	0.0
249.0	26.304773842981888	23.654813121616293	23.875170514649373	26.165242520752447	0.0
