# Position (bp)	A	C	G	T	N
0.0	26.089473735857204	24.21096359098655	23.48579260175127	26.213770071404973	0.0
1.0	26.139519365696174	23.896297604678775	23.739945898384473	26.224237131240574	0.0
2.0	26.194167517073552	23.719483475940027	23.922272810529346	26.164076196457074	0.0
3.0	26.28836813788818	23.819724943173455	23.705581266046345	26.186325652892023	0.0
4.0	26.302948640799563	23.769655425028127	23.65191910206431	26.275476832108	0.0
5.0	26.337786353156627	23.639158232091177	23.749366384878265	26.273689029873932	0.0
6.0	26.23701344355896	23.89428280852984	23.658178464798542	26.210525283112652	0.0
7.0	26.236241277149563	23.831121691529926	23.671870401496374	26.26076662982414	0.0
8.0	26.34516720783998	23.696851384978597	23.680174745027255	26.277806662154163	0.0
9.0	26.19144935829314	23.805771274421648	23.60304095479441	26.3997384124908	0.0
10.0	26.273885350318473	23.808184778770322	23.6097123948783	26.308217476032908	0.0
11.0	26.248054512876184	23.82486038268876	23.738212636838043	26.18887246759701	0.0
12.0	26.18331393295753	23.76306255640278	23.731346211695158	26.32227729894453	0.0
13.0	26.282386638590616	23.671510221164286	23.67837664630717	26.367726493937926	0.0
14.0	26.22246490777767	23.80516418876722	23.579880786170413	26.392490117284694	0.0
15.0	26.3866046292633	23.701841176836027	23.744674450769526	26.166879743131144	0.0
16.0	26.218868220653484	23.779333435784423	23.69072414390672	26.311074199655373	0.0
17.0	26.264644238597683	23.813992420799316	23.66391247625369	26.25745086434931	0.0
18.0	26.28884013379676	23.659007902902527	23.675683452296482	26.376468511004227	0.0
19.0	26.170803401812076	23.652141500210895	23.687781399896025	26.489273698081007	0.0
20.0	26.367313307415387	23.515794361048535	23.762984857947206	26.353907473588873	0.0
21.0	26.29701442271537	23.831648884863505	23.563859179889942	26.307477512531186	0.0
22.0	26.33625100952468	23.578899871500177	23.679607110977415	26.405242007997725	0.0
23.0	26.37908428345818	23.62271406010391	23.706091807073705	26.292109849364202	0.0
24.0	26.314343915222814	23.638081723270894	23.691378087020208	26.35619627448608	0.0
25.0	26.240121371841862	23.846362604916997	23.606038510709954	26.307477512531186	0.0
26.0	26.220503078437208	23.70412997773324	23.80908784744815	26.266279096381407	0.0
27.0	26.21494456197255	23.715573982219286	23.83524557198769	26.234235883820467	0.0
28.0	26.367313307415387	23.65541121577834	23.674702537626253	26.30257293918002	0.0
29.0	26.346060156227008	23.587074160418787	23.703803006176493	26.363062677177712	0.0
30.0	26.3149978583363	23.64560206907601	23.728979816045804	26.31042025654188	0.0
31.0	26.2581048074628	23.84963232048444	23.638408694827636	26.253854177225122	0.0
32.0	26.26488533144998	23.798546943152914	23.69130062320575	26.245267102191356	0.0
33.0	26.339434602632767	23.671682393947123	23.676913921749424	26.31196908167069	0.0
34.0	26.19818335197065	23.78742994657302	23.606288296418366	26.40809840503796	0.0
35.0	26.288100236072694	23.75702169122215	23.650102341762633	26.304775730942527	0.0
36.0	26.285484472171543	23.79756603168998	23.71124582295202	26.20570367318646	0.0
37.0	26.177584211249094	23.744269842204044	23.74132710781525	26.336818838731617	0.0
38.0	26.293004793387347	23.645197784447973	23.707322177100295	26.35447524506438	0.0
39.0	26.203983141456778	23.83868636766403	23.564359025500345	26.392971465378846	0.0
40.0	26.393952373634495	23.669970147692087	23.731113428960988	26.20496404971243	0.0
41.0	26.262837636795833	23.72980555128679	23.70789860024392	26.29945821167346	0.0
42.0	26.258587034354676	23.832800918130125	23.653948646183125	26.254663401332074	0.0
43.0	26.27395459702654	23.658853187461375	23.678144383155843	26.389047832356237	0.0
44.0	26.150033187395984	23.610134744097387	23.765118248490218	26.474713820016415	0.0
45.0	26.386105107589287	23.53362390015662	23.71051435559232	26.369756636661773	0.0
46.0	26.304689722370266	23.832146979293025	23.538855410853422	26.324307887483283	0.0
47.0	26.339021511318045	23.56959053619715	23.689588312805103	26.4017996396797	0.0
48.0	26.35994755410526	23.676509536063094	23.65198682967182	26.31155608015982	0.0
49.0	26.33019333701719	23.625502306769246	23.6856646797825	26.35863967643106	0.0
50.0	26.25139370714657	23.850130297313292	23.646101380137914	26.252374615402225	0.0
51.0	26.200386477852728	23.701686181291464	23.828877285107524	26.269050055748284	0.0
52.0	26.220331612384296	23.71051435559232	23.826915468596223	26.24223856342716	0.0
53.0	26.37335330026583	23.625829276187797	23.703321028384213	26.297496395162163	0.0
54.0	26.339021511318045	23.60719201933043	23.67847135257439	26.375315116777127	0.0
55.0	26.326596673413132	23.649044104904867	23.701359211872912	26.323000009809082	0.0
56.0	26.320384254460684	23.815144569528414	23.631387756303152	26.233083419707754	0.0
57.0	26.298064347371174	23.779100183102276	23.698992937483652	26.223842532042895	0.0
58.0	26.334684802511116	23.698992937483652	23.671527596128694	26.294794663876537	0.0
59.0	26.176432121370652	23.795448600575465	23.618558723515566	26.40956055453832	0.0
60.0	26.277465341354954	23.80133403086581	23.66139157729532	26.259809050483913	0.0
61.0	26.274195657860318	23.826837562123988	23.713379544860057	26.185587235155637	0.0
62.0	26.174143342924406	23.768964164268898	23.758501177086057	26.298391315720636	0.0
63.0	26.314412764844363	23.64177347632749	23.68329845670939	26.360515302118753	0.0
64.0	26.1959645698255	23.85684064595656	23.583822966835708	26.363371817382237	0.0
65.0	26.388875265252203	23.654447899398708	23.780657269627028	26.176019565722058	0.0
66.0	26.230296134265846	23.739786359578996	23.714936846269794	26.314980659885368	0.0
67.0	26.25841532037889	23.839511380096194	23.63777256809911	26.264300731425806	0.0
68.0	26.27084007703349	23.65771757220255	23.700550285932888	26.370892064831068	0.0
69.0	26.15770939802054	23.621097236799514	23.771175218495884	26.450018146684062	0.0
70.0	26.363371817382237	23.538374514862298	23.730304308447852	26.367949359307612	0.0
71.0	26.306152543314994	23.843434987460803	23.563550995451884	26.286861473772323	0.0
72.0	26.347023453363022	23.59167018156493	23.666872656053307	26.394433709018738	0.0
73.0	26.387240428850284	23.64235011002449	23.661641179567162	26.308768281558066	0.0
74.0	26.310403117959986	23.643004044585258	23.694010940325203	26.352581897129557	0.0
75.0	26.215582606648553	23.876785650059997	23.646273717389104	26.261358025902346	0.0
76.0	26.236835479873527	23.735862752214388	23.81466186678699	26.212639901125094	0.0
77.0	26.24141302179891	23.674719870782532	23.856513678676176	26.227353428742383	0.0
78.0	26.345715584241486	23.66556478693177	23.692703071203663	26.29601655762308	0.0
79.0	26.337868369512265	23.599517396294154	23.65412093211832	26.408493302075257	0.0
80.0	26.33852230407303	23.64398494642641	23.73488185037323	26.282610899127324	0.0
81.0	26.308768281558066	23.800275306450082	23.64758158651064	26.243374825481215	0.0
82.0	26.288083389462535	23.784830075659983	23.695895266183193	26.231191268694293	0.0
83.0	26.301489004126317	23.738727839865028	23.675950327293176	26.283832828715482	0.0
84.0	26.210592397381653	23.78221434596949	23.65731325324841	26.34988000340045	0.0
85.0	26.265849687093336	23.796927825478516	23.68020088804023	26.25702159938792	0.0
86.0	26.267811484361207	23.815237933311973	23.767173900249148	26.149776682077675	0.0
87.0	26.20241824209886	23.758345812543734	23.751479522106187	26.287756423251224	0.0
88.0	26.309336193197797	23.641291908894136	23.732188515638793	26.317183382269278	0.0
89.0	26.2010247087558	23.810582553793942	23.62028884100666	26.3681038964436	0.0
90.0	26.37039265243932	23.64186854039491	23.801427529811047	26.186311277354722	0.0
91.0	26.24974251495048	23.736361466504054	23.683393113460173	26.33050290508529	0.0
92.0	26.30303783313661	23.787041063552213	23.64938873866657	26.260532364644607	0.0
93.0	26.27753455204141	23.642195505537156	23.68960545116285	26.390664491258587	0.0
94.0	26.16473157796647	23.641214610110417	23.750747932762888	26.443305879160224	0.0
95.0	26.364180314736647	23.538547555445113	23.745189525344703	26.352082604473537	0.0
96.0	26.293228878869222	23.84654871944102	23.583341779932844	26.276880621756916	0.0
97.0	26.355679221038248	23.58105302393712	23.691240276874083	26.372027478150557	0.0
98.0	26.40407006209068	23.643830331248385	23.645465156959617	26.306634449701317	0.0
99.0	26.28865136687778	23.640233714683678	23.690259381447344	26.3808555369912	0.0
100.0	26.19775505733334	23.88774632736404	23.664429135209893	26.250069480092726	0.0
101.0	26.21312241901891	23.735707536219564	23.823988124626034	26.227181920135497	0.0
102.0	26.2137763493034	23.71805141853827	23.84066334688059	26.22750888527774	0.0
103.0	26.35371743018477	23.69058634658959	23.679142566610974	26.27655365661467	0.0
104.0	26.356660116464987	23.59020804792001	23.700395300856975	26.35273653475803	0.0
105.0	26.3249444976671	23.64154157525266	23.764153503594983	26.26936042348525	0.0
106.0	26.315462508541966	23.82758474119074	23.647426947813095	26.2095258024542	0.0
107.0	26.26992846026079	23.74543885117903	23.734322072690652	26.250310615869527	0.0
108.0	26.310472005336056	23.730725467885588	23.681026928761067	26.27777559801729	0.0
109.0	26.217941172623956	23.800368815474556	23.638194635173488	26.343495376728004	0.0
110.0	26.292815945383925	23.769961156668103	23.6643517610285	26.272871136919473	0.0
111.0	26.25292632845503	23.81377434247525	23.766037587789853	26.16726174127987	0.0
112.0	26.225461346307267	23.77584650998548	23.746419743398594	26.25227240030865	0.0
113.0	26.342841448581627	23.632963210002487	23.725821006787772	26.29837433462811	0.0
114.0	26.205103892494563	23.813369517239124	23.640406088051137	26.341120502215176	0.0
115.0	26.3757785806536	23.652830682208307	23.802579738102633	26.168810999035458	0.0
116.0	26.241723748957806	23.719204172047935	23.745034249374683	26.294037829619576	0.0
117.0	26.29861531167748	23.81206166522258	23.653811571220718	26.23551145187922	0.0
118.0	26.300904052706436	23.622750085827786	23.725743432130656	26.35060242933512	0.0
119.0	26.149193218787293	23.64334875508836	23.760728473573213	26.44672955255113	0.0
120.0	26.3875492488025	23.51779496150011	23.755824028511174	26.33883176118622	0.0
121.0	26.32379146299596	23.83462211250797	23.551799113930258	26.28978731056581	0.0
122.0	26.35550687439716	23.574686524219786	23.68454609360951	26.385260507773545	0.0
123.0	26.40422436201344	23.65773512727035	23.65773512727035	26.280305383445864	0.0
124.0	26.29142212558649	23.623077048831924	23.66852490640684	26.416975919174746	0.0
125.0	26.1936601873498	23.8620870048554	23.685526982621916	26.25872582517288	0.0
126.0	26.232568784841998	23.727051284147198	23.830698556458337	26.209681374552467	0.0
127.0	26.248263009040528	23.699913354803904	23.827428926416978	26.22439470973859	0.0
128.0	26.350929392339257	23.679314685543332	23.693374094721182	26.27638182739623	0.0
129.0	26.33752390916968	23.601170527554807	23.67048668443166	26.39081887884386	0.0
130.0	26.3721819876081	23.626346678873286	23.72607039513479	26.275400938383818	0.0
131.0	26.335235168140724	23.819254851313573	23.65675423825794	26.18875574228776	0.0
132.0	26.300663083140424	23.7330142163979	23.728436719373274	26.2378859810884	0.0
133.0	26.27385202913904	23.75263206078916	23.672198898785002	26.3013170112868	0.0
134.0	26.21270974745295	23.771595977034043	23.66533265324806	26.350361622264945	0.0
135.0	26.28856541243248	23.791540785498487	23.684623533566132	26.235270268502898	0.0
136.0	26.28431487948104	23.77453865369273	23.7568825937406	26.184263873085627	0.0
137.0	26.219249028916703	23.752959024862346	23.771595977034043	26.25619596918691	0.0
138.0	26.31962699938531	23.630347497416984	23.732360288251527	26.317665214946185	0.0
139.0	26.222604408144047	23.777559074427078	23.627809039278322	26.372027478150557	0.0
140.0	26.35796797703397	23.632059586127525	23.813852205216403	26.196120231622107	0.0
141.0	26.24451107267454	23.68535490431365	23.747805246482674	26.322328776529137	0.0
142.0	26.3036917634211	23.79783091324634	23.674892019761774	26.223585303570786	0.0
143.0	26.31513554339972	23.63075172555854	23.71380087168907	26.34031185935267	0.0
144.0	26.17584839280284	23.632059586127525	23.799138773815322	26.392953247254308	0.0
145.0	26.343254545632888	23.536912729733885	23.769384945870918	26.350447778762305	0.0
146.0	26.305980519416828	23.86714752340253	23.531354322315696	26.295517634864947	0.0
147.0	26.381836432417938	23.570917104527485	23.68535490431365	26.361891558740925	0.0
148.0	26.431862099181608	23.636964063261214	23.659197692933954	26.27197614462322	0.0
149.0	26.290286192589008	23.5908619782045	23.71903231396501	26.39981951524148	0.0
150.0	26.18042590479429	23.88840025764853	23.703011021994946	26.228162815562232	0.0
151.0	26.268379528058517	23.72589858195218	23.799792704099815	26.20592918588949	0.0
152.0	26.2095258024542	23.681758287748945	23.863550906837823	26.245165002959038	0.0
153.0	26.353063499900276	23.68535490431365	23.743227734491228	26.218353861294847	0.0
154.0	26.317751264537687	23.64186854039491	23.682739183175684	26.357641011891726	0.0
155.0	26.337696138214707	23.65363928551577	23.748459176767163	26.260205399502357	0.0
156.0	26.326579323378336	23.80306235552228	23.677507740899742	26.192850580199647	0.0
157.0	26.29887327443582	23.71420537401665	23.726303123835184	26.260618227712346	0.0
158.0	26.288737321885158	23.73709300880847	23.673334597602683	26.300835071703688	0.0
159.0	26.24917441031644	23.783195244603423	23.64194584131676	26.32568450376338	0.0
160.0	26.310971024254354	23.770116596150952	23.667449205799073	26.25146317379562	0.0
161.0	26.29331484884352	23.760961542234227	23.78875367019572	26.156969938726533	0.0
162.0	26.275658673432687	23.733823346695353	23.76978962993964	26.220728349932322	0.0
163.0	26.31554855121272	23.62527056453986	23.723033461722064	26.336147422525357	0.0
164.0	26.22057284854826	23.788582265236723	23.647331938268376	26.34351294794664	0.0
165.0	26.39909756735548	23.6407925712791	23.780081088150666	26.180028773214755	0.0
166.0	26.288582265236727	23.648966780015694	23.751634841747318	26.310816113000264	0.0
167.0	26.284985613392625	23.78204289824745	23.689183886999736	26.243787601360186	0.0
168.0	26.31294999313362	23.645197784447973	23.70241761978564	26.339434602632767	0.0
169.0	26.19360576514364	23.59615221130141	23.80279755949228	26.407444464062674	0.0
170.0	26.380959854563528	23.515063530365747	23.815222438022744	26.28875417704798	0.0
171.0	26.312623022645976	23.870807420922187	23.524872644995064	26.291696911436773	0.0
172.0	26.348916746774435	23.59876797520256	23.654352958102002	26.397962319921003	0.0
173.0	26.407444464062674	23.622309850312913	23.669066630045972	26.301179055578444	0.0
174.0	26.316873638985346	23.558550605222372	23.70863005905087	26.41594569674141	0.0
175.0	26.163197509792766	23.878327742137994	23.693589416619258	26.26488533144998	0.0
176.0	26.290062058998554	23.717131291729608	23.793642385838254	26.199164263433584	0.0
177.0	26.22924554829681	23.667431777607753	23.880943506039145	26.222379168056293	0.0
178.0	26.37736317919945	23.65500689907729	23.721708878556623	26.245921043166643	0.0
179.0	26.315238786547123	23.654025987614357	23.68803091832931	26.3427043075092	0.0
180.0	26.36395738920605	23.673971187360628	23.722035849044264	26.240035574389054	0.0
181.0	26.310661199720116	23.80279755949228	23.660892367854878	26.225648872932727	0.0
182.0	26.31164211118304	23.716804321241966	23.754078956833354	26.217474610741636	0.0
183.0	26.265866242912917	23.777620831943707	23.687376977354024	26.26913594778935	0.0
184.0	26.264231390474695	23.765849894388534	23.640947168108607	26.328971547028164	0.0
185.0	26.31556575703477	23.734133757087086	23.70078276734742	26.249517718530726	0.0
186.0	26.289735088510913	23.751463192932206	23.77500506804256	26.183796650514324	0.0
187.0	26.284176590220966	23.719420085143113	23.76650383536382	26.229899489272096	0.0
188.0	26.35194564424841	23.597537250234602	23.709361522641146	26.341155582875846	0.0
189.0	26.236851656274418	23.747290223223484	23.65868093134578	26.357177189156317	0.0
190.0	26.434342476547968	23.602441823585764	23.785218923805818	26.177996776060453	0.0
191.0	26.30845842720142	23.65704607356206	23.74434747921278	26.29014802002374	0.0
192.0	26.292109849364202	23.79535504206489	23.681895911874626	26.23063919669628	0.0
193.0	26.282386638590616	23.643717547966883	23.72840345806249	26.345492355380006	0.0
194.0	26.21045266090323	23.577342104918976	23.801318353627433	26.41088688055036	0.0
195.0	26.359552178291633	23.515871251258844	23.82060973855269	26.303966831896837	0.0
196.0	26.322931244196234	23.875868112321637	23.491348304319963	26.309852339162166	0.0
197.0	26.378516590591033	23.562955309381497	23.6930904144705	26.365437685556962	0.0
198.0	26.433447991734134	23.645679383721998	23.66725957702821	26.25361304751566	0.0
199.0	26.317372709556757	23.57014870715024	23.685243071450056	26.42723551184295	0.0
200.0	26.222925604269122	23.84508737051376	23.683556555404415	26.2484304698127	0.0
201.0	26.281472761755282	23.715584330652018	23.81825910666405	26.18468380092865	0.0
202.0	26.242732605667424	23.670614548522323	23.846536175110685	26.240116670699564	0.0
203.0	26.407554919003058	23.64018651860281	23.734034413074614	26.218224149319518	0.0
204.0	26.355924998201473	23.63132181840775	23.666638326259132	26.346114857131646	0.0
205.0	26.375236263987812	23.625417753971526	23.72613651970883	26.273209462331838	0.0
206.0	26.329644599667752	23.790370050621984	23.656293738309202	26.223691611401062	0.0
207.0	26.34752863150872	23.678633797934477	23.736518173077553	26.237319397479247	0.0
208.0	26.295392705771548	23.774593166239338	23.636256606143057	26.293757521846057	0.0
209.0	26.278575399810318	23.733525198678745	23.64031788599274	26.347581515518197	0.0
210.0	26.352177809174336	23.74789871993616	23.6265641045767	26.273359366312803	0.0
211.0	26.33567064795071	23.752305699820777	23.742494211221725	26.169529441006787	0.0
212.0	26.30134746206175	23.684589220303508	23.768969126111983	26.24509419152276	0.0
213.0	26.354520300633844	23.611792486770412	23.683091635759467	26.350595576836277	0.0
214.0	26.239566707658497	23.74669666919595	23.63974724613412	26.373989377011437	0.0
215.0	26.412601227154386	23.592958907335454	23.795413216112614	26.199026649397545	0.0
216.0	26.309919409702236	23.65933591501387	23.753859437961168	26.276885237322727	0.0
217.0	26.313207300320535	23.805848106234055	23.6517956433571	26.22914895008831	0.0
218.0	26.32157365553062	23.63132657800572	23.737301052548947	26.309798713914713	0.0
219.0	26.18796854761687	23.608912380777937	23.79960226603692	26.403516805568277	0.0
220.0	26.35020213782005	23.517328902437427	23.824460638729345	26.308008321013176	0.0
221.0	26.323415891457653	23.85354110243226	23.538878203870155	26.28416480223993	0.0
222.0	26.375441580531206	23.59544681407824	23.663810022242576	26.365301583147975	0.0
223.0	26.414557396782612	23.606704305331128	23.677358576970633	26.30137972091563	0.0
224.0	26.359621863857907	23.52425501292074	23.719211016976875	26.39691210624448	0.0
225.0	26.23272032606491	23.8474220329336	23.674707071500066	26.24515056950142	0.0
226.0	26.278515959778346	23.750924090466004	23.753213872151672	26.21734607760397	0.0
227.0	26.22504121633999	23.62710334179468	23.89370109648549	26.254154345379842	0.0
228.0	26.37849366691092	23.665340730660525	23.744177221815136	26.21198838061342	0.0
229.0	26.344163406304382	23.692474778535257	23.645695667534643	26.31766614762571	0.0
230.0	26.40277414289453	23.577924627060977	23.765048416644856	26.25425281339963	0.0
231.0	26.30905724324289	23.80805946126316	23.6716414004279	26.211241895066053	0.0
232.0	26.352739501956318	23.693387770057186	23.69502348892291	26.258849239063586	0.0
233.0	26.31482523522253	23.776777418637216	23.667181386340737	26.24121595979952	0.0
234.0	26.251374057788944	23.77970582077052	23.65767640284757	26.311243718592962	0.0
235.0	26.32515654546525	23.783460161878153	23.63656587995891	26.254817412697683	0.0
236.0	26.341050069359017	23.756445154029365	23.783599863899283	26.11890491271233	0.0
237.0	26.248478662007773	23.700810071584677	23.794707706803816	26.25600355960373	0.0
238.0	26.320300997873385	23.66497628005889	23.678390315720595	26.33633240634713	0.0
239.0	26.210542846673295	23.723040883630844	23.70210176412082	26.36431450557504	0.0
240.0	26.37716439593231	23.610402188281178	23.81359037784496	26.19884303794155	0.0
241.0	26.263693834011754	23.649922123476827	23.794222739944768	26.29216130256665	0.0
242.0	26.330066589224653	23.76531797581846	23.672714778881236	26.231900656075652	0.0
243.0	26.24727572598221	23.64048091208367	23.79951961150053	26.31272375043359	0.0
244.0	26.12530353905263	23.634810611267106	23.833788232829995	26.40609761685026	0.0
245.0	26.27853089223881	23.459970020880654	24.028460526401915	26.233038560478615	0.0
246.0	26.212880441719882	23.862888787790517	23.717241672748933	26.206989097740667	0.0
247.0	26.329950019475056	23.688543102065665	23.67675987418131	26.304747004277967	0.0
248.0	26.36328523920501	23.56732305114038	23.88384089659326	26.185550813061354	0.0
249.0	26.225655461359693	23.414618179437664	24.10984910477562	26.249877254427023	0.0
