# Position (bp)	A	C	G	T	N
0.0	25.89901722340795	24.127971906487318	24.27656723085323	25.696443639251505	0.0
1.0	25.82115203256068	24.256713158286594	24.168300491388294	25.75383431776443	0.0
2.0	25.773889845361627	24.109317078466955	24.210754889643727	25.90603818652769	0.0
3.0	25.854640540716595	24.147375669614473	24.182116524549688	25.815867265119252	0.0
4.0	25.835426940851708	24.231568499736362	24.05043267888713	25.882571880524797	0.0
5.0	25.985460770752827	24.207134394829392	23.9512712521477	25.85613358227008	0.0
6.0	25.86276407031124	24.22003895153387	24.105603314601865	25.811593663553023	0.0
7.0	25.793077357215065	24.099938600462668	24.127847481068475	25.97913656125379	0.0
8.0	25.823896406732572	24.174863252421765	24.086178881956762	25.915061458888903	0.0
9.0	25.930439150535335	24.125218210964654	24.139481378814235	25.804861259685772	0.0
10.0	25.876304961878215	24.22368914699599	24.090673727749373	25.809332163376418	0.0
11.0	25.720345157959684	24.208186184379834	24.16787848157783	25.90359017608265	0.0
12.0	25.84002802935641	24.178110436904493	24.099665446066744	25.882196087672355	0.0
13.0	25.96808250056586	24.12695066027118	24.202915177090343	25.702051662072623	0.0
14.0	26.04249672112341	24.1433838006443	24.091603905506343	25.722515572725946	0.0
15.0	25.82483512599258	24.12447018625259	24.10059562382371	25.950099063931116	0.0
16.0	26.004049373835343	24.009748262893037	24.25252465746204	25.733677705809583	0.0
17.0	25.926844620006882	24.26833767933052	23.948976649437707	25.855841051224886	0.0
18.0	25.66608478880314	24.27112821260143	24.144934096905917	25.917852901689514	0.0
19.0	25.80522138161974	24.13648765968002	24.19353838521642	25.864752573483813	0.0
20.0	25.73909915943458	24.068510267548472	24.288030856905443	25.904359716111507	0.0
21.0	25.849169511442664	24.338880258959882	23.94014653309397	25.87180369650348	0.0
22.0	25.824674982404243	23.98200427259	24.2350110535438	25.95830969146195	0.0
23.0	25.621587431516087	24.16214758108774	24.236561340191802	25.979703647204367	0.0
24.0	25.931334703786728	24.1038568031229	24.1091277777261	25.855680715364272	0.0
25.0	25.904049658781908	24.110368007044503	24.283069939631837	25.70251239454175	0.0
26.0	25.83180630098505	24.234080881555002	24.17206941563495	25.762043401824997	0.0
27.0	25.779716669612213	24.104786975111697	24.203695263254176	25.911801092021914	0.0
28.0	25.846068938146665	24.12215018556931	24.192223142058968	25.83955773422506	0.0
29.0	25.855370658034673	24.19780417399177	24.068510267548472	25.878314900425085	0.0
30.0	26.009469150845995	24.180130906204557	23.937666074457166	25.872733868492286	0.0
31.0	25.873043925821886	24.20803606586858	24.096105369882892	25.822814638426646	0.0
32.0	25.801110625354628	24.089284108631688	24.14385419864133	25.965751067372356	0.0
33.0	25.820334179789846	24.138893281367725	24.09734559920129	25.94342693964114	0.0
34.0	25.948697914244345	24.113468580340506	24.147884943926133	25.78994856148902	0.0
35.0	25.878935015084288	24.206175721890975	24.09455508323489	25.820334179789846	0.0
36.0	25.749020993981787	24.19749411666217	24.138273166708522	25.91521172264752	0.0
37.0	25.849479568772267	24.18323147950056	24.09207462459809	25.875214327129086	0.0
38.0	25.950558258221946	24.11935966960291	24.200284632628573	25.72979743954657	0.0
39.0	26.03024299192921	24.141373740004525	24.090524337950086	25.737858930116182	0.0
40.0	25.824674982404243	24.117189268295707	24.09672548454209	25.961410264757955	0.0
41.0	25.98652490845557	24.02758270004124	24.266016786503826	25.719875604999366	0.0
42.0	25.91614189463632	24.289581143553445	23.944487335708374	25.849789626101867	0.0
43.0	25.647942304532105	24.278419079687836	24.150055345233334	25.923583270546725	0.0
44.0	25.818703840358175	24.13013685888094	24.198969372631947	25.852189928128933	0.0
45.0	25.737389271462813	24.059369409313444	24.2776484157719	25.92559290345185	0.0
46.0	25.8375371678919	24.34431032825566	23.97379411700871	25.84435838684373	0.0
47.0	25.818933843477833	23.957981291256747	24.241681988571358	25.981402876694066	0.0
48.0	25.624839158757666	24.17346979905309	24.24044176694375	25.961249275245486	0.0
49.0	25.89706780601694	24.110838606859044	24.113629105521156	25.878464481602865	0.0
50.0	25.912880631768896	24.09657605814159	24.283539468503022	25.70700384158649	0.0
51.0	25.811802569119102	24.222148497936583	24.208196004626025	25.757852928318293	0.0
52.0	25.78110708383588	24.113629105521156	24.213156891136446	25.892106919506514	0.0
53.0	25.84559860847133	24.147115089466485	24.192383178874064	25.814903123188117	0.0
54.0	25.8626516558509	24.210676447881234	24.05285824576852	25.873813650499343	0.0
55.0	25.986673818611383	24.210676447881234	23.95085001689802	25.851799716609356	0.0
56.0	25.86606226532681	24.199824508639693	24.11207882848665	25.82203439754684	0.0
57.0	25.799400352843055	24.09626600273469	24.129441931273117	25.97489171314914	0.0
58.0	25.839087444926406	24.154246363825216	24.106807886569328	25.899858304679046	0.0
59.0	25.912570576361997	24.133782706969736	24.16602846928746	25.787618247380806	0.0
60.0	25.902028692527356	24.20447533974321	24.09161517163117	25.801880796098263	0.0
61.0	25.734598772800698	24.186182070736038	24.167268690915066	25.911950465548195	0.0
62.0	25.840017611147115	24.174399965273793	24.10928832982454	25.876294093754552	0.0
63.0	25.969310715824918	24.11145871767285	24.197654120791384	25.72157644571085	0.0
64.0	26.032562018832767	24.124791100169602	24.106807886569328	25.735838994428306	0.0
65.0	25.818313732664027	24.136573205631848	24.107738052790033	25.937375008914092	0.0
66.0	25.96683027256971	24.031464422692338	24.248193152116283	25.75351215262167	0.0
67.0	25.922492349382836	24.276718249551195	23.95612095881534	25.84466844225063	0.0
68.0	25.642822372357944	24.25811492513712	24.176570353122102	25.922492349382836	0.0
69.0	25.822574444072377	24.145800002480435	24.19230816931453	25.839317384132656	0.0
70.0	25.7403302069607	24.073792729245795	24.282768777614137	25.903108286179368	0.0
71.0	25.83272614526006	24.352530811564996	23.964343849314005	25.85039919386094	0.0
72.0	25.797380048058287	23.966204170219363	24.26416556856058	25.972250213161768	0.0
73.0	25.643903573366405	24.175180218587705	24.21145647624215	25.969459731803735	0.0
74.0	25.90124796527401	24.09983722192078	24.118130377490115	25.88078443531509	0.0
75.0	25.899077590884428	24.117510270521663	24.269436477792418	25.713975660801484	0.0
76.0	25.808231920006204	24.23595070149601	24.192853267188593	25.7629641113092	0.0
77.0	25.773505929772888	24.115960003100533	24.228819471358808	25.881714595767768	0.0
78.0	25.840787535849934	24.15378652817611	24.189752732346328	25.815673203627625	0.0
79.0	25.847608712502907	24.226028990000774	24.057049841097587	25.86931245639873	0.0
80.0	25.993023796604913	24.199364390357335	23.96093326098752	25.84667855205023	0.0
81.0	25.882644756220447	24.21021626230525	24.11875048445857	25.788388497015735	0.0
82.0	25.7939694597318	24.096736687078522	24.150996046818076	25.9582978063716	0.0
83.0	25.83582668010232	24.15440663514456	24.10634834508953	25.90341833966359	0.0
84.0	25.924812030075188	24.11968064491125	24.176420432524612	25.779086892488955	0.0
85.0	25.887295558483835	24.202774978683824	24.11564994961631	25.79427951321603	0.0
86.0	25.728238121075886	24.165878614060926	24.188202464925197	25.917680799937987	0.0
87.0	25.871482830788313	24.174870165103478	24.10045732888923	25.853189675218974	0.0
88.0	25.9738004805829	24.11937059142702	24.206495620494536	25.700333307495544	0.0
89.0	26.02992016122781	24.153476474691885	24.087745136035966	25.728858228044338	0.0
90.0	25.824974808154405	24.13518331912255	24.105728238121078	25.934113634601967	0.0
91.0	25.93876443686536	24.0381365785598	24.28493915200372	25.738159832571117	0.0
92.0	25.904968607084722	24.268506317339742	23.97085497248275	25.85567010309278	0.0
93.0	25.628090845670876	24.269436477792418	24.179831020851097	25.92264165568561	0.0
94.0	25.78768843442079	24.14751058829366	24.203630094938084	25.861170882347466	0.0
95.0	25.736760023191856	24.075193704713094	24.302771550908915	25.885274721186136	0.0
96.0	25.841557451004103	24.345868717967797	23.97659730813234	25.83597652289576	0.0
97.0	25.791949201152153	23.986208906541158	24.241071290155553	25.98077060215114	0.0
98.0	25.63506311099536	24.168209173185502	24.236110465170356	25.96061725064878	0.0
99.0	25.894266216471802	24.099377726515918	24.128832624865517	25.877523432146766	0.0
100.0	25.88372446337826	24.13317334672756	24.263705054150506	25.719397135743677	0.0
101.0	25.826364924486946	24.233940104239334	24.197664071535097	25.742030899738626	0.0
102.0	25.765594818418304	24.104028499939538	24.245412012017596	25.884964669624562	0.0
103.0	25.834426265087885	24.162628245077155	24.18991278249573	25.81303270733923	0.0
104.0	25.85985049313701	24.20975608243651	24.059071023511212	25.87132240091527	0.0
105.0	25.984491220890032	24.20975608243651	23.979387772186513	25.826364924486946	0.0
106.0	25.874112864969444	24.21037618555966	24.101858139008517	25.81365281046238	0.0
107.0	25.797840180822067	24.094726953092298	24.16479860600818	25.94263426007745	0.0
108.0	25.820473944817024	24.155187007599363	24.121701438949298	25.902637608634315	0.0
109.0	25.913179361727856	24.10805917024001	24.18805247312628	25.790708994905852	0.0
110.0	25.88651492743243	24.20975608243651	24.11053958273261	25.793189407398447	0.0
111.0	25.72590821853674	24.162628245077155	24.206345515259187	25.905118021126917	0.0
112.0	25.864191214999053	24.199524380904545	24.104958654624266	25.83132574947214	0.0
113.0	25.972399209988623	24.1167406139641	24.198904277781395	25.71195589826588	0.0
114.0	26.035339676988283	24.13379344985071	24.11395014990993	25.716916723251078	0.0
115.0	25.812412604216078	24.124181851441897	24.12325169675717	25.940153847584853	0.0
116.0	25.925891475752415	24.05969112663436	24.287579024391757	25.726838373221465	0.0
117.0	25.898606938333845	24.276107116613492	23.976907359693918	25.848378585358745	0.0
118.0	25.634132956310633	24.27331665255932	24.189602730934155	25.902947660195892	0.0
119.0	25.796679957584818	24.146890483247862	24.197429044480135	25.859000514687185	0.0
120.0	25.758003255561583	24.060460429424076	24.274397333540033	25.907138981474304	0.0
121.0	25.83737694752345	24.359662041702194	23.96248352840865	25.84047748236571	0.0
122.0	25.795209673668708	23.99906983954732	24.244012092085885	25.961708394698086	0.0
123.0	25.636152236260756	24.16153786528176	24.23316022013797	25.969149678319507	0.0
124.0	25.901558018758237	24.102627703278813	24.120610805363928	25.875203472599022	0.0
125.0	25.886675451515384	24.1345632121541	24.27408728005581	25.70467405627471	0.0
126.0	25.83582668010232	24.234400434074878	24.200914657778466	25.728858228044338	0.0
127.0	25.767304860088363	24.097046740562746	24.26478567552903	25.870862723819858	0.0
128.0	25.84202774978684	24.166808774513605	24.190062785830555	25.801100689869	0.0
129.0	25.86683202852492	24.206495620494536	24.061080536392527	25.86559181458802	0.0
130.0	25.99333385008914	24.19688396248353	23.983257111851795	25.826525075575535	0.0
131.0	25.893576912105765	24.21494214384046	24.11386439458769	25.77761654946609	0.0
132.0	25.805831504012104	24.096811400081855	24.160372561421788	25.936984534484253	0.0
133.0	25.80862199402215	24.15882228919398	24.116034775706613	25.916520941077252	0.0
134.0	25.91031985216604	24.120375537944465	24.203470129354717	25.76583448053478	0.0
135.0	25.87497364537213	24.203780183800276	24.126576626855677	25.79466954397192	0.0
136.0	25.701033101412605	24.174635065917574	24.223623668316158	25.90070816435366	0.0
137.0	25.879004353164415	24.16750381366968	24.12471630018231	25.828775532983595	0.0
138.0	25.981632374644985	24.080998623358262	24.204710347136956	25.73265865485979	0.0
139.0	26.02977152017065	24.118279936624674	24.12696148801791	25.72498705518676	0.0
140.0	25.829785782719373	24.10184700005891	24.10928832982454	25.95907888739718	0.0
141.0	25.92621301426565	24.036425309202755	24.29067074286175	25.746690933669846	0.0
142.0	25.896447695203133	24.268966864378662	23.990227053574472	25.84435838684373	0.0
143.0	25.664216195434125	24.25532442647501	24.18339157207393	25.89706780601694	0.0
144.0	25.80878203657425	24.12796646430321	24.208271063679376	25.854980435443164	0.0
145.0	25.750031005829094	24.06269378643185	24.29089668857745	25.8963785191616	0.0
146.0	25.85483070817314	24.35321840506015	23.946731985613294	25.845218901153416	0.0
147.0	25.80429120674687	23.97122659059903	24.251829343916658	25.972652858737444	0.0
148.0	25.64182066228451	24.159431973210964	24.23632642936872	25.962420935135803	0.0
149.0	25.89800910954083	24.077341179899477	24.156716348494196	25.867933362065493	0.0
150.0	25.88064579141074	24.146484393167533	24.282600404937384	25.690269410484344	0.0
151.0	25.836617377580858	24.244153057649317	24.19950452531479	25.71972503945504	0.0
152.0	25.778946356648756	24.09346426102028	24.256245368489918	25.871344013841046	0.0
153.0	25.826385422254194	24.177490318399848	24.179350673913785	25.816773585432173	0.0
154.0	25.83816767384247	24.22337908774367	24.08323230569362	25.85522093272024	0.0
155.0	25.983895522434334	24.196093873539233	23.989904470744357	25.830106133282072	0.0
156.0	25.87948579614161	24.20547070241041	24.117103541507763	25.79793995994022	0.0
157.0	25.81282285019751	24.095399326549217	24.1487296833045	25.943048139948775	0.0
158.0	25.81282285019751	24.14810956287711	24.120204143644695	25.91886344328069	0.0
159.0	25.906461034732946	24.106871554455875	24.20019967877762	25.786467732033564	0.0
160.0	25.87948579614161	24.19523871535852	24.12578522749118	25.79949026100869	0.0
161.0	25.70678225711433	24.156481188646836	24.220973713095084	25.915762841143753	0.0
162.0	25.899329649817993	24.15679124886053	24.10005022975462	25.84382887156686	0.0
163.0	25.991107473071267	24.074935352445443	24.198959437922845	25.734997736560437	0.0
164.0	26.04699907291709	24.111287156956067	24.12772039923477	25.713993370892073	0.0
165.0	25.821584598641312	24.097024342902852	24.12679021570956	25.954600842746274	0.0
166.0	25.933826744016596	24.042763637265633	24.28461135382011	25.738798264897667	0.0
167.0	25.91150233941157	24.274999457392944	23.979201096376315	25.834297106819175	0.0
168.0	25.66531376640611	24.24399333988596	24.18880245072353	25.9018904429844	0.0
169.0	25.82259484800754	24.113222289746865	24.195388755906684	25.86879410633891	0.0
170.0	25.73872762112652	24.078954712043508	24.291038528559998	25.89127913826997	0.0
171.0	25.879186639959816	24.32762608754969	23.95554921646812	25.83763805602237	0.0
172.0	25.79732972832187	23.983144917740002	24.24886981650409	25.970655537434034	0.0
173.0	25.647878851770777	24.157090854970637	24.234296805720064	25.960733487538523	0.0
174.0	25.897560718482666	24.08244008768639	24.144453091813354	25.875546102017594	0.0
175.0	25.856322070738237	24.158095952721286	24.273440140397444	25.712141836143036	0.0
176.0	25.842989274850936	24.23220149265301	24.197784275362544	25.72702495713351	0.0
177.0	25.7589616542589	24.09019171320226	24.261037539572047	25.889809092966797	0.0
178.0	25.84950064028427	24.151274522267318	24.16212679798954	25.837098039458873	0.0
179.0	25.852601290490618	24.21359759141492	24.08244008768639	25.851361030408075	0.0
180.0	25.980968209033435	24.171428748608584	23.990970906599113	25.85663213575887	0.0
181.0	25.87407600337352	24.199719700352233	24.11259115939872	25.813613136875528	0.0
182.0	25.82012452249839	24.079104033338293	24.164682244381606	25.936089199781716	0.0
183.0	25.821674852408595	24.110730763506474	24.146078285459147	25.921516098625787	0.0
184.0	25.915314778984964	24.104219377883616	24.186386863124472	25.794078980006947	0.0
185.0	25.875936399265765	24.20127003026244	24.108250235650146	25.81454333482165	0.0
186.0	25.74136776305998	24.135536042069752	24.211502207669792	25.911593987200476	0.0
187.0	25.91283425112864	24.142977625638736	24.089336210745646	25.854851912486975	0.0
188.0	26.008024507615218	24.03259413603215	24.201890162226523	25.757491194126107	0.0
189.0	26.04314271451206	24.088790769927225	24.128789405632673	25.739277109928032	0.0
190.0	25.852451544288414	24.084759899662338	24.106774652647506	25.956013903401743	0.0
191.0	25.935859552077297	24.044451197013437	24.280102074037785	25.73958717687149	0.0
192.0	25.94237095788981	24.2667691954693	23.962283456998364	25.82857638964252	0.0
193.0	25.680364390671944	24.24785511191866	24.174679313263734	25.897101184145654	0.0
194.0	25.828036339958448	24.09785743077734	24.190567734333822	25.88353849493039	0.0
195.0	25.768663102930777	24.066069678891687	24.2766070919171	25.888660126260433	0.0
196.0	25.88121845039503	24.340791546256217	23.921267069344015	25.85672293400474	0.0
197.0	25.814243367606387	23.983281034889057	24.235057735001924	25.967417862502636	0.0
198.0	25.641844543391173	24.142346856512088	24.23009661775832	25.985711982338422	0.0
199.0	25.900523089421313	24.0658342299547	24.139631077775057	25.89401160284893	0.0
200.0	25.85201286197562	24.168607229124873	24.266281344864048	25.71309856403546	0.0
201.0	25.8617856179399	24.2363542212534	24.187361821276966	25.714498339529733	0.0
202.0	25.77823394616317	24.07246048751446	24.258511037448873	25.890794528873496	0.0
203.0	25.86522867588461	24.151671230158115	24.165315190999948	25.81778490295733	0.0
204.0	25.861368576753357	24.194293617298385	24.084829803926432	25.859508002021826	0.0
205.0	25.985406892188994	24.16483451738242	23.98001742738332	25.869741163045262	0.0
206.0	25.858058994269268	24.201170954377435	24.12891661911732	25.811853432235978	0.0
207.0	25.8234976710723	24.07540639943436	24.176192218714533	25.924903710778814	0.0
208.0	25.81467468833344	24.14221918997705	24.136326986292875	25.90677913539664	0.0
209.0	25.923387521941116	24.103903192393332	24.17119961296805	25.801509672697502	0.0
210.0	25.87315862924485	24.185765234920144	24.12467049154908	25.816405644285933	0.0
211.0	25.73825399286711	24.131183129167315	24.22949294464258	25.901069933322994	0.0
212.0	25.909454606352693	24.129001445203226	24.10698225439298	25.8545616940511	0.0
213.0	25.99538515931745	24.064471309212934	24.192868086267747	25.74727544520187	0.0
214.0	26.041689281184	24.108884636498125	24.135246702415696	25.71417937990218	0.0
215.0	25.862897798288625	24.061892311843465	24.101900871814436	25.973309018053474	0.0
216.0	25.95069210323085	24.041399031706796	24.268119830161	25.739789034901357	0.0
217.0	25.91426630729769	24.279426953293406	23.971440711873132	25.834866027535767	0.0
218.0	25.679795789871996	24.228241417064446	24.193503363698113	25.898459429365438	0.0
219.0	25.85311687747747	24.097876590386036	24.159910175368946	25.889096356767556	0.0
220.0	25.772012754184193	24.066698924330964	24.261485589508816	25.89980273197603	0.0
221.0	25.88368486352357	24.320409429280396	23.941066997518607	25.85483870967742	0.0
222.0	25.834837685097302	23.96944149777604	24.23185007351162	25.963870743615036	0.0
223.0	25.621444567826945	24.127620241071483	24.24145610650322	26.009479084598347	0.0
224.0	25.907693643895612	24.07198890760369	24.14767528064445	25.872642167856245	0.0
225.0	25.845505783529426	24.167056991572082	24.260734968872235	25.726702256026257	0.0
226.0	25.85530336165474	24.224573550350375	24.18517794714785	25.73494514084704	0.0
227.0	25.766435358238542	24.071173096668723	24.25233195499567	25.910059590097063	0.0
228.0	25.87362693609378	24.115981052416068	24.17957395854983	25.83081805294032	0.0
229.0	25.84757987213014	24.175531007355154	24.087120260330874	25.889768860183832	0.0
230.0	26.001929561691682	24.15550654096596	23.99388248286816	25.848681414474196	0.0
231.0	25.854976609130503	24.199932991673595	24.136957573802224	25.808132825393677	0.0
232.0	25.83109969473606	24.07490134762862	24.14594346412528	25.94805549351004	0.0
233.0	25.82754748121537	24.132742649020596	24.140188249601348	25.899521620162684	0.0
234.0	25.906427124407067	24.103965725312328	24.18648805442751	25.8031190958531	0.0
235.0	25.883480748170367	24.19671581873404	24.10829794032879	25.811505492766795	0.0
236.0	25.721226185342488	24.140872948162304	24.231462493756457	25.906438372738748	0.0
237.0	25.911091945286397	24.139631995482933	24.09806008072397	25.851215978506698	0.0
238.0	25.988192261991554	24.089522881758192	24.19066115266605	25.731623703584205	0.0
239.0	26.03497058896528	24.116117743416645	24.142488396912462	25.706423270705614	0.0
240.0	25.865182344509186	24.061284137237745	24.117132378948934	25.95640113930413	0.0
241.0	25.93295912573189	24.037718636841763	24.299291611978365	25.73003062544798	0.0
242.0	25.935051434423052	24.25904951048083	23.973871623403824	25.832027431692296	0.0
243.0	25.670253142951132	24.234628168166118	24.216628546778843	25.878490142103907	0.0
244.0	25.8243020123397	24.123248047869104	24.17538763298698	25.877062306804216	0.0
245.0	25.766572206306392	24.052939186357982	24.27858874359444	25.90189986374119	0.0
246.0	25.857739286989183	24.331455355341372	23.96486163492729	25.84594372274216	0.0
247.0	25.81436283655622	23.97034673090714	24.24260298084893	25.972687451687708	0.0
248.0	25.60175598185651	24.14971794386198	24.255586015479714	25.992940058801793	0.0
249.0	25.92161391874523	24.06658842960838	24.151345242752207	25.860452408894187	0.0
