# Position (bp)	A	C	G	T	N
0.0	26.274920533027007	23.838402608262314	23.772238786639978	26.1144380720707	0.0
1.0	26.36248201611019	23.64920223324014	23.70663806137187	26.2816776892778	0.0
2.0	26.20508893531005	23.66428116958801	23.775767028338805	26.354862866763142	0.0
3.0	26.16717715418224	23.752871492275123	23.766947434800233	26.3130039187424	0.0
4.0	26.28546174157335	23.739028605851786	23.775623377866356	26.199886274708504	0.0
5.0	26.231123246027614	23.872883622084924	23.636721883664308	26.259271248223158	0.0
6.0	26.2918052905049	23.61305794335703	23.884113285933832	26.211023480204233	0.0
7.0	26.2681786581779	23.818369627321676	23.72774020315627	26.185711511344156	0.0
8.0	26.240599810870446	23.837078398703113	23.706770387715583	26.215551402710858	0.0
9.0	26.3489838822705	23.616540443483817	23.66748001114479	26.366995663100894	0.0
10.0	26.30816162275641	23.724764032801833	23.701969348184587	26.265104996257172	0.0
11.0	26.217264300146898	23.775137471647355	23.845772852374868	26.161825375830883	0.0
12.0	26.285648353998635	23.81256578095715	23.662852543717953	26.238933321326257	0.0
13.0	26.221204122179508	23.769509154457907	23.762755173830577	26.246531549532005	0.0
14.0	26.114547511439557	23.727859607256025	23.733769340304942	26.423823540999475	0.0
15.0	26.192144579805092	23.679670856937022	23.792799714082292	26.335384849175597	0.0
16.0	26.47271540212806	23.79589527982507	23.529676625945907	26.20171269210096	0.0
17.0	26.263342591889057	23.757904245709124	23.57104464087216	26.40770852152966	0.0
18.0	26.273473534319976	23.713159249972563	23.900581684944573	26.11278553076289	0.0
19.0	26.200587031830857	23.79814660036528	23.6937416103133	26.30752475749056	0.0
20.0	26.13417307589483	23.752275944358615	23.860057915220896	26.253493064525664	0.0
21.0	26.164847318255113	23.831072163265766	23.86934461244924	26.13473590602988	0.0
22.0	26.167942883997895	23.906209986295085	23.68867613909784	26.237170990609176	0.0
23.0	26.17272694014583	23.7201946266607	23.771130753882826	26.335947679310646	0.0
24.0	26.328630887554983	23.692897365110724	23.713159249972563	26.26531249736173	0.0
25.0	26.28641862742615	23.825443861915254	23.761844056654482	26.126293454004113	0.0
26.0	26.370843147683814	23.641679822821075	23.69233453497567	26.295142494519443	0.0
27.0	26.205652503046316	23.673761140518987	23.767753773072517	26.35283258336218	0.0
28.0	26.177229581226236	23.72976273895657	23.779854620976117	26.313153058841078	0.0
29.0	26.26024702614627	23.759311321046752	23.778166130570963	26.20227552223601	0.0
30.0	26.243362122094744	23.872721593259545	23.621417937959237	26.26249834668648	0.0
31.0	26.289514193168927	23.61972944755408	23.882571120622938	26.208185238654046	0.0
32.0	26.250678913850408	23.827695182455457	23.73679811564471	26.184827788049425	0.0
33.0	26.241955046757116	23.830509333130713	23.713440665040086	26.21409495507209	0.0
34.0	26.323565416339523	23.62338784343191	23.671791235046307	26.38125550518226	0.0
35.0	26.295631324785845	23.721816360300323	23.70436867521416	26.278183639699677	0.0
36.0	26.218805227551584	23.77669214403908	23.84901561286401	26.155487015545326	0.0
37.0	26.279590711077596	23.81637155689634	23.66694057656157	26.2370971554645	0.0
38.0	26.215428256244582	23.762621430259916	23.75980728750408	26.262143025991424	0.0
39.0	26.12171730247532	23.736731316906244	23.730258788567827	26.41129259205061	0.0
40.0	26.195936952123123	23.67531637910899	23.80532940855328	26.323417260214605	0.0
41.0	26.475943368350553	23.79322862875652	23.533202569867935	26.197625433024996	0.0
42.0	26.268823044387346	23.750172365758733	23.574570351963846	26.406434237890075	0.0
43.0	26.27135576574016	23.711900131982926	23.911140878404048	26.10560322387287	0.0
44.0	26.19987674089416	23.796887004043914	23.69726663083335	26.305969624228574	0.0
45.0	26.144156871132324	23.741729961249362	23.865833307537095	26.248279860081215	0.0
46.0	26.170891152078664	23.832907929950554	23.860205037864183	26.1359958801066	0.0
47.0	26.173423873431474	23.8979144446727	23.687417158905753	26.241244522990076	0.0
48.0	26.173705286915116	23.717809815139482	23.780002195025173	26.328482702920226	0.0
49.0	26.32060312537815	23.695578149931475	23.719498296041355	26.264320428649018	0.0
50.0	26.279235343282238	23.823902698473894	23.77437392535226	26.122488032891606	0.0
51.0	26.365347869277812	23.640421107136927	23.70120641960439	26.293024603980875	0.0
52.0	26.19818825999229	23.67334648472347	23.76790141522841	26.360563840055836	0.0
53.0	26.192278576835733	23.72259384436146	23.78788177256725	26.29724580623556	0.0
54.0	26.269104457870995	23.75411215452977	23.771278377032157	26.205505010567077	0.0
55.0	26.248279860081215	23.884688010941357	23.613405412706946	26.253626716270485	0.0
56.0	26.299215700621083	23.61706378799434	23.8818738761049	26.201846635279686	0.0
57.0	26.261506293812566	23.81123909170984	23.736945932027385	26.19030868245021	0.0
58.0	26.248561273564864	23.82953096814681	23.711900131982926	26.21000762630541	0.0
59.0	26.338895001815114	23.616219547543402	23.670532349887015	26.374353100754472	0.0
60.0	26.288166596313495	23.726748276347262	23.712959054453357	26.272126072885886	0.0
61.0	26.220346137610807	23.781905163922893	23.844378781483044	26.153369916983255	0.0
62.0	26.281412691712397	23.818207401153792	23.67356127761362	26.226818629520192	0.0
63.0	26.220627550302517	23.757422259743915	23.761362037427887	26.260588152525678	0.0
64.0	26.121570282819757	23.731813704798085	23.735190657098634	26.411425355283523	0.0
65.0	26.20282481265003	23.68052995488967	23.799004364698565	26.31764086776173	0.0
66.0	26.48733224333124	23.785496593508952	23.536728474100254	26.19044268905955	0.0
67.0	26.27571049469398	23.75341563693362	23.56993507827472	26.400938790097676	0.0
68.0	26.28302720408835	23.706701261569545	23.904815239017196	26.105456295324903	0.0
69.0	26.209578698244833	23.806602485992723	23.69122360708145	26.292595208680996	0.0
70.0	26.137818663800015	23.745536103739685	23.859789335051822	26.256855897408478	0.0
71.0	26.161175851482056	23.83699497116935	23.86541757304749	26.136411604301102	0.0
72.0	26.15611043728595	23.902563943818926	23.702480083072793	26.238845535822332	0.0
73.0	26.184814451063875	23.718520561360457	23.783245298310685	26.313419689264983	0.0
74.0	26.323831929556974	23.688690899983396	23.723023151756994	26.264454018702637	0.0
75.0	26.282745792188567	23.8189846095832	23.77508435321696	26.12318524501127	0.0
76.0	26.353661590934035	23.64338358411824	23.694037726079284	26.308917098868445	0.0
77.0	26.212955641042235	23.668710655098764	23.761857993927133	26.35647570993187	0.0
78.0	26.18087468446691	23.722741739857213	23.793657538602677	26.302726037073203	0.0
79.0	26.2633283711035	23.76270222962648	23.772270234219125	26.201699165050897	0.0
80.0	26.24588083331692	23.88455358223278	23.614398158440526	26.25516742600978	0.0
81.0	26.303570272772554	23.611021215643124	23.876674049038837	26.208734462545486	0.0
82.0	26.254886014109992	23.82123590478147	23.73596809914704	26.1879099819615	0.0
83.0	26.246443657116487	23.838402030668266	23.71458079476349	26.200573517451758	0.0
84.0	26.346907705339227	23.610176979943773	23.68278125008794	26.360134064629058	0.0
85.0	26.29252121839753	23.7252076813976	23.71732817037754	26.264942929827328	0.0
86.0	26.232299241315655	23.77023345865508	23.843963168914204	26.153504131115064	0.0
87.0	26.27788784078885	23.809912424863235	23.668362637610034	26.24383709673788	0.0
88.0	26.19937414169612	23.7617911254193	23.767700758684345	26.27113397420023	0.0
89.0	26.129302775839168	23.73252437020194	23.729710259123348	26.40846259483554	0.0
90.0	26.199019003638636	23.678708214085713	23.809845421313454	26.312427360962197	0.0
91.0	26.479022267998296	23.78536272382673	23.536877414852274	26.198737593322697	0.0
92.0	26.275562609574145	23.757503102548732	23.571490883712816	26.39544340416431	0.0
93.0	26.270215813571298	23.711351810734676	23.908339031892233	26.1100933438018	0.0
94.0	26.21140105753997	23.801121701519335	23.703472321888373	26.28400491905232	0.0
95.0	26.13119911749725	23.74934220338649	23.87034863924042	26.249110039875838	0.0
96.0	26.159621559407125	23.83348388785236	23.876821076507024	26.13007347623349	0.0
97.0	26.16496835540997	23.90158518430969	23.701221039360863	26.23222542091948	0.0
98.0	26.17369207520409	23.720638351160677	23.788458237302063	26.31721133633317	0.0
99.0	26.318899798228802	23.698688346517407	23.721482582108493	26.260929273145294	0.0
100.0	26.28006517462917	23.822790295846666	23.77466913182103	26.122475397703127	0.0
101.0	26.35098057424589	23.637903718274504	23.71557296547377	26.295542742005836	0.0
102.0	26.215059391647177	23.67139154587129	23.764819770763157	26.348729291718374	0.0
103.0	26.192827976687973	23.717824248001282	23.784518492878913	26.304829282431836	0.0
104.0	26.271341454835053	23.752156306545885	23.769040925502246	26.207461313116813	0.0
105.0	26.243481833557052	23.883012103457688	23.631994101639776	26.24151196134548	0.0
106.0	26.30595492369559	23.61792358584281	23.875695435243266	26.200426055218333	0.0
107.0	26.251361322403355	23.822790295846666	23.741181304224252	26.18466707752573	0.0
108.0	26.247421577980205	23.837142221959574	23.71416591389407	26.20127028616615	0.0
109.0	26.350136343298075	23.611732558892143	23.67448705934662	26.363644038463164	0.0
110.0	26.297438610512337	23.70847098949217	23.722541465693364	26.271548934302132	0.0
111.0	26.23890542951536	23.761938799056715	23.84889434198011	26.15026142944782	0.0
112.0	26.283930953359185	23.810059827664805	23.666259560888577	26.23974965808743	0.0
113.0	26.216392667593443	23.754059332384045	23.768411218109264	26.261136781913248	0.0
114.0	26.119306381805185	23.73576771332249	23.736611941894562	26.408313962977765	0.0
115.0	26.19239915014563	23.68251466843016	23.818153677308608	26.306932504115604	0.0
116.0	26.47493351718704	23.785791673115618	23.542654528570022	26.196620281127323	0.0
117.0	26.283575579350227	23.74864572047671	23.57276526290611	26.395013437266957	0.0
118.0	26.27457049992261	23.705027366999197	23.913551237494897	26.10685089558329	0.0
119.0	26.215756074911006	23.79507816127534	23.699962009821167	26.289203753992485	0.0
120.0	26.138368673579944	23.73851500612064	23.87387260626697	26.249243714032445	0.0
121.0	26.165383911862783	23.817872268576494	23.88794304287262	26.1288007766881	0.0
122.0	26.1679165904518	23.90792306285264	23.693489608982567	26.23067073771299	0.0
123.0	26.168479407916028	23.719379212336957	23.79085703029365	26.32128434945336	0.0
124.0	26.315093357346882	23.68504734701918	23.729791335425137	26.270067960208802	0.0
125.0	26.283575579350227	23.81449536379114	23.781570542133924	26.12035851472471	0.0
126.0	26.358148893360163	23.63017264425715	23.719097803604846	26.292580658777844	0.0
127.0	26.229826511516652	23.669569866752965	23.76018347849334	26.340420143237044	0.0
128.0	26.187052384235482	23.725007386979218	23.787761534240406	26.30017869454489	0.0
129.0	26.263950877153487	23.761657389532694	23.773476589541698	26.200915143772125	0.0
130.0	26.252975905716553	23.867185961041663	23.633053237053755	26.246784896188025	0.0
131.0	26.32811224863094	23.589997579878094	23.87619106581043	26.20569910568053	0.0
132.0	26.247910534284124	23.818502113385527	23.74786832285552	26.185719029474836	0.0
133.0	26.247629124760095	23.8382007800672	23.716913275212885	26.19725681995981	0.0
134.0	26.347529505788593	23.622359675140846	23.671606341845035	26.358504477225527	0.0
135.0	26.29948248642899	23.711070400418738	23.72288963368819	26.26655747946408	0.0
136.0	26.237572216922327	23.7636941294994	23.849524275860905	26.14920937771737	0.0
137.0	26.273874147678505	23.813222345104727	23.66604474986844	26.246858757348328	0.0
138.0	26.208305544064636	23.738648611380796	23.78114156908764	26.27190427546693	0.0
139.0	26.133731810340706	23.72373386463601	23.739492842328612	26.40304148269467	0.0
140.0	26.199447869852627	23.68193701438859	23.814482019186663	26.304133096572123	0.0
141.0	26.479245813986214	23.776558322780357	23.55255382017729	26.19164204305614	0.0
142.0	26.28338258055438	23.7365977205572	23.582102152807092	26.397917546081327	0.0
143.0	26.273607073609323	23.717246988172192	23.91902045594613	26.09012548227236	0.0
144.0	26.218168617331134	23.80167103326589	23.692482601611374	26.28767774779161	0.0
145.0	26.138810014943054	23.737790172478324	23.87483853901376	26.248561273564864	0.0
146.0	26.157383304863668	23.825028352408477	23.885532251392295	26.13205609133556	0.0
147.0	26.16892125769314	23.9077639166003	23.696985217349702	26.226329608356856	0.0
148.0	26.175112354333347	23.718372642106775	23.79576135010933	26.310753653450554	0.0
149.0	26.31807040402534	23.68235171620013	23.728784941001663	26.270792938772868	0.0
150.0	26.275014141027555	23.816023120931817	23.7845048107635	26.124457927277128	0.0
151.0	26.360282426572184	23.633948597013077	23.717809815139482	26.287959161275253	0.0
152.0	26.229706570160605	23.668562455501494	23.756926289366227	26.344804684971674	0.0
153.0	26.18552465322824	23.716402747721254	23.800545379331307	26.297527219719207	0.0
154.0	26.257358983306506	23.75980728750408	23.783727500928666	26.19910622826075	0.0
155.0	26.255670497653007	23.86055359816293	23.64893006292423	26.234845841259833	0.0
156.0	26.32292850951743	23.591802964980808	23.882222497382845	26.203046028118916	0.0
157.0	26.252293526346005	23.830160856399925	23.730540202843407	26.187005414410663	0.0
158.0	26.257077569030923	23.830723684951092	23.712529689206075	26.199669056811913	0.0
159.0	26.349944279973435	23.61516034985423	23.66694057656157	26.36795479361077	0.0
160.0	26.300770795869955	23.705561043149373	23.71878755132307	26.274880609657604	0.0
161.0	26.23885948101433	23.764939622397264	23.85724376454564	26.138957132042762	0.0
162.0	26.27544343979265	23.823755371510103	23.670102744641152	26.230698444056095	0.0
163.0	26.221974576962797	23.73426538003698	23.777321885368387	26.26643815763184	0.0
164.0	26.12854477454432	23.71653623078287	23.749743208750886	26.40517578592193	0.0
165.0	26.207207080442952	23.684306800433383	23.81178854352812	26.296697575595545	0.0
166.0	26.48785402314377	23.762044666576614	23.56195686433428	26.188144445945337	0.0
167.0	26.27679094060966	23.73390292223873	23.586721599351616	26.40258453779999	0.0
168.0	26.27545779711434	23.72524574847401	23.912107456738983	26.087188997672673	0.0
169.0	26.221425495929285	23.79391179789668	23.694852579057418	26.28981012711662	0.0
170.0	26.138688534739675	23.73847240553493	23.88874974320586	26.234089316519533	0.0
171.0	26.156699301801357	23.824304967313275	23.8977551267367	26.121240604148667	0.0
172.0	26.17358439592169	23.898599381442722	23.687535704938607	26.240280517696984	0.0
173.0	26.17499148709838	23.711737673177748	23.802072926721507	26.311197913002367	0.0
174.0	26.32892726182871	23.67740464846641	23.732562622592816	26.261105467112056	0.0
175.0	26.280523325350437	23.81051547378167	23.769146993186865	26.139814207681027	0.0
176.0	26.355661994185898	23.636599004342283	23.714551855531134	26.29318714594068	0.0
177.0	26.237466335343594	23.66811784670023	23.750291971419163	26.34412384653701	0.0
178.0	26.190469490042016	23.715114692001812	23.8034800178982	26.290935800057973	0.0
179.0	26.26371214210535	23.7492331331506	23.792571663355304	26.194483061388745	0.0
180.0	26.251892542958615	23.849418306870565	23.66086755857737	26.237821591593452	0.0
181.0	26.314648986047246	23.589105706615037	23.889942646802236	26.206302660535485	0.0
182.0	26.25836518058659	23.826341946631697	23.727282449020944	26.188010423760772	0.0
183.0	26.25414389517704	23.827467622740908	23.71405575473769	26.204332727344358	0.0
184.0	26.349826364460156	23.601769562843682	23.677471281188264	26.3709327915079	0.0
185.0	26.30234056863689	23.70708699530873	23.718062368260348	26.272510067794038	0.0
186.0	26.236769750746465	23.762808119524625	23.85089252295682	26.149529606772088	0.0
187.0	26.266037411950776	23.82387622030669	23.680633532297147	26.22945283544539	0.0
188.0	26.229734255264663	23.727067802477055	23.776597690668964	26.266600251589317	0.0
189.0	26.136302875266292	23.719469467356706	23.74367157181412	26.400556085562883	0.0
190.0	26.209619546404983	23.67035422512024	23.813879140764172	26.306147087710606	0.0
191.0	26.489708390321326	23.76244589658297	23.559821916034874	26.18802379706083	0.0
192.0	26.27019907806089	23.74162065413775	23.584587069212976	26.40359319858839	0.0
193.0	26.2767457371453	23.720580744476372	23.908852722908115	26.09382079547021	0.0
194.0	26.22271252360435	23.796002105043947	23.69271986874432	26.288565502607387	0.0
195.0	26.150534003123816	23.736474031547694	23.881970534847397	26.231021430481093	0.0
196.0	26.16094671225745	23.816961458904977	23.892101819409852	26.129990009427722	0.0
197.0	26.177832186528207	23.898574584546978	23.694823195013157	26.22877003391166	0.0
198.0	26.164886656253955	23.711708669283915	23.80345307948837	26.319951594973755	0.0
199.0	26.33627422010216	23.677656296171218	23.723809925844623	26.262259557882	0.0
200.0	26.272953691586814	23.81245866576611	23.781220538365204	26.133367104281874	0.0
201.0	26.364979526362447	23.635442610494323	23.720714255561653	26.278863607581577	0.0
202.0	26.2363684973335	23.667525011608763	23.75054526010666	26.345561230951077	0.0
203.0	26.194154811656606	23.721558529275192	23.79050754921412	26.293779109854082	0.0
204.0	26.254172131009135	23.74864212262266	23.795077307547267	26.202108438820943	0.0
205.0	26.260644914362263	23.84685957437228	23.65014324550986	26.2423522657556	0.0
206.0	26.32086994208266	23.587103964157667	23.89667186365504	26.195354230104634	0.0
207.0	26.271205520470996	23.821946799049904	23.725135929215494	26.18171175126361	0.0
208.0	26.256008465322573	23.822509652944287	23.71838168248286	26.20310019925028	0.0
209.0	26.356477885470493	23.607218038341607	23.669976247565657	26.366327828622243	0.0
210.0	26.30308078946109	23.710568455890424	23.718167004849	26.268183749799483	0.0
211.0	26.239478120400417	23.767979714688558	23.839743788186226	26.1527983767248	0.0
212.0	26.27718943745409	23.81582243035367	23.68326996518739	26.22371816700485	0.0
213.0	26.235256704312317	23.721825565458683	23.778955396517613	26.263962333711383	0.0
214.0	26.13478700141558	23.724921270589956	23.740118368507108	26.40017335948735	0.0
215.0	26.206417151428674	23.675241818146002	23.813142186536986	26.305198843888338	0.0
216.0	26.49157961095101	23.7712761167147	23.554293497838614	26.182850774495677	0.0
217.0	26.277411293227665	23.734408771613833	23.596508015129682	26.39167192002882	0.0
218.0	26.280862416872345	23.725188347634717	23.90924416101225	26.08470507448069	0.0
219.0	26.236114902610836	23.800048968977872	23.69085377694349	26.272982351467807	0.0
220.0	26.16069141945307	23.73982275481458	23.887011119335146	26.212474706397202	0.0
221.0	26.16181714308229	23.81215049799199	23.901364095607708	26.124668263318014	0.0
222.0	26.17560725754024	23.89320259929586	23.69620096418229	26.234989178981614	0.0
223.0	26.168852915764916	23.707458200474495	23.80117469260709	26.322514191153502	0.0
224.0	26.33686716742606	23.666087857100642	23.731379827595426	26.26566514787787	0.0
225.0	26.28226957140887	23.809054758011637	23.776408772764242	26.132266897815253	0.0
226.0	26.373171754468423	23.630908993687505	23.717026851322867	26.278892400521208	0.0
227.0	26.235270609888918	23.675093646134407	23.749672836570255	26.339962907406417	0.0
228.0	26.20375034827075	23.72152974583975	23.78963602540758	26.285083880481924	0.0
229.0	26.255607526609364	23.748895380580088	23.796457337768697	26.19903975504185	0.0
230.0	26.25138605111925	23.840360682865875	23.65799294169298	26.25026032432189	0.0
231.0	26.320618249157114	23.577222043982147	23.894958432538008	26.207201274322735	0.0
232.0	26.260539676464294	23.82248314214632	23.729047292048946	26.187929889340435	0.0
233.0	26.268138375116795	23.81741734304466	23.714412761310804	26.200031520527745	0.0
234.0	26.36157422521417	23.6032466143576	23.68683229953507	26.34834686089316	0.0
235.0	26.312678886534226	23.699563495748937	23.727988337371915	26.259769280344926	0.0
236.0	26.234440213552173	23.762886162730812	23.84647208314688	26.15620154057013	0.0
237.0	26.278625363401748	23.81072995556156	23.682396017144963	26.22824866389173	0.0
238.0	26.245697576571175	23.707725083937714	23.774987827976236	26.271589511514875	0.0
239.0	26.131300992623572	23.72474466749784	23.732061994647093	26.411892345231497	0.0
240.0	26.20023303856394	23.645533708971985	23.822564212256477	26.331669040207593	0.0
241.0	26.504694782824075	23.762412465380198	23.553849271576862	26.179043480218866	0.0
242.0	26.272827579995045	23.72210587943885	23.58193159044338	26.423134950122723	0.0
243.0	26.284974384957493	23.7274109103192	23.890390136801216	26.097224567922083	0.0
244.0	26.223605946385693	23.808344194504578	23.693211087684134	26.274838771425596	0.0
245.0	26.142892935867373	23.737884166579864	23.8772356052779	26.241987292274864	0.0
246.0	26.154487177682494	23.812714491231727	23.90055208177905	26.13224624930673	0.0
247.0	26.176988957898118	23.904939946957366	23.68843366574133	26.229637429403184	0.0
248.0	26.16376142785144	23.716434425883325	23.816951653184596	26.302852493080643	0.0
249.0	26.327348287969187	23.690530826690843	23.737551490442417	26.244569394897553	0.0
