# Position (bp)	A	C	G	T	N
0.0	26.04736440030558	23.937967914438502	23.863712757830406	26.150954927425516	0.0
1.0	26.0	24.041558441558443	23.91291061879297	26.045530939648586	0.0
2.0	26.140777069869063	23.83645780813127	24.01582863516218	26.006936486837485	0.0
3.0	26.016610442945144	24.03686320524103	23.916165542192235	26.030360809621587	0.0
4.0	26.006013162960386	24.056318404311877	23.759021272175065	26.17864716055267	0.0
5.0	26.0890155855187	23.92549749305664	23.92458087756767	26.060906043856995	0.0
6.0	26.0940369144844	23.936974674378316	23.90917118091519	26.059817230222095	0.0
7.0	26.018147933152058	23.896917295530233	23.846200849347714	26.23873392197	0.0
8.0	26.06425555575923	23.99104235025266	23.9003049022663	26.044397191721814	0.0
9.0	26.107916877974862	23.897887732719063	23.943713606618477	26.050481782687594	0.0
10.0	26.06059124888114	23.933146168674256	23.890988296608125	26.11527428583648	0.0
11.0	26.079837233954805	23.87296427884072	23.883045509117405	26.164152978087067	0.0
12.0	26.077393299342276	23.805450585169595	23.893126739394088	26.224029376094045	0.0
13.0	26.250301673178733	23.729994104007748	23.866243458656264	26.153460764157256	0.0
14.0	26.083808627700165	23.909623298028663	23.967055761423104	26.039512312848068	0.0
15.0	25.981468865800494	23.965222810463708	23.905346412456733	26.147961911279065	0.0
16.0	26.00102034270073	23.848219440888858	23.95758551479955	26.19317470161086	0.0
17.0	26.084419611353297	24.01776740463309	23.889155345648728	26.008657638364884	0.0
18.0	25.968638209084716	24.041901258931816	24.01776740463309	25.971693127350377	0.0
19.0	26.159876092515145	23.952392153747926	23.834777800519944	26.052953953216985	0.0
20.0	26.169266394168787	23.926657746332584	23.904051420227162	26.000024439271463	0.0
21.0	26.16132363094256	23.980729634449595	23.751611464462243	26.106335270145596	0.0
22.0	26.004301311777894	23.96331665353056	23.860366222482906	26.172015812208638	0.0
23.0	26.027824110563262	23.897025129680884	24.03510701345993	26.040043746295922	0.0
24.0	26.14321980308117	23.793696520163866	23.958661098602995	26.10442257815197	0.0
25.0	26.083343770906968	23.8709854800622	23.884427038305386	26.161243710725447	0.0
26.0	26.029272047974146	23.990126564490456	23.92627916283531	26.054322224700083	0.0
27.0	26.163993120366097	23.84410236357582	23.95652266888249	26.035381847175593	0.0
28.0	26.04332458613748	23.97790696608756	23.94735797008031	26.03141047769465	0.0
29.0	26.057988104220954	23.995625383771763	23.766507913717415	26.179878598289868	0.0
30.0	26.080288871306244	23.929028572475968	23.88992585758669	26.100756698631102	0.0
31.0	26.09984022875088	23.944303070479588	23.904589375670167	26.05126732509936	0.0
32.0	26.019190879291752	23.890842327466906	23.88015017886437	26.20981661437697	0.0
33.0	26.057377124300814	23.991043034370676	23.903672905789954	26.047906935538563	0.0
34.0	26.122140995836173	23.917725443953284	23.92963955239611	26.030494007814433	0.0
35.0	26.083343770906968	23.909477215031327	23.895730166828066	26.111448847233635	0.0
36.0	26.073262602224577	23.861515291299952	23.867625090501402	26.197597015974072	0.0
37.0	26.08975906006849	23.812636897688357	23.88106664874459	26.216537393498562	0.0
38.0	26.271220096351534	23.722517359466984	23.85479451217836	26.151468032003127	0.0
39.0	26.05982104398139	23.930556022276328	23.97393559660662	26.035687337135666	0.0
40.0	25.98436502384349	23.952551299401545	23.89603565678814	26.167048019966828	0.0
41.0	26.010026180489575	23.85357255233807	23.970575207045822	26.165826060126534	0.0
42.0	26.038131256816243	24.04633671714379	23.89725761662843	26.018274409411536	0.0
43.0	25.964508176438784	24.039921427982268	24.03381162878082	25.961758766798127	0.0
44.0	26.15696685128443	23.933305431916978	23.854489022218285	26.0552386945803	0.0
45.0	26.17674373136517	23.946673835475828	23.841280121218045	26.035302311940956	0.0
46.0	26.165746126399142	23.991886211447287	23.724888801994233	26.117478860159345	0.0
47.0	26.02033334962608	23.905738305880053	23.885881519135832	26.188046825358036	0.0
48.0	26.049049318148494	23.915513954738746	23.990358766313115	26.045077960799652	0.0
49.0	26.132978967144755	23.814018848615376	23.923994562311933	26.129007621927936	0.0
50.0	26.107012479188622	23.872367074493273	23.906276252883043	26.114344193435063	0.0
51.0	26.015060563014558	23.975622050130596	23.947517145519253	26.061800241335593	0.0
52.0	26.150086300386445	23.851288396034764	23.934686645587988	26.063938657990803	0.0
53.0	26.05355206280835	23.973789121568988	23.947517145519253	26.02514167010341	0.0
54.0	26.055995967557166	23.99975560952512	23.746200491835832	26.198047931081884	0.0
55.0	26.090210634040538	23.940185431272816	23.870228657838062	26.099375276848587	0.0
56.0	26.11159480059265	23.916968336159098	23.91941224090791	26.05202462234034	0.0
57.0	26.03094594388184	23.8784768363653	23.872978050680473	26.217599169072386	0.0
58.0	26.069742931769234	24.00006109761872	23.884892086330936	26.04530388428111	0.0
59.0	26.1219813957751	23.908414669538256	23.930104324183965	26.03949961050268	0.0
60.0	26.092349050695752	23.920328705188716	23.875116467335687	26.112205776779852	0.0
61.0	26.059050848493182	23.85617620553239	23.880615253020512	26.204157692953917	0.0
62.0	26.09662588400617	23.80302127724572	23.884586598237334	26.215766240510774	0.0
63.0	26.27319800210787	23.73031511096855	23.847928027005146	26.148558859918435	0.0
64.0	26.06516061036521	23.934075669400784	23.97837144297301	26.02239227726099	0.0
65.0	25.992454444088043	23.957292764514506	23.91391345522308	26.136339336174373	0.0
66.0	25.986955658403215	23.872978050680473	23.960042157356916	26.180024133559392	0.0
67.0	26.047442300936318	24.04863370450137	23.885503062518136	26.018420932044172	0.0
68.0	25.98542821793521	24.020223311796425	24.036719668850907	25.957628801417464	0.0
69.0	26.179718645465794	23.912691502848677	23.86778475308925	26.03980509859628	0.0
70.0	26.17169600361697	23.950804347693268	23.84143994427914	26.036059704410626	0.0
71.0	26.186053900154576	23.966384192872372	23.73757430975176	26.10998759722129	0.0
72.0	26.01773047478814	23.911091016844562	23.88879045413721	26.18238805423008	0.0
73.0	26.03850360169362	23.91017455536344	23.99876583187209	26.052556011070855	0.0
74.0	26.12518214616294	23.819066617381555	23.930874576519717	26.124876659935786	0.0
75.0	26.118461449165565	23.874970596950636	23.90796310948321	26.09860484440059	0.0
76.0	26.019178425340694	23.980668831545728	23.934845897472712	26.065306845640862	0.0
77.0	26.163978897011432	23.854197533504202	23.960812226780757	26.021011342703616	0.0
78.0	26.048505103147424	23.981890776454343	23.944621456741622	26.02498266365661	0.0
79.0	26.06164101091502	24.00113640876501	23.73353047377859	26.203692106541375	0.0
80.0	26.083636019270074	23.927208741793876	23.90613019212029	26.083025046815767	0.0
81.0	26.116628531802643	23.928736172929643	23.899714981350066	26.054920313917645	0.0
82.0	26.038118571424206	23.878330945449324	23.86366760654596	26.21988287658051	0.0
83.0	26.071722056411083	23.981279804000035	23.91315637534482	26.03384176424406	0.0
84.0	26.12945895334309	23.920182558569348	23.910406999300438	26.03995148878713	0.0
85.0	26.073554973774005	23.91223991666336	23.90185338494014	26.112351724622496	0.0
86.0	26.058280662416333	23.848087808961132	23.904908247211676	26.18872328141086	0.0
87.0	26.092800606084676	23.81234592038418	23.887495532263927	26.20735794126722	0.0
88.0	26.255319278930312	23.740251170775966	23.85480850595851	26.149621044335213	0.0
89.0	26.06958365282101	23.933318466336946	23.979446886637117	26.017650994204928	0.0
90.0	25.97305000504052	23.96386708905229	23.91682221007066	26.146260695836528	0.0
91.0	25.99137917866973	23.87435962449633	23.986778556088797	26.14748264074514	0.0
92.0	26.052170937873264	24.044820939247955	23.906741164574598	25.996266958304187	0.0
93.0	25.959303124818618	24.01335585785115	24.032601490161817	25.99473952716842	0.0
94.0	26.167644731737273	23.92201547593227	23.86641698259034	26.04392280974012	0.0
95.0	26.18039517577624	23.951268985911017	23.865122133020517	26.00321370529223	0.0
96.0	26.16206605813996	23.971125530016984	23.76797780954825	26.098830602294804	0.0
97.0	26.033151264098148	23.906668132996078	23.88253479477498	26.177645808130794	0.0
98.0	26.046592617031415	23.913083324168774	24.020308662340994	26.020015396458813	0.0
99.0	26.113719608124665	23.825947230631527	23.909038976749585	26.151294184494223	0.0
100.0	26.116163483010485	23.899263477206283	23.88673861841643	26.0978344213668	0.0
101.0	26.02146333118476	23.975023598666866	23.931644819443466	26.071868250704906	0.0
102.0	26.161680652758985	23.849164042046866	23.950584849808614	26.038570455385535	0.0
103.0	26.063009204243787	23.957000021383905	23.935616116132934	26.044374658239374	0.0
104.0	26.080421812805294	23.98235522332434	23.733996438052355	26.203226525818014	0.0
105.0	26.075228578672917	23.960665833712643	23.892237336909535	26.071868250704906	0.0
106.0	26.101500233695536	23.94600258439769	23.89315378999172	26.059343391915053	0.0
107.0	26.055677579586312	23.849164042046866	23.885516680973517	26.209641697393305	0.0
108.0	26.07919987536238	23.96585906784502	23.91484317960342	26.04009787718918	0.0
109.0	26.12105123278214	23.900179930288466	23.931644819443466	26.047124017485924	0.0
110.0	26.07278470378709	23.902318320813563	23.9178980232107	26.106998952188643	0.0
111.0	26.080421812805294	23.837861120699927	23.892542821270265	26.189174245224518	0.0
112.0	26.096306999563158	23.82839110551735	23.881239899923322	26.194061994996165	0.0
113.0	26.244161430155582	23.725748360312693	23.864743744444002	26.16534646508772	0.0
114.0	26.074312125590733	23.91942544501434	23.98724297309599	26.019019456298935	0.0
115.0	25.993053285637043	23.970135848895215	23.92828449147546	26.108526373992287	0.0
116.0	26.010465894198546	23.856495666704344	24.000989769328758	26.13204866976835	0.0
117.0	26.04651304876447	24.041313704944876	23.9081225236674	26.004050722623255	0.0
118.0	25.943564819199082	24.025428518187013	24.046201454716527	25.98480520789738	0.0
119.0	26.167179371252086	23.915759632685603	23.88490571225206	26.032155283810244	0.0
120.0	26.19169813165194	23.92683016239598	23.855652088908442	26.025819617043634	0.0
121.0	26.174896440485355	23.96135000061097	23.768894265430063	26.09485929347361	0.0
122.0	26.02643058763151	23.91063944181727	23.901169397705193	26.16176057284602	0.0
123.0	26.056979117025307	23.900863912411257	24.01664283881374	26.0255141317497	0.0
124.0	26.106852972533733	23.83983968082799	23.930569090292565	26.122738256345713	0.0
125.0	26.108074917442348	23.889633935854	23.92323742084088	26.07905372586277	0.0
126.0	26.03384176424406	23.9913608494961	23.92934714538395	26.04545024087589	0.0
127.0	26.154203337742516	23.840450653282296	23.97608653813843	26.029259470836756	0.0
128.0	26.066528790549476	23.961423199235064	23.953786043556228	26.018261966659235	0.0
129.0	26.086385395314455	23.974559107002662	23.719172621102377	26.21988287658051	0.0
130.0	26.093717064766135	23.924764851976647	23.906741164574598	26.074776918682623	0.0
131.0	26.097768110806303	23.93461352819341	23.92789281066517	26.03972555033512	0.0
132.0	26.061109651561342	23.855492353656377	23.88787399265609	26.19552400212619	0.0
133.0	26.072412676495205	23.98257501237223	23.91170199116531	26.03331031996725	0.0
134.0	26.119537491026286	23.902304907666224	23.9569872764209	26.02117032488659	0.0
135.0	26.074325253173257	23.896500633887793	23.917884800439904	26.111289312499046	0.0
136.0	26.05843987230598	23.85251034840917	23.902915883853424	26.186133895431425	0.0
137.0	26.10762345537583	23.788357848752845	23.904443324321434	26.199575371549894	0.0
138.0	26.25792359742779	23.71259680153966	23.847622538911544	26.181857062121004	0.0
139.0	26.065771586552415	23.92338358612473	24.000672073805923	26.01017275351693	0.0
140.0	25.993370908368846	23.948433609800055	23.93071530037117	26.127480181459926	0.0
141.0	26.014144098733748	23.863202431685224	23.997006216682703	26.12564725289832	0.0
142.0	26.04133253906429	24.03916357359972	23.921856145656722	25.99764774167927	0.0
143.0	25.972597718003943	23.993645847653088	24.04863370450137	25.985122729841603	0.0
144.0	26.18979975255464	23.90872015763186	23.885503062518136	26.01597702729536	0.0
145.0	26.181631555794517	23.937509164670807	23.876411359303972	26.004447920230707	0.0
146.0	26.19324013881421	23.934454274402466	23.774378024341367	26.09792756244196	0.0
147.0	26.042023070531307	23.8739674470893	23.915819443765578	26.168190038613815	0.0
148.0	26.05851947798035	23.91429199863141	24.007771640842662	26.019416882545578	0.0
149.0	26.105498547386365	23.806061568822727	23.955752563840154	26.132687319950755	0.0
150.0	26.133298303603887	23.889460837475294	23.89282124756752	26.084419611353297	0.0
151.0	26.032791492663616	23.99821592773285	23.938950513379016	26.030042066224517	0.0
152.0	26.153460764157256	23.843637063490366	23.979580926312316	26.02332124604006	0.0
153.0	26.06731206906559	23.959723957585517	23.940477972511847	26.032486000837046	0.0
154.0	26.07708780751571	23.97224912247473	23.74679615446889	26.203866915540676	0.0
155.0	26.107026006519195	23.912983708120887	23.91787157734595	26.062118708013966	0.0
156.0	26.0936640801613	23.916417180912813	23.909390847436914	26.08052789148897	0.0
157.0	26.056699456222887	23.846459338913668	23.881896499052974	26.214944705810474	0.0
158.0	26.112604631270237	23.949715891733366	23.920999572310137	26.016679904686256	0.0
159.0	26.15331506481049	23.88502439367139	23.940929739505528	26.020730802012594	0.0
160.0	26.05189115870703	23.90304852156327	23.933903384564626	26.111156935165074	0.0
161.0	26.059223007341014	23.838894846015904	23.899993584632444	26.201888562010637	0.0
162.0	26.126737113512295	23.790321348815755	23.888079330602217	26.194862207069736	0.0
163.0	26.26756970602342	23.72433471110989	23.838283858629737	26.16981172423695	0.0
164.0	26.059528501034094	23.915573762979665	24.016692175390038	26.008205560596203	0.0
165.0	26.003928648893044	23.958648373704325	23.930237460247632	26.107185517154996	0.0
166.0	26.020730802012594	23.858140948680116	24.027384454647933	26.093743794659357	0.0
167.0	26.063805412737256	24.009360326756056	23.933903384564626	25.992930875942065	0.0
168.0	25.967574899416203	23.991336198864175	24.040520683450488	26.000568218269134	0.0
169.0	26.17744906656402	23.913740800821166	23.86791674685876	26.040893385756053	0.0
170.0	26.202579596624897	23.945890791780972	23.8634072426666	25.98812236892753	0.0
171.0	26.19280376858171	23.930005071210797	23.797420403375106	26.07977075683239	0.0
172.0	26.036390519890755	23.897317146191398	23.904343522597436	26.161948811320407	0.0
173.0	26.04463887480219	23.912591877508873	24.01615455584136	26.02661469184757	0.0
174.0	26.120640933600136	23.817801335023752	23.92869690072861	26.132860830647502	0.0
175.0	26.103227580307635	23.903646111781505	23.89570317870072	26.097423129210135	0.0
176.0	26.03998961308751	23.98674141170361	23.943055279759268	26.030213695449618	0.0
177.0	26.16341057326592	23.820245314433226	23.98185345288466	26.034490659416193	0.0
178.0	26.063207417477507	23.937556326087954	23.94091679777598	26.058319458658563	0.0
179.0	26.10261658545527	23.96077413047795	23.749064414132313	26.18754486993447	0.0
180.0	26.094673652374478	23.910672552583744	23.9134220294194	26.081231765622377	0.0
181.0	26.06114855163228	23.91441157960982	23.92999199594298	26.094447872814925	0.0
182.0	26.054427587723854	23.8551448978719	23.897303671479282	26.193123842924965	0.0
183.0	26.10116883672335	23.94251742868141	23.928770002505086	26.02754373209016	0.0
184.0	26.147378968817687	23.87263123485869	23.941979574317283	26.038010222006335	0.0
185.0	26.062144666135094	23.89462718393807	23.94350707078113	26.0997210791457	0.0
186.0	26.07925262653017	23.818252360745785	23.875380728493614	26.227114284230428	0.0
187.0	26.133020502057537	23.77181646824488	23.881490714348995	26.21367231534859	0.0
188.0	26.28424265197826	23.690859155661055	23.844830799216698	26.180067393143986	0.0
189.0	26.072531642089245	23.891572191010376	23.99758044560127	26.038315721299103	0.0
190.0	26.009904287071578	23.97161300571589	23.90837465211268	26.11010805509985	0.0
191.0	26.036177226249723	23.846969294266085	24.02171488973003	26.095138589754164	0.0
192.0	26.071004145625405	24.033629362148027	23.91173514433314	25.983631347893432	0.0
193.0	25.972938872646512	23.994525452673578	24.040961345174487	25.99157432950543	0.0
194.0	26.183733384657216	23.889433695960992	23.88087971576346	26.045953203618332	0.0
195.0	26.211919396820356	23.951523224127186	23.855596153141153	25.980961225911308	0.0
196.0	26.200310388229685	23.932276709884764	23.772805591876136	26.09460731000941	0.0
197.0	26.074444295088778	23.86689966150575	23.902337687729887	26.156318355675584	0.0
198.0	26.056114281524568	23.903559688634168	24.022093776349397	26.018232253491867	0.0
199.0	26.11653718430081	23.811822356100436	23.941661142153613	26.12997931744514	0.0
200.0	26.115634308409074	23.879630336821204	23.921790269609716	26.08294508516001	0.0
201.0	26.038952111815473	23.979531047124418	23.952035438784083	26.029481402276026	0.0
202.0	26.148948585639175	23.833790071520006	23.976157961145177	26.041103381695645	0.0
203.0	26.075479883538687	23.939337465897186	23.961639868140868	26.023542782423263	0.0
204.0	26.084512378060143	23.960551521021163	23.764714508742397	26.190221592176293	0.0
205.0	26.118438539728512	23.895768219022393	23.91776578095928	26.068027460289816	0.0
206.0	26.090264156477428	23.912180039473764	23.928678362144293	26.06887744190452	0.0
207.0	26.04628141594002	23.860532474595328	23.911861216857826	26.181324892606828	0.0
208.0	26.090436908035443	23.964558509013138	23.9168958142377	26.02810876871372	0.0
209.0	26.163552758215065	23.85554316442353	23.941703967368888	26.039200109992517	0.0
210.0	26.056628504908474	23.89983225936552	23.931608262983094	26.111930972742908	0.0
211.0	26.09084881649664	23.82803071272965	23.8634731783031	26.217647292470613	0.0
212.0	26.133929744478156	23.763867628501853	23.905026413803007	26.197176213216984	0.0
213.0	26.263654001863816	23.692194876025482	23.86727164398002	26.176879478130683	0.0
214.0	26.053758085559505	23.920423122637732	24.0004766546179	26.025342137184865	0.0
215.0	26.003208311053395	23.974027958139178	23.907417309602017	26.11534642120541	0.0
216.0	26.039728300226418	23.86295233642861	24.017563318697235	26.079756044647738	0.0
217.0	26.078839378744963	24.037118857956507	23.90634118916012	25.977700574138414	0.0
218.0	25.96975613631433	23.98609112270184	24.05117440179911	25.99297833918472	0.0
219.0	26.17799927277394	23.933070757873445	23.864625952192526	26.024304017160087	0.0
220.0	26.198275387915494	23.960313143597485	23.8475594477819	25.99385202070512	0.0
221.0	26.21966497790761	23.924867537324836	23.78033502209239	26.075132462675164	0.0
222.0	26.046714864542782	23.9050057751893	23.8897274966235	26.15855186364442	0.0
223.0	26.052826175969102	23.8973666359064	24.01348155300646	26.03632563511804	0.0
224.0	26.159285437083078	23.79105818505175	23.928262576814596	26.121393801050573	0.0
225.0	26.11314320288221	23.90809444795859	23.9135948467375	26.065167502421705	0.0
226.0	26.03140746897603	24.025277542651267	23.937881783484645	26.00543320488805	0.0
227.0	26.113941186716744	23.822955087871556	24.02739282298259	26.03571090242911	0.0
228.0	26.068873629815698	23.975895146331254	23.940141243196827	26.01508998065622	0.0
229.0	26.06153949583941	24.01867759452629	23.735702258607677	26.184080651026626	0.0
230.0	26.128317569942087	23.897810442037066	23.93814842544349	26.035723562577353	0.0
231.0	26.092191472716603	23.917587522002737	23.919726677097593	26.070494328183063	0.0
232.0	26.05012483841295	23.857736161577883	23.875766678992612	26.216372321016557	0.0
233.0	26.126087581024215	23.938548425051266	23.91012691883368	26.02523707509084	0.0
234.0	26.15306097501345	23.874749401007286	23.943816928267566	26.0283726957117	0.0
235.0	26.054655029093933	23.910199990220526	23.918145811940736	26.116999168744805	0.0
236.0	26.081242971003864	23.82615764510293	23.8894186103369	26.203180773556305	0.0
237.0	26.126021502747438	23.789935638450675	23.908206861564604	26.175835997237286	0.0
238.0	26.252399056269333	23.73568206544992	23.861899930320405	26.150018947960348	0.0
239.0	26.053763966651182	23.925148529375807	24.02569619324711	25.9953913107259	0.0
240.0	26.031253151751688	23.97378965094637	23.890354188124046	26.1046030091779	0.0
241.0	26.044949246413935	23.858617411796352	24.01725102317151	26.079182318618205	0.0
242.0	26.130733138726292	24.004523849551436	23.883785973009736	25.98095703871254	0.0
243.0	25.966967361699133	23.982441284989804	24.072924913872424	25.977666439438636	0.0
244.0	26.13424800755707	23.952725527420355	23.86009641986971	26.052930045152866	0.0
245.0	26.207786331423538	23.93101508471778	23.910225445295733	25.95097313856295	0.0
246.0	26.193104165201625	23.898773034271265	23.85015914170491	26.057963658822196	0.0
247.0	26.0348570554961	23.9538296896499	23.89695765173521	26.11435560311879	0.0
248.0	26.05224453352658	23.897761429065035	24.050954167545765	25.999039869862617	0.0
249.0	26.108134884232932	23.778727724164924	24.00561406083734	26.10752333076481	0.0
