# Position (bp)	A	C	G	T	N
0.0	26.16620362388679	23.758475378654058	23.749148575966807	26.325889791107883	2.8263038446211196E-4
1.0	26.1139170027613	23.80030467555445	23.811609890932935	26.27360316998239	5.652607689242239E-4
2.0	26.249639649315192	23.70174833673429	23.78512359321919	26.263205792743243	2.8262798808440404E-4
3.0	26.195509631907388	23.75192185945555	23.771705706792076	26.279732296282898	0.0011305055620873653
4.0	26.226167664332184	23.683109777122088	23.842510160361307	26.247647148598464	5.652495859546783E-4
5.0	26.17965588188745	23.746015057993624	23.837866558140586	26.235614641976984	8.47860001356576E-4
6.0	26.33862206571443	23.673530525613707	23.748707020806368	26.238292532656555	8.478552089397854E-4
7.0	26.371955527670853	23.695589507062554	23.756917007217993	26.17440749721624	0.0011304608323583108
8.0	26.24216098281987	23.791046210282076	23.743849603915905	26.22068228770712	0.0022609152750262124
9.0	26.187051172991104	24.004985318181433	23.691848552590304	26.11413665537151	0.001978300865647936
10.0	26.183794416136063	23.84347772021897	23.793737865312387	26.177011708648802	0.001978289683784525
11.0	26.269991323786673	23.78554209376528	23.764911358491524	26.177859547084708	0.001695676871815307
12.0	26.31407892245387	23.824825274629	23.724215113567958	26.13490239966539	0.001978289683784525
13.0	26.229860304487048	23.82821662837263	23.71997592138842	26.22025146888009	0.001695676871815307
14.0	26.263208616299412	23.71969330857645	23.804759764979185	26.210925246085104	0.0014130640598460891
15.0	26.1990555079824	23.800803185611617	23.953414104074994	26.04531413827114	0.0014130640598460891
16.0	26.201033797666184	23.887847931698136	23.71630195483282	26.193120638931045	0.001695676871815307
17.0	26.32255730681295	23.711214924217376	23.761802617559866	26.20329470016194	0.0011304512478768711
18.0	26.1439460096484	23.75247639476488	23.8101294084066	26.29288296155618	5.652256239384356E-4
19.0	26.24992581413686	23.85393439426183	23.67277958178956	26.222512371375846	8.478384359076535E-4
20.0	26.305035312470853	23.800803185611617	23.754454684448664	26.139141591844922	5.652256239384356E-4
21.0	26.342057590838824	23.73071520824325	23.76406352005562	26.1623158424264	8.478384359076535E-4
22.0	26.151859168383538	23.75247639476488	23.812390310902355	26.28129583626544	0.001978289683784525
23.0	26.10014102379317	23.72364988794402	23.855347458321678	26.319731178693257	0.0011304512478768711
24.0	26.16542458335806	23.69764950924285	23.820586082449463	26.315491986513717	8.478384359076535E-4
25.0	26.1623158424264	23.754172071636695	23.743150171969894	26.3395140755311	8.478384359076535E-4
26.0	26.11766301813526	23.790346511568757	23.81662950308189	26.274230515966213	0.0011304512478768711
27.0	26.251904103820646	23.700758250174513	23.787802996261032	26.25840419849593	0.0011304512478768711
28.0	26.20159902329012	23.748237202585344	23.769150550671064	26.279034933769687	0.001978289683784525
29.0	26.224773273871598	23.693127704251342	23.833303658988076	26.247664911641106	0.0011304512478768711
30.0	26.177011708648802	23.750215492269128	23.831042756492323	26.240034365717936	0.001695676871815307
31.0	26.329340014300207	23.678997063652886	23.742867559157926	26.247099686017165	0.001695676871815307
32.0	26.372862387343467	23.696519057994976	23.75586774850851	26.1733377420932	0.0014130640598460891
33.0	26.251056265384737	23.77875938627802	23.733823949174912	26.23381688385461	0.00254351530772296
34.0	26.178142159896677	24.010219279280808	23.685497158328175	26.123880499998585	0.0022609024957537423
35.0	26.188033608315596	23.83499933585989	23.7844116425174	26.190294510811352	0.0022609024957537423
36.0	26.27140438784652	23.782715965645586	23.764911358491524	26.178989998332586	0.001978289683784525
37.0	26.31492676088978	23.833021046176107	23.710649698593436	26.13942420465689	0.001978289683784525
38.0	26.235795173538396	23.823129597757184	23.721954211072205	26.217425340760396	0.001695676871815307
39.0	26.258969424119872	23.72025853420039	23.806738054662972	26.21262092295692	0.0014130640598460891
40.0	26.194251090178923	23.797694444679955	23.94719662221167	26.059444778869604	0.0014130640598460891
41.0	26.202164248914062	23.88247828827072	23.718562857328575	26.19509892861483	0.001695676871815307
42.0	26.324535596496734	23.711497537029345	23.76321568161971	26.199620733606338	0.0011304512478768711
43.0	26.147337363392033	23.75671558694442	23.80362931373131	26.291469897496334	8.478384359076535E-4
44.0	26.247099686017165	23.859586650501214	23.671083904917744	26.221099307316	0.0011304512478768711
45.0	26.294861251239965	23.807585893098878	23.753606846012758	26.143098171212493	8.478384359076535E-4
46.0	26.33668794741141	23.73749791573051	23.768585325047127	26.156098360563078	0.0011304512478768711
47.0	26.149598265887786	23.765193971303493	23.812390310902355	26.27055654941061	0.0022609024957537423
48.0	26.09109741381016	23.73184565949113	23.855912683945615	26.319731178693257	0.0014130640598460891
49.0	26.161750616802458	23.704432216730112	23.826238338688846	26.3064483765307	0.0011304512478768711
50.0	26.16005493993065	23.762367843183803	23.748237202585344	26.32820956305233	0.0011304512478768711
51.0	26.10777156971634	23.806738054662972	23.80984679559463	26.274230515966213	0.0014130640598460891
52.0	26.243990945085503	23.710649698593436	23.78921606032088	26.254730231940336	0.0014130640598460891
53.0	26.19085973643529	23.753041620388817	23.780455063149834	26.273382677530304	0.0022609024957537423
54.0	26.216294889512522	23.706127893601927	23.837542851167616	26.23862130165809	0.0014130640598460891
55.0	26.167968098665785	23.76010694068805	23.83273843336414	26.23749085041021	0.001695676871815307
56.0	26.325948660556577	23.68719283519999	23.740606656662173	26.244556170709444	0.001695676871815307
57.0	26.368057969539993	23.697932122054823	23.764346132867587	26.168250711477754	0.0014130640598460891
58.0	26.256991134436085	23.77875938627802	23.73410656198688	26.22759940199129	0.00254351530772296
59.0	26.1696637755376	24.01219756896459	23.67588832272122	26.13970681746886	0.00254351530772296
60.0	26.175598644588955	23.841499430535183	23.786389932201185	26.194251090178923	0.0022609024957537423
61.0	26.259817262555778	23.783846416893464	23.77762893503014	26.177011708648802	0.001695676871815307
62.0	26.308426666214483	23.84036897928731	23.7100844729695	26.139141591844922	0.001978289683784525
63.0	26.232686432606734	23.824825274629	23.718845470140543	26.221947145751905	0.001695676871815307
64.0	26.256708521624116	23.72732385449962	23.800803185611617	26.213751374204797	0.0014130640598460891
65.0	26.18690315706772	23.805324990603125	23.95087058876727	26.055488199502037	0.0014130640598460891
66.0	26.197925056734523	23.89010883419389	23.715454116396913	26.19481631580286	0.001695676871815307
67.0	26.316057212137657	23.7100844729695	23.76406352005562	26.208664343589348	0.0011304512478768711
68.0	26.14055465590477	23.76688964817531	23.801368411235554	26.290339446248456	8.478384359076535E-4
69.0	26.242295268213688	23.861847552996966	23.668257776798054	26.226468950743413	0.0011304512478768711
70.0	26.289491607812547	23.80617282903903	23.75954171506411	26.1439460096484	8.478384359076535E-4
71.0	26.33244875523187	23.750780717893065	23.76038955350002	26.155250522127172	0.0011304512478768711
72.0	26.151859168383538	23.77169406597879	23.802498862483432	26.27168700065849	0.0022609024957537423
73.0	26.0879886728785	23.73523701323476	23.852521330201984	26.32283991962492	0.0014130640598460891
74.0	26.16203322961443	23.70867140890965	23.822564372133247	26.305600538094794	0.0011304512478768711
75.0	26.15638097337505	23.764628745679556	23.743432784781866	26.334427044915653	0.0011304512478768711
76.0	26.10211931347696	23.808716344346756	23.81323814933826	26.27451312877818	0.0014130640598460891
77.0	26.250773652572768	23.711497537029345	23.78525948095331	26.251056265384737	0.0014130640598460891
78.0	26.177859547084708	23.753889458824727	23.786955157825123	26.279034933769687	0.0022609024957537423
79.0	26.21572966388858	23.71319321390116	23.836977625543675	26.232686432606734	0.0014130640598460891
80.0	26.164011519298214	23.770281001918942	23.8321732077402	26.231838594170824	0.001695676871815307
81.0	26.32283991962492	23.69510599393513	23.743998010405804	26.236360399162333	0.001695676871815307
82.0	26.366362292668178	23.699627798926638	23.76406352005562	26.168533324289722	0.0014130640598460891
83.0	26.247664911641106	23.777063709406203	23.747106751337466	26.225903725119476	0.0022609024957537423
84.0	26.177011708648802	24.013045407400497	23.682388417396513	26.12529356405843	0.0022609024957537423
85.0	26.16994638834957	23.846869073962598	23.78836822188497	26.192838026119077	0.001978289683784525
86.0	26.25388239350443	23.78893344750891	23.778194160654078	26.17757693427274	0.0014130640598460891
87.0	26.311535407146145	23.833303658988076	23.711497537029345	26.141967719964615	0.001695676871815307
88.0	26.227316789179323	23.830194918056417	23.72280204950811	26.218273179196306	0.0014130640598460891
89.0	26.256425908812147	23.72364988794402	23.8101294084066	26.208664343589348	0.0011304512478768711
90.0	26.196511992674676	23.7991075087398	23.94437049409198	26.058879553245667	0.0011304512478768711
91.0	26.200185959230275	23.88219567545875	23.721954211072205	26.194251090178923	0.0014130640598460891
92.0	26.307861440590546	23.71291060108919	23.76038955350002	26.217707953572365	0.0011304512478768711
93.0	26.135467625289326	23.76038955350002	23.804194539355247	26.299100443419505	8.478384359076535E-4
94.0	26.239186527282026	23.8578909736294	23.67673616115713	26.225055886683567	0.0011304512478768711
95.0	26.28779593094073	23.808998957158725	23.761520004747897	26.140837268716737	8.478384359076535E-4
96.0	26.333013980855807	23.751345943517002	23.75671558694442	26.157794037434893	0.0011304512478768711
97.0	26.152707006819448	23.76632442255137	23.8101294084066	26.268578259726826	0.0022609024957537423
98.0	26.095053993177725	23.72393250075599	23.8578909736294	26.32170946837704	0.0014130640598460891
99.0	26.164859357734123	23.710649698593436	23.821999146509306	26.301361345915257	0.0011304512478768711
100.0	26.162463719375197	23.76787182871306	23.74639313360031	26.32214086067392	0.0011304576375131062
101.0	26.10961482482146	23.80885091807291	23.81337274862296	26.266748436435783	0.0014130720468913827
102.0	26.25007418628246	23.714175090931185	23.77945901949757	26.25487863124189	0.0014130720468913827
103.0	26.17998581275665	23.756849866747306	23.79217666791959	26.268726737301428	0.0022609152750262124
104.0	26.228312876760334	23.707957573924865	23.835134058145087	26.22718241912282	0.0014130720468913827
105.0	26.174898753387843	23.759958625250466	23.826373011454365	26.23707392345106	0.0016956864562696593
106.0	26.321293017445786	23.693826853455953	23.744132218325284	26.239052224316712	0.0016956864562696593
107.0	26.376968056093308	23.691283323771543	23.759958625250466	26.17037692283779	0.0014130720468913827
108.0	26.249791571873082	23.778328561860054	23.744697447144038	26.225204118257174	0.001978300865647936
109.0	26.17461613897846	24.01035499195962	23.68704410763087	26.125723846156017	0.0022609152750262124
110.0	26.18111627039416	23.83852543105763	23.791894053510212	26.18648594417235	0.001978300865647936
111.0	26.257422160926296	23.789067909416428	23.771828430444355	26.180268427166027	0.0014130720468913827
112.0	26.31422765721133	23.83711235901074	23.711631561246783	26.13533273607488	0.0016956864562696593
113.0	26.22209535975401	23.831177456413794	23.734240713997043	26.211073397788258	0.0014130720468913827
114.0	26.26703105084516	23.71841430707186	23.80545954516037	26.2079646392851	0.0011304576375131062
115.0	26.19680813481914	23.807572413286344	23.93842362443724	26.056065363430054	0.0011304640272215738
116.0	26.207264927070938	23.879074263008107	23.718548371142646	26.193699358744283	0.0014130800340269672
117.0	26.312115465595742	23.703852338788764	23.764049548238315	26.21885218334996	0.0011304640272215738
118.0	26.143676325539726	23.757266764074984	23.798528701068573	26.2996803612963	8.478480204161804E-4
119.0	26.237222223792312	23.86042160655895	23.67841689817628	26.222808807445237	0.0011304640272215738
120.0	26.287810489010475	23.81407258144287	23.75500583602054	26.1422632455057	8.478480204161804E-4
121.0	26.339529218255862	23.751614443938877	23.75670153206137	26.151024341716667	0.0011304640272215738
122.0	26.141980629498896	23.769701868374423	23.810963805368008	26.275092768704233	0.0022609280544431476
123.0	26.08574004414462	23.723918075271946	23.85929114253173	26.329637658017674	0.0014130800340269672
124.0	26.161763749975268	23.70159141073432	23.825942453728693	26.30957192153449	0.0011304640272215738
125.0	26.17024223017943	23.763484316224705	23.746244739809576	26.31889824975907	0.0011304640272215738
126.0	26.09789253243725	23.807289797279537	23.820007517585783	26.2733970726634	0.0014130800340269672
127.0	26.24654855201689	23.71657005909501	23.778745580592194	26.256722728261884	0.0014130800340269672
128.0	26.176177166322347	23.75867984410901	23.797680853048156	26.265201208466042	0.0022609280544431476
129.0	26.223939271472457	23.702156642747934	23.840638486082575	26.231852519663008	0.0014130800340269672
130.0	26.177872862363177	23.75924507612262	23.821703213626613	26.239483151846756	0.0016956960408323607
131.0	26.312963313616155	23.694243394557382	23.7476578198436	26.24343977594203	0.0016956960408323607
132.0	26.359029722725435	23.697917402645853	23.766310476292755	26.175329318301934	0.0014130800340269672
133.0	26.239483151846756	23.78015866062622	23.743135963734712	26.23524391174467	0.0019783120476377543
134.0	26.175046702295123	24.009077626138588	23.682373522271554	26.131241221240288	0.0022609280544431476
135.0	26.17109007819985	23.838094942021325	23.795137308986906	26.193699358744283	0.0019783120476377543
136.0	26.2471137840305	23.78835452482358	23.77591942052414	26.187199190587755	0.0014130800340269672
137.0	26.312963313616155	23.82848599778994	23.71289605100654	26.14395894154653	0.0016956960408323607
138.0	26.21659125529552	23.831594773864804	23.733244403496524	26.21715648730913	0.0014130800340269672
139.0	26.25559226423466	23.71233081899293	23.806724565265927	26.224221887479267	0.0011304640272215738
140.0	26.19030796666262	23.81011595734759	23.93361915232155	26.064826459641022	0.0011304640272215738
141.0	26.204156150996077	23.878509030994497	23.71035250694529	26.205569231030108	0.0014130800340269672
142.0	26.307028377473245	23.701308794727517	23.76235385219748	26.22817851157454	0.0011304640272215738
143.0	26.13745877339001	23.749353515884433	23.8053114852319	26.307028377473245	8.478480204161804E-4
144.0	26.23580914375828	23.85505190242965	23.680395210223917	26.22761327956093	0.0011304640272215738
145.0	26.28244078488117	23.808702877313564	23.755853684040957	26.152154805743887	8.478480204161804E-4
146.0	26.32624626593601	23.753592755986514	23.76263646820429	26.15639404584597	0.0011304640272215738
147.0	26.14480678956695	23.76489739625873	23.8106811893612	26.277353696758677	0.0022609280544431476
148.0	26.08008772400851	23.719396219163063	23.86353038263381	26.33557259416059	0.0014130800340269672
149.0	26.157807125879994	23.701874026741127	23.83046430983758	26.308724073514078	0.0011304640272215738
150.0	26.165437758063742	23.76433216424512	23.74652735581638	26.322572257847536	0.0011304640272215738
151.0	26.09676206841003	23.80418102120468	23.82142059761981	26.276223232731454	0.0014130800340269672
152.0	26.238070071812725	23.717417907115422	23.77959342861261	26.263505512425212	0.0014130800340269672
153.0	26.167981302124986	23.75924507612262	23.798811317075376	26.27170137662257	0.0022609280544431476
154.0	26.224221887479267	23.70526541882279	23.838094942021325	26.231004671642594	0.0014130800340269672
155.0	26.177590246356374	23.758397228102204	23.824811989701473	26.237504839799115	0.0016956960408323607
156.0	26.317485169725042	23.703004490768347	23.741440267693882	26.23637437577189	0.0016956960408323607
157.0	26.35507309863016	23.699047866673073	23.77224541243567	26.17222054222707	0.0014130800340269672
158.0	26.247396400037303	23.781571740660247	23.741157651687075	26.227895895567734	0.0019783120476377543
159.0	26.180981638438038	24.00059914593443	23.684634450325998	26.131523837247094	0.0022609280544431476
160.0	26.17660774089618	23.834555654471718	23.794141337063884	26.19271694433846	0.001978323229753981
161.0	26.24613167154182	23.784249720915117	23.788488984978876	26.179716534542933	0.0014130880212528437
162.0	26.316503455000213	23.83229471363771	23.705399409329207	26.144106716407368	0.0016957056255034126
163.0	26.21532635267851	23.828055449573952	23.744400638715785	26.2108044710105	0.0014130880212528437
164.0	26.259414698941598	23.714725790269476	23.808554834880667	26.21617420549126	0.0011304704170022751
165.0	26.18762982746195	23.807706982067913	23.934602286376418	26.068930433676712	0.0011304704170022751
166.0	26.202608560487235	23.875817824692298	23.709638673392966	26.210239235801996	0.0016957056255034126
167.0	26.31282942614496	23.70822558537171	23.765031723826077	26.212500176636	0.0014130880212528437
168.0	26.14297624599036	23.754857490073057	23.798945836336145	26.302372574787686	8.478528127517063E-4
169.0	26.235109584976048	23.86055647406277	23.679963824946658	26.223239645597523	0.0011304704170022751
170.0	26.285415518532652	23.80601127644241	23.757401048511312	26.150324303700877	8.478528127517063E-4
171.0	26.33035171760849	23.75627057809431	23.757401048511312	26.154846185368886	0.0011304704170022751
172.0	26.14495456922012	23.76559695903458	23.81222886373592	26.27495866717538	0.0022609408340045502
173.0	26.08320874536858	23.72164269584804	23.858430389477522	26.335305073297288	0.0014130960085690142
174.0	26.160363787436445	23.701859351728075	23.832712042121564	26.30393434190706	0.0011304768068552114
175.0	26.169690221093	23.764318195306824	23.74227389757315	26.322587209220167	0.0011304768068552114
176.0	26.099600659067978	23.79879773791591	23.82564656207872	26.27454194492882	0.0014130960085690142
177.0	26.238649306311167	23.710620546981204	23.787210350645644	26.262106700053415	0.0014130960085690142
178.0	26.167429267479292	23.763470337701683	23.803884883546758	26.262954557658556	0.0022609536137104228
179.0	26.230735968663183	23.708642212569206	23.82790751569243	26.23130120706661	0.0014130960085690142
180.0	26.171668555504997	23.762622480096542	23.826494419683865	26.237518829504314	0.001695715210282817
181.0	26.31750006358932	23.709207450972634	23.74368699358172	26.227909776646047	0.001695715210282817
182.0	26.36045818224982	23.700446255719505	23.760926764886257	26.176755701135846	0.0014130960085690142
183.0	26.25136717038829	23.7781665361908	23.741426039968008	26.226779299839194	0.0022609536137104228
184.0	26.178734035547848	23.995500702308718	23.693663394878374	26.12955829444964	0.0025435728154242256
185.0	26.1778861779427	23.831298946112998	23.790601781066208	26.19795214126438	0.0022609536137104228
186.0	26.25136717038829	23.779579632199372	23.788906065855926	26.178451416346128	0.001695715210282817
187.0	26.314391252370466	23.82790751569243	23.707229116560637	26.148493780964465	0.00197833441199662
188.0	26.21038738613979	23.819994178044446	23.753296046439985	26.214626674165498	0.001695715210282817
189.0	26.261824080851703	23.709772689376063	23.806428456362184	26.220561677401488	0.0014130960085690142
190.0	26.197386902860952	23.802189168336476	23.934454954738534	26.06455587805547	0.0014130960085690142
191.0	26.20812643252608	23.871430872756356	23.713446738998343	26.205017621307224	0.00197833441199662
192.0	26.313260775563613	23.70525078214864	23.763752956903396	26.216039770174067	0.001695715210282817
193.0	26.144254492938757	23.751600331229707	23.798515118714196	26.304499580310488	0.0011304768068552114
194.0	26.243453832740304	23.86069134309123	23.668510285925844	26.225931442234046	0.0014130960085690142
195.0	26.283585759383666	23.80105869152962	23.758383192070838	26.155841880209024	0.0011304768068552114
196.0	26.326826497245875	23.75725271526398	23.758383192070838	26.156124499410737	0.0014130960085690142
197.0	26.14058044331648	23.766579148920535	23.817167986027307	26.27312884892025	0.0025435728154242256
198.0	26.08462184137715	23.716272931015478	23.863800154310084	26.333609358087006	0.001695715210282817
199.0	26.151885211385036	23.708359593367494	23.83299466132328	26.30534743791563	0.0014130960085690142
200.0	26.165450933067298	23.76968796013939	23.741426039968008	26.322304590018454	0.0011304768068552114
201.0	26.10299208948854	23.808124171572466	23.81518965161531	26.27228099131511	0.0014130960085690142
202.0	26.241192879126597	23.71655555021719	23.773079390559953	26.26775908408769	0.0014130960085690142
203.0	26.167994505882717	23.76912272173596	23.79568892669706	26.264932892070554	0.0022609536137104228
204.0	26.227061919040906	23.709207450972634	23.825929181280433	26.23638835269746	0.0014130960085690142
205.0	26.165168313865582	23.766296529718822	23.82395084686844	26.242888594336875	0.001695715210282817
206.0	26.321739351615026	23.715425073410337	23.728708175890887	26.232431683873465	0.001695715210282817
207.0	26.357914609434395	23.705816020552067	23.75725271526398	26.177603558740987	0.0014130960085690142
208.0	26.242605975135163	23.784101539426793	23.732382225513167	26.238931925512883	0.00197833441199662
209.0	26.173364270715282	23.997479036720712	23.690837202861236	26.136058536089056	0.0022609536137104228
210.0	26.174777366723852	23.831298946112998	23.792580115478206	26.199365237272954	0.00197833441199662
211.0	26.24712788236258	23.786362493040503	23.786362493040503	26.178734035547848	0.0014130960085690142
212.0	26.31665220598418	23.83016846930614	23.695076490886944	26.156407118612453	0.001695715210282817
213.0	26.21208310135007	23.82197251245644	23.745382708792	26.219148581392915	0.0014130960085690142
214.0	26.26041098484313	23.704120305341785	23.803602264345045	26.230735968663183	0.0011304768068552114
215.0	26.188343088406114	23.79823249951248	23.93417233553682	26.07812159973773	0.0011304768068552114
216.0	26.20219142929009	23.877083256790634	23.709490070174347	26.20953952853465	0.001695715210282817
217.0	26.312695537160185	23.704685543745214	23.757535334465693	26.22310525021691	0.00197833441199662
218.0	26.15047211537646	23.745382708792	23.799080357117624	26.303651722705347	0.0014130960085690142
219.0	26.239214544714596	23.86097396229295	23.658618613865865	26.239497163916308	0.001695715210282817
220.0	26.285281474593948	23.79823249951248	23.74849152001085	26.166864029075864	0.0011304768068552114
221.0	26.335870311700717	23.736056275135446	23.76149200328969	26.165168313865582	0.0014130960085690142
222.0	26.148211161762752	23.762057241693118	23.812080840396458	26.275107183332253	0.0025435728154242256
223.0	26.09140470221828	23.71655555021719	23.849669194224393	26.34067483812985	0.001695715210282817
224.0	26.164885694663866	23.69677220609723	23.830451088507857	26.306477914722482	0.0014130960085690142
225.0	26.178451416346128	23.760361526482832	23.73351270232002	26.326826497245875	8.478576051414085E-4
226.0	26.110905427136533	23.805297979555327	23.80416750274847	26.278498613752816	0.0011304768068552114
227.0	26.246562643959155	23.717968646225764	23.764883433710253	26.269454799297975	0.0011304768068552114
228.0	26.178451416346128	23.76544867211368	23.78862344665421	26.26549813047398	0.00197833441199662
229.0	26.22734453824262	23.704120305341785	23.82282037006158	26.244584309547157	0.0011304768068552114
230.0	26.17251641311014	23.764318195306824	23.819428939641014	26.24232335593345	0.0014130960085690142
231.0	26.325130782035593	23.71570769261205	23.721077457444615	26.236670971899173	0.0014130960085690142
232.0	26.363284374266954	23.705533401350355	23.74368699358172	26.186082134792404	0.0014130960085690142
233.0	26.24147549832831	23.781840585813082	23.731816987109738	26.24317121353859	0.001695715210282817
234.0	26.17732093953927	23.991544033484725	23.691967679668092	26.137189012895913	0.00197833441199662
235.0	26.180429750758126	23.830451088507857	23.793145353881634	26.194278091642104	0.001695715210282817
236.0	26.244584309547157	23.794841069091916	23.785797254637075	26.173646889916995	0.0011304768068552114
237.0	26.306477914722482	23.843168952584975	23.692532918071517	26.156407118612453	0.0014130960085690142
238.0	26.209256909332936	23.831298946112998	23.743404374380003	26.215191912568926	8.478576051414085E-4
239.0	26.255323839212284	23.712033642989773	23.80416750274847	26.22762715744433	8.478576051414085E-4
240.0	26.179447250240933	23.810237090588444	23.930350930246362	26.078834245727478	0.001130483196780384
241.0	26.199244263439475	23.88257538288486	23.71328361035195	26.203200999358444	0.0016957439652711638
242.0	26.309616335759202	23.711439270825974	23.75524623754681	26.22200240231753	0.0016957535504839962
243.0	26.150080690062545	23.749445344140995	23.794383067239835	26.305243016988722	8.478815679025953E-4
244.0	26.24123497474712	23.858109043838553	23.655181574864127	26.244343891402718	0.0011305151474898325
245.0	26.283866664405593	23.800358380391955	23.736765645226026	26.177878772462364	0.0011305375140610602
246.0	26.339411891060788	23.737747730433114	23.7609238804789	26.16050331814636	0.0014131798808406724
247.0	26.147784699218796	23.768272415859272	23.81405944399851	26.267622353114085	0.002261087809345076
248.0	26.092965676299006	23.715122326233438	23.851071767738436	26.339427033871477	0.001413195857640302
249.0	26.152037263148376	23.699294532627864	23.840614118391894	26.306923529145752	0.0011305566861122417
