# Position (bp)	A	C	G	T	N
0.0	26.329864122578776	23.669857895790248	23.803289078657684	26.19698890297329	0.0
1.0	26.185035692841417	23.730179909711566	23.769931282940824	26.314853114506192	0.0
2.0	26.19272634282474	23.742231018111873	23.720272178428083	26.344770460635303	0.0
3.0	26.212056778984994	23.87230009366809	23.62270381148532	26.29293931586159	0.0
4.0	26.28141345977465	23.844490519680487	23.635484355110368	26.23861166543449	0.0
5.0	26.169559356891735	23.813070605727944	23.692175145560913	26.325194891819407	0.0
6.0	26.21258312930237	23.780330210571073	23.74142305693506	26.2656636031915	0.0
7.0	26.151960716201234	23.896810553491385	23.70950664595393	26.24172208435345	0.0
8.0	26.14330772116547	23.859888010448653	23.809312084033845	26.187492184352028	0.0
9.0	26.148669113826266	23.751156658043254	23.8303512628066	26.26982296532388	0.0
10.0	26.257641436034234	23.587862620873626	23.819050794709348	26.335445148382796	0.0
11.0	26.39101922863177	23.779037456930087	23.73680115594087	26.09314215849728	0.0
12.0	26.35823052128487	23.65455151717239	23.72818717350228	26.259030788040462	0.0
13.0	26.209291986217625	23.842947649216406	23.727631432699788	26.220128931866178	0.0
14.0	26.227353562298543	23.769867733689008	23.778203845726352	26.224574858286093	0.0
15.0	26.32599755474047	23.572024008002668	23.75458486162054	26.347393575636325	0.0
16.0	26.217628098254973	23.758197176836724	23.820718017116814	26.203456707791485	0.0
17.0	26.264866066466602	23.65205068356119	23.71179281982883	26.37129043014338	0.0
18.0	26.242007774792224	23.802868170311854	23.694499014952164	26.260625039943758	0.0
19.0	26.38927867822975	23.774803337769985	23.582239684784692	26.253678299215572	0.0
20.0	26.288967742114757	23.654763657986948	23.730344197109602	26.325924402788697	0.0
21.0	26.285355436936097	23.751462288923282	23.661154659456876	26.302027614683745	0.0
22.0	26.260069300685508	23.807036214748763	23.708670366037662	26.224224118528067	0.0
23.0	26.274240651771002	23.805646866603126	23.712282671216318	26.20782981040955	0.0
24.0	26.241452035533968	23.693109666806528	23.817595260655605	26.2478430370039	0.0
25.0	26.317032574656622	23.676437489058884	23.817595260655605	26.18893467562889	0.0
26.0	26.18337728304634	23.73451224154651	23.783417296272937	26.298693179134215	0.0
27.0	26.194697150732736	23.736113503870712	23.725276618447158	26.343912726949387	0.0
28.0	26.19942092130198	23.882828260374232	23.625799567636058	26.291951250687724	0.0
29.0	26.280280758693124	23.830588915255557	23.643027436770943	26.246102889280376	0.0
30.0	26.149682395896434	23.812249570692614	23.70165776560095	26.336410267810006	0.0
31.0	26.214703708437764	23.781683996421048	23.72666596273223	26.276946332408958	0.0
32.0	26.154128297608658	23.888941375228548	23.71305038873853	26.243879938424264	0.0
33.0	26.154961904179704	23.865878260096366	23.803635636125176	26.175524199598758	0.0
34.0	26.14412501875615	23.75639793043275	23.826420882400342	26.273056168410758	0.0
35.0	26.266665184699427	23.57967333737169	23.811693832978587	26.341967644950287	0.0
36.0	26.399208629495224	23.770847110997494	23.735557766156685	26.094386493350598	0.0
37.0	26.355305350086972	23.654142191051513	23.729166782445358	26.26138567641616	0.0
38.0	26.220538954435064	23.82253071840214	23.738336454726827	26.218593872435964	0.0
39.0	26.229152889002506	23.765011865000194	23.780850389850006	26.224984856147294	0.0
40.0	26.323350431530336	23.573838091374395	23.76195530757304	26.34085616952223	0.0
41.0	26.21414797072374	23.764456127286167	23.825865144686315	26.195530757303782	0.0
42.0	26.260552069845115	23.65664301076464	23.71360612645256	26.369198792937688	0.0
43.0	26.245752091652008	23.80662604235265	23.694923072220693	26.25269879377464	0.0
44.0	26.387186946868844	23.77383760833382	23.589611068041556	26.24936437675578	0.0
45.0	26.29382327034064	23.653242859484887	23.728545110494245	26.32438875968023	0.0
46.0	26.271315955463304	23.757999127494216	23.67186002117355	26.298824895868933	0.0
47.0	26.25158732143502	23.818296501918677	23.709927948805586	26.220188227840712	0.0
48.0	26.27742905333122	23.796344923211155	23.726322165815	26.19990385764262	0.0
49.0	26.24464061931239	23.68686489775844	23.822186655107355	26.24630782782182	0.0
50.0	26.33105759371796	23.678806723296184	23.810238327456425	26.179897355529434	0.0
51.0	26.197125176793566	23.725488561560283	23.78717527640928	26.290210985236868	0.0
52.0	26.198719587422616	23.729590645874783	23.730146380500383	26.341543386202222	0.0
53.0	26.203443331740228	23.8754709850952	23.621778128508076	26.299307554656497	0.0
54.0	26.273743761878826	23.836569561303087	23.660679552300184	26.2290071245179	0.0
55.0	26.150648542308076	23.81684098209423	23.7009703126563	26.33154016294139	0.0
56.0	26.20844494337064	23.790443587378153	23.731813584377186	26.269297884874014	0.0
57.0	26.151760011559283	23.882139800602417	23.72069889186516	26.245401295973146	0.0
58.0	26.147869869180067	23.867968567649577	23.81239510508942	26.171766458080935	0.0
59.0	26.149814940369676	23.76015605028287	23.82323193028865	26.266797079058808	0.0
60.0	26.272354425314827	23.57454068533194	23.810727901212616	26.342376988140625	0.0
61.0	26.398784052639186	23.772104344733304	23.732925053628392	26.09618654899912	0.0
62.0	26.364606373164683	23.64845339053695	23.7368151960076	26.25012504029076	0.0
63.0	26.218448166631468	23.80961643196141	23.752653632837248	26.219281768569875	0.0
64.0	26.230396461081906	23.759044581031667	23.784608373809338	26.22595058407709	0.0
65.0	26.313756654922145	23.575930021895942	23.7715486101077	26.338764713074212	0.0
66.0	26.23317513420991	23.757933111780464	23.822398328350246	26.18649342565938	0.0
67.0	26.268742150248414	23.656233675295375	23.709862066665927	26.365162107790287	0.0
68.0	26.24505050224377	23.807605207218973	23.69534712477597	26.25199716576129	0.0
69.0	26.38537310529753	23.774539088875613	23.599761034774996	26.240326771051866	0.0
70.0	26.28839768259305	23.658946607944202	23.713686316462205	26.338969393000543	0.0
71.0	26.272281423232425	23.75092043291607	23.67923086541534	26.29756727843617	0.0
72.0	26.25505369770899	23.813440404573683	23.720355113439016	26.21115078427831	0.0
73.0	26.279783819831337	23.798157744835155	23.72202231268322	26.20003612265029	0.0
74.0	26.257832363115995	23.68339886352585	23.817052669602788	26.241716103755365	0.0
75.0	26.33368992872723	23.66811620378732	23.812328938410882	26.185864929074565	0.0
76.0	26.192255859510677	23.71646498186921	23.79482334634675	26.29645581227337	0.0
77.0	26.201352650561567	23.723901457683823	23.730292370361724	26.344453521392886	0.0
78.0	26.218580328215047	23.876449764647695	23.621091123300157	26.283878783837107	0.0
79.0	26.26776256925804	23.838937885886086	23.65971446513618	26.23358507971969	0.0
80.0	26.159950651039498	23.80837265133959	23.711119632328014	26.3205570652929	0.0
81.0	26.213856610148767	23.787532718694255	23.73168169920475	26.26692897195223	0.0
82.0	26.16078424834531	23.885341469243038	23.711119632328014	26.24275465008364	0.0
83.0	26.148558154526715	23.8645015365977	23.811707040562847	26.17523326831274	0.0
84.0	26.14883602029532	23.756133886841944	23.82059874515819	26.274431347704553	0.0
85.0	26.27804360269641	23.567740895728093	23.811707040562847	26.342508461012653	0.0
86.0	26.402805332799833	23.770860772577983	23.72751371267568	26.098820181946504	0.0
87.0	26.355568152137067	23.64609904247456	23.73807261188265	26.26026019350572	0.0
88.0	26.206632100165052	23.812262772100055	23.766137054511706	26.21496807322319	0.0
89.0	26.229139227422017	23.761969067982637	23.789755644843087	26.21913605975226	0.0
90.0	26.309720300317323	23.583579244538548	23.77141650411519	26.335283951028938	0.0
91.0	26.231362153570853	23.74974297416404	23.828934718216324	26.18996015404878	0.0
92.0	26.28221158922548	23.65332355245828	23.715009753088477	26.349455105227765	0.0
93.0	26.240180945685733	23.810251551181345	23.697438362597147	26.25212914053578	0.0
94.0	26.38772725883402	23.77135045166955	23.60101920880721	26.239903080689214	0.0
95.0	26.297143269970853	23.651868503169048	23.72327980727284	26.32770841958726	0.0
96.0	26.274636205253316	23.755790011864836	23.679377137823817	26.290196645058035	0.0
97.0	26.25518565549742	23.812474471153443	23.714388127384428	26.217951745964708	0.0
98.0	26.266578120354446	23.795802571362678	23.739673842067095	26.19794546621578	0.0
99.0	26.26213228041024	23.687435222722687	23.820532556052314	26.229899940814754	0.0
100.0	26.342990994395464	23.662427373036536	23.815530986115085	26.179050646452918	0.0
101.0	26.18238502641107	23.72939283719612	23.792746056401036	26.295476079991776	0.0
102.0	26.207042190903834	23.72710398790735	23.73293913662028	26.332914684568532	0.0
103.0	26.217878895656426	23.871037656159693	23.622627039523408	26.288456408660473	0.0
104.0	26.265393678033167	23.836026763882096	23.66514026586049	26.233439292224247	0.0
105.0	26.16786333525986	23.806295291868583	23.717100875828034	26.308740497043527	0.0
106.0	26.20342995598631	23.79379140176944	23.734606321966833	26.268172320277422	0.0
107.0	26.168974792157563	23.87381629840395	23.716545147379183	26.240663762059306	0.0
108.0	26.141744098163873	23.869092606588715	23.815186947050194	26.173976348197215	0.0
109.0	26.157026630507268	23.744053705597295	23.823522873782956	26.27539679011248	0.0
110.0	26.273451740541503	23.557884675232295	23.812408304805942	26.356255279420264	0.0
111.0	26.39071044324901	23.777953140977193	23.729882630151604	26.10145378562219	0.0
112.0	26.35875605744009	23.632352287378293	23.747110212065976	26.261781443115634	0.0
113.0	26.204263548659583	23.795180722891565	23.781843240119148	26.218712488329704	0.0
114.0	26.234550749121947	23.754890410349887	23.79129062374961	26.219268216778552	0.0
115.0	26.309851953941227	23.582892455430578	23.77100653536656	26.336249055261636	0.0
116.0	26.240385897834884	23.74016360645534	23.83352598586227	26.185924509847506	0.0
117.0	26.28428844529409	23.654025696883473	23.718212332725738	26.343473525096694	0.0
118.0	26.24629397560901	23.799414816317345	23.696326902611098	26.25796430546255	0.0
119.0	26.386060068854945	23.756067876861348	23.615190323629363	26.242681730654343	0.0
120.0	26.301311244918544	23.649367718200434	23.728003512213554	26.321317524667464	0.0
121.0	26.27880418020101	23.7571793368474	23.67354197289705	26.290474510054544	0.0
122.0	26.244626785629933	23.814141661132524	23.718000372339095	26.22323118089845	0.0
123.0	26.277414855218446	23.78802235146032	23.73022643218566	26.204336361135578	0.0
124.0	26.26324374039629	23.676876352855203	23.82692345097211	26.232956455776396	0.0
125.0	26.33910088444428	23.661038048053975	23.819976826059293	26.17988424144245	0.0
126.0	26.187942326341325	23.728003512213554	23.794691111376626	26.28936305006849	0.0
127.0	26.20107478479296	23.726402249601264	23.731125967667538	26.341396997938237	0.0
128.0	26.217190999372026	23.867280194283747	23.633872948655963	26.281655857688268	0.0
129.0	26.264150314266182	23.835603496662834	23.671384827417572	26.22886136165341	0.0
130.0	26.16467436910577	23.806705456727965	23.71389829001406	26.314721884152203	0.0
131.0	26.214134475917373	23.77558449064426	23.741129135337303	26.269151898101068	0.0
132.0	26.174121805238325	23.883118543094202	23.723623591915217	26.21913605975226	0.0
133.0	26.145779496840664	23.870892449275605	23.806149725190757	26.177178328692975	0.0
134.0	26.148558154526715	23.74529712186637	23.8336584362826	26.27248628732432	0.0
135.0	26.27554281077897	23.5560705334467	23.819209416315164	26.34917723945916	0.0
136.0	26.395858688584717	23.770305041040775	23.731403833436143	26.102432436938365	0.0
137.0	26.34417565562428	23.64109745863968	23.75391096069311	26.26081592504293	0.0
138.0	26.216079536297602	23.793923631372156	23.775862356412862	26.214134475917373	0.0
139.0	26.23080642203364	23.744463524560555	23.799480946744247	26.22524910666155	0.0
140.0	26.30451394195368	23.578921044222458	23.77842922044542	26.33813579337844	0.0
141.0	26.235325173319257	23.748141767509065	23.832335329341316	26.18419772983036	0.0
142.0	26.305625408116484	23.641718882420772	23.720355113439016	26.332300596023728	0.0
143.0	26.25345944804437	23.789609985439753	23.71180713785553	26.245123428660342	0.0
144.0	26.39357791282167	23.757999127494216	23.60267086803211	26.245752091652008	0.0
145.0	26.298547027784032	23.637682246730186	23.731323791343296	26.332446934142485	0.0
146.0	26.288543776727437	23.735769680701786	23.688809974352775	26.286876568218005	0.0
147.0	26.259089759727466	23.79828999980549	23.727155770069714	26.215464470397325	0.0
148.0	26.27965199801047	23.789676089173426	23.736325416871594	26.194346495944515	0.0
149.0	26.268683259188453	23.679216185350157	23.824819871012917	26.227280684448473	0.0
150.0	26.33120392574212	23.654485788357817	23.83121087248285	26.18309941341721	0.0
151.0	26.175319063801645	23.741736851903823	23.802590300682724	26.280353783611805	0.0
152.0	26.19678781816161	23.724574858286097	23.72818717350228	26.350450150050015	0.0
153.0	26.225686339891073	23.873791263754583	23.626764477047903	26.273757919306433	0.0
154.0	26.27181282649772	23.834333666777816	23.665110592419694	26.22874291430477	0.0
155.0	26.170945870845834	23.79293097699233	23.720684672668668	26.315438479493164	0.0
156.0	26.209291986217625	23.776814493720128	23.747915971990665	26.26597754807158	0.0
157.0	26.175113926864512	23.880738023785707	23.71623874624875	26.227909303101033	0.0
158.0	26.14538179393131	23.864065799711014	23.811548293875738	26.17900411248194	0.0
159.0	26.151494942758696	23.744581527175725	23.833222185172836	26.270701344892743	0.0
160.0	26.294320328998555	23.54368122707569	23.824330332333	26.337668111592755	0.0
161.0	26.392130710236746	23.758752917639214	23.740135600755806	26.108980771368234	0.0
162.0	26.35100589085251	23.630654662665332	23.7648660664666	26.253473380015564	0.0
163.0	26.208458375013894	23.7890407913749	23.777370234522618	26.225130599088587	0.0
164.0	26.234856063132156	23.747360231188175	23.800155607424696	26.217628098254973	0.0
165.0	26.30550824026965	23.572923121382463	23.790496250128516	26.331072388219372	0.0
166.0	26.23215025050086	23.749649187643623	23.839401576641038	26.178798985214474	0.0
167.0	26.295227006855082	23.639890074163816	23.734644144281827	26.33023877469927	0.0
168.0	26.25695374543595	23.791951716970754	23.699698231067195	26.251396306526097	0.0
169.0	26.40068690135796	23.744223720882413	23.60445374391806	26.25063563384156	0.0
170.0	26.302042086601812	23.636409106444702	23.739777757400446	26.321771049553043	0.0
171.0	26.28592546897968	23.743945848164792	23.690316413663556	26.279812269191975	0.0
172.0	26.265362887875582	23.80313273701848	23.717270067272985	26.214234307832957	0.0
173.0	26.271476087663288	23.794240810054546	23.74088924827094	26.193393854011234	0.0
174.0	26.268009725599168	23.677943730461966	23.826050712052798	26.22799583188607	0.0
175.0	26.34887113581105	23.64848905870094	23.82104897533866	26.18159083014936	0.0
176.0	26.18242445293505	23.72657172629385	23.806321639458144	26.284682181312956	0.0
177.0	26.21528646137259	23.71969078066212	23.733028782296024	26.33199397566926	0.0
178.0	26.231403213346894	23.869465424009515	23.627436269360942	26.27169509328265	0.0
179.0	26.269194217976295	23.829173544073758	23.67411927507961	26.227512962870335	0.0
180.0	26.16582470531353	23.781934788287014	23.731639407125826	26.32060109927363	0.0
181.0	26.205005085113125	23.77471003740198	23.75637028515536	26.26391459232954	0.0
182.0	26.180552082117632	23.878079550064747	23.71969078066212	26.221677587155508	0.0
183.0	26.1369257017734	23.87113267421375	23.80944441665694	26.182497207355908	0.0
184.0	26.16776983055181	23.73747478284066	23.8294514191078	26.265303967499737	0.0
185.0	26.303372847163175	23.54851975969367	23.825005418563165	26.323101974579995	0.0
186.0	26.398961858872827	23.749145534270326	23.7377526578747	26.114139948982146	0.0
187.0	26.340608101724495	23.631604394871538	23.760816285699995	26.266971217703972	0.0
188.0	26.20472721007908	23.79193828951244	23.779989663048735	26.22334483735974	0.0
189.0	26.239739464368085	23.74080928324914	23.79971879046555	26.21973246191723	0.0
190.0	26.29844417336116	23.574705521114392	23.781722996723843	26.345127308800603	0.0
191.0	26.220361071822563	23.753101788686564	23.83840966118603	26.188127478304846	0.0
192.0	26.296499042717848	23.636393950087946	23.733372606447276	26.333734400746927	0.0
193.0	26.259614529610527	23.78929174817713	23.704539391783747	26.246554330428594	0.0
194.0	26.402516457286083	23.74350809039906	23.603180028399066	26.25079542391579	0.0
195.0	26.293866413242522	23.647362527127775	23.74517535450203	26.313595705127668	0.0
196.0	26.29914608290193	23.730725732276287	23.698491959618863	26.271636225202922	0.0
197.0	26.25718660297718	23.80797563571391	23.722389411761437	26.21244834954748	0.0
198.0	26.26663443289401	23.786579079725794	23.749343514759456	26.197442972620742	0.0
199.0	26.27650617307965	23.677226990932812	23.822279774028882	26.22398706195866	0.0
200.0	26.352089232470703	23.651106374819726	23.822835531818523	26.173968860891044	0.0
201.0	26.19425402021291	23.72891246536934	23.80366188807594	26.273171626341806	0.0
202.0	26.218780219413784	23.72425444885347	23.724532328520457	26.33243300321229	0.0
203.0	26.217814408696572	23.865827835916704	23.641299817154163	26.275057938232564	0.0
204.0	26.27116760127381	23.829703278442533	23.67047734434484	26.228651775938822	0.0
205.0	26.165850622176034	23.78079618524673	23.728832398726194	26.324520793851047	0.0
206.0	26.205865516608963	23.775238561019936	23.761066619241607	26.257829303129498	0.0
207.0	26.178911039109003	23.874164272256895	23.72021808117466	26.226706607459445	0.0
208.0	26.138062501042054	23.862771142591967	23.817198623932242	26.18196773243374	0.0
209.0	26.16779579065541	23.730221804782893	23.833871496612627	26.268110907949072	0.0
210.0	26.309237327227358	23.538205887747104	23.828591753597173	26.323965031428365	0.0
211.0	26.401493889392164	23.74022552839112	23.7435601029272	26.114720479289517	0.0
212.0	26.351197390139664	23.629628806277893	23.765512718623043	26.2536610849594	0.0
213.0	26.212534665681115	23.78496440341683	23.787743215530224	26.214757715371835	0.0
214.0	26.243803214547718	23.74452570971256	23.792043660938578	26.219627414801145	0.0
215.0	26.306955702586816	23.56785776809508	23.786829988078797	26.338356541239307	0.0
216.0	26.230259848886938	23.750427245924143	23.840461508963134	26.178851396225788	0.0
217.0	26.29083845796873	23.630659445400052	23.744035924782487	26.33446617184873	0.0
218.0	26.250896176867798	23.797733575648444	23.70769906241837	26.243671185065388	0.0
219.0	26.409641500468233	23.747780392985067	23.594109948007702	26.24846815853899	0.0
220.0	26.301266322274437	23.631624432767097	23.745001542262152	26.322107702696318	0.0
221.0	26.28473930067054	23.739020005057537	23.709564023687054	26.266676670584864	0.0
222.0	26.267232443818273	23.794319441781365	23.728182427006132	26.21026568739423	0.0
223.0	26.28362775420373	23.790984802380933	23.753470109126074	26.17191733428926	0.0
224.0	26.28877581928377	23.681351203394684	23.820017395798885	26.20985558152266	0.0
225.0	26.3588036358887	23.636333321291513	23.81751640234871	26.187346640471077	0.0
226.0	26.204575706461174	23.72192287491976	23.79611901394165	26.277382404677414	0.0
227.0	26.23604997554577	23.726712907385174	23.712540571784267	26.32469654528478	0.0
228.0	26.219932417411407	23.860933262193768	23.631952781112446	26.28718153928238	0.0
229.0	26.27495442621493	23.83703481392557	23.66585523098128	26.222155528878215	0.0
230.0	26.15351696234049	23.77951180472189	23.74310835445289	26.32386287848473	0.0
231.0	26.208816860077366	23.758392245787206	23.773398248188162	26.259392645947266	0.0
232.0	26.176303854875282	23.880385487528343	23.71309634965097	26.2302143079454	0.0
233.0	26.15296118447379	23.857598594993554	23.79979769685652	26.189642523676138	0.0
234.0	26.174636521275175	23.719487795118045	23.83953581432573	26.266339869281047	0.0
235.0	26.313580987950736	23.532190654039393	23.83647903605887	26.317749321951002	0.0
236.0	26.40042906289773	23.731846804537398	23.759080071362273	26.108644061202597	0.0
237.0	26.336792143480416	23.628749437271782	23.776865061941788	26.25759335730602	0.0
238.0	26.212297209423824	23.777976623853007	23.801319423988616	26.208406742734553	0.0
239.0	26.24175360007114	23.746574999861057	23.797151066821545	26.21452033324626	0.0
240.0	26.30566787555407	23.573582336348604	23.779232148067862	26.341517640029462	0.0
241.0	26.240269467318473	23.751532011750285	23.84657927135993	26.161619249571316	0.0
242.0	26.28608114192333	23.619981434852452	23.738653860049915	26.355283563174307	0.0
243.0	26.24787030320212	23.80257536972648	23.711133901993648	26.238420425077752	0.0
244.0	26.40562807142381	23.741411131618154	23.596595583820683	26.256365213137357	0.0
245.0	26.2932148783993	23.63659612556742	23.75501399610277	26.31517499993051	0.0
246.0	26.289234395892464	23.739815249813052	23.693391414092275	26.277558940202205	0.0
247.0	26.271426744580417	23.782226991443203	23.730797244477557	26.215549019498823	0.0
248.0	26.295684665298836	23.775764955767958	23.751021701779845	26.177528677153354	0.0
249.0	26.299445080791344	23.661354714589148	23.81732148616038	26.221878718459124	0.0
