# Position (bp)	A	C	G	T	N
0.0	26.32840929667467	23.766800427567595	23.74518840427334	26.159601871484394	0.0
1.0	26.34242790637905	23.7802349285343	23.73204595767548	26.14529120741117	0.0
2.0	26.07554123869408	23.78091697356086	23.919055865938102	26.224485921806963	0.0
3.0	26.314698160430115	23.899806376435752	23.682527444607015	26.10296801852712	0.0
4.0	26.12661022542426	23.85396923669985	23.629683927095595	26.389736610780297	0.0
5.0	26.353845435006072	23.700179889729935	23.73493131483039	26.211043360433607	0.0
6.0	26.199132682114858	23.72479448654489	23.696467942821265	26.379604888518987	0.0
7.0	26.19764457150533	23.762786799554963	23.590203333109454	26.44936529583026	0.0
8.0	26.284359331516992	23.71753877242318	23.76046512307014	26.237636772989685	0.0
9.0	26.2365308804205	23.88757482844211	23.7275514673675	26.148342823769894	0.0
10.0	26.300605041231574	23.76860092975448	23.7942976615974	26.136496367416544	0.0
11.0	26.107879552409653	23.81590627701077	23.749912397505078	26.326301773074494	0.0
12.0	26.15781297451352	23.731807881888475	23.741736164645967	26.36864297895204	0.0
13.0	26.24453944448338	23.62288877987245	23.810942135632025	26.321629640012144	0.0
14.0	26.248043544280144	23.585219707057256	23.79371364496461	26.373023103697996	0.0
15.0	26.088314995211064	23.79166958674983	23.71662344943584	26.40339196860327	0.0
16.0	26.305277174293924	23.810066110682833	23.643037353703832	26.24161936131941	0.0
17.0	26.318125540215387	23.859999532786695	23.613252505431355	26.20862242156657	0.0
18.0	26.20628635503539	23.761008713528163	23.795465694862987	26.237239236573455	0.0
19.0	26.239575303104633	23.755752563833017	23.71311934963908	26.29155278342327	0.0
20.0	26.224314293473338	23.80152836706506	23.70282984433082	26.271327495130777	0.0
21.0	26.3533815924335	23.72531441903655	23.704289881649377	26.21701410688057	0.0
22.0	26.2123419874612	23.847957553795073	23.713050105560697	26.22665035318303	0.0
23.0	26.193945517247418	23.700493784621134	23.869274098645963	26.23628659948548	0.0
24.0	26.313591739716983	23.717360961052158	23.809051036915477	26.159996262315378	0.0
25.0	26.357100724760407	23.693708425558754	23.775762283258093	26.173428566422746	0.0
26.0	26.386301385863376	23.72349309988378	23.745393595711008	26.144811918541837	0.0
27.0	26.092834741778553	23.778682349368392	23.897821046668497	26.23066186218456	0.0
28.0	26.32936009671259	23.851684002125808	23.701300597445528	26.117655303716074	0.0
29.0	26.162040308592587	23.801750871639733	23.6449433215168	26.39126549825088	0.0
30.0	26.346296480152308	23.687284280116103	23.72436911971687	26.242050120014714	0.0
31.0	26.207593339913217	23.726997179216138	23.699840564390378	26.36556891648027	0.0
32.0	26.206425313469094	23.756781853541163	23.597054237307933	26.439738595681806	0.0
33.0	26.295487329833144	23.70772474288818	23.755905833708074	26.2408820935706	0.0
34.0	26.237378014238246	23.882636702894956	23.744517575877918	26.135467706988884	0.0
35.0	26.316219799216256	23.757365866763223	23.793866693141933	26.132547640878588	0.0
36.0	26.126999515269027	23.816059195580188	23.714440894941863	26.342500394208923	0.0
37.0	26.154740143316847	23.731085271770553	23.74159750976762	26.37257707514498	0.0
38.0	26.254314397677962	23.61691068685795	23.796494752641202	26.332280162822887	0.0
39.0	26.231537882017648	23.60990252819324	23.799122812140467	26.359436777648646	0.0
40.0	26.111815171495483	23.764374025427937	23.710936815609504	26.41287398746708	0.0
41.0	26.318263845493462	23.805254950972092	23.64377529507268	26.232705908461767	0.0
42.0	26.297531376110356	23.882928709505983	23.611654567859418	26.207885346524247	0.0
43.0	26.20292123413674	23.790654620420607	23.788026560921338	26.218397584521313	0.0
44.0	26.2487662720684	23.759117906429402	23.710644808998477	26.281471012503722	0.0
45.0	26.23905343413372	23.812777587974036	23.659766570596773	26.288402407295468	0.0
46.0	26.375712129043183	23.721379785609372	23.689551157948834	26.213356927398607	0.0
47.0	26.216276984982144	23.811317559182267	23.745324257794366	26.227081198041226	0.0
48.0	26.21861303104897	23.69159519825731	23.85424240566024	26.235549365033478	0.0
49.0	26.311978041231093	23.737662792734916	23.77766746481341	26.17269170122058	0.0
50.0	26.359282835951642	23.687437948957545	23.79255971500321	26.160719500087602	0.0
51.0	26.3881913216142	23.70554225310985	23.763067219529287	26.143199205746658	0.0
52.0	26.085966244232907	23.77533142556795	23.90819365765345	26.2305086725457	0.0
53.0	26.341470536705014	23.84453658821468	23.71605442971442	26.09793844536588	0.0
54.0	26.1674356129183	23.801319862173685	23.624072884424457	26.40717164048356	0.0
55.0	26.352566723120948	23.690942007825733	23.712842375751915	26.24364889330141	0.0
56.0	26.211528353676343	23.698826140279156	23.705834258015535	26.383811248028966	0.0
57.0	26.202768206505873	23.749342988962212	23.596040413478946	26.45184839105297	0.0
58.0	26.295041756701515	23.728902645564446	23.753139052736085	26.222916544997954	0.0
59.0	26.238392804999123	23.882497225953394	23.74525492028266	26.133855048764822	0.0
60.0	26.32745430123226	23.75635110669859	23.796063773871403	26.120130818197744	0.0
61.0	26.12772294574549	23.810956024061205	23.71985049348829	26.341470536705014	0.0
62.0	26.167727617823978	23.725398586696254	23.744670910471296	26.362202885008468	0.0
63.0	26.25328505518893	23.626408923669917	23.79255971500321	26.327746306137946	0.0
64.0	26.22904864801729	23.611808678385795	23.79839981311686	26.36074286048006	0.0
65.0	26.106990597442035	23.76686328330316	23.73182269462127	26.39432342463353	0.0
66.0	26.304677918589032	23.80540793085324	23.642177188576767	26.247736961980962	0.0
67.0	26.27284938386965	23.89534544180342	23.617940781405128	26.2138643929218	0.0
68.0	26.210944343864977	23.78993167085207	23.791391695380483	26.20773228990247	0.0
69.0	26.233720726508203	23.755475091981545	23.732114699526953	26.278689481983296	0.0
70.0	26.228388050026137	23.811178499157567	23.6698485374977	26.2905849133186	0.0
71.0	26.372930056269183	23.713357141397122	23.7057650360187	26.207947766314998	0.0
72.0	26.206779750102932	23.829866758550608	23.73379742510826	26.229556066238203	0.0
73.0	26.21203582305722	23.69788092658726	23.84213092877729	26.24795232157822	0.0
74.0	26.308320339190917	23.723508009647787	23.80088885774188	26.167282793419417	0.0
75.0	26.359128896052702	23.69781172801654	23.804100892945787	26.138958482984975	0.0
76.0	26.387745209687495	23.717083939239973	23.750080300880096	26.14509055019243	0.0
77.0	26.10946615974911	23.778112608114185	23.920902173087814	26.191519059048886	0.0
78.0	26.347740771238854	23.854617446607215	23.708323843229323	26.089317938924612	0.0
79.0	26.18013093423504	23.795340796935136	23.6265629471299	26.397965321699925	0.0
80.0	26.348324777639565	23.693139676810855	23.746284259275484	26.212251286274096	0.0
81.0	26.21692333747978	23.712411888034293	23.71270389123465	26.35796088325128	0.0
82.0	26.187431014243916	23.757380380888975	23.60933475830895	26.44585384655816	0.0
83.0	26.284376076761802	23.72380001284814	23.765848473699272	26.225975436690785	0.0
84.0	26.242035612710314	23.87272164502923	23.766724483300337	26.118518258960115	0.0
85.0	26.32438051521045	23.744824243273708	23.78920872972768	26.141586511788166	0.0
86.0	26.112386191752663	23.800012848140817	23.746284259275484	26.34131670083104	0.0
87.0	26.175750886229714	23.727596054452757	23.740152192068027	26.356500867249505	0.0
88.0	26.24729167031671	23.625686937528837	23.787748713725904	26.339272678428554	0.0
89.0	26.245539651114573	23.600282659097942	23.80994095695289	26.34423673283459	0.0
90.0	26.0887339325239	23.762052432094656	23.7357721440627	26.413441491318746	0.0
91.0	26.291384153570323	23.785704691323417	23.66977942078245	26.25313173432381	0.0
92.0	26.284960083162513	23.865421565020352	23.649631199957952	26.199987151859183	0.0
93.0	26.21137527667303	23.794172784133714	23.786288697724128	26.20816324146913	0.0
94.0	26.230939491096823	23.75767238408933	23.728764067254176	26.282624057559673	0.0
95.0	26.246631022913427	23.79877534215375	23.688982459418973	26.265611175513854	0.0
96.0	26.35467189156201	23.717890691841163	23.70591859558551	26.22151882101132	0.0
97.0	26.198158633195412	23.83235561213912	23.742710891395564	26.226774863269902	0.0
98.0	26.210422731798765	23.709130621410196	23.85863582343202	26.22181082335902	0.0
99.0	26.30466267987292	23.724245468136797	23.78877779854233	26.182314053447953	0.0
100.0	26.355470940011212	23.699425341057744	23.78352177163147	26.161581947299574	0.0
101.0	26.388467108951595	23.70935339188937	23.763081666978135	26.1390978321809	0.0
102.0	26.096173612408897	23.780601756680994	23.908498411511868	26.214726219398244	0.0
103.0	26.344958886189495	23.85360213044291	23.71052139786956	26.090917585498037	0.0
104.0	26.193410110259762	23.780601756680994	23.639273033077927	26.386715099981313	0.0
105.0	26.361018968417117	23.684533264810316	23.72920949355261	26.225238273219958	0.0
106.0	26.20567417305177	23.71110540085965	23.700009344047842	26.38321108204074	0.0
107.0	26.194578116239953	23.734757521958514	23.629928985236404	26.44073537656513	0.0
108.0	26.307874696318446	23.71782143524575	23.748189590730703	26.226114277705104	0.0
109.0	26.252394412259388	23.857690151373575	23.760745655017754	26.129169781349283	0.0
110.0	26.31459073070454	23.747021584750513	23.812721921136237	26.125665763408705	0.0
111.0	26.15019388899271	23.799289852364044	23.719281442720987	26.331234815922254	0.0
112.0	26.181146047467763	23.719281442720987	23.73767753690899	26.36189497290226	0.0
113.0	26.25151840777425	23.612116894038497	23.79198981498785	26.3443748831994	0.0
114.0	26.278382545318628	23.591384787890114	23.81184591665109	26.31838675014016	0.0
115.0	26.112525696131566	23.754905625116802	23.735925527938704	26.39664315081293	0.0
116.0	26.297070641001678	23.792865819472997	23.69066529620632	26.219398243319002	0.0
117.0	26.263782470566248	23.869370211175482	23.655917118295648	26.210930199962622	0.0
118.0	26.212682208932907	23.797829844888806	23.790529807512613	26.198958138665667	0.0
119.0	26.243050364417865	23.755781629601945	23.73388151747337	26.26728648850682	0.0
120.0	26.268531198990843	23.785927238855002	23.687814450028178	26.257727112125984	0.0
121.0	26.35321187982351	23.706210597933207	23.699494543936133	26.241082978307144	0.0
122.0	26.199034640238505	23.834691630920712	23.740666874961676	26.225606853879107	0.0
123.0	26.207210705974077	23.68985846646207	23.8638918656906	26.239038961873252	0.0
124.0	26.293720179173164	23.741320204869446	23.79563280013549	26.169326815821904	0.0
125.0	26.35562485764844	23.707739836828612	23.804684899346494	26.13195040617645	0.0
126.0	26.390373238490696	23.708615846429677	23.752124323282583	26.148886591797044	0.0
127.0	26.102166079740236	23.76526446729856	23.92382220509137	26.208747247869834	0.0
128.0	26.346572758437432	23.859581501013253	23.71854395524175	26.07530178530757	0.0
129.0	26.21108327347268	23.77431656650957	23.631527001535936	26.383073158481817	0.0
130.0	26.35796088325128	23.678539516793105	23.740152192068027	26.223347407887594	0.0
131.0	26.22313197707184	23.700216959011392	23.709853092760927	26.36679797115584	0.0
132.0	26.19860363661848	23.738761494009538	23.629551978181457	26.43308289119053	0.0
133.0	26.28416082415224	23.741389530486686	23.757741757455594	26.216707887905482	0.0
134.0	26.222839973018825	23.86403123275351	23.773509976318472	26.139618817909195	0.0
135.0	26.306937140287506	23.737885481850487	23.81760258832393	26.137574789538075	0.0
136.0	26.125018615258377	23.801542365408032	23.74080552238065	26.33263349695294	0.0
137.0	26.178455356960356	23.687660784731694	23.767669895258145	26.366213963049805	0.0
138.0	26.25612843506268	23.59655552019062	23.77964206143181	26.367673983314887	0.0
139.0	26.27510869850874	23.57494722026742	23.826946718020448	26.3229973632034	0.0
140.0	26.114506469349795	23.741681534539698	23.731753396737147	26.41205859937336	0.0
141.0	26.29905303085607	23.79541028029469	23.675104610451996	26.230432078397246	0.0
142.0	26.256712443168713	23.86870329760177	23.666344488861505	26.208239770368014	0.0
143.0	26.220795944647712	23.789570199234365	23.81030248699852	26.179331369119403	0.0
144.0	26.259709163113943	23.74408690065993	23.73036267009286	26.265841266133272	0.0
145.0	26.26124587176859	23.79584125398953	23.69568327887426	26.24722959536762	0.0
146.0	26.36899599660105	23.689551157948834	23.716707693475716	26.2247451519744	0.0
147.0	26.19496056462233	23.819201714657815	23.744740246277658	26.2410974744422	0.0
148.0	26.203428731614586	23.705903480416634	23.85103034231835	26.239637445650427	0.0
149.0	26.3072444131672	23.707793971213903	23.81262465068607	26.172336964932825	0.0
150.0	26.364477876054508	23.71013003092359	23.774955687867383	26.150436405154515	0.0
151.0	26.399810779163513	23.70633393389535	23.768239516202033	26.125615770739103	0.0
152.0	26.096491228070175	23.770352979652863	23.91139299647254	26.221762795804427	0.0
153.0	26.330973906136844	23.854743383091552	23.716039432803047	26.098243277968557	0.0
154.0	26.20103020534025	23.77677716261359	23.66406195248441	26.358130679561754	0.0
155.0	26.360466746092932	23.669026093863152	23.756044572149413	26.214462587894506	0.0
156.0	26.23468776919595	23.69858813566746	23.69596005314567	26.370764041990917	0.0
157.0	26.179790045407426	23.72632900673081	23.643690411878936	26.45019053598283	0.0
158.0	26.303893942269784	23.720488823349054	23.754361886963252	26.22125534741791	0.0
159.0	26.249288227650347	23.844300711042326	23.76837832707947	26.138032734227856	0.0
160.0	26.32900673081135	23.725452979223547	23.818895913331676	26.12664437663343	0.0
161.0	26.11642405571535	23.785898877224746	23.756405951146867	26.341271115913038	0.0
162.0	26.183878173774655	23.695084025638405	23.767210290403117	26.35382751018382	0.0
163.0	26.258340511892076	23.60485319239024	23.77947467550481	26.357331620212875	0.0
164.0	26.295133667197153	23.549663459432626	23.830284270926107	26.324918602444118	0.0
165.0	26.11350396402447	23.745601611890613	23.751149786103284	26.389744637981632	0.0
166.0	26.30068184140982	23.80487947321546	23.70150822735834	26.192930458016384	0.0
167.0	26.274109007022822	23.862405279525778	23.680191558014922	26.18329415543648	0.0
168.0	26.218919274065204	23.79641120731191	23.801083354017315	26.183586164605572	0.0
169.0	26.250240908267976	23.752387181928082	23.731070450337853	26.266301459466092	0.0
170.0	26.258785877186064	23.797718227026774	23.697266486203947	26.24622940958321	0.0
171.0	26.377050281352478	23.680621866358305	23.720043334413774	26.222284517875444	0.0
172.0	26.18957929993313	23.834219586337397	23.7390240412553	26.23717707247418	0.0
173.0	26.20593190890429	23.703690725442616	23.850572195308555	26.239805170344543	0.0
174.0	26.294856782430188	23.71492563899653	23.81713004196221	26.173087536611078	0.0
175.0	26.337198606515972	23.71784576479555	23.7861767084926	26.15877892019588	0.0
176.0	26.410493764071358	23.69419274582349	23.77566425561613	26.119649234489025	0.0
177.0	26.102496714848883	23.763761133012117	23.904511607533944	26.229230544605052	0.0
178.0	26.327931084829903	23.853701270258433	23.70389837932545	26.114469265586216	0.0
179.0	26.213169805811066	23.768433347934003	23.67586508979413	26.342531756460797	0.0
180.0	26.361220616148344	23.66214045846109	23.747992407650752	26.22864651773982	0.0
181.0	26.235147423411952	23.69082695525465	23.702215512382864	26.371810108950527	0.0
182.0	26.199813694885954	23.718276298076503	23.662793583862122	26.41911642317542	0.0
183.0	26.287417980487604	23.72148845521523	23.774927069432238	26.21616649486493	0.0
184.0	26.238067566265343	23.848806683622964	23.768210740869446	26.144915009242254	0.0
185.0	26.33414026614182	23.722948526641925	23.820189283659758	26.1227219235565	0.0
186.0	26.114837537852353	23.786023612275113	23.74105341233293	26.358085437539604	0.0
187.0	26.192805352037823	23.68878285525728	23.75623815517055	26.362173637534347	0.0
188.0	26.26142870909245	23.5784014553992	23.78835972655782	26.371810108950527	0.0
189.0	26.294426323335742	23.55533232685743	23.827781655078567	26.322459694728266	0.0
190.0	26.13031429497531	23.724700612353956	23.756822183741228	26.388162908929502	0.0
191.0	26.309319051888018	23.779891312283	23.707763783804303	26.20302585202468	0.0
192.0	26.275153380503376	23.856107040756434	23.657829341011364	26.21091023772883	0.0
193.0	26.219962680574334	23.797704183688666	23.810844826528914	26.171488309208087	0.0
194.0	26.280194365275893	23.72506190720927	23.71951361958604	26.27523010792879	0.0
195.0	26.264210228152095	23.803099457726304	23.70060184495703	26.232088469164573	0.0
196.0	26.377804448571602	23.684248949472472	23.719290868367953	26.21865573358797	0.0
197.0	26.215735573680014	23.83522121671383	23.731847555972166	26.217195653633997	0.0
198.0	26.212815413772056	23.71140643661647	23.831425008833484	26.24435314077799	0.0
199.0	26.30758223948371	23.696359999415964	23.822511644205637	26.173546116894684	0.0
200.0	26.354458990255313	23.702338783388768	23.78498027408941	26.15822195226651	0.0
201.0	26.402058152743667	23.698250511764	23.77329949801865	26.126391837473683	0.0
202.0	26.094206284312584	23.75949071370167	23.90141338628665	26.2448896156991	0.0
203.0	26.338198447602196	23.83584765709413	23.718162119858192	26.10779177544548	0.0
204.0	26.2012393484368	23.76488590635385	23.674650593684113	26.35922415152524	0.0
205.0	26.36740081416198	23.641651919471553	23.756125196385916	26.234822069980552	0.0
206.0	26.245272825499733	23.678070290712107	23.69734402149313	26.379312862295034	0.0
207.0	26.213303040302776	23.710039628190042	23.64783767919564	26.428819652311546	0.0
208.0	26.285295431780415	23.73354047968788	23.768876065543132	26.212288022988574	0.0
209.0	26.25918084252026	23.83178798276995	23.763159816018106	26.145871358691686	0.0
210.0	26.324596626998613	23.723735124479813	23.8066729940863	26.144995254435276	0.0
211.0	26.132729794845588	23.78185004015478	23.73366430605242	26.35175585894721	0.0
212.0	26.182959772212893	23.67438125136891	23.766664233043734	26.37599474337446	0.0
213.0	26.26110116553112	23.58455576355284	23.791904070743737	26.362439000172305	0.0
214.0	26.297022069452925	23.571413969435106	23.815267260286372	26.316296700825596	0.0
215.0	26.12443964195494	23.730852912401616	23.755384547990012	26.389322897653432	0.0
216.0	26.31909419326953	23.767789190246866	23.714052912710674	26.19906370377293	0.0
217.0	26.295146504367533	23.865040170787907	23.645714385843995	26.194098939000565	0.0
218.0	26.205780738464952	23.78618802440328	23.838172032019813	26.169859205111955	0.0
219.0	26.283541464668293	23.739238110813872	23.71499830613413	26.2622221183837	0.0
220.0	26.246681600074766	23.821511700919075	23.688337631312262	26.243469067693898	0.0
221.0	26.38511254085027	23.674319308195756	23.73039260066178	26.210175550292192	0.0
222.0	26.204918679123505	23.8346538788408	23.741782488193945	26.218644953841753	0.0
223.0	26.20229024353916	23.704984390013113	23.84925629875383	26.243469067693898	0.0
224.0	26.32453570792312	23.701895135264586	23.822221183809724	26.151347973002576	0.0
225.0	26.336509902074457	23.728472005210236	23.775784674783807	26.159233417931503	0.0
226.0	26.401345782601204	23.707152098550537	23.779873424006215	26.111628694842043	0.0
227.0	26.085280373831775	23.735105140186917	23.939544392523366	26.240070093457945	0.0
228.0	26.353971962616825	23.85251168224299	23.705315420560748	26.08820093457944	0.0
229.0	26.195969626168225	23.79818925233645	23.661507009345794	26.344334112149532	0.0
230.0	26.38508402502351	23.635360019626283	23.772919234341323	26.206636721008884	0.0
231.0	26.25869969655108	23.67719343335368	23.6865393096318	26.37756756046344	0.0
232.0	26.21095518334088	23.734283502971714	23.620964091181236	26.433797222506172	0.0
233.0	26.304737037329108	23.728120518594455	23.767257518538965	26.199884925537475	0.0
234.0	26.24690773890364	23.832972630386084	23.791499093131456	26.128620537578822	0.0
235.0	26.332483417886777	23.72549191412057	23.7961721677517	26.145852500240956	0.0
236.0	26.11752198535575	23.8011373095357	23.742431809618942	26.338908895489606	0.0
237.0	26.177979888255106	23.680805638064527	23.751485891695655	26.389728581984713	0.0
238.0	26.253055788400708	23.615366417141036	23.783014927727137	26.34856286673112	0.0
239.0	26.29657430421487	23.579149665725225	23.823612737781957	26.30066329227795	0.0
240.0	26.12027923007273	23.72754622192365	23.756170225194964	26.396004322808658	0.0
241.0	26.307764656398692	23.782053341667662	23.728308588353162	26.18187341358048	0.0
242.0	26.311069828306373	23.85221145364155	23.64978939927677	26.186929318775302	0.0
243.0	26.213413565461234	23.796225974177716	23.836828883566046	26.153531576794997	0.0
244.0	26.261564032681626	23.753187685674476	23.72047100337975	26.264777278264145	0.0
245.0	26.24753880939722	23.800954679037375	23.745450083841153	26.206056427724256	0.0
246.0	26.344188111841127	23.65946358093758	23.784205406258124	26.21214290096317	0.0
247.0	26.1900449316093	23.86692297354936	23.75941431150635	26.183617783334988	0.0
248.0	26.17904753001119	23.722935881667244	23.888585376684617	26.209431211636954	0.0
249.0	26.30920835439266	23.683633909555432	23.902456125999528	26.104701610052384	0.0
