# Position (bp)	A	C	G	T	N
0.0	26.181190742387294	23.77200473033843	23.760266917855855	26.28653760941842	0.0
1.0	26.18559242206826	23.78726388656578	23.8629727770784	26.16417091428756	0.0
2.0	26.30718714512499	23.876064074838098	23.632805049458756	26.183943730578157	0.0
3.0	26.158906392580185	23.796641599450734	23.776102717880857	26.268349290088228	0.0
4.0	26.26564915955908	23.76119683246634	23.80461985781893	26.168534150155647	0.0
5.0	26.195009608191167	23.628522392219566	23.87818867260272	26.298279326986552	0.0
6.0	26.184992973799165	23.84273044911945	23.768214582227085	26.2040619948543	0.0
7.0	26.291286401999525	23.7329155922448	23.78513322831135	26.19066477744433	0.0
8.0	26.201043735387557	23.865693139449267	23.697604219530582	26.23565890563259	0.0
9.0	26.147013701684035	23.825852798563833	23.813826058133156	26.213307441618976	0.0
10.0	26.273010993652544	23.765120672055943	23.663045136159376	26.298823198132137	0.0
11.0	26.20760052093722	23.66920486677383	23.819678286069625	26.303516326219334	0.0
12.0	26.412338233741245	23.726109044831105	23.822024850113223	26.039527871314426	0.0
13.0	26.239865776536707	23.71994931421666	23.835224272858465	26.20496063638817	0.0
14.0	26.00520937217679	23.77333364620854	23.865436284919806	26.356020696694866	0.0
15.0	26.137203599629245	23.671844751322876	23.8842087972686	26.30674285177928	0.0
16.0	26.216323238248883	23.805235755664736	23.792623010926157	26.185817995160228	0.0
17.0	26.323678228349344	23.878272347290462	23.645669868739457	26.152379555620737	0.0
18.0	26.385275353816823	23.86125980787563	23.77033071789983	25.983134120407712	0.0
19.0	26.2037104935103	23.812568746791815	23.734545721199677	26.2491750384982	0.0
20.0	26.051477597712108	23.804062477084404	23.741585392681674	26.402874532521814	0.0
21.0	26.3069590085796	23.81726186111315	23.65681601525262	26.218963115054635	0.0
22.0	26.340397448119084	23.637750238322212	23.7691574393195	26.252694874239204	0.0
23.0	26.207523648896387	23.79672948595732	23.843073989880473	26.15267287526582	0.0
24.0	26.23501874307034	23.688131735332593	23.86881610672111	26.208033414875953	0.0
25.0	26.19072760657738	23.76703448842271	23.750315317693577	26.29192258730634	0.0
26.0	26.180461449112123	23.786393528214333	23.856203398978078	26.176941623695466	0.0
27.0	26.31626804643823	23.86969606307527	23.625068196617445	26.188967693869053	0.0
28.0	26.16403559716771	23.79284654147821	23.77348750168658	26.269630359667495	0.0
29.0	26.263177346403623	23.76879440113104	23.80193942380458	26.166088828660765	0.0
30.0	26.201287082827356	23.6271214281105	23.87497580120026	26.29661568786188	0.0
31.0	26.186327824806554	23.848283791790596	23.76028815637411	26.205100227028737	0.0
32.0	26.29661568786188	23.735649378457495	23.782287065228232	26.185447868452393	0.0
33.0	26.203633633105134	23.872629250922486	23.686665141408987	26.2370719745634	0.0
34.0	26.15200952699413	23.82951138956841	23.80575256800596	26.212726515431502	0.0
35.0	26.26669717182028	23.768207763561595	23.662906319846535	26.30218874477159	0.0
36.0	26.197180619841255	23.66906601432569	23.816312044255938	26.317441321577117	0.0
37.0	26.411010013903308	23.729783002763064	23.822471738735093	26.036735244598535	0.0
38.0	26.237365293348113	23.717463613804753	23.835671084047565	26.209500008799562	0.0
39.0	26.000363715293055	23.774660776825467	23.860896499533624	26.36407900834785	0.0
40.0	26.13822354411221	23.656453306582662	23.89140165314467	26.313921496160457	0.0
41.0	26.208836495789424	23.804802787693554	23.798643111281887	26.18771760523514	0.0
42.0	26.32000398912377	23.882238719725922	23.644944518914606	26.152812772235702	0.0
43.0	26.376907666450588	23.859066603701084	23.77605763110578	25.98796809874255	0.0
44.0	26.20355677315085	23.816535504668153	23.73528643961904	26.24462128256196	0.0
45.0	26.040472007203892	23.817708776365613	23.7423260698038	26.399493146626696	0.0
46.0	26.31149776931718	23.814188961273235	23.663423548149602	26.210889721259978	0.0
47.0	26.331736706098376	23.646117790612067	23.77019127261848	26.251954230671082	0.0
48.0	26.20824985994069	23.805389423542284	23.834134580130055	26.152226136386968	0.0
49.0	26.231345034728744	23.686526187347475	23.875422376572182	26.206706401351603	0.0
50.0	26.18470762155059	23.77364135535949	23.753402477942558	26.288248545147365	0.0
51.0	26.197320255303175	23.78097428195983	23.85782335273137	26.16388211000563	0.0
52.0	26.305554251924164	23.88128871785245	23.624049652712596	26.189107377510794	0.0
53.0	26.153616012765156	23.795053501032477	23.780387647831798	26.270942838370566	0.0
54.0	26.25569035104186	23.7695349164633	23.80443964708091	26.17033508541393	0.0
55.0	26.199080157687256	23.63460906701708	23.876009010700205	26.29030176459546	0.0
56.0	26.172094987798012	23.86046320630749	23.763375258119016	26.204066547775483	0.0
57.0	26.286488642763285	23.739909892997936	23.784200769663975	26.18940069457481	0.0
58.0	26.206413084287593	23.869556035291907	23.68769945560353	26.23633142481697	0.0
59.0	26.155375915149236	23.827905012201988	23.805906232400975	26.210812840247794	0.0
60.0	26.267423033602405	23.769828233527313	23.653381359113947	26.309367373756338	0.0
61.0	26.194093767599025	23.669807114698706	23.813239159001316	26.322859958700956	0.0
62.0	26.40322883424066	23.739029941805896	23.82027876853764	26.037462455415806	0.0
63.0	26.23574479068894	23.720844283837057	23.839344377698517	26.204066547775483	0.0
64.0	25.99258494462174	23.776867843063638	23.861929791627556	26.36861742068707	0.0
65.0	26.136603623052373	23.655727895626054	23.889794912708844	26.317873568612725	0.0
66.0	26.199003311539936	23.79967676554356	23.800850030358227	26.200469892558274	0.0
67.0	26.31955627124709	23.875645662293323	23.647152339636698	26.157645726822885	0.0
68.0	26.37704624716583	23.860686535906304	23.768291931751186	25.993975285176678	0.0
69.0	26.203109738391277	23.830768283132265	23.72224128777546	26.243880690700998	0.0
70.0	26.037386083319404	23.824608642855257	23.73808036277348	26.39992491105186	0.0
71.0	26.30577040967474	23.82050221600392	23.658005039172377	26.21572233514896	0.0
72.0	26.32366269809843	23.65477856093204	23.770931777584188	26.250626963385336	0.0
73.0	26.20574958422428	23.814929208134245	23.828715069706597	26.15060613793488	0.0
74.0	26.223858270026106	23.695773325902678	23.87528231601795	26.205086088053264	0.0
75.0	26.19218021294694	23.77936819875048	23.743583726864752	26.28486786143783	0.0
76.0	26.19218021294694	23.778781568063824	23.853283665268528	26.175754553720704	0.0
77.0	26.295133898454225	23.88525503769102	23.629190742967765	26.190420320886986	0.0
78.0	26.15522247968791	23.79990027278327	23.777314991347197	26.26756225618162	0.0
79.0	26.255829642448596	23.76763558501745	23.807526471709735	26.169008300824213	0.0
80.0	26.200979673246707	23.634470419147625	23.874402369987973	26.290147537617692	0.0
81.0	26.171941454257475	23.85797671076174	23.766169008300825	26.203912826679964	0.0
82.0	26.29102748364767	23.739477312058195	23.784941190273663	26.184554014020474	0.0
83.0	26.207725926143194	23.870295955181415	23.68844044231954	26.23353767635585	0.0
84.0	26.151996010911333	23.824832076965947	23.812219517202944	26.21095239491978	0.0
85.0	26.270788724958205	23.772035315167336	23.653242601120464	26.303933358753994	0.0
86.0	26.197753204470125	23.667615052943418	23.81456603994955	26.320065702636903	0.0
87.0	26.400140791364795	23.74123720411815	23.822192238876017	26.03642976564104	0.0
88.0	26.23089783826592	23.725984806265217	23.841551051535507	26.20156630393336	0.0
89.0	25.99712550963541	23.777608306690524	23.860909864194994	26.36435631947907	0.0
90.0	26.148476226791423	23.657935646613673	23.882321884257767	26.31126624233714	0.0
91.0	26.199729564046688	23.79279091663709	23.802470294575738	26.20500922474049	0.0
92.0	26.3217483889702	23.880198632567883	23.64613367514248	26.15191930331944	0.0
93.0	26.373958366942286	23.855560215996785	23.779298450419585	25.991182966641347	0.0
94.0	26.211168828883263	23.83092179942569	23.720635553821744	26.237273817869305	0.0
95.0	26.03723334047065	23.822122364936014	23.741754196596965	26.398890097996368	0.0
96.0	26.311189067582593	23.81537613182726	23.66314591515585	26.210288885434295	0.0
97.0	26.319695187589275	23.65727962549607	23.776951934555672	26.246073252358983	0.0
98.0	26.21263540129821	23.8115630435484	23.827988654595796	26.147812900557593	0.0
99.0	26.231623901540484	23.690941302077835	23.871622493635094	26.20581230274659	0.0
100.0	26.19290650334964	23.783041779592413	23.73728485445778	26.28676686260017	0.0
101.0	26.199359403048117	23.7733624300447	23.85402367627562	26.173254490631564	0.0
102.0	26.2935130759213	23.888341370126597	23.62934544131968	26.188800112632432	0.0
103.0	26.163281827461194	23.798880715215937	23.77922870249786	26.25860875482501	0.0
104.0	26.259488695692983	23.770429293818122	23.80533361491441	26.164748395574485	0.0
105.0	26.20698555723722	23.625532364225123	23.879835275069517	26.28764680346814	0.0
106.0	26.179120763084722	23.859889948728778	23.763683080496993	26.197306207689508	0.0
107.0	26.287353489845483	23.744911008646884	23.783628406837728	26.184107094669905	0.0
108.0	26.209038752595827	23.87778207971091	23.682141893398096	26.231037274295165	0.0
109.0	26.160055377611958	23.81647953257541	23.811199887367568	26.21226520244506	0.0
110.0	26.265061654523482	23.77482899815799	23.65193059026433	26.30817875705419	0.0
111.0	26.212851829690376	23.664249762415963	23.80944000563162	26.313458402262036	0.0
112.0	26.40614550702193	23.736991540835124	23.817066159820726	26.03979679232222	0.0
113.0	26.241009937465538	23.72760550491007	23.83202515457628	26.199359403048117	0.0
114.0	25.99697300341417	23.777175507139255	23.862823084955355	26.363028404491217	0.0
115.0	26.16210857297056	23.650757335773704	23.878662020578883	26.308472070676853	0.0
116.0	26.211015067476602	23.79382459310187	23.797051033487516	26.198109305934008	0.0
117.0	26.320127415063954	23.882111734563683	23.645115022599747	26.152645827772613	0.0
118.0	26.37204377399665	23.86099321567581	23.776812452886638	25.990150557440906	0.0
119.0	26.206028750516964	23.836354943639954	23.72401615566695	26.233600150176134	0.0
120.0	26.043826792947588	23.8172896140884	23.737801855496535	26.40108173746748	0.0
121.0	26.313381221530328	23.813476548178087	23.66007397347866	26.21306825681292	0.0
122.0	26.310154781144686	23.65274115442037	23.778572329460626	26.258531734974323	0.0
123.0	26.210135129189606	23.809956795030107	23.821982618285702	26.157925457494578	0.0
124.0	26.2342637241444	23.685075029624674	23.875435570729646	26.20522567550127	0.0
125.0	26.187040230896486	23.7789353888752	23.74139124517499	26.292633135053322	0.0
126.0	26.19466638508559	23.767202843968885	23.859010007860807	26.179120763084722	0.0
127.0	26.289699998826745	23.881301843182808	23.627878873206388	26.201119284784063	0.0
128.0	26.163281827461194	23.79858740159328	23.780401956988488	26.257728813957037	0.0
129.0	26.259488695692983	23.775708939025964	23.80533361491441	26.159468750366642	0.0
130.0	26.195839639576217	23.627878873206388	23.88218178405078	26.294099703166612	0.0
131.0	26.177360881348772	23.85666349887954	23.768669412082176	26.197306207689508	0.0
132.0	26.28911337158143	23.735524972721834	23.780695270611147	26.19466638508559	0.0
133.0	26.204639048255956	23.875728884352306	23.68742153860594	26.2322105287858	0.0
134.0	26.151842596177538	23.82498562763249	23.810319946499593	26.212851829690376	0.0
135.0	26.259488695692983	23.775415625403305	23.653103844754966	26.311991834148746	0.0
136.0	26.212851829690376	23.65515704011357	23.817066159820726	26.314924970375326	0.0
137.0	26.403798998040667	23.73816479532575	23.8179461006887	26.04009010594488	0.0
138.0	26.232503842408455	23.728192132155385	23.83349172268957	26.20581230274659	0.0
139.0	25.990520103715696	23.774535684535334	23.86106320321941	26.37388100852956	0.0
140.0	26.15008271444159	23.64958408128307	23.88218178405078	26.318151420224563	0.0
141.0	26.19767636266576	23.79689731939894	23.795430746983996	26.209995570951307	0.0
142.0	26.311189067582593	23.87990531808489	23.652293279285253	26.15661233504727	0.0
143.0	26.363985674520652	23.86406633600347	23.776658620072684	25.995289369403192	0.0
144.0	26.20236939439359	23.835908145636505	23.722395440719676	26.23932701925023	0.0
145.0	26.032833623225816	23.8197758490721	23.741754196596965	26.40563633110512	0.0
146.0	26.312948954480525	23.811269729065412	23.664319173087808	26.211462143366255	0.0
147.0	26.305909406888784	23.657866254462046	23.775192047657736	26.26103229099143	0.0
148.0	26.21204877233223	23.81273630148036	23.81684270424221	26.158372221945204	0.0
149.0	26.23031120757927	23.68492065819963	23.878508784794533	26.20625934942657	0.0
150.0	26.1836740679905	23.787581028363594	23.74123720411815	26.28750769952776	0.0
151.0	26.19951309653008	23.762942539524243	23.856510134045113	26.18103422990057	0.0
152.0	26.289267591587716	23.880561992197812	23.628310796937786	26.201859619276686	0.0
153.0	26.164608570674332	23.803713372246502	23.772621945853988	26.259056111225178	0.0
154.0	26.265802364121665	23.776728360660545	23.796380488663363	26.161088786554426	0.0
155.0	26.187780482797056	23.628604112281113	23.88789487578095	26.29572052914088	0.0
156.0	26.17751444578066	23.850350511835273	23.772915261197312	26.199219781186756	0.0
157.0	26.290147537617692	23.740943888774822	23.77936819875048	26.189540374857007	0.0
158.0	26.20625934942657	23.872935793271346	23.695773325902678	26.225031531399406	0.0
159.0	26.147009650074793	23.82981843780248	23.81133957117297	26.211832340949755	0.0
160.0	26.253483119701993	23.776728360660545	23.652362655090485	26.317425864546973	0.0
161.0	26.21447217903968	23.662628692106885	23.816032616666178	26.306866512187256	0.0
162.0	26.39720763793154	23.74593024961136	23.824245446279292	26.03261666617781	0.0
163.0	26.24175050596897	23.72099844542868	23.832164960549086	26.205086088053264	0.0
164.0	25.991845833455546	23.78171472149708	23.853576980611855	26.372862464435514	0.0
165.0	26.15522247968791	23.64825624028393	23.87997536151116	26.316545918516997	0.0
166.0	26.206629532835287	23.797036919710557	23.796156971099556	26.200176576354608	0.0
167.0	26.30958352032241	23.88855157525467	23.659178303987048	26.142686600435866	0.0
168.0	26.36414033420448	23.861273168313637	23.7814911609162	25.99309533656568	0.0
169.0	26.19958994394727	23.843380879889946	23.7263477146268	26.230681461535983	0.0
170.0	26.037679399523068	23.825195275262594	23.737493730366147	26.399631594848195	0.0
171.0	26.325422595320436	23.81346262711591	23.666217892875054	26.1948968846886	0.0
172.0	26.310170152729746	23.65213871509904	23.77063846138052	26.26705267079069	0.0
173.0	26.21337580551962	23.809062884060907	23.827835121095596	26.149726189323875	0.0
174.0	26.24073118077717	23.685646236155435	23.867796132907827	26.205826450159563	0.0
175.0	26.187640792190724	23.783907452599962	23.739616575933923	26.288835179275388	0.0
176.0	26.202599962455412	23.762495306926976	23.861636474563543	26.173268256054065	0.0
177.0	26.28854186221138	23.870142669419934	23.639008822977285	26.202306645391403	0.0
178.0	26.172094987798012	23.80707950065703	23.77041486765534	26.250410643889623	0.0
179.0	26.27035620424254	23.77892106251173	23.799159939928664	26.151562793317062	0.0
180.0	26.189107377510794	23.627569457480757	23.882755303172516	26.300567861835933	0.0
181.0	26.17004176834992	23.85283696264314	23.78185423315187	26.19526703585508	0.0
182.0	26.285022057443214	23.745482917214193	23.779507696639758	26.189987328702834	0.0
183.0	26.20465318190351	23.876009010700205	23.69268584569176	26.226651961704523	0.0
184.0	26.15273606157312	23.832304768162192	23.809719354233152	26.20523981603154	0.0
185.0	26.25539703397785	23.770708184719354	23.653088042049937	26.320806739252863	0.0
186.0	26.214625962079968	23.65954101745823	23.818225549089544	26.30760747137225	0.0
187.0	26.3997090294725	23.74518960015018	23.81881218321757	26.03628918715975	0.0
188.0	26.244544302609345	23.7261239909893	23.828198329266005	26.20113337713535	0.0
189.0	25.991411676365683	23.772468087103434	23.858996620987423	26.377123615543457	0.0
190.0	26.153616012765156	23.643701896001502	23.87659564482823	26.326086446405107	0.0
191.0	26.197983732587915	23.798349793357524	23.799816382979348	26.203850091075214	0.0
192.0	26.314430948560837	23.88722512444013	23.658143825511033	26.140200101488002	0.0
193.0	26.373094533433843	23.860826511247275	23.77429772355959	25.99178123175929	0.0
194.0	26.202970137302124	23.842347482012276	23.719153953778964	26.23552842690664	0.0
195.0	26.039298735506428	23.82152190938236	23.732939896224117	26.406239458887093	0.0
196.0	26.321177260821234	23.814775597121965	23.666356727393254	26.197690414663548	0.0
197.0	26.305631410829882	23.660490368905954	23.766084821677367	26.267793398586793	0.0
198.0	26.206196634470135	23.810082510332123	23.831201400886407	26.152519454311335	0.0
199.0	26.23355214914674	23.690184966825644	23.87116265699888	26.205100227028737	0.0
200.0	26.188967693869053	23.782580384012952	23.74004916022832	26.288402761889678	0.0
201.0	26.20334031432041	23.76703448842271	23.8564967177628	26.173128479494085	0.0
202.0	26.296322369077163	23.87497580120026	23.631521209881324	26.197180619841255	0.0
203.0	26.16755542258437	23.801352786235135	23.773780820471305	26.257310970709185	0.0
204.0	26.26523057789667	23.777887283457407	23.79871291717264	26.158169221473283	0.0
205.0	26.189261012653773	23.63240116623549	23.875562438769705	26.302775382341036	0.0
206.0	26.16315564081355	23.8564967177628	23.784633615506003	26.19571402591765	0.0
207.0	26.28546957404246	23.755008418249123	23.774074139256026	26.185447868452393	0.0
208.0	26.209793327584286	23.869109425505826	23.68725177897843	26.233845467931456	0.0
209.0	26.15288948334829	23.8347911276934	23.806632524360126	26.20568686459818	0.0
210.0	26.254964420431413	23.76791444477687	23.64589383033268	26.33122730445903	0.0
211.0	26.215659703278714	23.66026645078404	23.812498900054557	26.311574945882683	0.0
212.0	26.40309040671583	23.736236016026936	23.812498900054557	26.048174677202677	0.0
213.0	26.246164856889763	23.73124959668667	23.813378856408722	26.20920669001484	0.0
214.0	25.987457688765303	23.7696743574852	23.861483137103065	26.38138481664643	0.0
215.0	26.15611598998023	23.64325396127019	23.882015452033578	26.318614596716	0.0
216.0	26.18669795409548	23.801422600278656	23.79995600205324	26.211923443572633	0.0
217.0	26.31311872112635	23.889711813448706	23.659162572413287	26.13800689301166	0.0
218.0	26.364742978660992	23.857739972134635	23.774143873285915	26.00337317591846	0.0
219.0	26.21163012392755	23.836034318398475	23.717239862139767	26.23509569553421	0.0
220.0	26.038278213683363	23.82635477011073	23.72574613184718	26.40962088435873	0.0
221.0	26.314585319351764	23.816088582532817	23.66649556354037	26.202830534575057	0.0
222.0	26.303145853193517	23.658869252768206	23.765930923223582	26.272053970814696	0.0
223.0	26.214270000733297	23.802889198504072	23.828701327271393	26.154139473491238	0.0
224.0	26.238985815020357	23.68651077659537	23.867782848963408	26.20672055942087	0.0
225.0	26.192934495664723	23.786826389459232	23.731388813929204	26.288850300946837	0.0
226.0	26.207013879926315	23.758960941441494	23.846663772571013	26.18736140606118	0.0
227.0	26.295596672572184	23.874822541094204	23.62813999601084	26.20144079032277	0.0
228.0	26.165069047646984	23.807358824840726	23.76453403104504	26.263038096467252	0.0
229.0	26.267437904048997	23.77685349227394	23.79621264563363	26.159495958043433	0.0
230.0	26.187948047072073	23.625500111461793	23.876289143621452	26.31026269784468	0.0
231.0	26.170935457755977	23.85546338773451	23.78917295350283	26.184428201006675	0.0
232.0	26.287383698419593	23.757201018408793	23.768347197615892	26.187068085555726	0.0
233.0	26.20232075183912	23.87452922058875	23.68739073811172	26.235759289460407	0.0
234.0	26.14746981731999	23.837864157407516	23.80266569675353	26.212000328518965	0.0
235.0	26.252478558271054	23.77128040267039	23.63664629066889	26.339594748389672	0.0
236.0	26.216106815595264	23.654245520995882	23.818798324553274	26.31084933885558	0.0
237.0	26.39825884947965	23.738428506060004	23.805305581302576	26.058007063157774	0.0
238.0	26.246905468667503	23.732855416456452	23.81674508101512	26.20349403386092	0.0
239.0	25.980570449718996	23.76864051812134	23.862209759359857	26.3885792727998	0.0
240.0	26.15424327400298	23.644240810052917	23.877729411350597	26.323786504593507	0.0
241.0	26.19022475667494	23.79158819836786	23.802148418020426	26.216038626936772	0.0
242.0	26.308146783500497	23.883267866100685	23.669411498960052	26.139173851438763	0.0
243.0	26.360134597951696	23.86766686126847	23.77144164732872	26.00075689345111	0.0
244.0	26.21092901946288	23.8357185187793	23.71689931759639	26.23645314416143	0.0
245.0	26.043827401367807	23.822237609179755	23.7289378793969	26.40499711005554	0.0
246.0	26.309427053227978	23.820994844740724	23.662552044058835	26.20702605797246	0.0
247.0	26.302570076318855	23.662952932304794	23.760662192971388	26.27381479840496	0.0
248.0	26.213210481528215	23.80644971976877	23.83432612459286	26.146013674110158	0.0
249.0	26.238816393721624	23.697361123745193	23.867260973799038	26.196561508734145	0.0
