# Position (bp)	A	C	G	T	N
0.0	26.11895587780147	23.705140254585	23.820705830240698	26.35519803737283	0.0
1.0	26.105326522441587	23.883457653876842	23.83291546108393	26.17830036259764	0.0
2.0	26.251831325027542	23.678322790201133	23.85804817662491	26.211797708146417	0.0
3.0	26.20823384786602	23.83250669308887	23.704181086736188	26.255078372308926	0.0
4.0	26.136402348318814	23.720518265332775	23.899367498268283	26.243711888080124	0.0
5.0	26.31846374384376	23.763146316192856	23.686219963949643	26.232169976013736	0.0
6.0	26.212068314642462	23.88713381075243	23.659494026584465	26.241303848020642	0.0
7.0	26.38408746445054	23.831338022172645	23.739093907347172	26.045480606029642	0.0
8.0	26.279611639463834	23.771899203355726	23.708042786637264	26.240446370543175	0.0
9.0	26.362150381402106	23.71220032691609	23.61741736287686	26.308231928804943	0.0
10.0	26.163161882170005	23.729438771022323	23.80775375046464	26.29964559634303	0.0
11.0	26.340505585617286	23.82676499547419	23.649988791877945	26.182740627030586	0.0
12.0	26.18103812747749	23.826481245548674	23.79214750456128	26.200333122412555	0.0
13.0	26.264744355504604	23.735965019309184	23.749017515882905	26.250273109303308	0.0
14.0	26.20317062166771	23.723196272660978	23.77058251022209	26.303050595449218	0.0
15.0	26.186713125987804	23.86194998623813	23.68063378383363	26.270703103940434	0.0
16.0	26.348734333457237	23.853721238398176	23.586145058636923	26.211399369507664	0.0
17.0	26.19919812271049	23.84946498951544	23.831021244356922	26.12031564341714	0.0
18.0	26.111519395726155	23.795836253592984	23.80179500202881	26.290849348652046	0.0
19.0	26.257576101514086	23.668649127187706	23.788958754227863	26.284816017070344	0.0
20.0	26.204515016003448	23.8292511293215	23.834642362608676	26.131591492066374	0.0
21.0	26.22948493859669	23.6941865480217	23.8318048714049	26.24452364197671	0.0
22.0	26.299570971329988	23.632045490658978	23.747531382652713	26.32085215535832	0.0
23.0	26.098392844982182	23.81052368737657	23.84003359589585	26.251049871745398	0.0
24.0	26.22437745442989	23.777325040292375	23.66297414478015	26.335323360497583	0.0
25.0	26.130172746464485	23.70071277779039	23.807686196172792	26.361428279572337	0.0
26.0	26.107189067713886	23.883730960434022	23.832088620525276	26.176991351326812	0.0
27.0	26.245300418528767	23.687593104915937	23.853869617649146	26.213236858906154	0.0
28.0	26.20217067461162	23.83797971199546	23.713981698233667	26.245867915159256	0.0
29.0	26.123004894658436	23.7199404128538	23.899269348088247	26.25778534439952	0.0
30.0	26.319074980492303	23.761367666879476	23.68901184649216	26.230545506136053	0.0
31.0	26.212385613960414	23.881109455912604	23.671703199262254	26.23480173086472	0.0
32.0	26.38632333120522	23.839398453571683	23.747180251117257	26.027097964105838	0.0
33.0	26.27594523657516	23.768461374760587	23.715116691494647	26.240476697169612	0.0
34.0	26.360785982833228	23.711144215081223	23.621479747464	26.306590054621548	0.0
35.0	26.161878413846917	23.732141590409306	23.82123856139604	26.284741434347737	0.0
36.0	26.342058594027094	23.83343973895155	23.647868340781727	26.176633326239624	0.0
37.0	26.18344328580549	23.821522309711284	23.785202525360006	26.209831879123218	0.0
38.0	26.261757820812935	23.73441157693126	23.753990210683124	26.249840391572675	0.0
39.0	26.199616939774423	23.713130453287935	23.77924381073987	26.308008796197775	0.0
40.0	26.173228346456696	23.861814570475985	23.689863091437893	26.275093991629422	0.0
41.0	26.35057104348443	23.85500461091012	23.586862453004183	26.207561892601262	0.0
42.0	26.19848194651344	23.846775909768038	23.845640916507058	26.10910122721146	0.0
43.0	26.11137121373342	23.804497410796625	23.789742498403914	26.294388877066044	0.0
44.0	26.272181961603287	23.667663566252205	23.778608842707406	26.281545629437105	0.0
45.0	26.194435143831612	23.81748225159324	23.84784323517561	26.14023936939953	0.0
46.0	26.22820109753537	23.698024549834575	23.826278424406826	26.24749592822323	0.0
47.0	26.296300499963117	23.629357652386602	23.745126636513763	26.32921521113652	0.0
48.0	26.105622173165433	23.808402331269544	23.837060829791216	26.24891466577381	0.0
49.0	26.223661137373522	23.77974383274787	23.661988616049896	26.33460641382872	0.0
50.0	26.131726944096066	23.69859204485481	23.805848603678502	26.363832407370623	0.0
51.0	26.111864618387976	23.872813016065784	23.833372112159715	26.18195025338653	0.0
52.0	26.248272691933366	23.68462121233617	23.852883008396063	26.2142230873344	0.0
53.0	26.208548153234574	23.838979419851487	23.70902342896543	26.24344899794851	0.0
54.0	26.129950315951955	23.711293402605364	23.908781109279367	26.249975172163314	0.0
55.0	26.32516804898603	23.7595303424539	23.693984853600888	26.221316754959183	0.0
56.0	26.21620931426934	23.887500106405017	23.676676304596413	26.219614274729235	0.0
57.0	26.397523458758837	23.83131825881672	23.738816832989524	26.03234144943492	0.0
58.0	26.279768576187408	23.758679102338924	23.72292701751001	26.23862530396366	0.0
59.0	26.350705252435258	23.718670816935138	23.623615670763023	26.30700825986658	0.0
60.0	26.162581187025967	23.726331977969906	23.82762955165183	26.283457283352295	0.0
61.0	26.344746571630438	23.836425699506563	23.6409242197675	26.1779035090955	0.0
62.0	26.17960598932545	23.815995936747182	23.79017498659297	26.2142230873344	0.0
63.0	26.265013747527853	23.73739809946457	23.75357166164908	26.244016491358497	0.0
64.0	26.207980659824585	23.707604695440473	23.775703904638405	26.30871074009653	0.0
65.0	26.16371617384593	23.858557942495892	23.70079477452068	26.276931109137497	0.0
66.0	26.350705252435258	23.852599261691072	23.589566066164057	26.207129419709613	0.0
67.0	26.206278179594637	23.840681900081435	23.840965646786426	26.1120742735375	0.0
68.0	26.10526435261771	23.808334775712417	23.79840364103772	26.28799723063216	0.0
69.0	26.275721565823375	23.670366713200995	23.789539991147127	26.264371729828508	0.0
70.0	26.19570522205954	23.80628099923956	23.857639007116347	26.14037477158455	0.0
71.0	26.234862156241846	23.71179361458227	23.815077122135587	26.238267107040304	0.0
72.0	26.30721736070914	23.617306229924978	23.75038305696483	26.32509335240106	0.0
73.0	26.09611041120456	23.805429761539944	23.846289171121477	26.252170656134016	0.0
74.0	26.21868863994915	23.77705517155277	23.66611052470292	26.33814566379516	0.0
75.0	26.13015991918917	23.701295016287013	23.81422588443597	26.35431918008785	0.0
76.0	26.101217837402253	23.881473662705574	23.828696925329428	26.18861157456275	0.0
77.0	26.253231147266543	23.679946882918262	23.852180155435562	26.214641814379636	0.0
78.0	26.199035834168015	23.836857920318703	23.71428003938382	26.249826206129462	0.0
79.0	26.142854305406193	23.719954941278953	23.904672997965548	26.232517755349306	0.0
80.0	26.331544793419383	23.74918068603889	23.70321398068831	26.21606053985342	0.0
81.0	26.217195520232444	23.894458174554305	23.670583294791292	26.217763010421958	0.0
82.0	26.397373655402934	23.84451903787713	23.731588490163976	26.02651881655596	0.0
83.0	26.287280558637345	23.758828019260616	23.719671196184198	26.23422022591784	0.0
84.0	26.349136989294298	23.712293823720522	23.626886550198765	26.311682636786415	0.0
85.0	26.172080050166137	23.71342880409955	23.82749433219173	26.286996813542586	0.0
86.0	26.346015793251976	23.83203425370784	23.64930241268454	26.172647540355648	0.0
87.0	26.179457422629802	23.810185881411574	23.803375999137415	26.2069806968212	0.0
88.0	26.27224206861524	23.748613195849376	23.749464431133646	26.229680304401736	0.0
89.0	26.205845716442177	23.71314505900479	23.771880293619425	26.309128930933607	0.0
90.0	26.178038697156026	23.853031390719835	23.697822823887932	26.271107088236214	0.0
91.0	26.351406950052354	23.847640233919456	23.610429334702875	26.190523481325318	0.0
92.0	26.213790579095363	23.838276645792487	23.839411626171515	26.10852114894064	0.0
93.0	26.10880489403539	23.80451097951644	23.795431136484225	26.291252989963937	0.0
94.0	26.274437476945778	23.666827455097465	23.80075475981046	26.2579803081463	0.0
95.0	26.205771358851404	23.79706608404506	23.857787362029338	26.139375195074198	0.0
96.0	26.236699486422836	23.7088216099651	23.81692818432029	26.237550719291775	0.0
97.0	26.303946883068978	23.60865987572	23.763300513577164	26.324092727633857	0.0
98.0	26.098799761654796	23.800471015520813	23.848423800471018	26.252305422353373	0.0
99.0	26.22222852765088	23.77692023948018	23.662287546463126	26.338563686405813	0.0
100.0	26.135970263598445	23.69662060551031	23.816644440030643	26.350764690860593	0.0
101.0	26.107028346054534	23.8753795079874	23.836790284595523	26.18080186136254	0.0
102.0	26.2550683679926	23.676123837006394	23.856017206204903	26.212790588796103	0.0
103.0	26.213358075765186	23.826507883812717	23.70818685075944	26.251947189662655	0.0
104.0	26.14724584386731	23.704214441975875	23.910495955236627	26.23804375892019	0.0
105.0	26.334232800179326	23.748762169048693	23.69456716350151	26.22243786727047	0.0
106.0	26.20938566698162	23.90028118979318	23.67470511958369	26.215628023641507	0.0
107.0	26.393535188448237	23.846086184245994	23.742519812388807	26.017858814916963	0.0
108.0	26.28798261219927	23.751883347378637	23.70903808121306	26.251095959209035	0.0
109.0	26.350973665767203	23.703930698491334	23.641790875377026	26.303304760364437	0.0
110.0	26.165689170362427	23.710740542120302	23.835020188348924	26.288550099168344	0.0
111.0	26.35409484409714	23.824521679420936	23.64434456673789	26.177038909744034	0.0
112.0	26.177038909744034	23.81402317049295	23.807213326863984	26.201724592899033	0.0
113.0	26.2769166163022	23.74535724723421	23.758976934492143	26.21874920197145	0.0
114.0	26.201157105929955	23.69853957228507	23.784513848100765	26.31578947368421	0.0
115.0	26.18214629246576	23.848639875606857	23.692297215625185	26.2769166163022	0.0
116.0	26.35494607455076	23.84211377546243	23.606322939809495	26.19661721017731	0.0
117.0	26.214776793187887	23.831615266534442	23.835020188348924	26.118587751928747	0.0
118.0	26.108372986485296	23.808348300802145	23.798133535358694	26.285145177353865	0.0
119.0	26.278693641290467	23.661720057883834	23.797917316913995	26.2616689839117	0.0
120.0	26.219674829044067	23.789404988224614	23.85750361773969	26.13341656499163	0.0
121.0	26.22875464631274	23.701160514144654	23.82657549016826	26.243509349374346	0.0
122.0	26.3022444173311	23.607808642851065	23.767840422211503	26.32210651760633	0.0
123.0	26.101353460261613	23.791674942541782	23.856368640581106	26.2506029566155	0.0
124.0	26.229038390602387	23.766705445052917	23.666259966518176	26.33799619782652	0.0
125.0	26.130295377805524	23.696053116931022	23.822319325823567	26.35133217943989	0.0
126.0	26.103339670289134	23.876230740856343	23.83622279601623	26.184206792838292	0.0
127.0	26.250393696318973	23.678811902539234	23.861259998467776	26.209534402674013	0.0
128.0	26.206487566254665	23.82387324503161	23.71491481948086	26.25472436923286	0.0
129.0	26.153710828878523	23.697038827788937	23.908713269093262	26.240537074239278	0.0
130.0	26.344104327692463	23.735628270171496	23.7004437785874	26.21982362354864	0.0
131.0	26.228694169288957	23.88437889265011	23.68064875846629	26.206278179594637	0.0
132.0	26.391848524659007	23.83983065996646	23.737114352759576	26.031206462614954	0.0
133.0	26.28374103005729	23.754990395174037	23.72491324444495	26.236355330323725	0.0
134.0	26.364325094274843	23.705050975095553	23.638654246127565	26.291969684502035	0.0
135.0	26.16939110794576	23.71753583011517	23.82308960437197	26.2899834575671	0.0
136.0	26.350137759025273	23.82081963073204	23.64716664727731	26.18187596296538	0.0
137.0	26.18159221626039	23.81344221640226	23.80663229548247	26.198333271854878	0.0
138.0	26.267642001441438	23.735479221169832	23.77321764001521	26.223661137373522	0.0
139.0	26.207561892601262	23.701496772362916	23.771582606228275	26.319358728807547	0.0
140.0	26.189969497056108	23.841100943463147	23.702915513939136	26.266014045541603	0.0
141.0	26.350287295169185	23.84393842661559	23.62289848904022	26.182875789175004	0.0
142.0	26.216641838689082	23.836844718734483	23.837128467049727	26.109384975526705	0.0
143.0	26.12328864297368	23.801376179328933	23.800808682698445	26.274526494998934	0.0
144.0	26.280843529385056	23.651056681724285	23.796052482237304	26.272047306653352	0.0
145.0	26.211041245772137	23.788958754227863	23.867273511452115	26.132726488547885	0.0
146.0	26.22721494563367	23.707522756679456	23.825562390756588	26.239699906930287	0.0
147.0	26.304110957256032	23.60054933829705	23.762570086032735	26.332769618414183	0.0
148.0	26.100662837945205	23.78952625246862	23.853086055433227	26.256724854152953	0.0
149.0	26.235727419245002	23.74923387737498	23.66950037454884	26.345538328831182	0.0
150.0	26.14492770072413	23.69049780945679	23.81875241186752	26.34582207795156	0.0
151.0	26.121660272853152	23.859896034322293	23.836912355571698	26.181531337252856	0.0
152.0	26.260204356696352	23.66758128725991	23.865354985344318	26.206859370699416	0.0
153.0	26.209771240160944	23.81832008217421	23.721561083019786	26.250347594645056	0.0
154.0	26.154156096951947	23.699144775297796	23.91564658278995	26.231052544960303	0.0
155.0	26.34880909818343	23.73801862539796	23.70595479283359	26.207217483585023	0.0
156.0	26.224033187579625	23.88081300490039	23.67651189912065	26.21864190839933	0.0
157.0	26.38605531452439	23.83654776531478	23.750003546894195	26.027393373266634	0.0
158.0	26.271135942523287	23.756813583753523	23.74092349774843	26.231126975974757	0.0
159.0	26.34888386333391	23.71084583495308	23.642745466359838	26.29752483535317	0.0
160.0	26.163594110453126	23.711980841096302	23.83910152913703	26.285323519313547	0.0
161.0	26.35711265787226	23.803916338697185	23.657784297757512	26.181186705673042	0.0
162.0	26.17437666881372	23.812145133235536	23.811010127092313	26.20246807085843	0.0
163.0	26.263832926621646	23.74099086317462	23.780148686226664	26.215027523977074	0.0
164.0	26.206305562412922	23.693103947290016	23.79270130157568	26.30788918872138	0.0
165.0	26.188429114207807	23.84150684270712	23.70445407313454	26.265609969950543	0.0
166.0	26.34647961659275	23.84803316506772	23.63493455233685	26.170552666002685	0.0
167.0	26.221911985449136	23.82760293854758	23.842925608437685	26.107559467565594	0.0
168.0	26.124584656332377	23.801781402251297	23.803767674274088	26.269866267142238	0.0
169.0	26.292641125027664	23.64748679125357	23.79362007615956	26.266252007559203	0.0
170.0	26.205528661986616	23.7791486246446	23.87789499968787	26.13742771368091	0.0
171.0	26.224540176721963	23.698278748531575	23.83362938328916	26.243551691457302	0.0
172.0	26.30342377517607	23.60180240509849	23.76354215732454	26.3312316624009	0.0
173.0	26.097134652600033	23.79049878269555	23.85632969939106	26.256036865313348	0.0
174.0	26.2316340255038	23.7553132927376	23.669619599452922	26.343433082305673	0.0
175.0	26.144805316414033	23.691752407652277	23.825116764750952	26.33832551118274	0.0
176.0	26.118699952896847	23.871652412759847	23.83731818465572	26.172329449687588	0.0
177.0	26.258097651361883	23.664862932264903	23.867463828362425	26.209575588010793	0.0
178.0	26.20397484790702	23.825819486061928	23.720829928266593	26.249375737764456	0.0
179.0	26.15204758013257	23.677982838463635	23.93080904385726	26.239160537546535	0.0
180.0	26.344717606465085	23.735585217470263	23.705790883501315	26.213906292563333	0.0
181.0	26.232141083665567	23.87185562476058	23.682306371749213	26.213696919824635	0.0
182.0	26.39955734006782	23.823900798774172	23.762893179915725	26.013648681242284	0.0
183.0	26.275272051416653	23.753245463445086	23.74132769604018	26.23015478909808	0.0
184.0	26.35075124498106	23.715789623029668	23.646836825901282	26.28662230608799	0.0
185.0	26.16091823560291	23.718059673963936	23.839507398947262	26.281514691485892	0.0
186.0	26.351035001347846	23.8165231332378	23.659605862406536	26.172836003007816	0.0
187.0	26.175106053942088	23.81737440233815	23.807159173133947	26.200360370585813	0.0
188.0	26.265982622710787	23.742246335276125	23.7757296815677	26.216041360445384	0.0
189.0	26.20958931707968	23.68612962631912	23.793390141680355	26.310890914920847	0.0
190.0	26.184051099136525	23.844750335543807	23.704290136856475	26.266908428463193	0.0
191.0	26.35912977103569	23.833967532412256	23.6361882223414	26.170714474210655	0.0
192.0	26.221507152119816	23.831981226572232	23.835102564320838	26.111409056987117	0.0
193.0	26.131555873364494	23.794241415611797	23.81069937828627	26.263503332737443	0.0
194.0	26.295075082573803	23.643916779224316	23.793457657514498	26.26755048068738	0.0
195.0	26.216757658649538	23.77756716570378	23.87319387535044	26.132481300296245	0.0
196.0	26.233215668024922	23.6958446363915	23.829495022870958	26.24144467271262	0.0
197.0	26.307560468996517	23.596529062574486	23.767919367104412	26.32799110132459	0.0
198.0	26.101551593021803	23.788917516997152	23.86468111188041	26.244849778100633	0.0
199.0	26.23605325584827	23.753731427987695	23.66718499937573	26.343030316788308	0.0
200.0	26.154898244100654	23.689318184397806	23.807078079066546	26.34870549243499	0.0
201.0	26.12837320166851	23.860276382622516	23.83502170767004	26.17632870803893	0.0
202.0	26.256423644118055	23.659157399498877	23.881626178673077	26.202792777709988	0.0
203.0	26.20258336927652	23.83373816712447	23.71881455585571	26.244863907743298	0.0
204.0	26.145547206646842	23.671142539329413	23.942986538330572	26.240323715693176	0.0
205.0	26.354679802955665	23.72080088987764	23.709450409752332	26.215068897414362	0.0
206.0	26.240681938781012	23.865303470135384	23.679438830670218	26.214575760413382	0.0
207.0	26.388388359983537	23.820320370028803	23.772364183255064	26.018927086732596	0.0
208.0	26.28411222378924	23.74724392244107	23.738447175534827	26.23019667823486	0.0
209.0	26.351081006688364	23.706381614231432	23.65189853661859	26.29063884246161	0.0
210.0	26.181105155177452	23.712056934816104	23.84315684032202	26.263681069684424	0.0
211.0	26.33931231750194	23.833360291259105	23.661680869237035	26.16564652200192	0.0
212.0	26.17472708647251	23.81292902120028	23.813496556479695	26.198847335847514	0.0
213.0	26.26745895266148	23.73878398855839	23.778795566376655	26.214961492403475	0.0
214.0	26.210211778193344	23.68663751394024	23.795037982729706	26.308112725136706	0.0
215.0	26.193185526551023	23.841292633024686	23.699690973532693	26.265830866891605	0.0
216.0	26.35465114629239	23.835049674089166	23.640382863645264	26.16991631597318	0.0
217.0	26.22014375831803	23.836468528392693	23.84469788335315	26.098689829936124	0.0
218.0	26.130472166335128	23.798159462197464	23.806956358879333	26.264412012588075	0.0
219.0	26.305349663446805	23.637044688361957	23.78943007298607	26.268175575205166	0.0
220.0	26.21993439199083	23.780633151341103	23.859805446145813	26.139627010522254	0.0
221.0	26.223772254919208	23.695352361277433	23.820496376215257	26.260379007588096	0.0
222.0	26.307485371487598	23.600855860201932	23.771119826103735	26.320538942206735	0.0
223.0	26.110546717594513	23.790983955458948	23.866183873732243	26.2322854532143	0.0
224.0	26.24477147738043	23.749269283813003	23.671231632774678	26.334727606031883	0.0
225.0	26.148004790092905	23.69393349489492	23.80744280549612	26.350618909516054	0.0
226.0	26.125019154696165	23.868454059944266	23.831847307275382	26.17467947808419	0.0
227.0	26.252507853447714	23.65966406824199	23.88866975223685	26.199158326073444	0.0
228.0	26.213421417058274	23.822050443823922	23.719607709596133	26.244920429521667	0.0
229.0	26.15042339213149	23.662568957297555	23.942087221049285	26.244920429521667	0.0
230.0	26.34367409021771	23.736917977706646	23.707689164339712	26.21171876773593	0.0
231.0	26.250670420073156	23.857306230862875	23.685054385611437	26.206968963452525	0.0
232.0	26.40192286409131	23.809915690241805	23.767633112082887	26.020528333584004	0.0
233.0	26.287561260077585	23.74067442131042	23.741241972695104	26.230522345916896	0.0
234.0	26.34374884716125	23.702364702844285	23.655541713607896	26.298344736386568	0.0
235.0	26.166956590832342	23.706053786844727	23.845103876092182	26.28188574623075	0.0
236.0	26.33778955762207	23.823253147781866	23.672852030840744	26.16610526375532	0.0
237.0	26.16610526375532	23.813604774242247	23.81048324162649	26.209806720375944	0.0
238.0	26.27600102159539	23.729106955361956	23.78387581940464	26.211016203638017	0.0
239.0	26.21350957895723	23.682201670322687	23.797132130299925	26.307156620420162	0.0
240.0	26.194875113165832	23.836201147125514	23.70423346643622	26.26469027327243	0.0
241.0	26.362232704938037	23.83673075503937	23.628117141510987	26.172919398511606	0.0
242.0	26.235729572923233	23.827284545645497	23.831826103740543	26.10515977769073	0.0
243.0	26.150221414783697	23.78903145225389	23.80350857272624	26.257238560236175	0.0
244.0	26.29974193951335	23.642485443287732	23.78187785136965	26.27589476582927	0.0
245.0	26.214284091941494	23.778618152085038	23.854422185881713	26.15267557009176	0.0
246.0	26.236541431946208	23.68225286207523	23.82166545520625	26.259540250772307	0.0
247.0	26.30106879592926	23.600683756800656	23.760548822734346	26.337698624535737	0.0
248.0	26.117279568365753	23.79185006389323	23.860286809598183	26.23058355814284	0.0
249.0	26.244931108511192	23.752797119392984	23.684927928030262	26.317343844065565	0.0
