# Position (bp)	A	C	G	T	N
0.0	26.39283699631674	23.72468448937606	23.668550697386323	26.213927816920883	0.0
1.0	26.248973418096043	23.79983242865083	23.63779148704364	26.313402666209484	0.0
2.0	26.32935333838437	23.67921867482206	23.7016165157808	26.28981147101277	0.0
3.0	26.247957284785606	23.783150053504624	23.772642685904366	26.1962499758054	0.0
4.0	26.171627656191674	23.753577304337007	23.8080491075749	26.266745931896416	0.0
5.0	26.11734778521263	23.783111209423215	23.705690427473318	26.393850577890838	0.0
6.0	26.19682248262209	23.726034518035977	23.799030044295012	26.27811295504692	0.0
7.0	26.3508899020928	23.726943697137436	23.774500994002803	26.14766540676696	0.0
8.0	26.100997588975645	23.723428963259526	23.747207414452877	26.42836603331195	0.0
9.0	26.252778730134153	23.67450425242482	23.785929948351566	26.286787069089463	0.0
10.0	26.300320725503205	23.75110595001106	23.74032293740323	26.208250387082504	0.0
11.0	26.228710462287104	23.79202610042026	23.670924574209245	26.308338863083385	0.0
12.0	26.26935412519354	23.73866401238664	23.723733687237335	26.268248175182478	0.0
13.0	26.17451891174519	23.726775049767753	23.788984737889848	26.30972130059721	0.0
14.0	26.274534741941103	23.802466814679235	23.72228566056829	26.200712782811376	0.0
15.0	26.29361232688474	23.75601704264255	23.75546406916592	26.194906561306787	0.0
16.0	26.34642129390264	23.81297331073515	23.71482051863382	26.125784876728385	0.0
17.0	26.231126324025865	23.864676330799796	23.69380752652199	26.210389818652345	0.0
18.0	26.259880944810483	23.753805148736042	23.62634476237347	26.359969144080004	0.0
19.0	26.131038124756344	23.742469192465183	23.81352628421178	26.312966398566694	0.0
20.0	26.176934923316402	23.738874864867107	23.832050895678787	26.2521393161377	0.0
21.0	26.344209399996128	23.636851258429388	23.79583113295971	26.223108208614775	0.0
22.0	26.252415802876016	23.75214622830616	23.79278977883826	26.202648189979566	0.0
23.0	26.238867952698648	23.800531407511038	23.69076617240054	26.269834467389774	0.0
24.0	26.30660720358548	23.77315922041799	23.67307102114847	26.247162554848057	0.0
25.0	26.414437031527783	23.7021021286714	23.677218322223176	26.206242517577643	0.0
26.0	26.235754060196527	23.791341565242398	23.657798839864856	26.315105534696226	0.0
27.0	26.322847141964488	23.68600040919924	23.695677418284568	26.295475030551703	0.0
28.0	26.24266620954319	23.7830469860264	23.778899696418403	26.195387108012007	0.0
29.0	26.14976692232403	23.763969453829606	23.81097206938692	26.27529155445944	0.0
30.0	26.105252680531514	23.783323472000266	23.71005468892563	26.401369158542586	0.0
31.0	26.19925791164614	23.72056115593256	23.798806686536793	26.28137424588451	0.0
32.0	26.359066804541005	23.73079113696562	23.752080556953345	26.158061501540026	0.0
33.0	26.102487820792852	23.73549139852135	23.743233005789616	26.41878777489618	0.0
34.0	26.254278620445586	23.682682577512843	23.779176182392266	26.283862619649305	0.0
35.0	26.295475030551703	23.736597342416818	23.745721379554414	26.222206247477065	0.0
36.0	26.23215974253626	23.807101265752788	23.664987475185384	26.295751516525566	0.0
37.0	26.273909124590112	23.729132221122423	23.739638688129354	26.257319966158114	0.0
38.0	26.182945239188015	23.732173566834955	23.799083172510656	26.285798021466373	0.0
39.0	26.26028870585568	23.799570341984555	23.730725524838046	26.209415427321716	0.0
40.0	26.30176148726924	23.74565572614693	23.76445672038774	26.188126066196087	0.0
41.0	26.338810505332017	23.81781836580652	23.7196661164611	26.12370501240036	0.0
42.0	26.231810729285037	23.867032733083942	23.6986532405449	26.20250329708612	0.0
43.0	26.271071629023208	23.744826270518658	23.634508671958592	26.34959342849954	0.0
44.0	26.124810953238057	23.740955477586727	23.8117356911992	26.32249787797602	0.0
45.0	26.167113190279885	23.74289087405269	23.836619360047333	26.253376575620084	0.0
46.0	26.343510753892218	23.63865595009995	23.794317123005506	26.223516173002327	0.0
47.0	26.24978226789758	23.74814409303174	23.796805489890318	26.205268149180363	0.0
48.0	26.23651097784524	23.797911430728014	23.689805713843338	26.27577187758341	0.0
49.0	26.298996635175005	23.762244838712355	23.68565843570198	26.253100090410662	0.0
50.0	26.409314233735063	23.706118341199335	23.678193335047542	26.206374090018052	0.0
51.0	26.23450304685858	23.80033399320954	23.657944504042202	26.307218455889668	0.0
52.0	26.328784242598513	23.67785138408113	23.69941717078997	26.293947202530386	0.0
53.0	26.25109211355769	23.771856095376073	23.783744926510433	26.193306864555797	0.0
54.0	26.147686931133258	23.7677088287013	23.813605246568827	26.270998993596624	0.0
55.0	26.11063801550525	23.783191957620463	23.706052797469614	26.400117229404675	0.0
56.0	26.203536789020248	23.725683193063556	23.798398602094647	26.272381415821545	0.0
57.0	26.36638612711649	23.733148273078157	23.748078433107352	26.152387166698	0.0
58.0	26.101237544375756	23.737295539752935	23.745037104212514	26.416429811658798	0.0
59.0	26.254686411342497	23.68476349520576	23.77434445538094	26.286205638070804	0.0
60.0	26.298094469205164	23.747248979772397	23.74946085533228	26.205195695690158	0.0
61.0	26.237267891308434	23.796463210979752	23.666239037391755	26.300029860320056	0.0
62.0	26.27542274471638	23.733424757523142	23.74088983753774	26.250262660222734	0.0
63.0	26.176164828966726	23.735636633083026	23.804204775439334	26.28399376251092	0.0
64.0	26.2573786582247	23.79556796660077	23.737782877365664	26.209270497808866	0.0
65.0	26.29968066134896	23.745247936740537	23.759901571809724	26.195169830100777	0.0
66.0	26.346129919681495	23.80856269958666	23.72285275861592	26.12245462211593	0.0
67.0	26.229730290169623	23.873259880835533	23.700734064171865	26.19627576482298	0.0
68.0	26.282262189474263	23.744142002018332	23.631613144034173	26.34198266447323	0.0
69.0	26.12328407315758	23.741653648893372	23.812156987433816	26.322905290515227	0.0
70.0	26.16613904364295	23.74745980618494	23.843399643336053	26.243001506836062	0.0
71.0	26.349724207528652	23.63106017667307	23.79501499923967	26.22420061655861	0.0
72.0	26.251019533572027	23.743589034657226	23.804415444378396	26.200975987392344	0.0
73.0	26.240789637391654	23.795844450281322	23.691886586394237	26.271479325932788	0.0
74.0	26.304104400237776	23.761560473893027	23.682762624936064	26.251572500933136	0.0
75.0	26.408062264124858	23.70045758049131	23.679721304450005	26.211758850933826	0.0
76.0	26.23186963277539	23.79688459050115	23.664172790763256	26.307072985960193	0.0
77.0	26.32697975592088	23.67025541491791	23.704815779432987	26.29794904972822	0.0
78.0	26.25067047107159	23.785548790940208	23.771448162218057	26.192332575770145	0.0
79.0	26.15887814291955	23.755965118915302	23.811261702139426	26.273895036025724	0.0
80.0	26.10966418385008	23.780295615533916	23.706474676929712	26.40356552368629	0.0
81.0	26.19869168284092	23.730252207716084	23.802137765907442	26.268918343535553	0.0
82.0	26.36181660335208	23.73633483187074	23.74767063143168	26.154177933345498	0.0
83.0	26.098051901373015	23.73661131478686	23.75375325558634	26.41158352825379	0.0
84.0	26.253988266065043	23.684356043640065	23.782230995946758	26.279424694348137	0.0
85.0	26.298778498476576	23.75015897767677	23.745182285186598	26.20588023866005	0.0
86.0	26.238228739846164	23.791907898010983	23.66859651742119	26.301266844721667	0.0
87.0	26.269747792283916	23.730252207716084	23.752647323921856	26.247352676078144	0.0
88.0	26.1809967762092	23.731358139380568	23.806008526733134	26.281636557677103	0.0
89.0	26.264422000237776	23.80373085015497	23.738757544506715	26.193089605100546	0.0
90.0	26.312529894632654	23.74096940172027	23.758940741580428	26.187559962066647	0.0
91.0	26.339072181195345	23.812578279009198	23.72797474059062	26.12037479920484	0.0
92.0	26.225714499000517	23.863450994921024	23.696455775297427	26.214378730781036	0.0
93.0	26.282393340097933	23.74732849120925	23.630376541042395	26.339901627650423	0.0
94.0	26.12839278160398	23.74732849120925	23.80621918952022	26.318059537666542	0.0
95.0	26.171247515116665	23.73626920514146	23.844373726454087	26.248109553287787	0.0
96.0	26.344048859925845	23.634800255469507	23.810366421795642	26.210784462809006	0.0
97.0	26.240644535192033	23.750646277029585	23.810366421795642	26.19834276598274	0.0
98.0	26.243962321012365	23.794330456997347	23.693414471628785	26.2682927503615	0.0
99.0	26.306170805143676	23.769447063344824	23.680696292650826	26.24368583886067	0.0
100.0	26.4142753264563	23.69728522175251	23.694243918083867	26.194195533707322	0.0
101.0	26.237530689433985	23.793988188715133	23.663488973922277	26.3049921479286	0.0
102.0	26.329322510008623	23.673995266638652	23.703025812302318	26.29365641105041	0.0
103.0	26.24914290769945	23.77159319634602	23.785417265709672	26.19384663024485	0.0
104.0	26.16702793567937	23.749751166751455	23.816659662471523	26.26656123509765	0.0
105.0	26.120026099842956	23.774081528831477	23.707449514498684	26.398442856826875	0.0
106.0	26.196887925504853	23.738691911260535	23.805600406980602	26.25881975625401	0.0
107.0	26.362776757868662	23.731503395191435	23.751686536462365	26.154033310477537	0.0
108.0	26.09984295857203	23.73371524628962	23.758045608369642	26.408396186768705	0.0
109.0	26.26379642122492	23.682013226869568	23.780440600738757	26.273749751166754	0.0
110.0	26.303056778217695	23.75113357368782	23.74588042732963	26.199929220764854	0.0
111.0	26.239742540532173	23.793711707327862	23.665977306407733	26.30056844573223	0.0
112.0	26.272367344230386	23.72376191634779	23.76329875472783	26.24057198469399	0.0
113.0	26.180575523655747	23.730397469642345	23.808365220853332	26.280661785848576	0.0
114.0	26.26261788442557	23.795581286685522	23.738626278377282	26.203174550511626	0.0
115.0	26.30740774532817	23.73779683650871	23.762127131320003	26.19266828684312	0.0
116.0	26.35053872249363	23.807193472845455	23.72812001470877	26.114147789952142	0.0
117.0	26.22363411660294	23.85834238807373	23.699642510554646	26.21838098476868	0.0
118.0	26.27865376055119	23.746367735817238	23.631628277332183	26.34335022629939	0.0
119.0	26.132395511060608	23.7397322008687	23.807193472845455	26.320678815225236	0.0
120.0	26.179673697568905	23.73669091401729	23.844241876308097	26.239393512105703	0.0
121.0	26.354685931836467	23.620292571795108	23.814105488416846	26.210916007951585	0.0
122.0	26.22778132594577	23.752173828897202	23.821017503988234	26.199027341168797	0.0
123.0	26.232205015911457	23.804705147239755	23.694112898097536	26.268976938751248	0.0
124.0	26.303537016608193	23.7671037825314	23.68222423131475	26.24713496954566	0.0
125.0	26.418829436338953	23.685265518166158	23.687477363149004	26.20842768234588	0.0
126.0	26.238360133595805	23.795094114264227	23.663765455309548	26.30278029683042	0.0
127.0	26.325728251974077	23.666253787795004	23.70606710756232	26.301950852668597	0.0
128.0	26.240295503306715	23.76523412443874	23.802282630333327	26.192187741921213	0.0
129.0	26.171728119263012	23.754451350335096	23.815000774147883	26.25881975625401	0.0
130.0	26.12583220897569	23.772699121895112	23.702749330915044	26.39871933821415	0.0
131.0	26.199099776603042	23.729568025480525	23.8127889230497	26.258543274866735	0.0
132.0	26.374665457521402	23.72707969299507	23.75472783172237	26.143527017761166	0.0
133.0	26.103160735219305	23.7328858021278	23.76219282917874	26.401760633474154	0.0
134.0	26.266008272323106	23.681460264095023	23.7779522682533	26.274579195328567	0.0
135.0	26.29918603879587	23.750027648138726	23.750304129526	26.200482183539403	0.0
136.0	26.25052531463582	23.781270044900577	23.668465638893192	26.299739001570416	0.0
137.0	26.270984937294024	23.71989117692597	23.76136338501692	26.24776050076309	0.0
138.0	26.175875340072107	23.73095043241689	23.819424476344253	26.273749751166754	0.0
139.0	26.262486625175914	23.799860100031243	23.74373422323722	26.193919051555625	0.0
140.0	26.309765073115702	23.73488679438299	23.765299831069406	26.1900483014319	0.0
141.0	26.3415605205606	23.80511326091344	23.737098651596547	26.116227566929417	0.0
142.0	26.231520624186107	23.857091905432046	23.705579686303352	26.205807784078498	0.0
143.0	26.290411322497075	23.741798848175357	23.633970809014425	26.333819020313143	0.0
144.0	26.13171056742432	23.74207533032705	23.8020719572448	26.324142145003833	0.0
145.0	26.182859765487837	23.73737513374824	23.8438207621507	26.23594433861322	0.0
146.0	26.36063778902753	23.62097614788477	23.816449029132926	26.201937033954774	0.0
147.0	26.243132874557283	23.745116633995693	23.817278475588008	26.194472015859017	0.0
148.0	26.24368583886067	23.800136582182937	23.693414471628785	26.262763107327608	0.0
149.0	26.309212108812314	23.767235206131268	23.686778899988113	26.23677378506831	0.0
150.0	26.414551808607996	23.67848443543727	23.6925850251737	26.214378730781036	0.0
151.0	26.24071708609125	23.79052548343038	23.661960927434293	26.306796503044076	0.0
152.0	26.328915136333723	23.66113147868593	23.70039205277506	26.309561332205284	0.0
153.0	26.245417295665302	23.762600708902195	23.802690731739688	26.189291263692816	0.0
154.0	26.163301869577477	23.75513567016694	23.826191779609935	26.255370680645644	0.0
155.0	26.129294470894642	23.779189683869433	23.70868654025868	26.382829304977246	0.0
156.0	26.188738297860574	23.734399451457893	23.815961911713476	26.260900338968057	0.0
157.0	26.36983460791958	23.730528690632205	23.756518084747544	26.143118616700672	0.0
158.0	26.1019226621987	23.733846485625655	23.770065747637453	26.394165104538192	0.0
159.0	26.265324065625983	23.68297362905946	23.777254303456587	26.274448001857962	0.0
160.0	26.29960794722494	23.747394148515564	23.754029738502457	26.198968165757037	0.0
161.0	26.2548177148134	23.775871888875987	23.66942596616955	26.299884430141063	0.0
162.0	26.283018972257704	23.70951598900704	23.764259606398923	26.243205432336335	0.0
163.0	26.17712601538351	23.72748737855488	23.816514877545718	26.278871728515895	0.0
164.0	26.270926358571682	23.797226868684078	23.742759583615577	26.189087189128664	0.0
165.0	26.315163747459806	23.73557100792126	23.768196082226247	26.18106916239269	0.0
166.0	26.334794088778914	23.804138960697845	23.742759583615577	26.11830736690767	0.0
167.0	26.22917732280852	23.858882729446897	23.706540221463428	26.205399726281158	0.0
168.0	26.296915824543454	23.742483099935026	23.624977535700957	26.335623539820563	0.0
169.0	26.132684518296305	23.735018040560156	23.808009732225553	26.324287708917982	0.0
170.0	26.182728064475995	23.734741556879605	23.851694153752575	26.230836224891824	0.0
171.0	26.362165973153434	23.61944786208994	23.820175014169788	26.198211150586836	0.0
172.0	26.249084147808176	23.74690683882384	23.812156987433816	26.19185202593417	0.0
173.0	26.250190082530377	23.797779836045176	23.70045758049131	26.251572500933136	0.0
174.0	26.32760551308459	23.749118708268245	23.687462847505426	26.235812931141737	0.0
175.0	26.422439415513498	23.672532728755684	23.687462847505426	26.217565008225392	0.0
176.0	26.244456486878047	23.788168677630196	23.670939272956502	26.296435562535255	0.0
177.0	26.332378540383317	23.657391535152232	23.698034748565043	26.312195175899404	0.0
178.0	26.254686411342497	23.758031873126818	23.78982758430011	26.197454131230575	0.0
179.0	26.162064122272483	23.746696010882427	23.833788611052743	26.257451255792347	0.0
180.0	26.137457006668807	23.77821523761073	23.709923579699407	26.374404176021056	0.0
181.0	26.18362990898132	23.74144280642771	23.81637009101868	26.25855719357229	0.0
182.0	26.362515344886695	23.725130224173586	23.767985313146283	26.14436911779343	0.0
183.0	26.099578637705847	23.7323188197432	23.7657734375864	26.402329104964554	0.0
184.0	26.268510633591752	23.67563950852125	23.77821523761073	26.277634620276263	0.0
185.0	26.310536269229495	23.747525464217382	23.744760619767533	26.19717764678559	0.0
186.0	26.24998617577775	23.772409064266046	23.67453357074131	26.303071189214894	0.0
187.0	26.291735326970507	23.703564437464745	23.76411453091649	26.240585704648257	0.0
188.0	26.17699428230168	23.722365379723737	23.82494110881322	26.27569922916137	0.0
189.0	26.270242173394937	23.797911430728014	23.743996814890387	26.187849580986665	0.0
190.0	26.31613871815927	23.727407702324964	23.76970993936679	26.18674364014897	0.0
191.0	26.333280801143545	23.803717620125912	23.742337903633846	26.1206636750967	0.0
192.0	26.22821642156253	23.85624980991642	23.707224282037032	26.208309486484023	0.0
193.0	26.289043167635747	23.74344384447154	23.627320056513575	26.340192931379136	0.0
194.0	26.13310550952077	23.732660921304014	23.803441134916486	26.330792434258733	0.0
195.0	26.18149042116992	23.734043347351133	23.852655502193908	26.231810729285037	0.0
196.0	26.369223878368626	23.627043571304153	23.81118272078035	26.19254982954687	0.0
197.0	26.252823605201243	23.7359787438171	23.818924306644217	26.192273344337448	0.0
198.0	26.247293901012764	23.79929385677513	23.70086512222029	26.252547119991814	0.0
199.0	26.326921641326795	23.750908945125982	23.681511157560625	26.2406582559866	0.0
200.0	26.42313849420625	23.66547501541405	23.692570565937576	26.218815924442122	0.0
201.0	26.24819592902052	23.783599957974133	23.673558540375247	26.2946455726301	0.0
202.0	26.336118468710083	23.656139924021655	23.702589567631236	26.30515203963703	0.0
203.0	26.250407816811457	23.769499173306937	23.78442941589573	26.19566359398588	0.0
204.0	26.168844454520823	23.73549139852135	23.82534934002798	26.270314806929846	0.0
205.0	26.13234830597044	23.775581864732	23.714478464507497	26.377591364790064	0.0
206.0	26.181154611811547	23.7444702499447	23.823269188232693	26.251105950011063	0.0
207.0	26.3680601636806	23.73451669984517	23.757188675071887	26.140234461402343	0.0
208.0	26.110926786109268	23.72622207476222	23.778754700287546	26.384096438840963	0.0
209.0	26.271842512718425	23.675901349259014	23.77488387524884	26.277372262773724	0.0
210.0	26.305297500552978	23.74142888741429	23.75055297500553	26.202720637027205	0.0
211.0	26.258294625082947	23.76824817518248	23.670924574209245	26.302532625525327	0.0
212.0	26.296173412961732	23.698020349480203	23.762718425127186	26.243087812430876	0.0
213.0	26.173412961734126	23.71820393718204	23.830181375801814	26.27820172528202	0.0
214.0	26.285739564641574	23.794303788718725	23.729882022456376	26.190074624183325	0.0
215.0	26.31753571537192	23.73043499899082	23.765272520660584	26.186756764976675	0.0
216.0	26.343249124223412	23.79706867139093	23.749789177696247	26.109893026689413	0.0
217.0	26.24454281282574	23.852642813102225	23.708592425880408	26.194221948191625	0.0
218.0	26.293204747856525	23.7450888771535	23.633664105463684	26.328042269526293	0.0
219.0	26.13754185341145	23.73098797552526	23.80646927247642	26.32500089858687	0.0
220.0	26.185927300175017	23.722140350974204	23.849877930430022	26.24205441842075	0.0
221.0	26.369515509609347	23.617351297697684	23.81863475623412	26.194498436458847	0.0
222.0	26.25504936698011	23.738453158740207	23.816422850096355	26.190074624183325	0.0
223.0	26.25339043737679	23.795133253520387	23.699468313062138	26.25200799604069	0.0
224.0	26.330530663931278	23.749512689429025	23.68122008742559	26.23873655921411	0.0
225.0	26.42232476864844	23.650253401496908	23.700850754398235	26.226571075456413	0.0
226.0	26.24240346385459	23.786904373503504	23.671884936324574	26.298807226317333	0.0
227.0	26.343321960417832	23.653913149265367	23.695386504017385	26.30737838629942	0.0
228.0	26.252910047058432	23.771973965792778	23.778609702553098	26.19650628459569	0.0
229.0	26.162774622730716	23.748195909068286	23.823953903748638	26.265075564452356	0.0
230.0	26.13831163804068	23.7709994580785	23.70823610081952	26.3824528030613	0.0
231.0	26.18365608998109	23.739203043608093	23.8318273814132	26.245313484997624	0.0
232.0	26.374856915343653	23.73463395212263	23.752605937944114	26.1379031945896	0.0
233.0	26.110819255122074	23.72300716122432	23.765863909088395	26.400309674565207	0.0
234.0	26.27865180966074	23.658307296706944	23.784389083971575	26.27865180966074	0.0
235.0	26.303056109315428	23.734962078585667	23.75099884148213	26.21098297061678	0.0
236.0	26.27678899767467	23.760676198402404	23.668603059703763	26.29393174421916	0.0
237.0	26.304438588875463	23.6979116263766	23.772289026706737	26.225360758041194	0.0
238.0	26.177250469351808	23.72528472166539	23.818187348100057	26.27927746088274	0.0
239.0	26.261930831591407	23.788115066856896	23.747746552086443	26.202207549465257	0.0
240.0	26.320082507748925	23.735355842317297	23.7618998902293	26.18266175970448	0.0
241.0	26.346015594757503	23.79610684067909	23.73914726538738	26.118730299176026	0.0
242.0	26.23564577094618	23.862652874440414	23.714168000818464	26.187533353794933	0.0
243.0	26.282724829394006	23.745755588245054	23.643447291871745	26.328072290489203	0.0
244.0	26.130993692814343	23.722870944639997	23.80278224033668	26.343353122208978	0.0
245.0	26.17248311198489	23.71732656430165	23.84562847196299	26.26456185175046	0.0
246.0	26.376491798564334	23.613277145480087	23.82011038479831	26.190120671157267	0.0
247.0	26.244680468644145	23.751310008046698	23.79997732545439	26.204032197854765	0.0
248.0	26.24603183381818	23.773325074385834	23.71746656785426	26.263176523941727	0.0
249.0	26.327054321014963	23.74677845742033	23.708894222792484	26.217272998772216	0.0
