# Position (bp)	A	C	G	T	N
0.0	26.253930527046005	23.702286386871897	23.67982623232329	26.363956853758808	0.0
1.0	26.203608408626973	23.75346142255227	23.69034554521314	26.352584623607612	0.0
2.0	26.261417358649332	23.72849073392331	23.65486245156595	26.355229455861405	0.0
3.0	26.228403799907902	23.90860664358524	23.761647308967078	26.101342247539783	0.0
4.0	26.145336509217838	23.938513663314552	23.817428329420327	26.098721498047283	0.0
5.0	26.232424889227417	23.764022430204037	23.695810963288018	26.307741717280525	0.0
6.0	26.243349854492543	23.68986449618043	23.827698708621316	26.239086940705715	0.0
7.0	26.27859195034826	23.778954278455544	23.76559786979491	26.176855901401286	0.0
8.0	26.338178253271387	23.873378514698153	23.656280635949024	26.132162596081436	0.0
9.0	26.25040844450127	23.735526857889727	23.83270113227919	26.181363565329814	0.0
10.0	26.18910295567482	23.77950205559044	23.77950205559044	26.2518929331443	0.0
11.0	26.301045268448465	23.71330266757963	23.759613827432684	26.226038236539225	0.0
12.0	26.123187685209125	23.770978529237116	23.745692067722256	26.360141717831503	0.0
13.0	26.064375353371194	23.778081467864883	23.919287887784936	26.238255290978984	0.0
14.0	26.216946475095675	23.9184355351496	23.657615628737922	26.2070023610168	0.0
15.0	26.267519398125394	23.778933820500217	23.7388732466396	26.21467353473479	0.0
16.0	26.253597638414966	23.770694411692006	23.77637676259422	26.199331187298807	0.0
17.0	26.229163529535438	23.696255614872985	23.799674401293302	26.274906454298275	0.0
18.0	26.25927998931718	23.637727400580168	23.771262646782226	26.331729963320427	0.0
19.0	26.31780820361	23.73461148346294	23.801094989018857	26.14648532390821	0.0
20.0	26.226038236539225	23.745123832632036	23.63488622512906	26.39395170569968	0.0
21.0	26.226816074188562	23.775740976452404	23.655843713064826	26.34159923629421	0.0
22.0	26.173970360941905	23.72687289753614	23.750454586780616	26.34870215474134	0.0
23.0	26.205791435585052	23.853873079370853	23.76352395672334	26.17681152832076	0.0
24.0	26.27255886898809	23.73937403400309	23.850747795254115	26.1373193017547	0.0
25.0	26.25380716428766	23.697040640058187	23.67544776797891	26.373704427675243	0.0
26.0	26.216019638148925	23.749318119829073	23.68539185380489	26.34927038821711	0.0
27.0	26.255227747977088	23.732555232293844	23.663798981725613	26.34841803800346	0.0
28.0	26.223690790071824	23.905866442403855	23.75926220565506	26.11118056186926	0.0
29.0	26.15465042276571	23.92887989817256	23.815517319756342	26.100952359305392	0.0
30.0	26.220565505955086	23.765512773888535	23.70471179198109	26.309209928175285	0.0
31.0	26.24443131193745	23.688233021183745	23.83597372488408	26.231361941994724	0.0
32.0	26.27966178743522	23.770342758432587	23.777445676879715	26.17254977725248	0.0
33.0	26.330518683516686	23.864953632148378	23.670617783434857	26.133909900900083	0.0
34.0	26.256289616415078	23.740158934451614	23.821984322482944	26.181567126650357	0.0
35.0	26.18639709747165	23.763740556696757	23.795845656861825	26.254016688969767	0.0
36.0	26.299475237876063	23.72140728302777	23.755501194707488	26.223616284388683	0.0
37.0	26.130426259130772	23.75749000622214	23.755501194707488	26.3565825399396	0.0
38.0	26.070761913691264	23.776809889507312	23.91915197077015	26.233276226031272	0.0
39.0	26.20855814006347	23.9171631592555	23.668277603993534	26.206001096687494	0.0
40.0	26.266517789918996	23.77709400543798	23.74072716631294	26.21566103833008	0.0
41.0	26.257994311999067	23.769706991240707	23.78760629487256	26.184692401887666	0.0
42.0	26.242936167673857	23.692143342169338	23.797266236515146	26.267654253641652	0.0
43.0	26.265097210265676	23.635604271967132	23.766865831934062	26.33243268583313	0.0
44.0	26.329875642457147	23.738170122936964	23.808062641880394	26.123891592725496	0.0
45.0	26.230150950793963	23.74442067341158	23.628785489631188	26.396642886163267	0.0
46.0	26.23519049919027	23.778162911611787	23.652299911924313	26.33434667727363	0.0
47.0	26.181492740858598	23.717646390317356	23.753729010995254	26.347131857828792	0.0
48.0	26.204790180981334	23.852032843708272	23.769639457908344	26.17353751740205	0.0
49.0	26.27553484671989	23.75031962951388	23.853169304202062	26.120976219564167	0.0
50.0	26.263033781288176	23.690655453589795	23.68525726624428	26.361053498877745	0.0
51.0	26.220700627894423	23.756854277353185	23.677302042787737	26.345143051964655	0.0
52.0	26.253657982214396	23.734693297724238	23.658834559763616	26.352814160297754	0.0
53.0	26.224394124499245	23.90828763815098	23.766230076426968	26.10108816092281	0.0
54.0	26.145978350427594	23.92249339432338	23.82333721624002	26.108191039009004	0.0
55.0	26.219848282524076	23.755433701735942	23.712532318095292	26.312185697644686	0.0
56.0	26.23803165042475	23.688098417478763	23.839815893400008	26.23405403869648	0.0
57.0	26.285194760917125	23.767934767167656	23.775321760377306	26.171548711537916	0.0
58.0	26.330369065545362	23.867375060374464	23.672187970565673	26.130067903514504	0.0
59.0	26.252446934548583	23.739739921754918	23.826110673890746	26.18170246980575	0.0
60.0	26.184543612968113	23.765310210216185	23.78747112688261	26.262675049933094	0.0
61.0	26.299325796727572	23.71956780530214	23.755082094831675	26.22602430313861	0.0
62.0	26.13567595057547	23.75565032346415	23.75479798051544	26.353875745444938	0.0
63.0	26.06862497194371	23.776106554233163	23.914754340556467	26.24051413326666	0.0
64.0	26.221194359762595	23.917311369402594	23.66331317068736	26.198181100147455	0.0
65.0	26.277733108693614	23.761900838421347	23.742865179233515	26.217500873651524	0.0
66.0	26.253583391813528	23.771276610857146	23.78093649760918	26.194203499720146	0.0
67.0	26.2282972176685	23.698543345900656	23.805654443121735	26.26750499330911	0.0
68.0	26.264663850146746	23.627514766841585	23.77980004034423	26.328021342667434	0.0
69.0	26.334840086257106	23.736898778592554	23.807927357651625	26.120333777498715	0.0
70.0	26.237388875788064	23.738319350173736	23.627798881157823	26.39649289288038	0.0
71.0	26.234757310240585	23.774334322048347	23.657563669837373	26.333344697873695	0.0
72.0	26.183900992124375	23.72433034445922	23.753878149398247	26.33789051401816	0.0
73.0	26.200095462139032	23.85757958019388	23.78001659222893	26.162308365438157	0.0
74.0	26.27652199606787	23.748195879217665	23.8607048287932	26.114577295921265	0.0
75.0	26.258338731490007	23.691941404429897	23.688532042321548	26.36118782175855	0.0
76.0	26.210891775482143	23.758992192560772	23.676599274942326	26.35351675701476	0.0
77.0	26.249247099201074	23.730580841657858	23.67517870739718	26.344993351743888	0.0
78.0	26.222256315843307	23.905026536201742	23.77944836521087	26.093268782744083	0.0
79.0	26.155205527712432	23.916959303580967	23.82121305103815	26.106622117668447	0.0
80.0	26.22055163478913	23.76268566817815	23.708988214971647	26.307774482061074	0.0
81.0	26.241291920948257	23.687111474776405	23.853033764049414	26.21856284022593	0.0
82.0	26.288170649938063	23.76296978168718	23.770640846430965	26.178218721943793	0.0
83.0	26.33476526541884	23.86411419090155	23.66835998318048	26.13276056049913	0.0
84.0	26.261105255232646	23.737616237609135	23.822565935455277	26.178712571702945	0.0
85.0	26.187235952757742	23.768868634810055	23.793586439868967	26.250308972563236	0.0
86.0	26.310540865350468	23.71233020714657	23.76773218400275	26.209396743500214	0.0
87.0	26.13751622993809	23.7629022680717	23.753242436209597	26.346339065780615	0.0
88.0	26.067056279885104	23.775687339653896	23.926551184323795	26.230705196137205	0.0
89.0	26.232978097751815	23.906947407897768	23.6677245129598	26.192349981390617	0.0
90.0	26.27900435544772	23.768016296704577	23.738184463012786	26.21479488483492	0.0
91.0	26.244626718526703	23.768868634810055	23.789608862043394	26.196895784619844	0.0
92.0	26.22843229452259	23.690453529105927	23.81063320197856	26.270480974392925	0.0
93.0	26.258264128214382	23.628801072809562	23.779664917479465	26.33326988149659	0.0
94.0	26.338952135533123	23.73960502652192	23.802678046327415	26.118764791617537	0.0
95.0	26.234114548559123	23.739036801118267	23.63334687603879	26.393501774283823	0.0
96.0	26.247393273366782	23.770505775994817	23.651462892145442	26.330638058492955	0.0
97.0	26.18517276844312	23.719081523067047	23.75232261473859	26.343423093751245	0.0
98.0	26.210742838959693	23.850909442174707	23.77419923062499	26.164148488240606	0.0
99.0	26.278929693670555	23.743515146005105	23.849204770806935	26.128350389517408	0.0
100.0	26.263303539465984	23.688397438447158	23.690670333604185	26.35762868848267	0.0
101.0	26.23233534295147	23.749481495792303	23.685272207606246	26.332910953649986	0.0
102.0	26.246825049577527	23.731866558325333	23.681010529186818	26.34029786291033	0.0
103.0	26.21784563632541	23.906595373521906	23.780449692306817	26.095109297845866	0.0
104.0	26.150795229193065	23.911709387625223	23.831021609550707	26.106473773631006	0.0
105.0	26.22921011211055	23.76425531431299	23.7097058305443	26.296828743032158	0.0
106.0	26.24369981873661	23.688681550341787	23.843238421019734	26.224380209901867	0.0
107.0	26.300806309556958	23.755447845579504	23.781586139885334	26.16215970497821	0.0
108.0	26.338593191542557	23.86056924659208	23.67419184371573	26.12664571814964	0.0
109.0	26.264365366858446	23.72838980041196	23.832658569500676	26.17458626322892	0.0
110.0	26.190780595212726	23.761062575467008	23.79686057248384	26.25129625683642	0.0
111.0	26.306697918886286	23.709638468641238	23.78151857376234	26.202145038710135	0.0
112.0	26.144470487960792	23.75197102066908	23.749129909794732	26.354428581575394	0.0
113.0	26.069749271965335	23.763619575253927	23.93152922792812	26.235101924852618	0.0
114.0	26.232829036153138	23.905391007884084	23.668442360963137	26.193337594999644	0.0
115.0	26.27743447688046	23.767597130478016	23.74628879892038	26.208679593721147	0.0
116.0	26.247602812699768	23.763903686341358	23.794303572696922	26.194189928261952	0.0
117.0	26.234533702677748	23.687761914908727	23.81475957099226	26.262944811421267	0.0
118.0	26.258114922934865	23.62412103132325	23.788053128773353	26.329710916968533	0.0
119.0	26.339370693941333	23.74145891043398	23.805099794019462	26.114070601605228	0.0
120.0	26.24362525747567	23.730946800198875	23.625541586760423	26.399886355565027	0.0
121.0	26.234040014319238	23.775903901992763	23.6579974657219	26.332058617966098	0.0
122.0	26.181763425707583	23.713115173279846	23.75800485263116	26.347116548381415	0.0
123.0	26.203071817804723	23.847500099439163	23.78414314693699	26.165284935819123	0.0
124.0	26.28915772187718	23.739253467585677	23.848636547017676	26.122952263519466	0.0
125.0	26.268985777358555	23.685272207606246	23.688681550341787	26.357060464693415	0.0
126.0	26.227221328848156	23.748913272003044	23.692943228761216	26.330922170387584	0.0
127.0	26.264155875149868	23.73413945348236	23.670782500980188	26.330922170387584	0.0
128.0	26.21784563632541	23.905458925943393	23.779029132833678	26.097666304897523	0.0
129.0	26.150795229193065	23.905174814048767	23.834999176075506	26.109030780682662	0.0
130.0	26.226159392907977	23.75835646484247	23.709773192830134	26.305710949419414	0.0
131.0	26.248036070948622	23.676247894014598	23.855238896165332	26.220477138871445	0.0
132.0	26.30002869538288	23.7543788870169	23.78193781909408	26.163654598506135	0.0
133.0	26.337322287000102	23.8607048287932	23.671201118270773	26.13077176593593	0.0
134.0	26.261044975424042	23.732136261613206	23.82901951870898	26.177799244253773	0.0
135.0	26.18518623746342	23.761116004204904	23.794357473648322	26.259340284683354	0.0
136.0	26.309060431286756	23.700883598033922	23.782708753586952	26.207347217092362	0.0
137.0	26.138307242094495	23.749467284143535	23.75429724124215	26.357928232519818	0.0
138.0	26.06756257635594	23.762820694945592	23.931585078273717	26.23803165042475	0.0
139.0	26.224394124499245	23.89663891808961	23.674460891553256	26.204506065857885	0.0
140.0	26.280648918941957	23.75145609000767	23.743784981674573	26.2241100093758	0.0
141.0	26.247691564621984	23.76594596130352	23.796914509759354	26.18944796431514	0.0
142.0	26.231497002585446	23.686109611614626	23.826746597721396	26.25564678807853	0.0
143.0	26.255153152692422	23.623955518809893	23.78703806301123	26.33385326548645	0.0
144.0	26.33158033804113	23.738170122936964	23.807494410019064	26.12275512900284	0.0
145.0	26.236117385337916	23.73930658665962	23.637024851620456	26.38755117638201	0.0
146.0	26.235055459587237	23.77659332666606	23.660389580870987	26.32796163287572	0.0
147.0	26.17823211201018	23.711530593690338	23.762103373033913	26.34813392126557	0.0
148.0	26.211757887080644	23.844781343758523	23.782843894899536	26.160616874261294	0.0
149.0	26.293867624329486	23.731418765342305	23.849327211564688	26.125386398763524	0.0
150.0	26.26716065096827	23.68198245295027	23.687380670970086	26.363476225111377	0.0
151.0	26.24556777888899	23.74363578507137	23.69135830530048	26.319438130739158	0.0
152.0	26.262046549686335	23.725736430584597	23.682550686426037	26.329666333303024	0.0
153.0	26.21346258750796	23.90671879261751	23.784832712064734	26.094985907809804	0.0
154.0	26.158628057096102	23.91098054368579	23.83426902445677	26.096122374761343	0.0
155.0	26.23967587870454	23.74995383089892	23.708756786857858	26.301613503538686	0.0
156.0	26.252461168234518	23.669832683177685	23.86274849630789	26.214957652279903	0.0
157.0	26.294510564910915	23.756772651981578	23.79143499248509	26.157281790622417	0.0
158.0	26.33635067023519	23.861679821346378	23.680696430905257	26.12127307751317	0.0
159.0	26.269448011728475	23.727426668636564	23.831130456523965	26.171994863111	0.0
160.0	26.190746780920776	23.755554545351227	23.799024900273892	26.2546737734541	0.0
161.0	26.313202486617946	23.692479912718344	23.792774261003967	26.20154333965974	0.0
162.0	26.13704810719278	23.748167426214046	23.7549863054176	26.359798161175576	0.0
163.0	26.07226875475901	23.75441806548397	23.93057244490914	26.24274073484788	0.0
164.0	26.226545896739438	23.896762168858178	23.67543271470946	26.201259219692925	0.0
165.0	26.27484629109795	23.74561034651271	23.76095282472071	26.218590537668625	0.0
166.0	26.236490095577956	23.765782864156563	23.817776818083665	26.179950222181812	0.0
167.0	26.218306417701807	23.687081633348868	23.838233455694333	26.25637849325499	0.0
168.0	26.250486556825575	23.62379000065348	23.7905688950259	26.335154547495048	0.0
169.0	26.339416359105925	23.723232271574002	23.82068569707611	26.116665672243954	0.0
170.0	26.23684875967076	23.740563638791578	23.62748357071624	26.39510403082142	0.0
171.0	26.239480398452102	23.774157437450633	23.65795171069604	26.32841045340122	0.0
172.0	26.1872020274916	23.709093595331314	23.75625777782829	26.347446599348796	0.0
173.0	26.22271722515499	23.847460805427858	23.778135139588933	26.15168682982822	0.0
174.0	26.29175876941261	23.73097095709196	23.852006750728773	26.125263522766662	0.0
175.0	26.269029042908045	23.6803973156193	23.694319273103346	26.356254368369314	0.0
176.0	26.249140532216547	23.748018251970382	23.69090981412766	26.311931401685406	0.0
177.0	26.26050539546883	23.72102670174621	23.69034157096505	26.328126331819913	0.0
178.0	26.221296617248452	23.90258039220143	23.783817571215074	26.092305419335045	0.0
179.0	26.162767571499195	23.910819918059335	23.829561145805513	26.096851364635953	0.0
180.0	26.24239617457616	23.755188785121078	23.713422794002746	26.288992246300012	0.0
181.0	26.26370535371817	23.669952068553048	23.856904600225594	26.209437977503192	0.0
182.0	26.284162165694497	23.747801603018516	23.802921346399174	26.165114884887814	0.0
183.0	26.321741106943968	23.86265484714172	23.67825889305603	26.137345152858277	0.0
184.0	26.273873587189378	23.72044391660369	23.83267321669063	26.173009279516307	0.0
185.0	26.192613891430227	23.755959517897022	23.805397234897345	26.24602935577541	0.0
186.0	26.317628807982768	23.69345205962075	23.7880656214662	26.200853510930283	0.0
187.0	26.145449172912677	23.734081907500325	23.76419913739708	26.356269782189923	0.0
188.0	26.070724347791497	23.757948391569446	23.927286778536075	26.244040482102974	0.0
189.0	26.23864211070639	23.89972667193245	23.668164951499897	26.193466265861264	0.0
190.0	26.270179964654872	23.74857227282801	23.764483262207424	26.216764500309697	0.0
191.0	26.237221486654654	23.758232516379795	23.810511481483587	26.194034515481963	0.0
192.0	26.222162871706285	23.68833781303451	23.834662090363054	26.254837224896153	0.0
193.0	26.260878459584553	23.628454612353213	23.78017769216126	26.330489235900977	0.0
194.0	26.354355787780893	23.71681767943243	23.817682273686845	26.111144259099834	0.0
195.0	26.242410294439377	23.745798492429472	23.63044349167654	26.381347721454613	0.0
196.0	26.243337235336234	23.77541510870677	23.649262976053826	26.33198467990317	0.0
197.0	26.18651195035743	23.702962870358796	23.761777040311856	26.348748138971917	0.0
198.0	26.231972178340474	23.843037197831546	23.769732580208892	26.15525804361909	0.0
199.0	26.290502221868646	23.7407516848697	23.84104831285729	26.127697780404368	0.0
200.0	26.268056234302016	23.672845469320027	23.699553353260068	26.35954494311789	0.0
201.0	26.2450419938856	23.742456443419062	23.701542238234325	26.310959324461013	0.0
202.0	26.26834036072691	23.728534248599257	23.677675618543226	26.325449772130604	0.0
203.0	26.212083328597892	23.88707679369012	23.79445157917467	26.10638829853732	0.0
204.0	26.163781836365906	23.89560058643694	23.843605450681334	26.09701212651581	0.0
205.0	26.245116563197	23.75133184640082	23.718088960236393	26.28546263016579	0.0
206.0	26.267562614538793	23.668650821838018	23.867824011592393	26.1959625520308	0.0
207.0	26.2942705743632	23.74877470131125	23.79451918569135	26.1624355386342	0.0
208.0	26.32673588025708	23.876131539917147	23.67582127209806	26.121311307727712	0.0
209.0	26.269207164613356	23.71374505614402	23.837057325999	26.179990453243622	0.0
210.0	26.205277992453517	23.756080374596536	23.79983634131927	26.23880529163068	0.0
211.0	26.319498113379098	23.686752739009865	23.792733099968178	26.20101604764286	0.0
212.0	26.152145747147337	23.713460926489976	23.765172523525933	26.36922080283675	0.0
213.0	26.063781424739734	23.7577851525208	23.93138837114152	26.247045051597944	0.0
214.0	26.237952902668543	23.89644042369414	23.683059053507296	26.18254762013002	0.0
215.0	26.27119607219166	23.749261262899488	23.75664863390462	26.22289403100423	0.0
216.0	26.240225939900895	23.758921671136974	23.809780879210802	26.19107150975133	0.0
217.0	26.233690957857892	23.685332090739646	23.824555621221073	26.25642133018139	0.0
218.0	26.26871354251018	23.618344599106127	23.77319570053786	26.339746157845838	0.0
219.0	26.36304485567593	23.711255259965167	23.814962878355225	26.110737006003674	0.0
220.0	26.243425931450687	23.74307787163554	23.631982861250574	26.381513335663204	0.0
221.0	26.254297485438272	23.758204290382157	23.648245489416112	26.339252734763463	0.0
222.0	26.18695837476914	23.695411280011367	23.772126722545817	26.34550362267368	0.0
223.0	26.22503196476772	23.847989771274328	23.774968035232277	26.15201022872567	0.0
224.0	26.298053700809774	23.732064213666714	23.847989771274328	26.121892314249184	0.0
225.0	26.2815740872283	23.667566415684046	23.699673249041055	26.3511862480466	0.0
226.0	26.264242079840887	23.74314533314391	23.696831936354595	26.295780650660603	0.0
227.0	26.263389686034948	23.727518113368376	23.681488847847707	26.32760335274897	0.0
228.0	26.221054127006678	23.89174598664583	23.78803807359	26.099161812757494	0.0
229.0	26.16508026708339	23.90169058104844	23.847137377468393	26.086091774399772	0.0
230.0	26.248973572875617	23.75571460637763	23.716220247819997	26.27909157292676	0.0
231.0	26.28534247859775	23.65740490809748	23.852603644278005	26.20464896902676	0.0
232.0	26.298412554091644	23.742360398807783	23.807710776277244	26.15151627082333	0.0
233.0	26.33599281712071	23.86773046018162	23.670542239194425	26.125734483503244	0.0
234.0	26.27761076983401	23.713296926233003	23.8377478363158	26.171344467617192	0.0
235.0	26.205724741863808	23.745688258994278	23.81245986600217	26.236127133139743	0.0
236.0	26.314264120063875	23.69454404937121	23.793422854642472	26.197768975922443	0.0
237.0	26.153159859751213	23.711876253743473	23.771828632801622	26.363135253703696	0.0
238.0	26.062236820421315	23.761031521881197	23.932648758616377	26.24408289908111	0.0
239.0	26.23584299864184	23.89258579441164	23.69028203190262	26.181289175043897	0.0
240.0	26.277339077014005	23.74951338787178	23.754343990020544	26.21880354509367	0.0
241.0	26.23433459319674	23.756003296484696	23.804882207508026	26.204779902810536	0.0
242.0	26.240834422781788	23.67475700562724	23.831353379184904	26.253055192406073	0.0
243.0	26.266829239177703	23.619910016683576	23.78049300398189	26.332767740156832	0.0
244.0	26.379204979889998	23.71132555462388	23.813652061452753	26.095817404033372	0.0
245.0	26.24749137259584	23.740569550806455	23.629706696684917	26.38223237991279	0.0
246.0	26.250689378734727	23.75385909951502	23.6563510970361	26.339100424714157	0.0
247.0	26.195844077568882	23.68290124211418	23.77416209177828	26.34709258853866	0.0
248.0	26.223681778763453	23.845836709742542	23.776460385834717	26.154021125659288	0.0
249.0	26.291636456689556	23.735516981561254	23.856072560810908	26.116774000938285	0.0
