# Position (bp)	A	C	G	T	N
0.0	26.28438957629249	23.753316761165266	23.653883752758148	26.308409909784096	0.0
1.0	26.155350110325948	23.782643912521298	23.835153478758762	26.22685249839399	0.0
2.0	26.253787825892672	23.731549622264737	23.79019982963511	26.22446272220748	0.0
3.0	26.205211271539085	23.782500628368755	23.805401178540507	26.206886921551654	0.0
4.0	26.284262116536578	23.762514486783864	23.7742435455269	26.17897985115266	0.0
5.0	26.183115936565382	23.74776948402825	23.664831988740605	26.404282590665762	0.0
6.0	26.10083353112827	23.7373469416249	23.801292880778522	26.360526646468312	0.0
7.0	26.160100743570197	23.851487000784616	23.719973082926366	26.26843917271882	0.0
8.0	26.221974033226303	23.713807064079294	23.78472706966355	26.279491833030853	0.0
9.0	26.194338426832026	23.775089413098286	23.620413826992287	26.410158333077398	0.0
10.0	26.269371756251587	23.768736616702355	23.735513932588663	26.226377694457398	0.0
11.0	26.244245356501732	23.787441825405022	23.766503158946815	26.20180965914643	0.0
12.0	26.230565427749035	23.73355965705256	23.87845522894338	26.157419686255025	0.0
13.0	26.152394406305053	23.768736616702355	23.83378607383253	26.245082903160068	0.0
14.0	26.178916717152116	23.837415442685288	23.772365985555112	26.211301854607484	0.0
15.0	26.279143133932088	23.68665704418617	23.702849612913855	26.33135020896789	0.0
16.0	26.35005541767056	23.65287599563359	23.654551088950246	26.342517497745604	0.0
17.0	26.253179187523905	23.808101309643792	23.703128795133296	26.235590707699007	0.0
18.0	26.334421213381766	23.66711428882517	23.859191655801826	26.13927284199124	0.0
19.0	26.238661712112876	23.858633291362942	23.791350376477222	26.111354620046956	0.0
20.0	26.23942600295932	23.800217761523214	23.665093944554567	26.295262290962896	0.0
21.0	26.3499818532064	23.67514447639521	23.796030039922947	26.178843630475445	0.0
22.0	26.12077389095173	23.80245121304336	23.773695524721518	26.303079371283395	0.0
23.0	26.292749658002734	23.879226109048272	23.639130070632906	26.18889416231609	0.0
24.0	26.39185906920908	23.705016890477122	23.754432005360286	26.14869203495352	0.0
25.0	26.290516206482593	23.75526954968034	23.6530891426338	26.301125101203272	0.0
26.0	26.153158937993805	23.773137161841483	23.838186437365643	26.235517462799073	0.0
27.0	26.273765320081523	23.709762974957425	23.790725592562605	26.225746112398447	0.0
28.0	26.20452832295709	23.78486278232223	23.80328875736341	26.20732013735727	0.0
29.0	26.2843742148022	23.770345347441303	23.777045702001733	26.16823473575477	0.0
30.0	26.200061419916803	23.751640190960106	23.65141405399369	26.3968843351294	0.0
31.0	26.09983528295039	23.737122756079177	23.79575085848293	26.367291102487506	0.0
32.0	26.167118009994695	23.842932521845945	23.72735140567855	26.26259806248081	0.0
33.0	26.216812306317877	23.718696781037995	23.78737541528239	26.277115497361734	0.0
34.0	26.177095460243276	23.780887850336832	23.632922100220274	26.409094589199615	0.0
35.0	26.26280392304664	23.76888308193115	23.743198461156197	26.225114533866012	0.0
36.0	26.25275341926514	23.783679656942805	23.768324720609954	26.1952422031821	0.0
37.0	26.216739114048092	23.73761484794425	23.88362633343663	26.162019704571026	0.0
38.0	26.166486595140583	23.764137010700995	23.821927407444633	26.247448986713795	0.0
39.0	26.182679073455223	23.826673478674785	23.775583417785484	26.215064030084505	0.0
40.0	26.28318411127024	23.680661993182408	23.700204639424218	26.335949256123133	0.0
41.0	26.364146502843454	23.65581491438925	23.65497737240746	26.325061210359834	0.0
42.0	26.25079915464096	23.802384761202823	23.707742517260343	26.239073566895875	0.0
43.0	26.327853016965808	23.66893640543732	23.858220893322276	26.144989684274588	0.0
44.0	26.24074865085946	23.863525325873628	23.78535474090639	26.11037128236053	0.0
45.0	26.240396212087376	23.79226783401081	23.6716621253406	26.295673828561217	0.0
46.0	26.35374324384688	23.675291463795954	23.80064323044624	26.170322061910927	0.0
47.0	26.12425738151606	23.806226828069864	23.773841961852863	26.295673828561217	0.0
48.0	26.28841515165051	23.879651136820478	23.6348103810247	26.19712333050431	0.0
49.0	26.402320543172376	23.70348863179524	23.750111671952475	26.144079153079915	0.0
50.0	26.299861526778933	23.75206593112074	23.648769375083752	26.299303167016575	0.0
51.0	26.158317327020146	23.774679501496404	23.841403493098674	26.225599678384775	0.0
52.0	26.268593380086656	23.708234689775313	23.793663733416714	26.229508196721312	0.0
53.0	26.20549872693974	23.778588019832938	23.802597489614506	26.213315763612812	0.0
54.0	26.29036941081878	23.767700004466878	23.784171617456558	26.157758967257784	0.0
55.0	26.20242774824675	23.74424889444767	23.656586411756823	26.396736945548753	0.0
56.0	26.09578103363559	23.738106937061687	23.80511010854514	26.36100192075758	0.0
57.0	26.16585518381203	23.841403493098674	23.73280251931925	26.259938803770044	0.0
58.0	26.224203778978872	23.721914503953187	23.780821458882386	26.273060258185556	0.0
59.0	26.18225370121694	23.77963835139157	23.62720656182561	26.410901385565882	0.0
60.0	26.26907840186715	23.767633650015494	23.747532754688113	26.215755193429242	0.0
61.0	26.24925668564154	23.78243014240926	23.761770888878342	26.20654228307086	0.0
62.0	26.211009148699166	23.744740963670424	23.883213798147924	26.161036089482486	0.0
63.0	26.161594447686028	23.757024844148265	23.82542372408171	26.255956984084	0.0
64.0	26.178624372893943	23.820956858453403	23.78578029163049	26.214638477022163	0.0
65.0	26.286666685278608	23.683879919484745	23.70007230738736	26.329381087849292	0.0
66.0	26.363440938265125	23.657637083918445	23.65652036751137	26.322401610305057	0.0
67.0	26.257632058694615	23.79555156019241	23.703980814812127	26.242835566300847	0.0
68.0	26.33719810269882	23.661824770444984	23.862833723718776	26.138143403137416	0.0
69.0	26.233901835044236	23.85166655964801	23.797505813904795	26.116925791402956	0.0
70.0	26.25392943488724	23.792693344947153	23.662317068404274	26.291060151761336	0.0
71.0	26.371184330279124	23.670971596397482	23.796043484815492	26.161800588507905	0.0
72.0	26.12829918982451	23.803022942874534	23.769800722513498	26.298877144787465	0.0
73.0	26.306973316135952	23.8730967017873	23.625186351530175	26.194743630546576	0.0
74.0	26.40049805412709	23.70726477830449	23.745233030145677	26.147004137422737	0.0
75.0	26.29803960982038	23.752491666527078	23.649754043898	26.299714679754548	0.0
76.0	26.148679207356906	23.77845525050671	23.84434133458405	26.228524207552333	0.0
77.0	26.26788835100532	23.698610250311283	23.796322663137854	26.23717873554554	0.0
78.0	26.206469120085764	23.781247033730324	23.808048152677042	26.204235693506874	0.0
79.0	26.28854754686008	23.77203414909239	23.78264292534213	26.156775378705394	0.0
80.0	26.205073228473957	23.748862348336377	23.655616788667594	26.390447634522076	0.0
81.0	26.093401899529304	23.736299323830103	23.807489796032318	26.36280898060827	0.0
82.0	26.153146060514693	23.857741894057412	23.732111648994678	26.257000396433217	0.0
83.0	26.23299106071012	23.7181527328766	23.77203414909239	26.276822057320892	0.0
84.0	26.179315735842206	23.768896829939	23.635729141947824	26.41605829227097	0.0
85.0	26.274794455533996	23.762196568908	23.742654140900907	26.2203548346571	0.0
86.0	26.252181074554365	23.773922025712253	23.7655466994235	26.208350200309887	0.0
87.0	26.211979508368348	23.745166738787532	23.875542651349125	26.167311101494995	0.0
88.0	26.169265344295706	23.757171373134746	23.817752899956727	26.25581038261282	0.0
89.0	26.16619439132316	23.827244936417312	23.782576529543963	26.22398414271556	0.0
90.0	26.294336883541085	23.691006295453594	23.694356425969097	26.320300395036224	0.0
91.0	26.363572914194783	23.65582992504083	23.656109102583788	26.324488058180602	0.0
92.0	26.256089560155782	23.807144153324305	23.703290107343765	26.233476179176147	0.0
93.0	26.338446935328523	23.658342522927455	23.870238278032915	26.132972263711107	0.0
94.0	26.231801113918397	23.848462429682158	23.796535406691884	26.12320104970756	0.0
95.0	26.241778244313167	23.79395638142246	23.661626595495203	26.302638778769165	0.0
96.0	26.362382606170925	23.668606014584196	23.806519335782646	26.162492043462237	0.0
97.0	26.127036594490168	23.799260739930094	23.778043305899562	26.295659359680172	0.0
98.0	26.30570972316832	23.877988587253906	23.62784620710449	26.188455482473284	0.0
99.0	26.400071469251472	23.70685323119186	23.749008922489363	26.144066377067304	0.0
100.0	26.300684541424246	23.748171392198685	23.64822611084434	26.302917955532724	0.0
101.0	26.16221286669868	23.77888083619024	23.8400205474098	26.218885749701283	0.0
102.0	26.2629956783437	23.701828049447787	23.798144032875857	26.23703223933266	0.0
103.0	26.21748986588348	23.77888083619024	23.807915219600442	26.19571407832583	0.0
104.0	26.294821829389498	23.769109649465655	23.77999754324448	26.15607097790037	0.0
105.0	26.201576790360587	23.756825871869033	23.654088822879093	26.387508514891287	0.0
106.0	26.09660632726217	23.73532926107494	23.81684887603435	26.351215535628537	0.0
107.0	26.15607097790037	23.84560408268099	23.734491730784264	26.26383320863438	0.0
108.0	26.22698187584451	23.721649599660523	23.776368245318206	26.275000279176762	0.0
109.0	26.18391555484831	23.766251531978213	23.64229739500889	26.407535518164586	0.0
110.0	26.269343406002843	23.75564284457994	23.748105093007478	26.22690865640974	0.0
111.0	26.24756767923796	23.771835051661515	23.77043917174069	26.21015809735983	0.0
112.0	26.223837720583926	23.724933486321774	23.890205668947534	26.16102312414677	0.0
113.0	26.17023593162422	23.754805316627444	23.83074118432036	26.24421756742798	0.0
114.0	26.158789716273446	23.828228600462875	23.789143962679756	26.223837720583926	0.0
115.0	26.282743853242767	23.685011320586156	23.697295063889424	26.33494976228165	0.0
116.0	26.36761335242897	23.652626906423002	23.657093722169645	26.322666018978385	0.0
117.0	26.260688950493723	23.79305242645807	23.710416335145183	26.235842287903026	0.0
118.0	26.337462346139134	23.65625619421715	23.863125598483517	26.1431558611602	0.0
119.0	26.230258768219723	23.84860844730693	23.7927732504739	26.128359533999447	0.0
120.0	26.250153547219956	23.78725613909703	23.668326837820636	26.29426347586238	0.0
121.0	26.36266178293448	23.659951534913844	23.806240159019083	26.171146523132588	0.0
122.0	26.129270008598642	23.79395638142246	23.77971836648092	26.297055243497976	0.0
123.0	26.306826430222557	23.870450814637795	23.626729500050253	26.195993255089395	0.0
124.0	26.39616299456164	23.703782286792705	23.755709164814796	26.14434555383086	0.0
125.0	26.308501490803916	23.74202950340037	23.65827647433249	26.29119253146322	0.0
126.0	26.161096159644444	23.782510134116517	23.84057890093692	26.215814805302124	0.0
127.0	26.27723369328524	23.695686160649476	23.795073088476702	26.232007057588586	0.0
128.0	26.209952093267376	23.770784710047014	23.813498754871635	26.20576444181398	0.0
129.0	26.282538051792876	23.77190141710125	23.785860255279232	26.15970027582664	0.0
130.0	26.205558424880305	23.747679336674157	23.658900878013373	26.38786136043217	0.0
131.0	26.101146023813843	23.73120786163961	23.816357012241934	26.35128910230461	0.0
132.0	26.1436539975544	23.857462715735046	23.745233030145677	26.253650256564875	0.0
133.0	26.22936174251942	23.71536094965298	23.76812565257933	26.287151655248277	0.0
134.0	26.18672056684525	23.76149170977657	23.641723875117606	26.410063848260574	0.0
135.0	26.273266088393687	23.76819200821903	23.74613685917927	26.21240504420801	0.0
136.0	26.240881312588467	23.77628820217034	23.768750366422573	26.21408011881863	0.0
137.0	26.21554920266226	23.73028990038862	23.896122749810157	26.158038147138964	0.0
138.0	26.175347299772188	23.74396971456649	23.82660695939608	26.254076026265246	0.0
139.0	26.174230580247464	23.817673203198282	23.793105373654353	26.214990842899898	0.0
140.0	26.288694331531694	23.681991780944298	23.699021753696343	26.330292133827665	0.0
141.0	26.362397820163487	23.656586411756823	23.659378210568633	26.321637557511057	0.0
142.0	26.265801581274843	23.785567516862464	23.705163711082324	26.24346719078036	0.0
143.0	26.348997185866796	23.649327734846114	23.863179523830794	26.13849555545629	0.0
144.0	26.230139785756762	23.85179973812854	23.79540524468789	26.122655231426812	0.0
145.0	26.251151623440073	23.787654596722412	23.666489851754655	26.294703928082864	0.0
146.0	26.361149110807112	23.658393589994137	23.80747647896368	26.172980820235068	0.0
147.0	26.12551997543203	23.780954242161982	23.791563136882658	26.301962645523325	0.0
148.0	26.308104637203716	23.870850665847733	23.626287724392085	26.194756972556466	0.0
149.0	26.40498059688992	23.700549987436837	23.75359446104023	26.140874954633013	0.0
150.0	26.3108964516039	23.738797844719283	23.657556045674085	26.292749658002734	0.0
151.0	26.159021748234178	23.778162427761803	23.845445154806107	26.21737066919791	0.0
152.0	26.27795304168179	23.697199810156622	23.799101035763144	26.225746112398447	0.0
153.0	26.203969960077057	23.774253887601553	23.824785728244784	26.196990424076606	0.0
154.0	26.28409503336218	23.77676652056171	23.789329685362517	26.14980876071359	0.0
155.0	26.198459472513115	23.745006128049717	23.670743657677928	26.38579074175924	0.0
156.0	26.10353751790256	23.72909274154148	23.82178123839649	26.345588502159472	0.0
157.0	26.150513138351926	23.8492076786492	23.739209577093593	26.26106960590528	0.0
158.0	26.22756764604063	23.71659575418495	23.773549085954862	26.282287513819558	0.0
159.0	26.179900443064657	23.75965626893215	23.653008065619353	26.40743522238384	0.0
160.0	26.284873543707615	23.75574769603587	23.74458034490364	26.214798415352874	0.0
161.0	26.24439189585328	23.764681576941655	23.77752403074372	26.213402496461345	0.0
162.0	26.217663448599332	23.717844918561866	23.902944280345967	26.161547352492835	0.0
163.0	26.174948211264535	23.734595992026488	23.82896037254387	26.261495424165098	0.0
164.0	26.16517675174351	23.81611788288766	23.7965749638456	26.22213040152323	0.0
165.0	26.288576326266245	23.683784402517126	23.704164875232422	26.32347439598421	0.0
166.0	26.370098217127413	23.65335328572306	23.657541054089215	26.31900744306031	0.0
167.0	26.254794994779253	23.794062302825907	23.717007364888634	26.23413533750621	0.0
168.0	26.33910873121786	23.654190839396293	23.863300073146355	26.143400356239493	0.0
169.0	26.226949760598572	23.852757653168055	23.79664140039365	26.12365118583972	0.0
170.0	26.247403569115313	23.788611439930314	23.678891296093628	26.28509369486074	0.0
171.0	26.371083018783644	23.66325687356219	23.80508342081165	26.160576686842518	0.0
172.0	26.12986621401291	23.775768878565206	23.78805306769705	26.306311839724835	0.0
173.0	26.31412905099055	23.86901704152056	23.633104772965847	26.183749134523037	0.0
174.0	26.41128581957876	23.699830254841086	23.75008375583499	26.138800169745156	0.0
175.0	26.31775847050678	23.745337591852234	23.645388962097694	26.291514975543294	0.0
176.0	26.159459942375985	23.782748531481026	23.842773546557076	26.21501797958591	0.0
177.0	26.279230786411457	23.69508409085833	23.796428651196035	26.229256471534185	0.0
178.0	26.21669309628571	23.76627655059969	23.81932191275992	26.197708440354678	0.0
179.0	26.279789158644718	23.779677484198068	23.783027717597662	26.15750563955956	0.0
180.0	26.193314590586375	23.736190718152454	23.680353338935685	26.390141352325486	0.0
181.0	26.101462101774793	23.7233481209326	23.827205646275786	26.347984131016826	0.0
182.0	26.155418195219188	23.852678247371447	23.738769675751435	26.25313388165793	0.0
183.0	26.225215114104007	23.72201841521908	23.77729757497585	26.27546889570107	0.0
184.0	26.187318701997036	23.761729404965646	23.648937269146046	26.402014623891272	0.0
185.0	26.279171703691713	23.751678620585682	23.744140532300708	26.2250091434219	0.0
186.0	26.24538990063683	23.761729404965646	23.78573961209556	26.207141082301966	0.0
187.0	26.21335641297672	23.72270925233123	23.89915684851192	26.164777486180135	0.0
188.0	26.17706181249651	23.73555195711653	23.82852197219275	26.258864258194205	0.0
189.0	26.169523703166004	23.813724942766207	23.810095482718186	26.2066558713496	0.0
190.0	26.282316153889106	23.68781059802334	23.70232843821542	26.327544809872133	0.0
191.0	26.353230219442736	23.655983025294542	23.66100843151488	26.32977832374784	0.0
192.0	26.258026690490816	23.798369534870737	23.702886816684348	26.240716957954103	0.0
193.0	26.345133731643305	23.647048969791726	23.860907923390474	26.14690937517449	0.0
194.0	26.22320124853774	23.85762426049545	23.794806507360843	26.12436798360596	0.0
195.0	26.246447297153928	23.784263690120554	23.679008761007097	26.290280251718418	0.0
196.0	26.364265811970583	23.66895789244454	23.808553289146737	26.158223006438142	0.0
197.0	26.13086230868451	23.780355019012895	23.79096426916226	26.29781840314034	0.0
198.0	26.31345308757098	23.856015724025482	23.64048043151729	26.19005075688624	0.0
199.0	26.420103970651464	23.700506452099233	23.74517697904394	26.134212598205366	0.0
200.0	26.31819933105886	23.741826689523084	23.651648063253468	26.288325916164588	0.0
201.0	26.158369069954436	23.789142767801305	23.843585276512105	26.208902885732154	0.0
202.0	26.283447243813097	23.693379790940767	23.78607165192531	26.237101313320828	0.0
203.0	26.21672027159832	23.779091843116234	23.82599615831323	26.178191726972216	0.0
204.0	26.282051282051285	23.78523407486822	23.785792459572946	26.14692218350755	0.0
205.0	26.201304955984956	23.729594358033687	23.684085623427784	26.385015062553567	0.0
206.0	26.10777473455565	23.73182791556036	23.819774243172994	26.340623106711003	0.0
207.0	26.161040846525392	23.85096462573638	23.73258508529469	26.255409442443533	0.0
208.0	26.228606527626546	23.711086914035235	23.778931792165732	26.281374766172487	0.0
209.0	26.181216129815816	23.757499951140385	23.663410289556047	26.397873629487755	0.0
210.0	26.281448143194975	23.74996161030128	23.752474390580982	26.216115855922762	0.0
211.0	26.237334889395786	23.767551072259185	23.785419732025943	26.209694306319083	0.0
212.0	26.204462710236538	23.728250429965826	23.90777512228898	26.159511737508655	0.0
213.0	26.179481022765984	23.73731733330355	23.82303177856078	26.260169865369686	0.0
214.0	26.17110501834345	23.811584572516654	23.80711737015797	26.210193038981927	0.0
215.0	26.287252279669204	23.67952290278809	23.704371715908266	26.328853101634436	0.0
216.0	26.367661922125496	23.64462288436088	23.662491693795616	26.32522349971801	0.0
217.0	26.266870668907714	23.792040562197418	23.709676518709202	26.23141225018567	0.0
218.0	26.338904306941473	23.647135685687644	23.866307801410517	26.147652205960366	0.0
219.0	26.22785587648151	23.856323202993035	23.79154858794131	26.12427233258414	0.0
220.0	26.246356417730425	23.788543795579677	23.67490870104198	26.29019108564792	0.0
221.0	26.36557554639774	23.66820786008644	23.808087915033337	26.158128678482484	0.0
222.0	26.128812499301997	23.77290850001675	23.805016696262047	26.29326230441921	0.0
223.0	26.319228063121926	23.858623423906366	23.633586848482818	26.18856166448889	0.0
224.0	26.41639025697725	23.703108073396546	23.756994002747344	26.123507666878858	0.0
225.0	26.32592890407746	23.74778034643348	23.658156598653132	26.26813415083593	0.0
226.0	26.151148635820466	23.790498207525044	23.841871321517516	26.216481835136978	0.0
227.0	26.283769446398857	23.69836164438637	23.79217341776393	26.225695491450846	0.0
228.0	26.21815704537586	23.777096525613963	23.814230352575915	26.19051607643426	0.0
229.0	26.28767827028959	23.782959761450062	23.784076568275985	26.145285399984363	0.0
230.0	26.21041257751359	23.730815299179426	23.67134516965739	26.387426953649594	0.0
231.0	26.107666062658623	23.72243922459886	23.82574414442586	26.34415056831666	0.0
232.0	26.159391560243687	23.8464717083331	23.74177048374758	26.252366247675635	0.0
233.0	26.231146799492965	23.715246173519244	23.77834611153612	26.275260915451664	0.0
234.0	26.184872166427947	23.749654484994178	23.673990188769857	26.391483159808022	0.0
235.0	26.279801541764737	23.745466424317556	23.763056279159372	26.211675754758335	0.0
236.0	26.240433771404483	23.77617886927946	23.782321358271837	26.20106600104422	0.0
237.0	26.19709737043428	23.718582301665744	23.914305976691853	26.170014351208128	0.0
238.0	26.184253876780637	23.727796112330314	23.837524221153792	26.250425789735253	0.0
239.0	26.163592604381307	23.815466916835586	23.811278821078965	26.209661657704142	0.0
240.0	26.289837105537966	23.67526092710794	23.69648132325923	26.338420644094867	0.0
241.0	26.371739239700435	23.632728511512838	23.66093119104663	26.334601057740098	0.0
242.0	26.263658627170088	23.80350007120777	23.71079035037014	26.222050951252	0.0
243.0	26.33868855297367	23.641065309849676	23.86558798971217	26.154658147464488	0.0
244.0	26.23862332055217	23.855350355647776	23.788326039784515	26.117700284015537	0.0
245.0	26.25008378577653	23.77952052192953	23.672833299819025	26.297562392474923	0.0
246.0	26.366665456383732	23.666710423049743	23.812223671458458	26.154400449108067	0.0
247.0	26.147069585303655	23.77067267003891	23.802793690872882	26.279464053784558	0.0
248.0	26.321023243081687	23.864033139757375	23.627998960890952	26.18694465626999	0.0
249.0	26.438342006541916	23.692524280794082	23.74866968902148	26.120464023642526	0.0
