# Position (bp)	A	C	G	T	N
0.0	26.291368623156224	23.71870025903234	23.815802903700106	26.17412821411133	0.0
1.0	26.267368821775268	23.867940403251836	23.66408002140672	26.200610753566178	0.0
2.0	26.30369600057375	23.651755593376496	23.75243774946418	26.292110656585578	0.0
3.0	26.33534410710887	23.751127440028466	23.669758679564303	26.243769773298357	0.0
4.0	26.277060217171254	23.67922420712081	23.73686808928458	26.30684748642335	0.0
5.0	26.29571510125511	23.713523754891767	23.69780391010455	26.292957233748577	0.0
6.0	26.220358006613004	23.665886233208962	23.802393145422606	26.311362614755435	0.0
7.0	26.29825722479594	23.766821089786013	23.653485550408117	26.281436135009926	0.0
8.0	26.228613182964995	23.651027808032207	23.83852866970896	26.281830339293837	0.0
9.0	26.171891155637294	23.812254778966757	23.727883578772648	26.2879704866233	0.0
10.0	26.15754908934509	23.74236985326959	23.786207010636716	26.31387404674861	0.0
11.0	26.30174300948978	23.841623794478174	23.741818442485098	26.11481475354695	0.0
12.0	26.2024890682812	23.807160620447416	23.777935848869333	26.212414462402055	0.0
13.0	26.353851328624284	23.729963110618517	23.795305288580835	26.12088027217636	0.0
14.0	26.21213875700981	23.835558275848758	23.729411699834024	26.222891267307407	0.0
15.0	26.15451633003038	23.84189949987042	23.783174251322006	26.220409918777193	0.0
16.0	26.223442678091896	23.84024526751694	23.825632881727902	26.11067917266326	0.0
17.0	26.15499563008158	23.86664718353933	23.85479188435845	26.12356530202064	0.0
18.0	26.122462483492185	23.80654357373858	23.847347859291386	26.223646083477846	0.0
19.0	26.202141122172996	23.817847463655237	23.82418867019385	26.155822743977918	0.0
20.0	26.23936124750832	23.747267077834174	23.83218410452514	26.181187570132362	0.0
21.0	26.11033147967919	23.803510822785334	23.755538216797582	26.330619480737894	0.0
22.0	26.226678834431098	23.770977676195937	23.786417135594295	26.215926353778666	0.0
23.0	26.135696305833633	23.7640850603931	23.842660880545456	26.25755775322781	0.0
24.0	26.332549413162692	23.754435398269127	23.77263190398862	26.140383284579567	0.0
25.0	26.285955330335504	23.726037821161434	23.801305185728424	26.186701662774638	0.0
26.0	26.265001778294877	23.86361443258608	23.665382802096456	26.20600098702258	0.0
27.0	26.29498108671438	23.66145770151196	23.75078575603516	26.2927754557385	0.0
28.0	26.336612371384145	23.748028717315307	23.66669607507968	26.24866283622087	0.0
29.0	26.27264907308358	23.684892530630698	23.730659373380238	26.31179902290548	0.0
30.0	26.299943756410116	23.71632277203701	23.690958015814374	26.2927754557385	0.0
31.0	26.215578371582648	23.664766147975783	23.795449783296757	26.32420569714481	0.0
32.0	26.29691101381828	23.76374383801846	23.653737993096374	26.285607155066888	0.0
33.0	26.22302237612625	23.655943624072258	23.831015582782843	26.29001841701865	0.0
34.0	26.169535824961127	23.821917355007333	23.72624811142848	26.282298708603065	0.0
35.0	26.14747951520231	23.75216427539508	23.781388885825514	26.31896732357709	0.0
36.0	26.289191305402692	23.84342225702218	23.747477309571334	26.119909128003794	0.0
37.0	26.198209027647586	23.80785645753609	23.776426216129778	26.21750829868655	0.0
38.0	26.358392977270974	23.73286500435612	23.786902963265216	26.12183905510769	0.0
39.0	26.21171851737486	23.82743143244704	23.731210781124208	26.229639269053894	0.0
40.0	26.157956262337752	23.840940922174312	23.781940293569484	26.21916252191846	0.0
41.0	26.22743363807801	23.838459587326444	23.821917355007333	26.112189419588212	0.0
42.0	26.15733273781461	23.873683862269754	23.847767769754817	26.121215630160815	0.0
43.0	26.11928570837779	23.811926365212884	23.84528644174807	26.223501484661256	0.0
44.0	26.204202266830983	23.82074886479244	23.825987223917796	26.149061644458783	0.0
45.0	26.238113749589893	23.7573371490644	23.822403083463602	26.1821460178821	0.0
46.0	26.117355786594764	23.807515115423108	23.747411837037404	26.327717260944723	0.0
47.0	26.22680992200359	23.774430741999787	23.786010272697947	26.21274906329868	0.0
48.0	26.133346567082704	23.765883945532092	23.842253707517596	26.258515779867608	0.0
49.0	26.330749995175196	23.754855821057653	23.78022050734887	26.13417367641829	0.0
50.0	26.290497340843487	23.723977072529216	23.811099255877302	26.174426330749995	0.0
51.0	26.261548514098077	23.866515581361366	23.66304668480793	26.208889219732622	0.0
52.0	26.290700559675773	23.653607565272534	23.76002867304458	26.295663202007113	0.0
53.0	26.33040169832649	23.748449174271457	23.672631027542664	26.248518099859393	0.0
54.0	26.265611645667335	23.690000275702353	23.728874307297843	26.315513771332473	0.0
55.0	26.29428469024841	23.73107992611177	23.680350693391414	26.29428469024841	0.0
56.0	26.215709520002207	23.672355325190924	23.800281216398776	26.311653938408096	0.0
57.0	26.300625844338455	23.77050536241074	23.6500234346999	26.278845358550907	0.0
58.0	26.219845055278324	23.651953351162085	23.835846819773373	26.29235477378622	0.0
59.0	26.167461608447518	23.820683190427612	23.725014474373467	26.286840726751397	0.0
60.0	26.14292409914257	23.748173471919714	23.784841884701276	26.324060544236445	0.0
61.0	26.28711642910314	23.839430950346006	23.750379090733645	26.12307352981721	0.0
62.0	26.196961760083816	23.80882798930275	23.776570814149046	26.217639436464392	0.0
63.0	26.34914945824488	23.73631827079485	23.792285848198286	26.122246422761986	0.0
64.0	26.20192440241515	23.833089796255962	23.74128091312619	26.223704888202697	0.0
65.0	26.160844752005737	23.83694962918034	23.784841884701276	26.217363734112652	0.0
66.0	26.219293650574837	23.848529127953462	23.81461773868931	26.117559482782386	0.0
67.0	26.15002026406699	23.878239149074606	23.847360570812576	26.124380016045833	0.0
68.0	26.108940726914813	23.804075420927408	23.852047497870206	26.234936354287576	0.0
69.0	26.20874470308317	23.818687605283547	23.817033395733795	26.15553429589949	0.0
70.0	26.240174684528455	23.75527623920973	23.82502874189093	26.179520334370892	0.0
71.0	26.12052019376308	23.811519363901287	23.749210804193975	26.318749638141657	0.0
72.0	26.233557846329447	23.778159471314627	23.771818334707245	26.216464347648678	0.0
73.0	26.13099685424484	23.772369737890497	23.834953999189437	26.261679408675224	0.0
74.0	26.33143191135642	23.75444913443485	23.77871087449788	26.135408079710842	0.0
75.0	26.288698164654505	23.72412195935607	23.80683243684366	26.18034743914577	0.0
76.0	26.25258125615159	23.87217371405885	23.67146295535564	26.203782074433917	0.0
77.0	26.282008866538742	23.66395377048457	23.75741635236772	26.296621010608966	0.0
78.0	26.3294294095591	23.751350934074416	23.675533205408147	26.243686450958336	0.0
79.0	26.26794812413154	23.691799554467458	23.724607953417586	26.315644367983417	0.0
80.0	26.29469110478837	23.731224773373917	23.68022011954388	26.29386400229383	0.0
81.0	26.22163038443724	23.665056573810627	23.801804186241426	26.311508855510706	0.0
82.0	26.303237830565294	23.77230419726946	23.651822933897968	26.27263503826728	0.0
83.0	26.215840666975453	23.652925737224024	23.8395752001588	26.291658395641722	0.0
84.0	26.163733209819362	23.811453715344406	23.730949072542405	26.29386400229383	0.0
85.0	26.14057433997221	23.74032290081387	23.79160325547542	26.327499503738505	0.0
86.0	26.294415403956855	23.836266790180638	23.74942102825382	26.11989677760868	0.0
87.0	26.197368711264033	23.8073182028717	23.777266812236704	26.21804627362756	0.0
88.0	26.33384062286332	23.74914532742231	23.79711727210569	26.11989677760868	0.0
89.0	26.196817309601006	23.834336884360045	23.74335560996052	26.225490196078432	0.0
90.0	26.157116389863035	23.83792099516972	23.787743443834227	26.21721917113302	0.0
91.0	26.216392068638477	23.845364917620593	23.821103244447386	26.117139769293544	0.0
92.0	26.152081673389155	23.875626183787183	23.847780476575142	26.124511666248523	0.0
93.0	26.11375936346367	23.798430163793412	23.854948678431708	26.23286179431121	0.0
94.0	26.206670287527604	23.8196590692917	23.818280568934664	26.155390074246025	0.0
95.0	26.247198198024336	23.7499069512259	23.81883196907748	26.184062881672286	0.0
96.0	26.12037616517743	23.800635764364664	23.752388251868556	26.32659981858935	0.0
97.0	26.22955339345433	23.77554705786669	23.779682558937782	26.2152169897412	0.0
98.0	26.13360976860493	23.765346155224655	23.83923377436155	26.261810301808868	0.0
99.0	26.335146520802947	23.759005053582307	23.773617157366843	26.132231268247896	0.0
100.0	26.28193640702153	23.72592104501355	23.814696468006385	26.177446079958532	0.0
101.0	26.26429160245152	23.870939282573275	23.668024030018223	26.19674508495698	0.0
102.0	26.28462094101689	23.65775790292076	23.7586638508577	26.298957305204652	0.0
103.0	26.32514873977845	23.755631158433367	23.6704400712407	26.248780030547486	0.0
104.0	26.27414436718737	23.687257729230193	23.73385091284042	26.304746990742018	0.0
105.0	26.295373214157713	23.726407031435233	23.677883952645885	26.300335801761165	0.0
106.0	26.220658700794562	23.6613419939677	23.80001874755317	26.317980557684567	0.0
107.0	26.302817095562897	23.756458256367274	23.655552308430334	26.285172339639495	0.0
108.0	26.21569611319111	23.65003832220427	23.844957735295576	26.289307829309045	0.0
109.0	26.174616915806943	23.81242521656181	23.723650038322205	26.289307829309045	0.0
110.0	26.157799257817455	23.728888325236962	23.785406684054102	26.327905732891477	0.0
111.0	26.292064822422073	23.842200742182545	23.752322766697727	26.11341166869765	0.0
112.0	26.19391586759816	23.809392524137472	23.773275914356766	26.223415693907597	0.0
113.0	26.34141499914533	23.748187277028183	23.791747768214076	26.118649955612412	0.0
114.0	26.203013944871167	23.83034567179651	23.73550510870824	26.231135274624084	0.0
115.0	26.15835065644006	23.83034567179651	23.79036927165756	26.220934400105868	0.0
116.0	26.216523211125022	23.85129881945555	23.819042000033082	26.11313596938635	0.0
117.0	26.145189171603995	23.881415885286714	23.85053747728921	26.122857465820083	0.0
118.0	26.117067764320552	23.794570362793724	23.85246737778905	26.235894495096673	0.0
119.0	26.211081488670107	23.822140369934356	23.818280568934664	26.148497572460872	0.0
120.0	26.255193500095114	23.747977050726057	23.81800486886326	26.178824580315567	0.0
121.0	26.124235966177118	23.799532964079038	23.748528450868868	26.327702618874977	0.0
122.0	26.22652069266886	23.766173255438876	23.79126196193685	26.21604408995542	0.0
123.0	26.131128467962274	23.76038355393934	23.842542175218423	26.265945802879965	0.0
124.0	26.340384822159667	23.754869552511217	23.76782745586731	26.136918169461804	0.0
125.0	26.282212107092935	23.729229445870427	23.81579926829201	26.172759178744627	0.0
126.0	26.268702803594024	23.86900938207343	23.669953930518066	26.192333883814477	0.0
127.0	26.27732195240301	23.656509848033703	23.760724762345884	26.305443437217406	0.0
128.0	26.333564922031805	23.759897659851344	23.662023864663976	26.244513553452876	0.0
129.0	26.270705132446682	23.690421050309887	23.724607953417586	26.31426586382585	0.0
130.0	26.292485498136266	23.726537859238185	23.676636008734203	26.304340633891353	0.0
131.0	26.212807957828797	23.662023864663976	23.810075211186838	26.315092966320385	0.0
132.0	26.302410728070758	23.759621959019828	23.64741172059375	26.290555592315666	0.0
133.0	26.20619113787247	23.65568274553916	23.845089216789077	26.293036899799286	0.0
134.0	26.172627794580254	23.811519363901287	23.731565902329955	26.2842869391885	0.0
135.0	26.148090352925607	23.730463095963454	23.79084174452939	26.330604806581547	0.0
136.0	26.283532298530503	23.843290783270383	23.749551983678423	26.123624934520688	0.0
137.0	26.19117201069725	23.794491467012215	23.790907336439577	26.223429185850954	0.0
138.0	26.340878387692644	23.74265942488489	23.790080229384355	26.126381958038102	0.0
139.0	26.196686057732073	23.834744010366407	23.736042568443107	26.23252736345841	0.0
140.0	26.15981406582136	23.836463942168514	23.787113085145393	26.21660890686473	0.0
141.0	26.222950078437535	23.84831917597854	23.80530949052822	26.123421255055707	0.0
142.0	26.141414030018638	23.87981516812422	23.84783351897394	26.1309372828832	0.0
143.0	26.111710002839754	23.797169616246723	23.853137656565767	26.237982724347752	0.0
144.0	26.209105997695104	23.816534603783783	23.82508147094341	26.149277927577707	0.0
145.0	26.242466350156878	23.756155122881893	23.8184645415295	26.18291398543173	0.0
146.0	26.11977745060738	23.803576450348217	23.749813898860232	26.32683220018417	0.0
147.0	26.22482120505313	23.76552910621826	23.79227252926613	26.217377159462487	0.0
148.0	26.131908487866205	23.76745904396398	23.833904043495284	26.26672842467453	0.0
149.0	26.338760149432733	23.75125790932025	23.768627396920362	26.141354544326656	0.0
150.0	26.281413269737115	23.720654526405756	23.822114390482625	26.175817813374508	0.0
151.0	26.269833611337035	23.86926014254008	23.664410471319666	26.196495774803214	0.0
152.0	26.279004367197494	23.654550266884293	23.763454497331157	26.302990868587056	0.0
153.0	26.333318628964662	23.752977634655256	23.66116723278486	26.25253650359522	0.0
154.0	26.26080771097093	23.68846221712471	23.733402443866073	26.31732762803829	0.0
155.0	26.29196259208611	23.727061184878025	23.6790881820989	26.30188804093696	0.0
156.0	26.218624553354804	23.672471216198332	23.799572102871764	26.309332127575104	0.0
157.0	26.297201023424062	23.76152454894349	23.650414663196436	26.290859764436014	0.0
158.0	26.215591777317044	23.65372314614672	23.84561515726322	26.28506991927302	0.0
159.0	26.178443519904715	23.813147396078886	23.727953725224218	26.28045535879218	0.0
160.0	26.155284075400537	23.736224955404282	23.792469320628722	26.316021648566455	0.0
161.0	26.276667898164334	23.844643812275642	23.754211446311295	26.12447684324873	0.0
162.0	26.2016752044378	23.78591791608538	23.787572166682292	26.224834712794525	0.0
163.0	26.342010796742226	23.74621590175957	23.79363775220429	26.118135549293907	0.0
164.0	26.198366703243988	23.832236932798825	23.74649161019239	26.222904753764798	0.0
165.0	26.15873681076148	23.832302640466942	23.792324807486057	26.216635741285522	0.0
166.0	26.21580861370661	23.85380795751873	23.816587216467557	26.113796212307104	0.0
167.0	26.142542045767854	23.88447752963882	23.84532671629446	26.12765370829887	0.0
168.0	26.11807587007408	23.794937399882546	23.84925241040091	26.23773431964246	0.0
169.0	26.206375552112227	23.814854231343983	23.83001836238413	26.148751854159656	0.0
170.0	26.239185217453638	23.75998764812599	23.816508500184728	26.18431863423564	0.0
171.0	26.122283552707763	23.799138677356922	23.748959189187698	26.32961858074762	0.0
172.0	26.222642529046205	23.758057667811787	23.801620080618036	26.21767972252397	0.0
173.0	26.13055489691148	23.763571897280933	23.833602611539074	26.27227059426851	0.0
174.0	26.34237393747398	23.74819753127266	23.777423028037177	26.13200550321618	0.0
175.0	26.282820095010432	23.727794825984226	23.820434136483073	26.168950942522272	0.0
176.0	26.272894454599843	23.865650942797984	23.66465672448352	26.196797878118648	0.0
177.0	26.26965833645808	23.657002007190595	23.77666144650065	26.296678209850672	0.0
178.0	26.32673092617509	23.756534397953107	23.671063369874496	26.24567130599731	0.0
179.0	26.258629816706	23.690914705428238	23.73447735844895	26.315978119416812	0.0
180.0	26.29474821889406	23.721794560734057	23.682091889626573	26.30136533074531	0.0
181.0	26.215894302666698	23.676577629750533	23.795685643072986	26.311842424509784	0.0
182.0	26.297229635838278	23.76287579681055	23.648454904382735	26.291439662968436	0.0
183.0	26.21892714559852	23.654520590246378	23.846141120938746	26.28041114321636	0.0
184.0	26.17543666165787	23.807606942472326	23.72516853003212	26.291787865837684	0.0
185.0	26.146762431243882	23.745295634072704	23.788858407201644	26.31908352748177	0.0
186.0	26.2720089110931	23.84765118805384	23.75583825483741	26.124501646015652	0.0
187.0	26.195635990669818	23.792232570706986	23.783409706253757	26.228721732369436	0.0
188.0	26.33955896706314	23.734056808218497	23.800779720646055	26.125604504072303	0.0
189.0	26.201425995467254	23.831384031718198	23.741501100100912	26.225688872713636	0.0
190.0	26.16289809839175	23.826486863545753	23.793401030623695	26.2172140074388	0.0
191.0	26.21004541030569	23.850749807688594	23.821799703881798	26.117405078123923	0.0
192.0	26.147254419728032	23.87563001113893	23.847782691650217	26.129332877482824	0.0
193.0	26.118376248652435	23.80483662401328	23.836819772202784	26.239967355131505	0.0
194.0	26.199784940307147	23.809589456560698	23.837161212054372	26.15346439107778	0.0
195.0	26.244726901761833	23.74755300669994	23.815103807659433	26.192616283878795	0.0
196.0	26.123135460034742	23.789737792605255	23.743417243375887	26.34370950398412	0.0
197.0	26.218809451597785	23.76161460200171	23.799112189473103	26.220463756927405	0.0
198.0	26.12478976536436	23.763820342441203	23.84212412804323	26.269265764151207	0.0
199.0	26.341852110210123	23.748169919683253	23.77767177940329	26.132306190703332	0.0
200.0	26.28146979919435	23.732453975720244	23.820683836565212	26.165392388520193	0.0
201.0	26.268235320067607	23.864247330357415	23.662421523674553	26.205095825900425	0.0
202.0	26.271340656431974	23.661935327333687	23.774980148226575	26.291743868007767	0.0
203.0	26.325933033350978	23.756782689253573	23.67572128110111	26.241562996294338	0.0
204.0	26.25590038821246	23.702466031409916	23.727005029115936	26.31462855126169	0.0
205.0	26.293398182459853	23.730589377095466	23.674894123875063	26.301118316569617	0.0
206.0	26.214266807834836	23.669104023292746	23.801173460384682	26.315455708487733	0.0
207.0	26.29257102523381	23.760091318157755	23.64649505911417	26.300842597494267	0.0
208.0	26.22584700899947	23.647873654490912	23.83674122110464	26.289538115404977	0.0
209.0	26.177116907967473	23.80895924033671	23.72017745328617	26.293746398409645	0.0
210.0	26.152853562438132	23.73699636325537	23.788004532834098	26.3221455414724	0.0
211.0	26.270658365638592	23.84542000518355	23.75884373810955	26.125077891068305	0.0
212.0	26.191802275246356	23.795514577347898	23.78972444483658	26.222958702569166	0.0
213.0	26.339312793987084	23.746987752491137	23.794687415560567	26.11901203796121	0.0
214.0	26.200901054907	23.834391181352466	23.737888972830493	26.226818790910045	0.0
215.0	26.160717978411018	23.834456897859024	23.79309869445938	26.211726429270577	0.0
216.0	26.212002150626578	23.843831423962943	23.823428043619117	26.120738381791362	0.0
217.0	26.14727972560135	23.881119652369556	23.837004113773975	26.13459650825512	0.0
218.0	26.105993388165423	23.807291767190634	23.84010278948834	26.246612055155605	0.0
219.0	26.204498706856143	23.80680596224792	23.832999707732945	26.155695623162988	0.0
220.0	26.24199712144523	23.74587103854065	23.81921352589872	26.192918314115392	0.0
221.0	26.1253660231277	23.79026254404685	23.73649643489338	26.347874997932074	0.0
222.0	26.218560612327053	23.762138733105033	23.796604187690594	26.22269646687732	0.0
223.0	26.126744641311124	23.751661234911023	23.839617075013372	26.28197704876448	0.0
224.0	26.335815771986955	23.747315133684975	23.78481365166634	26.132055442661734	0.0
225.0	26.28425530976257	23.725257181931227	23.82120927206002	26.16927823624618	0.0
226.0	26.27157198750417	23.861465034010603	23.659359051066918	26.20760392741831	0.0
227.0	26.27908900408073	23.65914856071468	23.770817249365834	26.290945185838755	0.0
228.0	26.32982243299879	23.75758244182199	23.67321054373001	26.239384581449208	0.0
229.0	26.263924120436748	23.706849012903938	23.711812065732875	26.317414800926436	0.0
230.0	26.290118010367262	23.729734200948492	23.67265909341568	26.307488695268553	0.0
231.0	26.21456931730451	23.666041689643762	23.79728686445351	26.322102128598214	0.0
232.0	26.29535678835337	23.755376640564684	23.64177787581339	26.307488695268553	0.0
233.0	26.215672217933168	23.652255431785598	23.839748538656664	26.292323811624573	0.0
234.0	26.177418598816033	23.806727160932947	23.72952390405841	26.28633033619261	0.0
235.0	26.153981895836264	23.739725763002546	23.791562235475446	26.314730105685747	0.0
236.0	26.273995114123274	23.844843083947744	23.753026100287308	26.128135701641675	0.0
237.0	26.197343097734077	23.78638902828404	23.786664754961702	26.22960311902018	0.0
238.0	26.342099603505037	23.747787293411786	23.798245275423376	26.111867827659797	0.0
239.0	26.20065181786598	23.84125863713818	23.734552412884156	26.22353713211168	0.0
240.0	26.160794791830387	23.835206983932654	23.788882730704433	26.215115493532526	0.0
241.0	26.200377237781137	23.848707795144442	23.826371347577187	26.12454361949724	0.0
242.0	26.145733937110805	23.88156842412977	23.83771917728885	26.134978461470578	0.0
243.0	26.10790565288381	23.80907726931733	23.840243149022548	26.242773928776312	0.0
244.0	26.20631637015584	23.803337470693698	23.836988001654944	26.153358157495514	0.0
245.0	26.240786511894783	23.745144988303835	23.81990113430728	26.19416736549411	0.0
246.0	26.126777270796207	23.793773138314016	23.738875677942257	26.340573912947523	0.0
247.0	26.225559844068563	23.75664543254972	23.798028510181616	26.219766213200096	0.0
248.0	26.12444336535649	23.750572499075727	23.842448254360647	26.28253588120713	0.0
249.0	26.331443391411106	23.760018761467258	23.774365765840336	26.1341720812813	0.0
