# Position (bp)	A	C	G	T	N
0.0	26.218968407939037	23.727934538330036	23.856355319446692	26.196741734284235	0.0
1.0	26.221986845102034	23.74549635455112	23.793516945780638	26.23899985456621	0.0
2.0	26.18336173236859	23.851348199610918	23.737752058587073	26.22753800943342	0.0
3.0	26.265145528776507	23.740616357171078	23.683546248737873	26.310691865314546	0.0
4.0	26.289508340649693	23.639431518876208	23.84712467076383	26.223935469710273	0.0
5.0	26.257915125709207	23.778299660897908	23.78186626866982	26.181918944723066	0.0
6.0	26.14504602131658	23.76538044745614	23.9327306895653	26.15684284166198	0.0
7.0	26.172716224483356	23.894358836487736	23.756916687013227	26.17600825201568	0.0
8.0	26.207314664442787	23.754553833999033	23.786924461221087	26.251207040337093	0.0
9.0	26.2639590288274	23.834107349080643	23.61191499633794	26.290018625754012	0.0
10.0	26.335236078461495	23.683279341454515	23.72552192911474	26.25596265096925	0.0
11.0	26.29518791093946	23.737865542392083	23.811927222056116	26.155019324612343	0.0
12.0	26.232921239518213	23.764198584050405	23.796840583606034	26.20603959282534	0.0
13.0	26.2373100797946	23.859655860061828	23.697543072352776	26.205490987790796	0.0
14.0	26.295736515974006	23.702206215146436	23.79629197857149	26.20576529030807	0.0
15.0	26.3075315242168	23.705497845353726	23.67505026593629	26.311920364493186	0.0
16.0	26.17723782851155	23.854169809716343	23.737316937357534	26.23127542441457	0.0
17.0	26.22222344134452	23.84018038133536	23.813573037159763	26.124023140160357	0.0
18.0	26.206588197859894	23.593308115788577	23.83963177630081	26.36047191005072	0.0
19.0	26.24499055027828	23.731007979460227	23.749111945600323	26.274889524661166	0.0
20.0	26.314114784631375	23.853621204681797	23.596874048513143	26.235389962173684	0.0
21.0	26.11359964450394	23.839906078818085	23.856364229854538	26.19013004682344	0.0
22.0	26.235664264690957	23.730185071908405	23.872548078373715	26.161602585026923	0.0
23.0	26.311646061975914	23.693154232076388	23.706046450388275	26.289153255559427	0.0
24.0	26.195616097168923	23.840728986369907	23.709063778078292	26.254591138382878	0.0
25.0	26.22222344134452	23.72607053414929	23.853621204681797	26.19808481982439	0.0
26.0	26.21070273561901	23.754049390911263	23.796840583606034	26.238407289863698	0.0
27.0	26.186289811581602	23.848683759370857	23.74143147511665	26.22359495393089	0.0
28.0	26.261723003832003	23.736768332322985	23.678616198660855	26.322892465184154	0.0
29.0	26.2894275580767	23.644876989036128	23.83771165867989	26.227983794207276	0.0
30.0	26.258431373624713	23.777913709914117	23.77626789481047	26.1873870216507	0.0
31.0	26.149533274266858	23.761181256360388	23.933168934691313	26.156116534681438	0.0
32.0	26.17120317313152	23.892297859617457	23.75596950853218	26.180529458718844	0.0
33.0	26.20603959282534	23.754049390911263	23.786142785432343	26.253768230831053	0.0
34.0	26.269677776832957	23.826190952954377	23.6111377794114	26.292993490801265	0.0
35.0	26.329475725598734	23.67889050117813	23.728813559322035	26.2628202139011	0.0
36.0	26.291073373180346	23.734573912184793	23.813024432125214	26.16132828250965	0.0
37.0	26.228258096724556	23.767215911740422	23.800132213813328	26.204393777721695	0.0
38.0	26.233195542035485	23.856912834889084	23.702206215146436	26.207685407928988	0.0
39.0	26.294365003387636	23.700286097525517	23.797937793675132	26.207411105411715	0.0
40.0	26.316583507286843	23.706869357940096	23.666272585383517	26.31027454938954	0.0
41.0	26.17833503858065	23.853072599647245	23.73567112225389	26.232921239518213	0.0
42.0	26.215914483447218	23.847860851819036	23.804521054089715	26.131703610644035	0.0
43.0	26.203570870169873	23.590016485581287	23.842374801473554	26.364037842775286	0.0
44.0	26.247733575451022	23.736768332322985	23.749111945600323	26.26638614662567	0.0
45.0	26.31356617959683	23.8525239946127	23.590565090615836	26.243344735174635	0.0
46.0	26.10893650171028	23.83908317126626	23.858832952510006	26.193147374513455	0.0
47.0	26.2373100797946	23.726344836666566	23.879679943822847	26.15666513971599	0.0
48.0	26.302045473871317	23.70440063528463	23.709886685630114	26.28366720521394	0.0
49.0	26.199456332410765	23.839357473783537	23.70961238311284	26.251573810692864	0.0
50.0	26.214817273378117	23.73759123987481	23.85334690216452	26.194244584582556	0.0
51.0	26.20137645003168	23.7578896261531	23.79656628108876	26.244167642726456	0.0
52.0	26.182723878857033	23.849506666922682	23.748563340565777	26.219206113654504	0.0
53.0	26.261448701314734	23.737865542392083	23.677518988591757	26.323166767701426	0.0
54.0	26.285587322834864	23.646248501622498	23.83826026371444	26.229903911828202	0.0
55.0	26.246087760347375	23.78998302067418	23.77818801243139	26.185741206547053	0.0
56.0	26.13993268616226	23.766667306705873	23.926037069242184	26.16736293788968	0.0
57.0	26.168185845441506	23.890926347031087	23.758712533704923	26.182175273822487	0.0
58.0	26.194793189617098	23.754323693428532	23.79766349115786	26.253219625796504	0.0
59.0	26.26117439879746	23.83249991085168	23.60647463661774	26.29985105373312	0.0
60.0	26.328104213012367	23.685748064109983	23.731556584494776	26.254591138382878	0.0
61.0	26.276535339764813	23.74225438266847	23.814121642194312	26.167088635372405	0.0
62.0	26.220029021206326	23.76776451677497	23.79492046598512	26.217285996033585	0.0
63.0	26.236761474760055	23.853621204681797	23.698914584939146	26.21070273561901	0.0
64.0	26.284490112765763	23.701383307594615	23.80644117171063	26.207685407928988	0.0
65.0	26.312468969527735	23.70385203025008	23.670935728177177	26.312743272045008	0.0
66.0	26.177512131028823	23.858284347475454	23.72853925680476	26.235664264690957	0.0
67.0	26.20850831548081	23.847586549301763	23.804795356606988	26.139109778610436	0.0
68.0	26.209879828067184	23.586999157891274	23.837163053645344	26.3659579603962	0.0
69.0	26.24444194524373	23.740608567564824	23.74636892042758	26.26858056676386	0.0
70.0	26.308903036803166	23.856638532371814	23.586450552856725	26.248007877968295	0.0
71.0	26.1097594092621	23.842374801473554	23.85471841475089	26.193147374513455	0.0
72.0	26.232646937000943	23.729087861839307	23.882971574030133	26.155293627129616	0.0
73.0	26.29518791093946	23.717841458631067	23.703577727732807	26.28339290269667	0.0
74.0	26.19232446696163	23.842100498956277	23.716469946044693	26.249105088037396	0.0
75.0	26.21838320610268	23.734025307150244	23.85060387699178	26.196987609755297	0.0
76.0	26.196713307238024	23.760632651325842	23.79629197857149	26.24636206286465	0.0
77.0	26.186564114098875	23.842923406508103	23.74883764308305	26.221674836309973	0.0
78.0	26.263917423970202	23.734299609667517	23.679164803695404	26.322618162666878	0.0
79.0	26.287781742973053	23.654477577140725	23.833322818403506	26.224417861482713	0.0
80.0	26.249105088037396	23.77955952501776	23.784496970328696	26.186838416616148	0.0
81.0	26.138835476093163	23.77242765956863	23.930700212035845	26.158036652302357	0.0
82.0	26.170654568096975	23.899978330101135	23.757066718601276	26.172300383200614	0.0
83.0	26.190404349340714	23.753500785876714	23.803423844020617	26.25267102076196	0.0
84.0	26.265837541591118	23.831402700782586	23.60592603158319	26.296833726043108	0.0
85.0	26.324263977770524	23.68492515655816	23.735945424771163	26.25486544090015	0.0
86.0	26.266660449142943	23.739785660013002	23.817138969884326	26.17641492095973	0.0
87.0	26.214817273378117	23.770781844464985	23.794097558433293	26.220303323723606	0.0
88.0	26.233195542035485	23.847312246784487	23.702206215146436	26.217285996033585	0.0
89.0	26.28476441528304	23.713452618354676	23.796017676054213	26.20576529030807	0.0
90.0	26.316309204769574	23.699188887456422	23.672307240763548	26.31219466701046	0.0
91.0	26.17531771089063	23.857461439923632	23.729636466873856	26.237584382311873	0.0
92.0	26.20274796261805	23.847860851819036	23.814121642194312	26.1352695433686	0.0
93.0	26.20137645003168	23.590565090615836	23.83771165867989	26.37034680067259	0.0
94.0	26.25075090314104	23.747740433013952	23.74143147511665	26.26007718872836	0.0
95.0	26.311920364493186	23.851701087060874	23.593582418305854	26.242796130140082	0.0
96.0	26.110308014296645	23.836614448610796	23.855541322302713	26.197536214789842	0.0
97.0	26.240876012519166	23.726893441701115	23.88132575892649	26.15090478685323	0.0
98.0	26.29765663359493	23.714549828423774	23.70110900507734	26.28668453290396	0.0
99.0	26.194244584582556	23.83359712092078	23.722504601424728	26.249653693071938	0.0
100.0	26.22935530679365	23.72332750897655	23.850878179509053	26.196439004720744	0.0
101.0	26.19534179465165	23.763375676498583	23.79492046598512	26.24636206286465	0.0
102.0	26.189032836754343	23.842100498956277	23.74636892042758	26.222497743861794	0.0
103.0	26.26611184410839	23.741157172599372	23.673953055867194	26.318777927425042	0.0
104.0	26.291621978214895	23.658592114899836	23.82399653281618	26.225789374069088	0.0
105.0	26.25294532327923	23.77901091998321	23.78038243256958	26.187661324167973	0.0
106.0	26.128137677919472	23.780931037604134	23.93481474979496	26.156116534681438	0.0
107.0	26.171477475648796	23.899704027583862	23.76584439915405	26.162974097613294	0.0
108.0	26.187935626685245	23.753775088393986	23.80424675157244	26.254042533348326	0.0
109.0	26.274889524661166	23.8259166504371	23.60455451899682	26.29463930590491	0.0
110.0	26.335236078461495	23.674775963419016	23.727990651770213	26.261997306349283	0.0
111.0	26.27050068438478	23.73567112225389	23.809732801917924	26.184095391443407	0.0
112.0	26.232921239518213	23.76392428153313	23.78998302067418	26.21317145827447	0.0
113.0	26.23456705462186	23.85773574244091	23.693702837110937	26.21399436582629	0.0
114.0	26.28887895304215	23.708515173043743	23.80095512136515	26.201650752548954	0.0
115.0	26.317680717355945	23.691782719490018	23.681633526350872	26.308903036803166	0.0
116.0	26.174220500821537	23.85855864999273	23.72991076939113	26.2373100797946	0.0
117.0	26.215640180929938	23.842374801473554	23.815767457297955	26.126217560298553	0.0
118.0	26.20631389534262	23.590839393133113	23.83963177630081	26.36321493522346	0.0
119.0	26.258431373624713	23.74280298770302	23.74691752546213	26.251848113210137	0.0
120.0	26.31082315442409	23.85526701978544	23.593582418305854	26.24032740748462	0.0
121.0	26.108387896675726	23.835517238541698	23.85773574244091	26.198359122341664	0.0
122.0	26.23401844958731	23.736768332322985	23.882971574030133	26.14624164405957	0.0
123.0	26.302045473871317	23.708515173043743	23.69672016480095	26.292719188283993	0.0
124.0	26.188484231719794	23.83524293602442	23.719761576251987	26.256511256003794	0.0
125.0	26.23237263448367	23.72415041652837	23.849506666922682	26.193970282065276	0.0
126.0	26.19013004682344	23.75158066825579	23.797937793675132	26.260351491245636	0.0
127.0	26.18025515620157	23.83908317126626	23.751854970773067	26.2288067017591	0.0
128.0	26.266183892912004	23.72942725477288	23.675663813912664	26.328725038402457	0.0
129.0	26.290943304101667	23.652138611308455	23.818092544690984	26.23882553989889	0.0
130.0	26.25124122910483	23.778109381771902	23.781401039066484	26.189248350056783	0.0
131.0	26.125335337586886	23.772897591055468	23.929799922097445	26.1719671492602	0.0
132.0	26.158872275117474	23.90106348252811	23.76418502456406	26.17587921779036	0.0
133.0	26.180268106222073	23.756778775335544	23.802313492814566	26.260639625627817	0.0
134.0	26.264205597478586	23.82809821235088	23.60316768022559	26.304528509944948	0.0
135.0	26.32537572999558	23.677778783564708	23.7268794728945	26.269966013545208	0.0
136.0	26.257896570357996	23.734011416596033	23.820143352068403	26.187948660977572	0.0
137.0	26.22223685185033	23.768573912995773	23.795181549113035	26.214007686040862	0.0
138.0	26.234854906091503	23.856625987157017	23.699997531250258	26.208521575501226	0.0
139.0	26.280663929097507	23.710695446802557	23.80697668677326	26.201663937326675	0.0
140.0	26.310563231538552	23.703563503101023	23.681070449888495	26.304802815471927	0.0
141.0	26.171490329358647	23.859643347953817	23.723862112097695	26.24500421058984	0.0
142.0	26.213733380513883	23.839619044484127	23.820691963122364	26.125955611879625	0.0
143.0	26.20797296444726	23.585886432025717	23.83742460026827	26.36871600325875	0.0
144.0	26.26255976431669	23.743337804513423	23.743886415567385	26.2502160156025	0.0
145.0	26.310288926011573	23.849768348982465	23.597681569685946	26.24226115532002	0.0
146.0	26.112240335530522	23.828646823404846	23.862112097696656	26.197000743367976	0.0
147.0	26.23211185082168	23.738125999500763	23.87555306851878	26.154209081158776	0.0
148.0	26.30123684362116	23.703289197574044	23.69368850412967	26.301785454675127	0.0
149.0	26.19316046599023	23.82809821235088	23.717278779450126	26.261462542208765	0.0
150.0	26.23348337845659	23.726330861840538	23.84565376607773	26.19453199362514	0.0
151.0	26.192611854936267	23.75485863664667	23.795730160166997	26.25679934825007	0.0
152.0	26.172861856993556	23.836601683687324	23.751841275849866	26.23869518346925	0.0
153.0	26.255225534622937	23.739288339788676	23.679215264595836	26.32627086099255	0.0
154.0	26.288488705407964	23.658707190958843	23.819725418661108	26.23307868497209	0.0
155.0	26.257838344936552	23.773432742474366	23.774255665827283	26.194473246761795	0.0
156.0	26.130010917449813	23.772609819121445	23.92814233282312	26.169236930605617	0.0
157.0	26.15367312846143	23.90681190389326	23.7638971562434	26.175617811401906	0.0
158.0	26.189881855313217	23.755942208677478	23.80860944773462	26.24556648827468	0.0
159.0	26.26531670292111	23.830005513601588	23.603426662241155	26.301251121236145	0.0
160.0	26.323744421250133	23.681878903753365	23.726865503781344	26.26751117121516	0.0
161.0	26.253795744377364	23.729334280612147	23.824519342866466	26.192350632144024	0.0
162.0	26.21484393215801	23.765817316000692	23.799831574558432	26.219507177282864	0.0
163.0	26.23596568948822	23.85661344166692	23.7109556086495	26.19646526019536	0.0
164.0	26.28177521512647	23.709035448892205	23.808335139197865	26.200854196783457	0.0
165.0	26.302622663919923	23.716441779384617	23.687913691561995	26.293021865133465	0.0
166.0	26.175617811401906	23.858807909960966	23.723299492803516	26.242274785833608	0.0
167.0	26.214295315084502	23.835491684336706	23.822599183109176	26.127613817469612	0.0
168.0	26.210454995569915	23.58669384149904	23.833571524579416	26.36927963835162	0.0
169.0	26.271625799266502	23.741129547692655	23.743872633060214	26.243372019980633	0.0
170.0	26.319629793198796	23.84344663190263	23.594648789064966	26.242274785833608	0.0
171.0	26.116641475999376	23.829456896528075	23.860453761181503	26.19344786629105	0.0
172.0	26.231576752900125	23.737563536714827	23.87828381607064	26.152575894314406	0.0
173.0	26.306462983434507	23.69504571351765	23.701354809863037	26.2971364931848	0.0
174.0	26.201402813856973	23.83165136482212	23.716716087921373	26.250229733399532	0.0
175.0	26.234319838267687	23.728785663538634	23.84564110019668	26.191253397997	0.0
176.0	26.192899249217533	23.75841098550828	23.802848968462747	26.245840796811436	0.0
177.0	26.167388555299233	23.837686152630756	23.758959602581793	26.23596568948822	0.0
178.0	26.25057604950734	23.73515986745375	23.685235576817572	26.329028506221334	0.0
179.0	26.289874393431923	23.657869543630383	23.82602159917268	26.226234463765014	0.0
180.0	26.25181730901111	23.777533945960773	23.776436702784252	26.194212042243866	0.0
181.0	26.133863667535316	23.76930462213688	23.929776436702785	26.167055273625017	0.0
182.0	26.16575549514606	23.89857056253069	23.759220296859958	26.176453645463297	0.0
183.0	26.190717845886287	23.754831312114423	23.807224817514243	26.247226024485048	0.0
184.0	26.268348013572933	23.835478906813627	23.6012168460207	26.294956233592742	0.0
185.0	26.324581880625104	23.67994425989373	23.724382730442272	26.271091129038894	0.0
186.0	26.258472797895482	23.728223092094616	23.82368351031	26.189620599699904	0.0
187.0	26.219246246732265	23.76552946243166	23.79405786327764	26.221166427558433	0.0
188.0	26.240916858913344	23.848920172596824	23.718896499510354	26.191266468979478	0.0
189.0	26.280143410076562	23.70627816836694	23.810516556073395	26.2030618654831	0.0
190.0	26.305928695456576	23.71039284156588	23.685430490825652	26.298247972151888	0.0
191.0	26.183860057221388	23.85330915734236	23.72109099188312	26.24173979355313	0.0
192.0	26.210468277241194	23.835478906813627	23.823409198763404	26.130643617181775	0.0
193.0	26.208548096415026	23.59161594188984	23.839044956919373	26.360791004775763	0.0
194.0	26.27685167151741	23.74193866942441	23.740018488598242	26.24119117045994	0.0
195.0	26.319095649693182	23.84178807238533	23.598748042101334	26.24036823582015	0.0
196.0	26.11171612046666	23.81956883711106	23.86812198085854	26.200593061563744	0.0
197.0	26.230767331689293	23.73754968467888	23.877174261896204	26.154508721735624	0.0
198.0	26.302088333804235	23.697500198875872	23.699694691248638	26.300716776071255	0.0
199.0	26.199495815377354	23.82752387196234	23.707924037646517	26.26505627501378	0.0
200.0	26.22884715086312	23.725479976628655	23.85468071507534	26.190992157432884	0.0
201.0	26.18934628815331	23.76552946243166	23.793783551731043	26.25134069768399	0.0
202.0	26.157800460294776	23.844256876304694	23.752362508195056	26.245580155205474	0.0
203.0	26.255801705125254	23.741729484183153	23.67836334309885	26.324105467592744	0.0
204.0	26.29318030322565	23.662792452002073	23.821894021895666	26.222133222876607	0.0
205.0	26.255397124094078	23.770114059679713	23.778892101408328	26.19559671481788	0.0
206.0	26.13469905032561	23.775600335760096	23.919615082870198	26.17008553104409	0.0
207.0	26.158361793468572	23.904593397248625	23.758658053189592	26.178386756093214	0.0
208.0	26.185518934562264	23.758932367746095	23.80940624614245	26.246142451549193	0.0
209.0	26.26753898695634	23.844518509374698	23.59269774650592	26.29524475716304	0.0
210.0	26.32487072926525	23.68349586470806	23.72875776653088	26.26287563949581	0.0
211.0	26.24861128255771	23.7315009120959	23.83190003977561	26.18798776557078	0.0
212.0	26.20910998642143	23.76688748988465	23.79267305819583	26.23132946549809	0.0
213.0	26.235169869289116	23.855216777078276	23.716413611488292	26.19319974214432	0.0
214.0	26.2754941090949	23.700777681767683	23.816264110055	26.20746409908242	0.0
215.0	26.300182419180075	23.710653005801753	23.68020409003004	26.308960484988138	0.0
216.0	26.182775788997244	23.84753596949622	23.724917362739852	26.244770878766683	0.0
217.0	26.206915469969417	23.83574044356664	23.825316490419564	26.13202759604438	0.0
218.0	26.202252122508877	23.59187480283641	23.836837701792646	26.369035372862058	0.0
219.0	26.28536943312897	23.740553292460465	23.733146799434913	26.240930474975656	0.0
220.0	26.311155001440152	23.847261654939718	23.59324637561892	26.248336968001208	0.0
221.0	26.114745778984762	23.824219232193556	23.85329657518276	26.20773841363892	0.0
222.0	26.233798296506606	23.733695428547914	23.86865819034687	26.163848084598605	0.0
223.0	26.31225225966616	23.690902357733613	23.698308850759165	26.29853653184106	0.0
224.0	26.2044466389609	23.82312197396755	23.70763554568023	26.264795841391326	0.0
225.0	26.232426723724096	23.727934822861375	23.848358913165725	26.1912795402488	0.0
226.0	26.184970305449255	23.766338860771647	23.789929912630814	26.258760921148284	0.0
227.0	26.15507001879055	23.831351410662606	23.75399470572906	26.259583864817788	0.0
228.0	26.254992538623593	23.740618416432586	23.673959796348313	26.330429248595504	0.0
229.0	26.288805435847074	23.663600727486195	23.82325267526739	26.22434116139934	0.0
230.0	26.25733111685348	23.759402208798985	23.776958484893374	26.206308189454163	0.0
231.0	26.13388855056482	23.76543717870643	23.924540930811812	26.176133339916934	0.0
232.0	26.155357010596887	23.9075988709089	23.753432398550505	26.183611719943713	0.0
233.0	26.18553194290903	23.750414905319293	23.812410675342417	26.251642476429264	0.0
234.0	26.261792226388803	23.846700371151666	23.591585034330844	26.299922368128687	0.0
235.0	26.32077050318071	23.680189608301948	23.73258426349848	26.266455625018857	0.0
236.0	26.255208604793424	23.721885878405995	23.83188722256207	26.19101829423851	0.0
237.0	26.203636902296314	23.7682455471401	23.786076188960912	26.242041361602674	0.0
238.0	26.23216592920961	23.862336472440685	23.70871863521524	26.196778963134467	0.0
239.0	26.275782422278976	23.710913175747038	23.80966749967768	26.203636902296314	0.0
240.0	26.295850261570408	23.716905925180164	23.671093383516812	26.316150429732616	0.0
241.0	26.192697045348552	23.850648816219035	23.719513867932292	26.237140270500127	0.0
242.0	26.200215639634894	23.83311796804912	23.82790530511911	26.138761087196876	0.0
243.0	26.19615288588431	23.592450635286887	23.83745654780359	26.37393993102521	0.0
244.0	26.282633449028026	23.750977460112768	23.736435597382467	26.22995349347674	0.0
245.0	26.314244242678676	23.85217136005312	23.590406339432953	26.243178057835255	0.0
246.0	26.1019888483997	23.83791763621197	23.85493041225798	26.205163103130353	0.0
247.0	26.22803262313257	23.738213631024905	23.877893766259426	26.155859979583102	0.0
248.0	26.311037440962494	23.705840219327253	23.69596061330399	26.287161726406268	0.0
249.0	26.208399311720783	23.82357219110451	23.699253815311742	26.268774681862965	0.0
