# Position (bp)	A	C	G	T	N
0.0	26.18377127840279	23.815526811559614	23.708555721830244	26.29214618820735	0.0
1.0	26.33257620637278	23.80878847519871	23.730455315003187	26.12818000342532	0.0
2.0	26.30998236886139	23.78182308219255	23.569575617370603	26.338618931575457	0.0
3.0	26.04369906431337	23.719782487247656	23.895802745017672	26.340715703421306	0.0
4.0	26.25924626289564	23.726296582216296	23.701593094252228	26.31286406063583	0.0
5.0	26.347539032455465	23.71533957253777	23.6558294642406	26.281291930766166	0.0
6.0	26.339914779904227	23.73783873303879	23.718470529453704	26.20377595760328	0.0
7.0	26.182289722380492	23.76367958818791	23.726349293671532	26.327681395760067	0.0
8.0	26.32481511107369	23.648661923406166	23.742123801905723	26.28439916361442	0.0
9.0	26.28302638743103	23.74111016934882	23.770298563594213	26.205564879625943	0.0
10.0	26.379097440502917	23.868994162550518	23.736809609339918	26.015098787606643	0.0
11.0	26.312584193982936	23.543724741805118	23.79490345756623	26.34878760664571	0.0
12.0	26.128199371351595	23.720532105972158	23.80135832959138	26.34991019308487	0.0
13.0	26.30107768298159	23.69611585092052	23.824371351594074	26.178435114503817	0.0
14.0	26.266277503367757	23.72614503816794	23.727828917826674	26.279748540637627	0.0
15.0	26.200606196677146	23.696957790749888	23.774977548271217	26.32745846430175	0.0
16.0	26.18517063313875	23.745229007633586	23.788448585541087	26.281151773686574	0.0
17.0	26.36001347103727	23.737370902559498	23.601257296811852	26.30135832959138	0.0
18.0	26.267045725623806	23.79203021994213	23.643007288372	26.297916766062063	0.0
19.0	26.283042537487265	23.719904243645477	23.743759138529587	26.253294080337675	0.0
20.0	26.276026391933115	23.66124926681279	23.818130281403565	26.244594059850527	0.0
21.0	26.32934909814465	23.615223351977573	23.72860426413262	26.326823285745153	0.0
22.0	26.28248124584293	23.80044959460711	23.72186876440064	26.195200395149314	0.0
23.0	26.33355878547714	23.744601075996083	23.717939722890318	26.20390041563646	0.0
24.0	26.2695715380233	23.7370236387976	23.704749369248514	26.288655453930588	0.0
25.0	26.184535853907008	23.81448188571541	23.708959056581005	26.292023203796578	0.0
26.0	26.341416868497785	23.811956073315915	23.7246752226223	26.121951835564	0.0
27.0	26.315878098680685	23.771543074924015	23.565268395632028	26.347310430763272	0.0
28.0	26.034109693226053	23.724955868444464	23.89446594503271	26.346468493296776	0.0
29.0	26.263604268049683	23.72488928553387	23.692895751595465	26.318610694820975	0.0
30.0	26.36407519041766	23.704963488081006	23.646589320895146	26.284372000606194	0.0
31.0	26.344991328068435	23.739202182295788	23.71646993449745	26.19933655513833	0.0
32.0	26.181375272927298	23.77905377720152	23.70861187353012	26.330959076341067	0.0
33.0	26.319452629924616	23.65136028648245	23.734431216708483	26.294755866884444	0.0
34.0	26.281565550260723	23.739202182295788	23.76586346057779	26.2133688068657	0.0
35.0	26.36996873614315	23.868579543222143	23.740886052503075	26.020565668131635	0.0
36.0	26.3104719888191	23.54443452831989	23.793366673963437	26.351726808897567	0.0
37.0	26.119633365326866	23.724327995464776	23.80824086079445	26.347797778413906	0.0
38.0	26.30177199274813	23.699631232424604	23.81806343700361	26.180533337823654	0.0
39.0	26.262762332946043	23.724608640499323	23.732186056432102	26.28044297012253	0.0
40.0	26.19821397500014	23.69710542711368	23.77344087651057	26.33123972137561	0.0
41.0	26.184181723272772	23.745376373055834	23.788595708376132	26.281846195295266	0.0
42.0	26.355936484415782	23.740605407468525	23.60617643592032	26.29728167219537	0.0
43.0	26.26353056075527	23.797790207199647	23.642593938645554	26.29608529339953	0.0
44.0	26.2747563306326	23.719490462305266	23.743906511788463	26.26184669527367	0.0
45.0	26.269985378434736	23.66448418990635	23.82192561243591	26.24360481922301	0.0
46.0	26.322465852611256	23.61396822545836	23.73632911712126	26.327236804809118	0.0
47.0	26.278124061595797	23.802841803644444	23.725103347243934	26.193930787515825	0.0
48.0	26.332288401253916	23.74615166576393	23.70938726941567	26.212172663566484	0.0
49.0	26.260443474039004	23.750080685220993	23.70573889420554	26.283736946534464	0.0
50.0	26.187195325589425	23.80985790981778	23.7147195101074	26.288227254485395	0.0
51.0	26.33509484372325	23.806209534607646	23.73352267465193	26.125172947017173	0.0
52.0	26.305907842042192	23.774496734704186	23.573836098146906	26.345759325106716	0.0
53.0	26.025824883602798	23.723419481762335	23.89629633787322	26.354459296761647	0.0
54.0	26.2651407146305	23.724475477374522	23.69697241836082	26.313411389634155	0.0
55.0	26.34933375242757	23.714372312838876	23.652350108328378	26.28394382640518	0.0
56.0	26.343440239781774	23.7385076503407	23.714372312838876	26.20367979703865	0.0
57.0	26.17280901651306	23.783410603832465	23.715775530135495	26.328004849518976	0.0
58.0	26.313692033093478	23.654875899462287	23.733736711532202	26.297695355912037	0.0
59.0	26.27412130532886	23.733736711532202	23.772184865459526	26.219957117679414	0.0
60.0	26.36869815112089	23.879110023461795	23.734578641910172	26.017613183507144	0.0
61.0	26.301624364342562	23.54963460221596	23.796600846420674	26.3521401870208	0.0
62.0	26.12987056723656	23.711846521704967	23.80979108900888	26.348491822049596	0.0
63.0	26.297695355912037	23.698375635657435	23.819894253544525	26.184034754886003	0.0
64.0	26.26710521884577	23.729246416183024	23.71858196472873	26.285066400242474	0.0
65.0	26.196102423636912	23.699498209494728	23.768255857028997	26.33614350983936	0.0
66.0	26.180105746455475	23.74636566720176	23.788181542640967	26.2853470437018	0.0
67.0	26.35157890010215	23.740191511096643	23.608569728673903	26.2996598601273	0.0
68.0	26.250473584508526	23.804672700484108	23.63740966814004	26.307444046867328	0.0
69.0	26.27180242755911	23.720760541640356	23.746299024766714	26.261138006033818	0.0
70.0	26.275731424963165	23.660703009892654	23.815337122009403	26.24822844313478	0.0
71.0	26.326247105872447	23.60260997684698	23.734231389882833	26.33691152739774	0.0
72.0	26.283589419771275	23.799059847049744	23.712902546832247	26.204448186346735	0.0
73.0	26.329895460604785	23.7583666596506	23.704763909352415	26.2069739703922	0.0
74.0	26.2608573633621	23.75359573423139	23.698589770574614	26.286957131831894	0.0
75.0	26.190696695432543	23.814495193994247	23.70785097874132	26.286957131831894	0.0
76.0	26.332701887321967	23.805795271170982	23.735073317897985	26.126429523609062	0.0
77.0	26.306321476180454	23.77632779064057	23.564723216165017	26.35262751701396	0.0
78.0	26.020065951027853	23.725812109731283	23.89503964077738	26.35908229846348	0.0
79.0	26.259661096860743	23.73304221415221	23.70329417443577	26.304002514551282	0.0
80.0	26.364059877752393	23.714239207916346	23.642675527466423	26.279025386864834	0.0
81.0	26.35199227673535	23.7361292748775	23.71395856603223	26.19791988235492	0.0
82.0	26.170136335827305	23.78524160459804	23.719852045598692	26.324770013975968	0.0
83.0	26.312421771074803	23.653620560946997	23.73809376806632	26.295863899911883	0.0
84.0	26.271728697877787	23.743706605748667	23.77205143604452	26.212513260329022	0.0
85.0	26.372198492391796	23.87392443997912	23.73809376806632	26.015783299562763	0.0
86.0	26.297547751216584	23.549783063823575	23.799834982572136	26.352834202387704	0.0
87.0	26.120462722338534	23.709187654002235	23.82004119822859	26.350308425430647	0.0
88.0	26.300354170057755	23.701049039362832	23.815270286198594	26.183326504380823	0.0
89.0	26.27088677222543	23.731077720963388	23.71367792414811	26.284357582663066	0.0
90.0	26.201568226848448	23.697681336753423	23.764474105173353	26.336276331224777	0.0
91.0	26.172662112784362	23.750442010967486	23.784399678945682	26.292496197302473	0.0
92.0	26.35507933746064	23.729113227774565	23.612366203981747	26.303441230783047	0.0
93.0	26.251448809660786	23.805661653481213	23.642609176402573	26.300280360455424	0.0
94.0	26.267725993259	23.711366245050193	23.749533434177035	26.271374327513776	0.0
95.0	26.286528946725902	23.655799307939056	23.81660665624553	26.241065089089517	0.0
96.0	26.33395729203793	23.605283910565294	23.725117658779716	26.335641138617056	0.0
97.0	26.293825615235445	23.798084343875146	23.715575861498007	26.192514179391402	0.0
98.0	26.33395729203793	23.759075231458745	23.70715662860238	26.199810847900945	0.0
99.0	26.269409839838126	23.756268820493535	23.706034064216297	26.26828727545204	0.0
100.0	26.192794820487926	23.80481973019165	23.709121116278027	26.293264333042405	0.0
101.0	26.337886267389226	23.802013319226443	23.728485351937966	26.131615061446368	0.0
102.0	26.315154338571034	23.776194338346517	23.565152233762806	26.343499089319643	0.0
103.0	26.02525208586495	23.724275735490153	23.89574744546442	26.35472473318048	0.0
104.0	26.255023461529824	23.739925012909456	23.69923216811477	26.305819357445948	0.0
105.0	26.362789340158503	23.719157630048716	23.647313710962933	26.270739318829843	0.0
106.0	26.357457174288857	23.73347028580409	23.712141622325497	26.196930917581557	0.0
107.0	26.169708807615454	23.785108102646998	23.71887698973979	26.326306099997755	0.0
108.0	26.322938416290608	23.64562986910936	23.734873487348736	26.2965582272513	0.0
109.0	26.26400395141555	23.746379740014817	23.768550324420197	26.221065984149433	0.0
110.0	26.37906647807638	23.87238723872387	23.73627668889338	26.01226959430637	0.0
111.0	26.299645270649513	23.551615365618193	23.803069082418446	26.345670281313843	0.0
112.0	26.12677084034934	23.705406254911203	23.82636222805954	26.34146067667991	0.0
113.0	26.299083990031658	23.699793448732628	23.818504299409533	26.182618261826185	0.0
114.0	26.278877887788777	23.734873487348736	23.70933521923621	26.276913405626278	0.0
115.0	26.204508205922632	23.688006555757614	23.77275992905413	26.33472530926562	0.0
116.0	26.184863384297614	23.753957028355895	23.786791944500575	26.27438764284592	0.0
117.0	26.362228059540648	23.73094452302373	23.600166139062885	26.306661278372733	0.0
118.0	26.254255220626	23.805661653481213	23.63475122569999	26.3053319001928	0.0
119.0	26.275864585058105	23.715856502594526	23.748691510887472	26.259587401459893	0.0
120.0	26.28765151111199	23.660570206579912	23.815764732955966	26.236013549352137	0.0
121.0	26.328063829010993	23.60051301192444	23.734659456061426	26.33676370300314	0.0
122.0	26.28989663988415	23.793874727427337	23.71669842588409	26.199530206804422	0.0
123.0	26.331150881072723	23.75879459036222	23.708279192988464	26.201775335576592	0.0
124.0	26.26716471106596	23.753181768431805	23.711366245050193	26.26828727545204	0.0
125.0	26.1911109739088	23.806503576770773	23.705753423119774	26.29663202620065	0.0
126.0	26.3362024208101	23.796961779489063	23.730449839613613	26.13638596008722	0.0
127.0	26.313544338611273	23.781312618220394	23.561850664840623	26.34329237832771	0.0
128.0	26.027850900579807	23.719852045598692	23.900024135202035	26.35227291861947	0.0
129.0	26.250266611286357	23.74383987606785	23.702304644087967	26.30358886855783	0.0
130.0	26.353262760858094	23.718862608188054	23.65571782984026	26.272156801113596	0.0
131.0	26.34821117859027	23.730368990020317	23.717178747432115	26.204241083957296	0.0
132.0	26.171405799216448	23.776955804268027	23.717459390891435	26.334179005624097	0.0
133.0	26.31790168498333	23.640001796118142	23.734859285369495	26.307237233529037	0.0
134.0	26.24689888977447	23.747488241039054	23.766010709354408	26.239602159832064	0.0
135.0	26.377752769257107	23.864864182216696	23.74278393480073	26.014599113725467	0.0
136.0	26.30008812254085	23.557063554874524	23.80178602499986	26.341062297584767	0.0
137.0	26.121317235534153	23.70776993842648	23.82115053238363	26.349762293655736	0.0
138.0	26.2944752218499	23.70356026290827	23.816379566796325	26.185584948445506	0.0
139.0	26.268655878671538	23.730502186224818	23.714224774221073	26.286617160882574	0.0
140.0	26.1973720398965	23.689808656215448	23.763337655266863	26.349481648621193	0.0
141.0	26.16144947547443	23.7540763691268	23.792524738859797	26.291949416538973	0.0
142.0	26.352568744001214	23.73471186174303	23.603089340540297	26.30963005371546	0.0
143.0	26.251890851226843	23.802694761184437	23.635149205351354	26.310265182237362	0.0
144.0	26.27630703775528	23.71906230617898	23.743478492707418	26.26115216335832	0.0
145.0	26.285568349886763	23.6693879956556	23.812798010782412	26.232245643675224	0.0
146.0	26.325774584643018	23.605747642568478	23.724741805118992	26.343735967669513	0.0
147.0	26.290693758419398	23.789851818590034	23.710428828019758	26.209025594970814	0.0
148.0	26.31903906600808	23.76347103726987	23.710148181409966	26.207341715312076	0.0
149.0	26.265996856757972	23.753367759317467	23.713515940727437	26.267119443197128	0.0
150.0	26.189941625505163	23.80107768298159	23.709867534800182	26.299113156713066	0.0
151.0	26.33791630533314	23.803109011868578	23.727053567168745	26.131921115629535	0.0
152.0	26.32255457203958	23.78240784916844	23.55339893016912	26.34163864862286	0.0
153.0	26.032364348699755	23.715894229312017	23.89550906774286	26.356232354245364	0.0
154.0	26.24131388991794	23.744653622065805	23.693575365686637	26.320457122329614	0.0
155.0	26.347680149081153	23.715185397231668	23.66579103941445	26.271343414272724	0.0
156.0	26.340102605552374	23.735111530214752	23.71967579339687	26.205110070836003	0.0
157.0	26.17002885079536	23.77889289282547	23.717991894834924	26.333086361544243	0.0
158.0	26.324666868734493	23.631832418415115	23.733146981892478	26.310353730957914	0.0
159.0	26.25506572817387	23.74858271871036	23.758966759842387	26.23738479327339	0.0
160.0	26.381151509198318	23.866522599385377	23.742194406634578	26.010131484781724	0.0
161.0	26.30067861492953	23.56517004664425	23.801197819900423	26.33295351852579	0.0
162.0	26.123587622153494	23.7097054844884	23.830946861476114	26.335760031881993	0.0
163.0	26.294223634210272	23.705495714454106	23.82617578877058	26.174104862565038	0.0
164.0	26.27991041609367	23.725983261954344	23.720931537913188	26.2731747840388	0.0
165.0	26.20188934479139	23.686972726303203	23.76751965962606	26.343618269279347	0.0
166.0	26.17298225722256	23.75657425753689	23.79053306914688	26.27991041609367	0.0
167.0	26.354563671368513	23.736086710036652	23.59688364756928	26.312465971025556	0.0
168.0	26.264267652316924	23.79705483661837	23.637925082722212	26.300752428342495	0.0
169.0	26.272125911768583	23.720998111211212	23.74401158531965	26.262864391700557	0.0
170.0	26.286158517932268	23.66374507806339	23.820910267096625	26.229186136907717	0.0
171.0	26.32019129302409	23.6121713554413	23.73341341296392	26.334223938570688	0.0
172.0	26.292126001930892	23.794876400458026	23.70843530389097	26.204562293720112	0.0
173.0	26.332259368194165	23.75726891039314	23.714609667931473	26.195862053481218	0.0
174.0	26.266586587036077	23.759794786591527	23.707873998069108	26.265744628303285	0.0
175.0	26.193897483104696	23.80273468196412	23.705909427692585	26.2974584072386	0.0
176.0	26.33850765202309	23.789330107686823	23.738812441939768	26.13334979835032	0.0
177.0	26.3225842665095	23.772276949847043	23.557856922342904	26.34728186130055	0.0
178.0	26.035474727063512	23.71867194297101	23.895764923802307	26.350088406163174	0.0
179.0	26.23657060745198	23.74041559549603	23.69607193776171	26.326941859290276	0.0
180.0	26.34069400630915	23.72105032724497	23.670251580093627	26.26800408635226	0.0
181.0	26.34658778360295	23.738170347003155	23.716279174197606	26.198962695196293	0.0
182.0	26.172300369343375	23.77858481987494	23.72048901512175	26.32862579565993	0.0
183.0	26.330871044152808	23.628433826913795	23.736767066695105	26.303928062238292	0.0
184.0	26.25733915601109	23.744906092481784	23.752203150083638	26.24555160142349	0.0
185.0	26.376692009980157	23.870707002669047	23.74048222459845	26.012118762752344	0.0
186.0	26.30295307965625	23.563453885143666	23.800328930750535	26.333264104449544	0.0
187.0	26.123612849629254	23.71051848691855	23.832043243728705	26.333825419723496	0.0
188.0	26.291726774177253	23.704624676542075	23.827272063900132	26.176376485380544	0.0
189.0	26.290323485992378	23.724832026404272	23.715289666747122	26.26955482085623	0.0
190.0	26.208932771269637	23.682172065584076	23.763001465032865	26.34589369811342	0.0
191.0	26.169640702093144	23.760194888663115	23.79724169674381	26.27292271249993	0.0
192.0	26.346174355750396	23.739987538800918	23.604710557778986	26.309127547669696	0.0
193.0	26.2567182610404	23.807131530570718	23.642104376868133	26.294045831520744	0.0
194.0	26.272996449670927	23.716478859404162	23.744264043445924	26.266260647478983	0.0
195.0	26.287871346178132	23.65782124864933	23.81498996646132	26.23931743871122	0.0
196.0	26.326114778391485	23.61045623961561	23.728613768018324	26.334815213974583	0.0
197.0	26.292155013696167	23.794849342134803	23.701670483631954	26.21132516053707	0.0
198.0	26.317414342808387	23.76538012483722	23.7207553100723	26.196450222282095	0.0
199.0	26.259598545062644	23.77071264987202	23.70531905339261	26.264369751672728	0.0
200.0	26.18606583142485	23.81084691723921	23.70644169024204	26.296645561093897	0.0
201.0	26.3379763852676	23.785373684757076	23.74074874474815	26.13590118522718	0.0
202.0	26.325981891765977	23.7700040976475	23.549685379256925	26.354328631329604	0.0
203.0	26.034094672496927	23.722011102940762	23.890688236383742	26.35320598817857	0.0
204.0	26.2340724108897	23.74375526241931	23.691832725231546	26.330339601459446	0.0
205.0	26.344092057255118	23.717373000280663	23.67134437271962	26.267190569744596	0.0
206.0	26.34156609598653	23.73196744316587	23.71456637664889	26.211900084198707	0.0
207.0	26.171484703901204	23.780241369632332	23.718214987370192	26.33005893909627	0.0
208.0	26.328936289643558	23.638226213864723	23.72944148189728	26.303396014594444	0.0
209.0	26.26017401066517	23.742351950603425	23.753859107493685	26.24361493123772	0.0
210.0	26.368022363239863	23.87236562549993	23.740453944580253	26.019158066679953	0.0
211.0	26.300456359564183	23.55808901537477	23.80507328135437	26.336381343706673	0.0
212.0	26.121112102790363	23.705718247085304	23.830894363706783	26.34227528641755	0.0
213.0	26.298772375932504	23.702350279821946	23.82668440462759	26.17219293961796	0.0
214.0	26.279967892045423	23.731819993376334	23.70964754222589	26.27856457235236	0.0
215.0	26.206995268005993	23.69364969772494	23.75118580514064	26.348169229128427	0.0
216.0	26.16152770995066	23.761289706930715	23.79440805168707	26.282774531431553	0.0
217.0	26.345643253680905	23.733784640946624	23.60832786038653	26.312244244985937	0.0
218.0	26.260956449254415	23.803175440713787	23.63617992854276	26.29968818148904	0.0
219.0	26.267973067412857	23.713082063559334	23.744516512909176	26.27442835611863	0.0
220.0	26.28874225716186	23.659194436102464	23.80457876434548	26.247484542390197	0.0
221.0	26.331757864247706	23.601163077890295	23.728304555762627	26.338774502099376	0.0
222.0	26.292745357792395	23.79201562745582	23.696870018187123	26.218368996564656	0.0
223.0	26.317724588544355	23.76479107259133	23.713148618003007	26.204335720861305	0.0
224.0	26.266362799470105	23.766475065675728	23.7038866560388	26.263275478815366	0.0
225.0	26.186653793475088	23.81194287895458	23.69827334575746	26.303129981812873	0.0
226.0	26.345584417406926	23.78366241457219	23.73286181394631	26.137891354074572	0.0
227.0	26.32853766833009	23.768853811739742	23.541794136303164	26.36081438362701	0.0
228.0	26.033275890135677	23.720298405249597	23.887295323524953	26.359130381089773	0.0
229.0	26.236626138111436	23.735868332715864	23.693768032961728	26.333737496210972	0.0
230.0	26.33850886351644	23.72351891145465	23.664017154468805	26.273955070560103	0.0
231.0	26.346367586137216	23.74288504934155	23.701065418252444	26.20968194626879	0.0
232.0	26.175159700470402	23.783862674435575	23.716221526163935	26.32475609893009	0.0
233.0	26.330930809560698	23.635669619301023	23.730816296745367	26.302583274392916	0.0
234.0	26.260763643303807	23.7454110673268	23.750743771962323	26.24308151740707	0.0
235.0	26.36356236896245	23.868691603211982	23.74267101891431	26.02507500891125	0.0
236.0	26.295433495186504	23.56310870358416	23.799152375873586	26.34230542535575	0.0
237.0	26.121417946055182	23.706531196497235	23.831148783294505	26.340902074153078	0.0
238.0	26.290942771337956	23.705969856016164	23.832271464256642	26.170815908389233	0.0
239.0	26.281399983159787	23.7323528586264	23.699514440483878	26.286732717729937	0.0
240.0	26.193323116477767	23.707595839157502	23.746891437489122	26.35218960687561	0.0
241.0	26.160742605800834	23.76473296113221	23.790837564805383	26.283686868261576	0.0
242.0	26.343195598472942	23.73428026049854	23.612452279362227	26.31007186166629	0.0
243.0	26.255744295006217	23.808400917402864	23.634914084716595	26.300940702874325	0.0
244.0	26.265700184724572	23.712683110335032	23.747494427381906	26.274122277558494	0.0
245.0	26.290936144527578	23.661196816350593	23.80465756116734	26.243209477954494	0.0
246.0	26.32707895231865	23.59922173526084	23.733705432972933	26.339993879447576	0.0
247.0	26.292485013547473	23.793292246353413	23.709340034535526	26.204882705563588	0.0
248.0	26.314311627267035	23.768942850644557	23.71924287563494	26.19750264645347	0.0
249.0	26.266015606353733	23.769223641463817	23.708011242864405	26.256749509318045	0.0
