# Position (bp)	A	C	G	T	N
0.0	26.235835227575304	23.748889380940234	23.773834515657978	26.241440875826484	0.0
1.0	26.192952018453795	23.68946950947775	23.76850914981936	26.349069322249097	0.0
2.0	26.095741461063344	23.86362362541896	23.789640058738467	26.250994854779226	0.0
3.0	26.28580715484607	23.732826716207544	23.781583010392936	26.199783118553448	0.0
4.0	26.215613424563884	23.819410587899064	23.66866723825855	26.29630874927851	0.0
5.0	26.299834701482084	23.84501162692965	23.677751940156334	26.17740173143193	0.0
6.0	26.272734403890762	23.82335802413797	23.7690083709672	26.134899201004067	0.0
7.0	26.220631038723468	23.83637703205058	23.74813358097527	26.194858348250676	0.0
8.0	26.32622762542368	23.746043306535196	23.698983164794534	26.22874590324659	0.0
9.0	26.197819065946227	23.792797259406782	23.73397422430624	26.275409450340753	0.0
10.0	26.19368391569218	23.778726979903368	23.801414466774034	26.226174637630418	0.0
11.0	26.21665149499335	23.743995518521114	23.751277921714163	26.288075064771377	0.0
12.0	26.241579721308035	23.83474546600378	23.714865905748898	26.20880890693929	0.0
13.0	26.158112177018417	23.76780337511379	23.758280232476718	26.315804215391083	0.0
14.0	26.160352916462433	23.852951473986415	23.780967719347384	26.205727890203768	0.0
15.0	26.25222323366711	23.778166795042363	23.726629787829985	26.24298018346054	0.0
16.0	26.197045024858202	23.67733352006162	23.776486240459352	26.349135214620823	0.0
17.0	26.351095861634338	23.77620614802885	23.75183810657517	26.120859883761643	0.0
18.0	26.315804215391083	23.727189972690987	23.691338141586723	26.26566767033121	0.0
19.0	26.181359848750084	23.744275610951615	23.82606260065822	26.24830193964008	0.0
20.0	26.23093620894895	23.771444576710316	23.734472375884042	26.26314683845669	0.0
21.0	26.293396820950914	23.771444576710316	23.715706183040403	26.219452419298367	0.0
22.0	26.314963938099574	23.707583502555842	23.661368251523	26.31608430782158	0.0
23.0	26.193403823261676	23.71766683005392	23.85659267558294	26.232336671101464	0.0
24.0	26.2368181499895	23.711504796582872	23.776486240459352	26.27519081296828	0.0
25.0	26.234503929685793	23.736646630777592	23.778660377675575	26.25018906186104	0.0
26.0	26.206214673441146	23.68791068437593	23.76857707842006	26.337297563762863	0.0
27.0	26.10258076442612	23.85904668007372	23.801067709354502	26.23730484614566	0.0
28.0	26.276517676583776	23.743368830281266	23.786222852117213	26.19389064101774	0.0
29.0	26.234223838039807	23.822634766095465	23.654019595211555	26.289121800653177	0.0
30.0	26.29024216723712	23.827396324077238	23.703875908197162	26.178485600488482	0.0
31.0	26.27623758493779	23.825155590909343	23.766616436898154	26.13199038725471	0.0
32.0	26.220779439032448	23.839160173208672	23.755132679412704	26.184927708346173	0.0
33.0	26.330015180967216	23.733845714317724	23.705836549719066	26.230302554995994	0.0
34.0	26.183807341762222	23.79630615137273	23.743368830281266	26.276517676583776	0.0
35.0	26.18401409417215	23.780554411851202	23.814445406089735	26.22098608788691	0.0
36.0	26.222666633055763	23.747223599335623	23.75002450795038	26.280085259658232	0.0
37.0	26.24087253905167	23.83965358362253	23.717253877157752	26.202220000168055	0.0
38.0	26.146481918734437	23.764029051024153	23.7783136849594	26.311175345282013	0.0
39.0	26.1697294602369	23.83965358362253	23.779434048405303	26.21118290773527	0.0
40.0	26.246194265419703	23.786716410803667	23.73405932884628	26.233029994930355	0.0
41.0	26.218465270133635	23.673279611906104	23.7783136849594	26.329941433000865	0.0
42.0	26.344506157797586	23.783355320465958	23.752545325703657	26.119593196032792	0.0
43.0	26.319858161987746	23.71977469491103	23.69876788030037	26.26159926280085	0.0
44.0	26.190176093124613	23.74302223641349	23.828730040024983	26.238071630436917	0.0
45.0	26.236110994406587	23.776072958067598	23.73405932884628	26.25375671867954	0.0
46.0	26.29380971187053	23.780554411851202	23.7155733319889	26.21006254428937	0.0
47.0	26.310895254420537	23.702689152361025	23.668237976399546	26.318177616818893	0.0
48.0	26.207261635674612	23.704649788391354	23.862901125124992	26.225187450809038	0.0
49.0	26.245914174558227	23.712772423374144	23.77579286720612	26.26552053486151	0.0
50.0	26.236597689817042	23.73987474371758	23.76900411172233	26.254523454743044	0.0
51.0	26.217831654660138	23.677694746630518	23.776006363646548	26.328467235062796	0.0
52.0	26.101874362795073	23.858072756198393	23.802054740804643	26.23799814020189	0.0
53.0	26.272169129592076	23.758360688797517	23.78496924610955	26.18450093550086	0.0
54.0	26.235477329509173	23.814938884345203	23.664530513012984	26.28505327313264	0.0
55.0	26.299057776981076	23.834545189733017	23.691419160401985	26.17497787288392	0.0
56.0	26.28057183190114	23.824461946962145	23.772365192645957	26.12260102849076	0.0
57.0	26.22399363635345	23.823341586654266	23.757800508643577	26.1948642683487	0.0
58.0	26.321745073215546	23.736233572716987	23.716627267329173	26.225394086738298	0.0
59.0	26.18310048511601	23.80709636219008	23.74435618494908	26.265446967744825	0.0
60.0	26.18134661330032	23.773138876673883	23.819353609930847	26.226160900094953	0.0
61.0	26.226160900094953	23.74597021530464	23.74428967954984	26.28357920505057	0.0
62.0	26.23624411462374	23.8381195925261	23.72860467917172	26.19703161367844	0.0
63.0	26.17630500603593	23.747090572474505	23.772298608796486	26.304305812693084	0.0
64.0	26.179946166837986	23.832237717384302	23.774539323136214	26.213276792641494	0.0
65.0	26.245767150567602	23.793865484316402	23.72468342907719	26.23568393603881	0.0
66.0	26.206834738914765	23.671746552801032	23.78210173403281	26.339316974251393	0.0
67.0	26.352761260289782	23.770898162334152	23.756613608418363	26.1197269689577	0.0
68.0	26.31438902722188	23.721042268275124	23.69219307115108	26.272375633351913	0.0
69.0	26.194510810046246	23.731685661388852	23.833358074554166	26.24044545401074	0.0
70.0	26.23400340028401	23.775659680306084	23.738127715115578	26.25220920429433	0.0
71.0	26.302905366230757	23.776780037475948	23.709278517991535	26.211036078301763	0.0
72.0	26.31438902722188	23.69947539275521	23.6695058384613	26.31662974156161	0.0
73.0	26.19619134580104	23.710959053746333	23.860246646630944	26.232602953821676	0.0
74.0	26.246607418445002	23.7162807503032	23.77117825162662	26.265933579625184	0.0
75.0	26.23533036439515	23.738061227347842	23.776713441447498	26.24989496680951	0.0
76.0	26.222726381536564	23.673080693499145	23.776713441447498	26.32747948351679	0.0
77.0	26.100047615046357	23.868302383553203	23.80080105313279	26.230848948267653	0.0
78.0	26.27678346357449	23.74254264347534	23.798000168053104	26.182673724897064	0.0
79.0	26.238411337982804	23.816766098086994	23.66159706467244	26.283225499257767	0.0
80.0	26.30143125227572	23.828529815421675	23.69604795115256	26.17399098115004	0.0
81.0	26.272021958939025	23.82768954989777	23.76887096322438	26.131417527938826	0.0
82.0	26.22580735512422	23.81816654062684	23.77111167128813	26.184914432960817	0.0
83.0	26.316275943198054	23.749824944682523	23.712012996106772	26.221886116012662	0.0
84.0	26.18631487550066	23.7873568047503	23.74590370557096	26.280424614178084	0.0
85.0	26.176998635972787	23.76068184555403	23.832664390487103	26.229655127986085	0.0
86.0	26.21929188221751	23.746677459380276	23.736034125888228	26.297996532513984	0.0
87.0	26.233576356114735	23.8438678994261	23.727351406460503	26.19520433799866	0.0
88.0	26.176718548249312	23.739115090846454	23.78504947749635	26.299116883407887	0.0
89.0	26.185121179953562	23.827902899188025	23.777767196686003	26.209208724172413	0.0
90.0	26.240298461478133	23.791771582859752	23.72651114329008	26.241418812372036	0.0
91.0	26.206687934661137	23.664611756402103	23.788970705625	26.339729603311756	0.0
92.0	26.364377322977557	23.77160526676955	23.751999126126304	26.112018284126588	0.0
93.0	26.313681445028582	23.711666493945906	23.69234044102613	26.282311619999383	0.0
94.0	26.210048987342837	23.732953160930002	23.80969719716215	26.24730065456501	0.0
95.0	26.23945819830771	23.776366758068626	23.73939517856993	26.244779865053737	0.0
96.0	26.313681445028582	23.767403950917426	23.70802535354073	26.210889250513258	0.0
97.0	26.30891995372951	23.698222283219103	23.67777587940543	26.31508188364596	0.0
98.0	26.180919864101437	23.72903193280135	23.86683509275105	26.223213110346162	0.0
99.0	26.250381619523232	23.70802535354073	23.770484915875652	26.271108111060382	0.0
100.0	26.246106791548097	23.73176634027202	23.780221380716572	26.241905487463306	0.0
101.0	26.23574357480562	23.665105648793386	23.774339554997873	26.32481122140312	0.0
102.0	26.094859844495733	23.8569652019987	23.80290842277443	26.245266530731136	0.0
103.0	26.287559658518006	23.73792825292971	23.793105379909925	26.181406708642363	0.0
104.0	26.238824531134462	23.812151291760962	23.6687467790002	26.280277398104374	0.0
105.0	26.30044365771135	23.82587555177127	23.692834255752988	26.18084653476439	0.0
106.0	26.27887696340944	23.81159111788299	23.77798068520469	26.131551233502883	0.0
107.0	26.219218445405453	23.82587555177127	23.77153868560801	26.18336731721526	0.0
108.0	26.314728091599633	23.736807905173766	23.721403123529544	26.227060879697056	0.0
109.0	26.185888099666137	23.78862398888615	23.748291469672186	26.277196441775523	0.0
110.0	26.173210879666588	23.77063184635594	23.834211403427695	26.221945870549778	0.0
111.0	26.243232418291868	23.732260043189285	23.739542283206312	26.284965255312535	0.0
112.0	26.230628541339318	23.837012264972707	23.732820215498286	26.19953897818969	0.0
113.0	26.17265070735758	23.742063058596823	23.78295563715399	26.302330596891604	0.0
114.0	26.173210879666588	23.82804950802867	23.777914086372967	26.22082552593178	0.0
115.0	26.245193021373375	23.784356067926492	23.741502886287822	26.228948024412308	0.0
116.0	26.207941562824725	23.659717729173494	23.79331882487053	26.339021883131252	0.0
117.0	26.361708861645845	23.76278943402991	23.749625384768354	26.125876319555896	0.0
118.0	26.30989292306313	23.716575218537223	23.69388824002263	26.279643618377012	0.0
119.0	26.19925889203519	23.723577372399753	23.821887612629645	26.255276122935417	0.0
120.0	26.24547310752788	23.763909778647914	23.739542283206312	26.2510748306179	0.0
121.0	26.30877257844513	23.767550898656424	23.70593194466618	26.217744578232267	0.0
122.0	26.315214559998658	23.69304798155913	23.675122467671056	26.316614990771157	0.0
123.0	26.18973596278215	23.717415477000724	23.866701397349825	26.226147162867296	0.0
124.0	26.2524752613904	23.704251427739173	23.77119201866494	26.272081292205485	0.0
125.0	26.23770418337852	23.736247731295794	23.775459902753816	26.25058818257187	0.0
126.0	26.237984270317504	23.66342512715947	23.771818772547	26.326771829976025	0.0
127.0	26.10354253960429	23.854444419547825	23.80430885746936	26.23770418337852	0.0
128.0	26.292601223419748	23.739048600685653	23.79142485827601	26.176925317618586	0.0
129.0	26.235463487866635	23.797866857872684	23.68163077819355	26.28503887606713	0.0
130.0	26.286999484640035	23.824195030137354	23.70543816800735	26.18336731721526	0.0
131.0	26.2855990499451	23.81159111788299	23.775459902753816	26.12734992941809	0.0
132.0	26.215857402137623	23.822234421564453	23.769858163974096	26.192050012323826	0.0
133.0	26.310246700575856	23.740449035380582	23.711880167604026	26.237424096439533	0.0
134.0	26.20493401151717	23.775459902753816	23.73932868762464	26.280277398104374	0.0
135.0	26.16411460069294	23.766563687747002	23.84106702219135	26.22825468936871	0.0
136.0	26.213129952301063	23.7374345645056	23.757600880595803	26.291834602597536	0.0
137.0	26.23721749651991	23.8270626360176	23.746117283933327	26.189602583529158	0.0
138.0	26.171396881503288	23.722870002884903	23.794852547817978	26.31088056779383	0.0
139.0	26.172517232397187	23.821460881548102	23.78981096879543	26.216210917259286	0.0
140.0	26.243659514159834	23.788130442454577	23.736874389058656	26.231335654326937	0.0
141.0	26.192403460763913	23.66209096689083	23.813058249843852	26.332447322501405	0.0
142.0	26.357095042167206	23.761802196447928	23.747797810274175	26.133304951110688	0.0
143.0	26.313961532752057	23.720069125650152	23.698502370942577	26.267466970655207	0.0
144.0	26.206761336582364	23.712573173122706	23.812564770467468	26.268100719827466	0.0
145.0	26.241212223062487	23.761868750525167	23.746463882586895	26.250455143825448	0.0
146.0	26.311514438562583	23.761588662017196	23.711172730582863	26.21572416883735	0.0
147.0	26.319990813071207	23.690232446103817	23.679028874405162	26.310747866419813	0.0
148.0	26.19346381796386	23.71046528563586	23.878239241740143	26.217831654660138	0.0
149.0	26.25502415797213	23.708983964708356	23.77368531615433	26.262306561165182	0.0
150.0	26.237451823967017	23.734538854530786	23.777113023214124	26.25089629828807	0.0
151.0	26.234370798601773	23.65667294075468	23.78355516715963	26.32540109348391	0.0
152.0	26.103287173971495	23.8532983777001	23.80652281079143	26.236891637536974	0.0
153.0	26.282546831585552	23.75050416778704	23.796719548265663	26.17022945236175	0.0
154.0	26.224567536076005	23.799520480415882	23.691124406202384	26.28478757730573	0.0
155.0	26.296831585551672	23.8163260733172	23.69924710943802	26.187595231693106	0.0
156.0	26.280586179080395	23.802881598996144	23.78355516715963	26.132977054763824	0.0
157.0	26.220646231065697	23.809603836156672	23.777113023214124	26.192636909563504	0.0
158.0	26.314477458098057	23.747143049206777	23.704288787308418	26.234090705386752	0.0
159.0	26.208602222819756	23.774872277493948	23.74882360849691	26.26770189118939	0.0
160.0	26.167928497203246	23.755185269213854	23.84789690242311	26.22898933115979	0.0
161.0	26.218625795121298	23.729696572470527	23.751544026821954	26.300133605586222	0.0
162.0	26.216665126141038	23.829690690463586	23.752944504664992	26.200699678730384	0.0
163.0	26.188935664848845	23.722694183255328	23.799160273485313	26.289209878410514	0.0
164.0	26.183333753476685	23.827169830346115	23.78683606846656	26.202660347710637	0.0
165.0	26.241313536178545	23.78375501721187	23.741180490783456	26.233750955826128	0.0
166.0	26.19677834076987	23.649589239848638	23.821007727836736	26.332624691544755	0.0
167.0	26.35559252817061	23.76162746729184	23.75742603376272	26.125353970774828	0.0
168.0	26.31357819287941	23.719893227569248	23.70112682447251	26.265401755078834	0.0
169.0	26.204487716340026	23.72058629932861	23.81946058893224	26.255465395399124	0.0
170.0	26.24426150989163	23.75531834440184	23.742153778930533	26.258266366775995	0.0
171.0	26.296359577501477	23.762880967119397	23.726748436357727	26.2140110190214	0.0
172.0	26.317160479303563	23.68956187083004	23.67555697471836	26.31772067514803	0.0
173.0	26.19055621845397	23.710289117075327	23.900475606271954	26.19867905819875	0.0
174.0	26.250570701115073	23.69915158101715	23.782340896932077	26.2679368209357	0.0
175.0	26.240280547650524	23.739272189481703	23.782967710130638	26.23747955273713	0.0
176.0	26.22991686647097	23.655802541062585	23.77372442691644	26.340556165550005	0.0
177.0	26.105272592824974	23.838707508907163	23.809016962825197	26.24700293544267	0.0
178.0	26.288177560669553	23.755237860488045	23.796972684697604	26.159611894144803	0.0
179.0	26.23047706545365	23.805655768929125	23.691375176462678	26.272491989154545	0.0
180.0	26.29377955049634	23.822181638918146	23.70313935509893	26.18089945548659	0.0
181.0	26.282015371860084	23.79445178927555	23.793331391310193	26.130201447554168	0.0
182.0	26.232717861384362	23.801174177067693	23.781287113182604	26.184820848365337	0.0
183.0	26.30946512201134	23.747395074730544	23.7079010464517	26.235238756806417	0.0
184.0	26.214791493938648	23.783247809621976	23.737871692025006	26.26408900441437	0.0
185.0	26.16472697225607	23.746341190146072	23.858661400781482	26.230270436816383	0.0
186.0	26.227749534333288	23.72085206503928	23.750822794560452	26.30057560606697	0.0
187.0	26.23447194095486	23.8317717742952	23.741859585731692	26.191896699018248	0.0
188.0	26.178451885775107	23.727574471660855	23.79675923980785	26.297214402756186	0.0
189.0	26.174250381636625	23.822808565466435	23.796479139531954	26.206461913364986	0.0
190.0	26.24427545061132	23.784434827668306	23.742419786283488	26.228869935436887	0.0
191.0	26.2022604092265	23.65390809909948	23.807403050292006	26.336428441382015	0.0
192.0	26.342870747727687	23.75894570256152	23.767068610562582	26.131114939148215	0.0
193.0	26.30505721048135	23.71861126283209	23.700404744898673	26.275926781787877	0.0
194.0	26.21738582412504	23.70628685069255	23.825609568225424	26.25071775695699	0.0
195.0	26.23531224178256	23.771270114701064	23.745220789042477	26.248196854473903	0.0
196.0	26.30113580661877	23.760346203941012	23.724493368625968	26.214024620814254	0.0
197.0	26.311853316676657	23.70159153422555	23.67610233772345	26.310452811374347	0.0
198.0	26.19673178082652	23.704112443769713	23.892900558521514	26.20625521688225	0.0
199.0	26.243302064630704	23.706419654186263	23.78176705049956	26.26851123068348	0.0
200.0	26.245616393846703	23.740098372043516	23.77959284281761	26.23469239129217	0.0
201.0	26.224755609086582	23.65732052323464	23.781686787484944	26.33623708019383	0.0
202.0	26.092266323072185	23.838828044032383	23.82118147951038	26.24772415338506	0.0
203.0	26.286098428615446	23.745553345844655	23.804935435982184	26.163412789557718	0.0
204.0	26.234839360242013	23.800733873000755	23.697655527856362	26.266771238900873	0.0
205.0	26.296462283969635	23.82594325088933	23.695974902663792	26.181619562477245	0.0
206.0	26.27769530265259	23.800453768801994	23.787008767261423	26.134842161284	0.0
207.0	26.234279151844486	23.790650121845328	23.78392762107504	26.19114310523515	0.0
208.0	26.306560674050296	23.748620471364625	23.704363512097835	26.24045534248724	0.0
209.0	26.209790366494495	23.780966039596198	23.740910465989177	26.268333127920133	0.0
210.0	26.160991145683067	23.748392861644646	23.86631970218571	26.22429629048658	0.0
211.0	26.225136624267158	23.713378954120575	23.760717757093115	26.30076666451915	0.0
212.0	26.233480299609525	23.82506344573359	23.7429901568076	26.198466097849288	0.0
213.0	26.18530075798744	23.72170152213738	23.80545549274786	26.287542227127325	0.0
214.0	26.186141098829687	23.82842480910257	23.798452652395813	26.186981439671932	0.0
215.0	26.256729729578314	23.776043563269262	23.730104930559833	26.237121776592588	0.0
216.0	26.20210757483235	23.642989596580374	23.815819696468886	26.339083132118386	0.0
217.0	26.344685404400025	23.752514019686384	23.771561745443954	26.131238830469638	0.0
218.0	26.313179979607614	23.72519580051317	23.706147968044462	26.255476251834754	0.0
219.0	26.20673620992952	23.711190041345002	23.82631738170736	26.25575636701812	0.0
220.0	26.238109110466223	23.764972156550773	23.746764669632153	26.25015406335085	0.0
221.0	26.311499288507434	23.759089737700144	23.712310502078456	26.217100471713966	0.0
222.0	26.319003453849238	23.68954013103898	23.683097427680654	26.308358987431124	0.0
223.0	26.19129655307646	23.704357325938062	23.89932350098744	26.20502261999804	0.0
224.0	26.253277457813233	23.704983976872914	23.778936871120273	26.262801694193577	0.0
225.0	26.247408818421196	23.73382262311614	23.78396548826265	26.234803070200012	0.0
226.0	26.23158850125218	23.658600810133958	23.787740420978324	26.32207026763554	0.0
227.0	26.08326610192282	23.8489422258079	23.820929138093316	26.246862534175968	0.0
228.0	26.303316207903098	23.7398241888765	23.7992122675601	26.1576473356603	0.0
229.0	26.237204950500598	23.80285398936617	23.695002997417177	26.264938062716052	0.0
230.0	26.295619824524053	23.832681554855842	23.69205427876696	26.17964434185314	0.0
231.0	26.28624254139003	23.79051460907079	23.795837185197634	26.12740566434154	0.0
232.0	26.23807309379605	23.79218188847117	23.781536616932705	26.18820840080008	0.0
233.0	26.321849384528324	23.737260548741883	23.712327922860137	26.228562143869656	0.0
234.0	26.22170551322277	23.77689376961004	23.7337516808606	26.26764903630659	0.0
235.0	26.148941475071368	23.750066534251832	23.865485952168175	26.23550603850863	0.0
236.0	26.221939583082367	23.70648236602578	23.76027096004236	26.311307090849496	0.0
237.0	26.249968482892516	23.810964591580312	23.74877083280805	26.19029609271913	0.0
238.0	26.185960380672764	23.725931300725318	23.807456008875267	26.280652309726655	0.0
239.0	26.190162685216574	23.829588146139344	23.797650631606373	26.18259853703771	0.0
240.0	26.248045769616553	23.777170106298925	23.72589782527079	26.248886298813733	0.0
241.0	26.194232046242256	23.640036648613208	23.83308630075959	26.332645004384947	0.0
242.0	26.345948005805774	23.756045347814148	23.771176229944576	26.1268304164355	0.0
243.0	26.312515411688224	23.718307964760474	23.704857764128313	26.264318859422985	0.0
244.0	26.213034498799225	23.699954883383352	23.830821094400214	26.256189523417206	0.0
245.0	26.24021253580096	23.771837885403297	23.745495104166086	26.24245447462966	0.0
246.0	26.315214192626225	23.75218957133448	23.716595899721135	26.216000336318157	0.0
247.0	26.32649972250719	23.68022737592708	23.686954474361347	26.306318427204385	0.0
248.0	26.210707207194577	23.69692161485564	23.90044657750068	26.191924600449102	0.0
249.0	26.2518572509882	23.691794454879314	23.783745900030837	26.272602394101654	0.0
