# Position (bp)	A	C	G	T	N
0.0	26.30081141248577	23.733394642546727	23.825358462634092	26.140435482333412	0.0
1.0	26.181931352372835	23.699468965014496	23.79143278510186	26.327166897510807	0.0
2.0	26.10965179094561	23.87086464953422	23.726490071794814	26.292993487725358	0.0
3.0	26.18194661688279	23.853373025884252	23.757225109462862	26.207455247770095	0.0
4.0	26.124613543292963	23.718561414032127	23.73425793304874	26.422567109626172	0.0
5.0	26.190696409902824	23.891285276649654	23.68640113008602	26.2316171833615	0.0
6.0	26.325775622880528	23.736162103080073	23.813514195229953	26.12454807880945	0.0
7.0	26.299004290546506	23.764190891486443	23.74877743245402	26.18802738551303	0.0
8.0	26.164602365073137	23.64456649666536	23.914420220814886	26.27641091744662	0.0
9.0	26.382315772956407	23.73410893766304	23.654531036782362	26.22904425259819	0.0
10.0	26.104948769601897	23.81253904969503	23.838315350627738	26.24419683007534	0.0
11.0	26.1525788908906	23.783400622553703	23.75902520754125	26.30499527901445	0.0
12.0	26.266611004799433	23.699627644522394	23.819263302112255	26.214498048565915	0.0
13.0	26.267171359167534	23.796008595836007	23.653678586338	26.283141458658456	0.0
14.0	26.179756077743566	23.76154680219771	23.78312044536965	26.27557667468907	0.0
15.0	26.225424958743908	23.89575167335823	23.78312044536965	26.095702922528208	0.0
16.0	26.38316471336473	23.70270959354696	23.59736297234371	26.316762720744595	0.0
17.0	26.205252201492225	23.77275388955976	23.725403945455106	26.296589963492913	0.0
18.0	26.254843563069286	23.776676370136475	23.765749459958478	26.20273060683576	0.0
19.0	26.25344267714903	23.813099404063127	23.704951011019368	26.228506907768473	0.0
20.0	26.21926106069478	23.771913358007605	23.702429416362907	26.306396164934704	0.0
21.0	26.200769366547405	23.85820793069537	23.830750566658352	26.110272136098867	0.0
22.0	26.256804803357642	23.803293202621337	23.707472605675832	26.232429388345192	0.0
23.0	26.184238912688386	23.702429416362907	23.878380687947057	26.23495098300165	0.0
24.0	26.30919793677522	23.78956452060283	23.758464853173148	26.142772689448808	0.0
25.0	26.295749431940756	23.733809260976642	23.842798185572555	26.12764312151004	0.0
26.0	26.186760507344847	23.692623214921117	23.8058147972778	26.31480148045624	0.0
27.0	26.07805175993298	23.880902282603518	23.74053351339387	26.30051244406963	0.0
28.0	26.175833597166847	23.847281020517375	23.765749459958478	26.211135922357297	0.0
29.0	26.126802589957887	23.73128766632018	23.72848589447967	26.413423849242264	0.0
30.0	26.184445727029736	23.89792613429415	23.689194716993818	26.22843342168229	0.0
31.0	26.319490751377067	23.74551017320505	23.817515507763687	26.117483567654194	0.0
32.0	26.299524541982915	23.771499976185073	23.748245400216856	26.180730081615156	0.0
33.0	26.183812013369977	23.643739896166917	23.903742866028427	26.268705224434676	0.0
34.0	26.36732704058904	23.730314160916063	23.673158335644782	26.229200462850116	0.0
35.0	26.111526704938655	23.807642630400736	23.83986282601935	26.24096783864126	0.0
36.0	26.16616094968326	23.788870864257717	23.749366102673157	26.295602083385866	0.0
37.0	26.269825926890977	23.696132735998923	23.832298084439326	26.201743252670774	0.0
38.0	26.256097321801303	23.789711391099942	23.671477281960332	26.28271400513842	0.0
39.0	26.18129043284331	23.753848912498356	23.78214664951992	26.28271400513842	0.0
40.0	26.203704481969297	23.898979880589152	23.79419420092514	26.103121436516407	0.0
41.0	26.374611606554986	23.698934492139674	23.599472149143082	26.326981752162254	0.0
42.0	26.205385535653747	23.770659449342848	23.71994766319529	26.30400735180811	0.0
43.0	26.254136092502783	23.779064717765095	23.763094707762825	26.203704481969297	0.0
44.0	26.253855916888707	23.800358064434786	23.717426082668617	26.228359936007887	0.0
45.0	26.21939431635749	23.773181029869523	23.695572384770774	26.311852269002213	0.0
46.0	26.200062198986323	23.84742756759937	23.832858435667475	26.11965179774683	0.0
47.0	26.263381887767252	23.807922806014812	23.693330979858178	26.23536432635976	0.0
48.0	26.174286042491435	23.704818180035243	23.875445129006863	26.245450648466456	0.0
49.0	26.326141225320033	23.780745771449542	23.768137868816176	26.124975134414253	0.0
50.0	26.30260647373774	23.731995214600513	23.8393024747912	26.12609583687055	0.0
51.0	26.19165693056408	23.687167116348526	23.807082279172587	26.31409367391481	0.0
52.0	26.095556694936384	23.872083021637962	23.73311591705681	26.29924436636884	0.0
53.0	26.182971486527755	23.846026689528994	23.76169382969245	26.209307994250796	0.0
54.0	26.123294080729803	23.742361712321284	23.726391702319013	26.4079525046299	0.0
55.0	26.19802756920318	23.891348201277598	23.693824946766785	26.21679928275244	0.0
56.0	26.330550263364337	23.738652919421718	23.814860472935113	26.11593634427883	0.0
57.0	26.301058217364627	23.779211646274664	23.73074153664256	26.188988599718144	0.0
58.0	26.17469972346822	23.648370367672396	23.917617624068072	26.259312284791314	0.0
59.0	26.36661894368782	23.72990101451021	23.678909338481063	26.224570703320904	0.0
60.0	26.11642352229205	23.81675496818624	23.83412575892144	26.23269575060027	0.0
61.0	26.162932413615337	23.790138433995196	23.742508846495443	26.304420305894023	0.0
62.0	26.27276063890889	23.693758562819223	23.834686107009677	26.19879469126221	0.0
63.0	26.259032110747192	23.78537547524522	23.672185161422277	26.283407252585306	0.0
64.0	26.194031732512236	23.738026061789583	23.785935823333453	26.282006382364724	0.0
65.0	26.205518868320997	23.898845963112286	23.797703133186335	26.097932035380378	0.0
66.0	26.383989734423025	23.68955595215748	23.593176080981507	26.33327823243799	0.0
67.0	26.203557650012186	23.759879637230647	23.72990101451021	26.306661698246952	0.0
68.0	26.26015280692366	23.78621599737757	23.76100033340711	26.192630862291654	0.0
69.0	26.250907063467828	23.799104003406914	23.716452660392637	26.23353627273262	0.0
70.0	26.21504478582095	23.770526250907064	23.700762913922127	26.313666049349855	0.0
71.0	26.20495852023277	23.86074229311248	23.82375931928914	26.110539867365606	0.0
72.0	26.26379506949717	23.803026440024546	23.698521521569198	26.234656968909086	0.0
73.0	26.174139375379983	23.700482739878012	23.87951395406827	26.245863930673735	0.0
74.0	26.324312663026273	23.776970253921736	23.76184085553946	26.13687622751253	0.0
75.0	26.302459087585206	23.729620840466097	23.83524645509791	26.132673616850788	0.0
76.0	26.19235068824754	23.68367229723104	23.80610835450982	26.3178686600116	0.0
77.0	26.10661743074798	23.87475099531829	23.729060492377865	26.289571081555863	0.0
78.0	26.186467033321097	23.844212024509627	23.76492277002474	26.20439817214454	0.0
79.0	26.12202700317437	23.732142406863144	23.729060492377865	26.416770097584617	0.0
80.0	26.19732042294955	23.892335019976354	23.694532699021075	26.215811858053016	0.0
81.0	26.32367856282325	23.741601806557174	23.821171012153915	26.11354861846566	0.0
82.0	26.30735480761957	23.776837020870047	23.735091322217958	26.180716849292423	0.0
83.0	26.171190985170472	23.649638717594552	23.91440170569002	26.264768591544957	0.0
84.0	26.368712579463917	23.725005113147652	23.683539586969736	26.22274272041869	0.0
85.0	26.12047976734478	23.810737890245235	23.83791462024022	26.230867722169766	0.0
86.0	26.166988398057846	23.782160297879372	23.749099945926712	26.301751358136066	0.0
87.0	26.27093238597681	23.68578096676314	23.83623358539517	26.207053061864883	0.0
88.0	26.2541220375263	23.792246506949677	23.66813010089011	26.28550135463391	0.0
89.0	26.200048750010506	23.737612874485535	23.778798228189274	26.28354014731469	0.0
90.0	26.20593237196818	23.910199118577395	23.79280685189803	26.09106165755639	0.0
91.0	26.377397926163347	23.689703381401593	23.598367154820508	26.334531537614552	0.0
92.0	26.214057373719264	23.75442322293604	23.72808701036358	26.30343239298112	0.0
93.0	26.255242727423	23.786643057466176	23.76394908705799	26.19416512805283	0.0
94.0	26.255242727423	23.790845644578802	23.722763733354252	26.231147894643943	0.0
95.0	26.219660823202762	23.761147362316244	23.705953384903747	26.313238429577247	0.0
96.0	26.207613406813234	23.849121519207227	23.826987893747393	26.11627718023215	0.0
97.0	26.272613420821855	23.807936165503484	23.700069762946068	26.219380650728592	0.0
98.0	26.1798763318699	23.708755109645498	23.869013764873657	26.242354793610943	0.0
99.0	26.318561706586575	23.77655684839587	23.76927236406732	26.135609080950235	0.0
100.0	26.302591875558594	23.724444768199305	23.84295772477537	26.13000563146673	0.0
101.0	26.199208232587985	23.68634131171149	23.81101806271941	26.30343239298112	0.0
102.0	26.099747004255818	23.87741893909891	23.72752666541523	26.295307391230043	0.0
103.0	26.182397884137476	23.840996517456144	23.775155986025	26.201449612381385	0.0
104.0	26.13308752868266	23.725285285621826	23.727806837889403	26.413820347806112	0.0
105.0	26.190729679147385	23.891640797480697	23.7008438771279	26.216785646244016	0.0
106.0	26.331375867131378	23.737266196725354	23.8238392486916	26.10751868745167	0.0
107.0	26.309728934650135	23.77642361840723	23.745884989843805	26.16796245709883	0.0
108.0	26.168242628003078	23.64306226798347	23.92211248861806	26.26658261539539	0.0
109.0	26.372487217202494	23.718988583035653	23.68228619457869	26.226238005183163	0.0
110.0	26.110807592631506	23.812565665055686	23.842824122714855	26.233802619597956	0.0
111.0	26.171884849758353	23.78230720739651	23.743923793514043	26.30188414933109	0.0
112.0	26.27386705890593	23.68676892904672	23.847867198991384	26.191496813055963	0.0
113.0	26.249772361140295	23.78763045457729	23.670238845695874	26.292358338586535	0.0
114.0	26.19037612943896	23.735238495482243	23.78174686558801	26.29263850949079	0.0
115.0	26.21699236534286	23.898017790852418	23.795475239896334	26.08951460390838	0.0
116.0	26.38061217342579	23.677803460110667	23.613644323037054	26.32794004342649	0.0
117.0	26.20998809273657	23.752609091545843	23.726553197450446	26.31084961826714	0.0
118.0	26.25565595012958	23.77306156755621	23.77362190936471	26.1976605729495	0.0
119.0	26.256496462842332	23.784828745534774	23.71646704489739	26.242207746725505	0.0
120.0	26.224837150661905	23.75961336415213	23.707221405057087	26.308328080128877	0.0
121.0	26.20746655459831	23.835819850108567	23.831897457449045	26.124816137844086	0.0
122.0	26.266862786299644	23.792113189045317	23.71674721580164	26.224276808853404	0.0
123.0	26.177488267843387	23.69685508159978	23.87700497303355	26.248651677523288	0.0
124.0	26.31421166911816	23.776143447502974	23.7719408839392	26.13770399943966	0.0
125.0	26.295720389437555	23.728234222875955	23.846746515374377	26.129298872312113	0.0
126.0	26.19653988933249	23.686208587238216	23.819850108566225	26.297401414863064	0.0
127.0	26.101842123695455	23.880927365693072	23.735518666386497	26.281711844224976	0.0
128.0	26.182531344119912	23.832457799257547	23.781466694683758	26.20354416193878	0.0
129.0	26.122160802189825	23.72584563057018	23.736492184588833	26.415501382651158	0.0
130.0	26.196760076431264	23.887011728052627	23.706019802645955	26.21020839287015	0.0
131.0	26.34020878511271	23.726192277304285	23.830696902964792	26.102902034618207	0.0
132.0	26.309183264644	23.78033234245113	23.743909716716026	26.166574676188848	0.0
133.0	26.175540245600565	23.647810019584163	23.9094925767887	26.267157158026567	0.0
134.0	26.38062764589363	23.7279397962014	23.67190498737816	26.219527570526814	0.0
135.0	26.118945088689095	23.80722905068629	23.840289587892	26.23353627273262	0.0
136.0	26.17245833111529	23.780052168407014	23.750633893774815	26.296855606702884	0.0
137.0	26.269958898467728	23.675827423995784	23.861022467156598	26.19319121037989	0.0
138.0	26.262114025232474	23.786496171421685	23.665741158407602	26.285648644938238	0.0
139.0	26.187307555453447	23.733263103039608	23.790418608039314	26.289010733467634	0.0
140.0	26.2142042636886	23.890440741788797	23.807509224730403	26.087845769792196	0.0
141.0	26.382382606746607	23.683738652919423	23.61089319735515	26.322985542978817	0.0
142.0	26.21343718480332	23.766670402331055	23.722402779334303	26.297489633531324	0.0
143.0	26.266110052672868	23.758545332287348	23.775075647203856	26.200268967835928	0.0
144.0	26.2521013112182	23.784321416563937	23.725764877283424	26.23781239493444	0.0
145.0	26.231928723523477	23.7478986887818	23.71035526168329	26.30981732601143	0.0
146.0	26.205872464417794	23.8364339347753	23.83559341028802	26.122100190518882	0.0
147.0	26.28011879412754	23.780118794127535	23.720441555530652	26.219320856214278	0.0
148.0	26.17701445702118	23.692704247450408	23.88070155777205	26.249579737756363	0.0
149.0	26.3196234450297	23.78039896895663	23.7731144234002	26.12686316261347	0.0
150.0	26.298049983189507	23.724364003137957	23.8448391796481	26.132746834024434	0.0
151.0	26.194945646083156	23.694945646083156	23.8238260674661	26.28628264036759	0.0
152.0	26.108164597569754	23.866479509356463	23.741241009864982	26.284114883208797	0.0
153.0	26.178208501088484	23.841543879703796	23.775142259168046	26.20510536003967	0.0
154.0	26.13604843703158	23.7242832367189	23.731848020688282	26.407820305561238	0.0
155.0	26.19888152954757	23.884331327259076	23.715384011924375	26.20140313126898	0.0
156.0	26.326642683432517	23.727151486624305	23.835300182676036	26.110905647267145	0.0
157.0	26.314948937422077	23.77568888951151	23.740106187747784	26.169255985318635	0.0
158.0	26.165613661516048	23.643164338848184	23.922222377877087	26.26899962175868	0.0
159.0	26.38219183839289	23.714890099883725	23.68322990067663	26.21968816104675	0.0
160.0	26.105375229396355	23.812112127537368	23.84797500805514	26.234537635011137	0.0
161.0	26.17878206295617	23.766162811873976	23.751313337909586	26.30374178726027	0.0
162.0	26.274883375593628	23.675104716809326	23.86030287323312	26.189709034363922	0.0
163.0	26.261434795399463	23.788577112197583	23.667539890450108	26.282448201952846	0.0
164.0	26.18550635305325	23.735062970174972	23.790818542229943	26.28861213454184	0.0
165.0	26.218287267276523	23.883557709818863	23.816034630094	26.082120392810616	0.0
166.0	26.3777828832716	23.67264943375715	23.625299091657933	26.324268591313317	0.0
167.0	26.21079587799862	23.754181679620302	23.72980605972307	26.30521638265801	0.0
168.0	26.26234891318357	23.760905988557468	23.777436581361336	26.19930851689763	0.0
169.0	26.253943527012108	23.783320351681358	23.723081750785905	26.239654370520633	0.0
170.0	26.23349042066156	23.74773755022218	23.71355564645825	26.30521638265801	0.0
171.0	26.205472466756696	23.83347248917106	23.832912130092964	26.12814291397928	0.0
172.0	26.285323635385556	23.785561787993746	23.714116005536347	26.21499857108435	0.0
173.0	26.186700437640443	23.691701642412458	23.880262472192182	26.24133544775492	0.0
174.0	26.322027155000928	23.76903119518988	23.779678017673724	26.129263632135473	0.0
175.0	26.29569027833035	23.72588354617639	23.839076079952033	26.139350095541225	0.0
176.0	26.191463489804267	23.686938590248634	23.827308539311993	26.29428938063511	0.0
177.0	26.10916385785892	23.86884198670264	23.740519398284736	26.281474757153706	0.0
178.0	26.177808037252774	23.839142872352646	23.776942840412087	26.20610624998249	0.0
179.0	26.128642714850482	23.725242427383858	23.738130794511797	26.407984063253863	0.0
180.0	26.196239948446387	23.87128407721835	23.727830545515676	26.20464542881959	0.0
181.0	26.322322154044436	23.728671093552997	23.844666722703202	26.10434002969936	0.0
182.0	26.3103480158808	23.774407482019228	23.750311704103847	26.164932797996126	0.0
183.0	26.164932797996126	23.641320336556376	23.9189821495115	26.274764715935994	0.0
184.0	26.387398468517187	23.71556895455144	23.673821618395728	26.22321095853565	0.0
185.0	26.119262893342558	23.807749314250973	23.845574081908836	26.227413710497633	0.0
186.0	26.180623071987537	23.762079409597405	23.748630603319054	26.30866691509601	0.0
187.0	26.279247651362112	23.675782902644652	23.85818233779479	26.186787108198452	0.0
188.0	26.264958294691365	23.781692252086668	23.672700884539196	26.280648568682775	0.0
189.0	26.19042949323217	23.725655559260204	23.79177885679543	26.292136090712198	0.0
190.0	26.2184478396454	23.883398849566696	23.81811610242387	26.080037208364036	0.0
191.0	26.38018761137324	23.675008685711724	23.617010546135138	26.3277931567799	0.0
192.0	26.206753561141806	23.760745065955373	23.728804061550875	26.303697311351943	0.0
193.0	26.263630963721745	23.754581012473803	23.780077779147568	26.201710244656883	0.0
194.0	26.25046230401112	23.784840911383327	23.728804061550875	26.235892723054683	0.0
195.0	26.216560009862484	23.752059354231342	23.71787687583355	26.313503760072628	0.0
196.0	26.206473376892646	23.84255886671075	23.83247223374091	26.1184955226557	0.0
197.0	26.284364598159748	23.789043675120762	23.72151927107266	26.20507245564683	0.0
198.0	26.18265771571385	23.687616976924026	23.884586504085085	26.245138803277037	0.0
199.0	26.321068734800008	23.777556120905107	23.781198516144215	26.12017662815067	0.0
200.0	26.298653994867028	23.722640008069305	23.84423997220572	26.134466024857943	0.0
201.0	26.191343427437886	23.68957826666816	23.83051094399677	26.288567361897186	0.0
202.0	26.12193092318167	23.868122508104353	23.738957207339727	26.27098936137425	0.0
203.0	26.189455516423045	23.839263449582106	23.77482089171689	26.19646014227796	0.0
204.0	26.127193867258423	23.72682850290274	23.741958621926347	26.404019007912495	0.0
205.0	26.19535279893977	23.877916408660056	23.72045065465967	26.206280137740507	0.0
206.0	26.32367898280485	23.732218557983543	23.840651381467794	26.103451077743813	0.0
207.0	26.301617811051774	23.770110562563392	23.75329922499734	26.174972401387496	0.0
208.0	26.16292427613182	23.639542507467034	23.926736190887134	26.27079702551401	0.0
209.0	26.38315279824714	23.712671825879372	23.67148404884254	26.23269132703095	0.0
210.0	26.117265997567934	23.804560406614776	23.851912871464677	26.226260724352617	0.0
211.0	26.181429988400044	23.764212744257463	23.749922947172582	26.304434320169907	0.0
212.0	26.2879029862874	23.67006819875707	23.8617195949543	26.180309220001234	0.0
213.0	26.269410307706963	23.779623309741158	23.670628582956475	26.280337799595404	0.0
214.0	26.19095651978997	23.726667002897187	23.796715027823076	26.285661449489773	0.0
215.0	26.22822206905054	23.867603629048077	23.82305308519521	26.081121216706173	0.0
216.0	26.393889553568677	23.668173170410512	23.621100765767153	26.316836510253662	0.0
217.0	26.200276270184396	23.762598172582006	23.733738305449474	26.303387251784127	0.0
218.0	26.264440440799447	23.755313157577675	23.779409745668918	26.200836655953957	0.0
219.0	26.258556390219027	23.776888009705882	23.735979848527727	26.228575751547368	0.0
220.0	26.224372858275636	23.75727450777115	23.70992191024301	26.308430723710202	0.0
221.0	26.21344533576914	23.839651215897025	23.834047358201385	26.112856090132446	0.0
222.0	26.28237278542549	23.798462861834086	23.718327696786467	26.200836655953957	0.0
223.0	26.184585468636612	23.68918763676915	23.892887864005584	26.23333903058866	0.0
224.0	26.316556317368878	23.773525695088498	23.79313919702323	26.116778790519398	0.0
225.0	26.31599593159931	23.723931554482107	23.83600870839486	26.124063805523722	0.0
226.0	26.19635356979745	23.683863971958296	23.83292658666226	26.286855871582	0.0
227.0	26.119653904778982	23.872780866134672	23.73520577423115	26.2723594548552	0.0
228.0	26.179054962790282	23.83915762575092	23.77415269434233	26.207634717116473	0.0
229.0	26.12876652451428	23.734778393584648	23.73926151742534	26.397193564475728	0.0
230.0	26.197487762438605	23.879145850436966	23.719994508157907	26.203371878966525	0.0
231.0	26.320493817474706	23.735405289540562	23.84300056319401	26.10110032979072	0.0
232.0	26.30487654528541	23.770216199858783	23.756206359346805	26.168700895509005	0.0
233.0	26.170662273180685	23.633760353272137	23.91984129652668	26.2757360770205	0.0
234.0	26.37940889680912	23.704930343072974	23.676350268428546	26.23931049168936	0.0
235.0	26.116023895183975	23.80019725855441	23.846709929054168	26.237068917207445	0.0
236.0	26.181309751969785	23.74780045503962	23.761249901931116	26.309639891059476	0.0
237.0	26.28526276856864	23.660659247055133	23.864642524909495	26.189435459466733	0.0
238.0	26.275175683400022	23.783945843560517	23.662900821537047	26.277977651502415	0.0
239.0	26.189715656276967	23.717539199533753	23.807762572430878	26.284982571758402	0.0
240.0	26.21151916966032	23.868062522067106	23.82659037285704	26.093827935415536	0.0
241.0	26.38680659670165	23.673303535148314	23.623982401322703	26.315907466827333	0.0
242.0	26.202300345275997	23.757903233038878	23.72651450607596	26.313281915609167	0.0
243.0	26.273984427989262	23.748157199952914	23.773662113152128	26.2041962589057	0.0
244.0	26.269350322470338	23.7787189196613	23.72854752408367	26.22338323378469	0.0
245.0	26.224880798544635	23.762925754522087	23.69957589229402	26.312617554639257	0.0
246.0	26.21366299442155	23.834552742970875	23.8278249656603	26.12395929694727	0.0
247.0	26.28344584744432	23.78972570480185	23.700013456837194	26.226814990916637	0.0
248.0	26.191410850278718	23.67540012786146	23.90196166399354	26.23122735786628	0.0
249.0	26.324039076257023	23.766809856548413	23.780549355645533	26.12860171154903	0.0
