# Position (bp)	A	C	G	T	N
0.0	26.195587275580056	23.880364903705967	23.693192074313725	26.230855746400255	0.0
1.0	26.117830017078823	23.70957663949791	23.87592163179161	26.296671711631653	0.0
2.0	26.198112343077064	23.867280891014055	23.707615882086696	26.22699088382219	0.0
3.0	26.20045869267036	23.813701916402426	23.78121581323545	26.204623577691766	0.0
4.0	26.13866993911361	23.74874715072228	23.72098317780881	26.391599732355303	0.0
5.0	26.222303658235262	23.70426511864209	23.938856360754134	26.13457486236851	0.0
6.0	26.315570311805985	23.860708892244826	23.723016789553167	26.10070400639602	0.0
7.0	26.106387526405346	23.783272125668635	23.866547859952423	26.243792487973593	0.0
8.0	26.215093218904133	23.70177722388913	23.806695329478934	26.2764342277278	0.0
9.0	26.252012212045518	23.89897307799056	23.6330835414932	26.215931168470718	0.0
10.0	26.41883828712569	23.7468431715372	23.611689284822248	26.222629256514864	0.0
11.0	26.15186079427192	23.794299669747176	23.720200926928094	26.333638609052812	0.0
12.0	26.1257735964255	23.816779063636112	23.840923597813116	26.216523742125275	0.0
13.0	26.066661116199043	23.8878250492604	23.8742264035745	26.17128743096606	0.0
14.0	26.20264757305803	23.86395803846474	23.697444009657815	26.235950378819417	0.0
15.0	26.285904587461495	23.776538173341105	23.723808730885576	26.213748508311824	0.0
16.0	26.223739350040244	23.71992340354675	23.86923098271029	26.18710626370272	0.0
17.0	26.180168179169094	23.727694058224404	23.79735242694197	26.29478533566453	0.0
18.0	26.291732578469734	23.70410457081009	23.86506813199012	26.139094718730053	0.0
19.0	26.218743929176032	23.678849943107707	23.75544639635889	26.346959731357366	0.0
20.0	26.232065051480586	23.687730691310744	23.846474065440013	26.233730191768657	0.0
21.0	26.3477923015014	23.772097799239585	23.777648266866482	26.102461632392533	0.0
22.0	26.10690200649405	23.835650653567562	23.752393639164097	26.305053700774288	0.0
23.0	26.319207393222875	23.682180223683847	23.745178031249132	26.25343435184414	0.0
24.0	26.396081369855413	23.669691671523328	23.730191768656507	26.204035189964753	0.0
25.0	26.201815002913996	23.872283739905086	23.686620597785364	26.239280659395554	0.0
26.0	26.12244331584936	23.712430272250437	23.887547525879054	26.277578886021146	0.0
27.0	26.2086803522317	23.869442262808363	23.70265117350436	26.219226211455577	0.0
28.0	26.203684945230915	23.80810976574316	23.783687775961546	26.204517513064378	0.0
29.0	26.134304292442227	23.77147678107074	23.711531897061313	26.38268702942572	0.0
30.0	26.213047966874992	23.702862915311435	23.939866567498864	26.144222550314712	0.0
31.0	26.316008569874448	23.853002231275603	23.718404138405695	26.112585060444253	0.0
32.0	26.117302931740728	23.786952033125004	23.845231619728473	26.25051341540579	0.0
33.0	26.220541056581155	23.697034956651088	23.799718037809576	26.282705948958185	0.0
34.0	26.25051341540579	23.89074520164737	23.640975544775376	26.217765838171463	0.0
35.0	26.422854478647466	23.730892621249293	23.623214146953366	26.223038753149876	0.0
36.0	26.146442725042462	23.805268474628953	23.712298657904377	26.335990142424208	0.0
37.0	26.123408412242043	23.816369348267706	23.842456401318785	26.217765838171463	0.0
38.0	26.040984425474285	23.901568553445156	23.883807155623145	26.17363986545741	0.0
39.0	26.189181088551667	23.862160452027574	23.706193177403062	26.242465282017697	0.0
40.0	26.281595861594308	23.794445122831167	23.723399531543134	26.200559484031395	0.0
41.0	26.22692405892344	23.717016529200848	23.87603654407602	26.180022867799696	0.0
42.0	26.16975455968385	23.740883407524173	23.80388086542411	26.285481167367873	0.0
43.0	26.28381603632206	23.69731247849206	23.867433367005983	26.151438118179897	0.0
44.0	26.21665575080759	23.674000643850672	23.770578244507842	26.3387653608339	0.0
45.0	26.236914845198317	23.680106124351987	23.84106879211394	26.24191023833576	0.0
46.0	26.342373144766494	23.777793812373034	23.774741072122378	26.105091970738098	0.0
47.0	26.106757101783913	23.832188093202937	23.75115171564002	26.309903089373133	0.0
48.0	26.316008569874448	23.692594607195584	23.740883407524173	26.25051341540579	0.0
49.0	26.383723899070855	23.682603820920704	23.736165536227702	26.197506743780735	0.0
50.0	26.20749753005562	23.879366806167646	23.674833209373578	26.23830245440316	0.0
51.0	26.109254798352634	23.715351398155036	23.897128203989652	26.27826559950268	0.0
52.0	26.213807783355954	23.87819045161004	23.69585910810278	26.212142656931224	0.0
53.0	26.216582994063824	23.794101567161487	23.77745030291425	26.21186513586044	0.0
54.0	26.1252785617748	23.746645464056858	23.724998820535447	26.403077153632893	0.0
55.0	26.21512263622084	23.699123590890675	23.938623610317094	26.14713016257139	0.0
56.0	26.314197383538605	23.860917926146296	23.710779443516294	26.1141052467988	0.0
57.0	26.117990531007347	23.79681073670539	23.843711667508476	26.24148706477879	0.0
58.0	26.228721130950728	23.688855339768104	23.804303784821858	26.278119744459303	0.0
59.0	26.26479877003003	23.880899387790215	23.633351279646106	26.220950562533652	0.0
60.0	26.418822536868568	23.742694278086443	23.621972947321098	26.216510237723888	0.0
61.0	26.158508494896402	23.795700655502948	23.71910505253459	26.32668579706606	0.0
62.0	26.119378132510395	23.81013171113467	23.84676439081519	26.22372576553975	0.0
63.0	26.059156227278024	23.904488613342064	23.86424816975362	26.172106989626293	0.0
64.0	26.1834853219513	23.858142723140197	23.704396476602263	26.25397547830624	0.0
65.0	26.29310584069225	23.80208362241698	23.702453834497994	26.20235670239278	0.0
66.0	26.233994016662322	23.708836801412023	23.883397070495707	26.173772111429948	0.0
67.0	26.17654731443605	23.74463692019071	23.79237041189563	26.286445353477607	0.0
68.0	26.295603523397737	23.69024294127115	23.863693129152395	26.15046040617871	0.0
69.0	26.21179239261352	23.673869243535165	23.75324004950962	26.361098314341696	0.0
70.0	26.232328894858657	23.679419649547366	23.848707032919457	26.23954442267452	0.0
71.0	26.346944779010585	23.77793935626391	23.76961374724561	26.105502117479894	0.0
72.0	26.108277320485996	23.8165146780487	23.750187326202912	26.325020675262394	0.0
73.0	26.322800512857512	23.689965420970545	23.74796716379803	26.23926690237391	0.0
74.0	26.372476646666705	23.682749893154682	23.729928344258383	26.214845115920234	0.0
75.0	26.200969100889733	23.882009468992656	23.679142129246756	26.23787930087086	0.0
76.0	26.130756464835404	23.706616639007144	23.887837395305468	26.274789500851988	0.0
77.0	26.225873145822636	23.87084241053464	23.697392704011545	26.205891739631177	0.0
78.0	26.221155313805212	23.79147182482967	23.783423758447	26.203949102918116	0.0
79.0	26.125966114865335	23.750121414794567	23.746791180429323	26.377121289910775	0.0
80.0	26.23440344567293	23.712867989876116	23.930997735446915	26.121730829004044	0.0
81.0	26.296845166733274	23.88270947116025	23.712867989876116	26.107577372230363	0.0
82.0	26.1195106789219	23.805281737045426	23.830258425469562	26.24494915856312	0.0
83.0	26.23995382087829	23.68567115136983	23.8072243683673	26.267150659384576	0.0
84.0	26.270203365747523	23.869666089427646	23.62905732427512	26.23107322054971	0.0
85.0	26.40008214555304	23.740897384663203	23.639047999644777	26.21997247013898	0.0
86.0	26.160860974201857	23.816104968695882	23.705930020869413	26.31710403623285	0.0
87.0	26.12478353536699	23.786132942586917	23.864948270503085	26.224135251543007	0.0
88.0	26.07621775232006	23.884929621242396	23.855512632653966	26.183339993783576	0.0
89.0	26.20165623196128	23.849684738688335	23.684838595089026	26.263820434261355	0.0
90.0	26.31377381110963	23.78946316771014	23.69704942054083	26.199713600639402	0.0
91.0	26.23884374583722	23.70759513343102	23.88742729008481	26.166133830646952	0.0
92.0	26.174181874694728	23.74922294747125	23.78141512366236	26.295180054171663	0.0
93.0	26.299342835575683	23.69371919541761	23.864948270503085	26.14198969850362	0.0
94.0	26.231628258070245	23.68178588872608	23.755883397717685	26.330702455485987	0.0
95.0	26.23440344567293	23.67068513831535	23.839139025798143	26.25577239021358	0.0
96.0	26.3506838062253	23.77419963589539	23.76559655432707	26.109520003552237	0.0
97.0	26.118123085120555	23.817215043736955	23.739509790861863	26.325152080280628	0.0
98.0	26.307945917144	23.699269570622974	23.747557834909642	26.245226677323387	0.0
99.0	26.38343101993695	23.682618445006884	23.729519115492206	26.20443141956396	0.0
100.0	26.18944540650948	23.878269170995956	23.680675813685003	26.251609608809556	0.0
101.0	26.136994360818793	23.71370054615692	23.87466142711247	26.274643665911817	0.0
102.0	26.23571823043429	23.849063515542397	23.695041031034837	26.22017722298848	0.0
103.0	26.227670208721282	23.77774139208574	23.776908838115432	26.217679561077546	0.0
104.0	26.127486214293842	23.751099665035785	23.744161715283195	26.377252405387182	0.0
105.0	26.23203769793916	23.720506857450506	23.917544083610387	26.12991136099995	0.0
106.0	26.27921562532955	23.89229001659553	23.72106189189039	26.107432466184527	0.0
107.0	26.12491605104097	23.80348450621361	23.83706408982677	26.23453535291865	0.0
108.0	26.225932319100398	23.69081251491655	23.80043181679423	26.282823349188817	0.0
109.0	26.265062247112432	23.87258629397954	23.626706037109603	26.23564542179842	0.0
110.0	26.412701408122373	23.74798106222491	23.626151002669715	26.213166526983002	0.0
111.0	26.16654363403249	23.795991541275136	23.71689913359124	26.320565691101134	0.0
112.0	26.13046639543984	23.792661334635813	23.853160088583497	26.22371218134085	0.0
113.0	26.086341157468823	23.8723087767596	23.855935260782932	26.18541480498865	0.0
114.0	26.209003768683846	23.848442295844457	23.6930326526761	26.249521282795595	0.0
115.0	26.318345553341583	23.79404892073553	23.705520927573556	26.182084598349327	0.0
116.0	26.22260211246108	23.717176650811183	23.887294706636546	26.17292653009119	0.0
117.0	26.18263963278921	23.75575154438333	23.784613335257454	26.276995487570005	0.0
118.0	26.302527071804803	23.696085342095476	23.86287319128152	26.138514394818195	0.0
119.0	26.225099767440568	23.6822094810983	23.760191819902424	26.3324989315587	0.0
120.0	26.217606802502097	23.678601757239036	23.838451675926493	26.265339764332378	0.0
121.0	26.337494241517685	23.77961802529847	23.769072370940616	26.113815362243226	0.0
122.0	26.107432466184527	23.802374437333835	23.75602906160327	26.334164034878366	0.0
123.0	26.295866658526162	23.69414272155587	23.749923682764514	26.260066937153447	0.0
124.0	26.41408899422209	23.664170861801974	23.735492787327452	26.18624735664848	0.0
125.0	26.18236211556927	23.861763122401744	23.69719541097525	26.258679351053733	0.0
126.0	26.154055359135036	23.717454168031125	23.880911810577846	26.247578662255993	0.0
127.0	26.25236930984051	23.84046045784918	23.689768189222864	26.217402043087446	0.0
128.0	26.234053122493666	23.758592650768588	23.78162664394719	26.225727582790554	0.0
129.0	26.1169405306699	23.760812794689414	23.73805631950091	26.38419035513977	0.0
130.0	26.248834421206872	23.720916033923896	23.911571422228143	26.118678122641093	0.0
131.0	26.309333510945336	23.861063007859332	23.718140846321212	26.111462634874115	0.0
132.0	26.127003685449136	23.821932862661516	23.83802895075707	26.213034501132277	0.0
133.0	26.23884374583722	23.700657164424317	23.784190311265043	26.27630877847342	0.0
134.0	26.274921184672085	23.865225789263352	23.61656898006305	26.24328404600151	0.0
135.0	26.41763914135457	23.757891961646802	23.621629872202256	26.202839024796372	0.0
136.0	26.17702970846573	23.80201756698628	23.714043875837763	26.306908848710226	0.0
137.0	26.118473087543535	23.783978797507874	23.860574187908473	26.236973927040115	0.0
138.0	26.083783146238915	23.878057918326	23.846975730917062	26.19118320451802	0.0
139.0	26.21477236460516	23.85335868011711	23.683794247020135	26.248074708257597	0.0
140.0	26.33084860157521	23.78515488407977	23.699956151792502	26.18404036255252	0.0
141.0	26.222338164036703	23.71910505253459	23.869243535164596	26.189313248264114	0.0
142.0	26.188758207662893	23.75379509011084	23.77904943746635	26.278397264759917	0.0
143.0	26.28394767077212	23.695515826982742	23.885617232900586	26.134919269344554	0.0
144.0	26.22206064373609	23.696070867583963	23.76267573973036	26.31919274894959	0.0
145.0	26.20901718960742	23.685247575860174	23.842046545704818	26.263688688827585	0.0
146.0	26.340561812096553	23.76850366604317	23.77877191716574	26.112162604694532	0.0
147.0	26.11369514780813	23.812761564335112	23.763085154801683	26.31045813305507	0.0
148.0	26.32044891932995	23.70203034978853	23.736165536227702	26.24135519465382	0.0
149.0	26.390939466936047	23.66428737941676	23.750319150117114	26.194454003530076	0.0
150.0	26.202574854786292	23.861394107084873	23.714029600561705	26.222001437567126	0.0
151.0	26.14159242916216	23.724086254266922	23.88393972192157	26.250381594649348	0.0
152.0	26.259612742798943	23.834606706648646	23.695844630879	26.20993591967341	0.0
153.0	26.232970424251175	23.765225668763822	23.7749390140677	26.226864892917305	0.0
154.0	26.111969894180042	23.76994357933999	23.731922770579107	26.38616375590086	0.0
155.0	26.24664194844697	23.704236140405406	23.91987300459581	26.129248906551812	0.0
156.0	26.27938988921205	23.86853089407429	23.725328034457494	26.126751182256168	0.0
157.0	26.128416331786596	23.813303434648432	23.846883950178725	26.211396283386247	0.0
158.0	26.239148775560047	23.682311671588106	23.771674696387734	26.306864856464113	0.0
159.0	26.291600985768522	23.860760196265623	23.62763926200573	26.21999955596013	0.0
160.0	26.4226660783122	23.73816006016757	23.62437452647179	26.214799335048443	0.0
161.0	26.164567184807137	23.787559633333053	23.72900171233352	26.31887146952629	0.0
162.0	26.117387817177175	23.79227757009605	23.858606210469937	26.231728402256838	0.0
163.0	26.070208449547216	23.88136331720909	23.856386004934407	26.192042228309287	0.0
164.0	26.213966757972617	23.861103941697404	23.691258218229553	26.233671082100425	0.0
165.0	26.32171977598064	23.79928176151596	23.698539655756175	26.180458806747225	0.0
166.0	26.225973146539523	23.717966508106546	23.85395447455915	26.202105870794778	0.0
167.0	26.19600028862752	23.74655173370781	23.780687488552033	26.27676048911264	0.0
168.0	26.285086282977083	23.70714297608277	23.85894995087782	26.14882079006233	0.0
169.0	26.235964099176854	23.698539655756175	23.75709773926944	26.308398505797527	0.0
170.0	26.202105870794778	23.687716123732397	23.849791577626927	26.260386427845894	0.0
171.0	26.3433668400282	23.777912223930553	23.789568335340775	26.089152600700476	0.0
172.0	26.12537605044349	23.805241948912645	23.769163308577834	26.30021869206603	0.0
173.0	26.31548273220768	23.722538604145157	23.73391725225075	26.228061411396407	0.0
174.0	26.38014675680776	23.673971203694453	23.741688036322863	26.20419400317492	0.0
175.0	26.211482475445642	23.87385762218898	23.697071793918234	26.217588108447142	0.0
176.0	26.13495706617969	23.725168044138297	23.894183535837392	26.24569135384462	0.0
177.0	26.255477754557745	23.845682044621324	23.704419115177856	26.19442108564308	0.0
178.0	26.22467188978716	23.764088132526275	23.78518043633316	26.226059541353404	0.0
179.0	26.118932840439495	23.77213651161048	23.736057570888182	26.372873077061843	0.0
180.0	26.26082371225577	23.70420737122558	23.91263321492007	26.12233570159858	0.0
181.0	26.27470026642984	23.8735013321492	23.738066163410302	26.113732238010655	0.0
182.0	26.117617673179396	23.82382326820604	23.85490674955595	26.20365230905862	0.0
183.0	26.26581927175844	23.669515985790408	23.780250888099467	26.284413854351683	0.0
184.0	26.281916074600353	23.868228241563056	23.632049289520427	26.217806394316163	0.0
185.0	26.40826600873115	23.75922446498797	23.626009175203084	26.206500351077793	0.0
186.0	26.162650318190273	23.799466583777154	23.725365578834314	26.312517519198263	0.0
187.0	26.113804711935813	23.780039354016857	23.86884954720678	26.237306386840547	0.0
188.0	26.08050088948959	23.894660009602603	23.830272619539908	26.194566481367897	0.0
189.0	26.22065447561744	23.83721091588287	23.697612393462457	26.24452221503723	0.0
190.0	26.31730859962589	23.795924710949773	23.70184115142735	26.18492553799699	0.0
191.0	26.230163355702462	23.725708957087907	23.86058981233244	26.183537874877196	0.0
192.0	26.172159037294833	23.75984546983498	23.772889503161096	26.29510598970909	0.0
193.0	26.271238184048535	23.71210985851387	23.85864708396472	26.15800487347288	0.0
194.0	26.23987699754106	23.70406141241903	23.75401728473182	26.302044305308087	0.0
195.0	26.218229452872183	23.679361008886595	23.836444474047923	26.265965064193296	0.0
196.0	26.34672705776564	23.75873533933914	23.79342691733413	26.101110685561085	0.0
197.0	26.13622486928141	23.81909213024123	23.75997735321218	26.284705647265177	0.0
198.0	26.319952486151045	23.718347228543834	23.74665571331831	26.215044571986812	0.0
199.0	26.379622331509005	23.68088011634232	23.770523651461495	26.168973900687178	0.0
200.0	26.19485727765983	23.881048526983335	23.70675658798551	26.217337607371327	0.0
201.0	26.152057106063637	23.718333000288638	23.89817713537157	26.231432758276163	0.0
202.0	26.26508766038228	23.8560576835012	23.698693628559774	26.180161027556746	0.0
203.0	26.24649261332571	23.774739044880672	23.764192600281422	26.214575741512192	0.0
204.0	26.12243312027665	23.766967980439123	23.737826488783302	26.37277241050093	0.0
205.0	26.23740667758319	23.72540312508673	23.916072271099885	26.12111792623019	0.0
206.0	26.279592573062082	23.866392828397768	23.744275762537814	26.109738836002332	0.0
207.0	26.129166551025506	23.808942299686382	23.861119591462906	26.20077155782521	0.0
208.0	26.24351253087619	23.666564902445117	23.795620437956206	26.294302128722492	0.0
209.0	26.293469512364354	23.86916821625822	23.62576670089645	26.211595570480974	0.0
210.0	26.40261553277881	23.737403173387285	23.62527719263188	26.234704101202023	0.0
211.0	26.160045960550526	23.80401266690535	23.72491389335265	26.311027479191473	0.0
212.0	26.12119042266499	23.79069076820174	23.84259066523456	26.24552814389871	0.0
213.0	26.091216150581864	23.871177239536063	23.848696535473717	26.188910074408355	0.0
214.0	26.24275274833546	23.83509709721378	23.68383803901651	26.238312115434255	0.0
215.0	26.319426712701354	23.811572321458307	23.70693961832654	26.16206134751379	0.0
216.0	26.223397759694482	23.721649255636844	23.862917281881057	26.192035702787614	0.0
217.0	26.167334613719373	23.762725223975043	23.780765345204657	26.289174817100925	0.0
218.0	26.275020260443842	23.715265828124828	23.869023169066466	26.140690742364864	0.0
219.0	26.228948566226673	23.699168489181478	23.76827603050723	26.303606914084614	0.0
220.0	26.207022880424525	23.679185585665596	23.849595346203802	26.264196187706073	0.0
221.0	26.353009092221104	23.77493699834586	23.774104377366033	26.097949532067013	0.0
222.0	26.13445238214185	23.824748963381126	23.7512003685756	26.289598285901427	0.0
223.0	26.314021970214206	23.722613556254963	23.738155900817638	26.225208572713193	0.0
224.0	26.377579057800872	23.696524620739037	23.75453087098189	26.171365450478206	0.0
225.0	26.183372420588114	23.888094808564965	23.703806497273145	26.22472627357378	0.0
226.0	26.155413206625518	23.71858208623829	23.90564634308806	26.220358364048135	0.0
227.0	26.250405908360463	23.857142460651172	23.70671351612393	26.18573811486443	0.0
228.0	26.242079583017624	23.755838835646664	23.783315709278025	26.218765872057688	0.0
229.0	26.12079277719031	23.763332528455216	23.753340938043813	26.362533756310665	0.0
230.0	26.254919484210472	23.71954638053633	23.915770659058236	26.10976347619497	0.0
231.0	26.271572181114735	23.86747783803587	23.73425626280176	26.12669371804764	0.0
232.0	26.128914077634875	23.80058950547041	23.853045500718842	26.217450916175878	0.0
233.0	26.257139843797706	23.67680445848205	23.78143890403051	26.284616793689736	0.0
234.0	26.297106316367934	23.8566535850481	23.627956547562878	26.218283551021088	0.0
235.0	26.406809861754475	23.742093416338005	23.617475388633395	26.233621333274122	0.0
236.0	26.154798349158064	23.79205164570734	23.719889758840527	26.33326024629407	0.0
237.0	26.113444037069005	23.798435197237865	23.852556612387975	26.235564153305152	0.0
238.0	26.08097118797894	23.87642554419777	23.84256496651411	26.20003830130918	0.0
239.0	26.21252785865152	23.83840178073333	23.716281664497185	26.23278869611797	0.0
240.0	26.312517174094662	23.793372395435785	23.73119870323442	26.162911727235134	0.0
241.0	26.20762017909586	23.734365197888156	23.863163212622204	26.194851410393778	0.0
242.0	26.15377355086042	23.76336295321613	23.795286913119636	26.287576582803812	0.0
243.0	26.277376315548384	23.716099730435772	23.872397011751445	26.134126942264395	0.0
244.0	26.2227540388294	23.69659430690939	23.76683481819368	26.313816836067534	0.0
245.0	26.21219315124406	23.6782700685542	23.830982943360183	26.278553836841567	0.0
246.0	26.36726125685852	23.75547015571895	23.772130528467024	26.105138058955507	0.0
247.0	26.138449448373724	23.81198332764074	23.752280508834627	26.297286715150907	0.0
248.0	26.338533147076877	23.726314093929908	23.723536910160885	26.21161584883233	0.0
249.0	26.37991318523538	23.686044929279014	23.753530494866375	26.180511390619227	0.0
