# Position (bp)	A	C	G	T	N
0.0	26.319268694076808	23.787633627902473	23.76218727959175	26.130910398428963	0.0
1.0	26.25620600478502	23.770761592609496	23.698847999557454	26.27418440304803	0.0
2.0	26.185142161743556	23.76700962495851	23.742394070140502	26.30545414315743	0.0
3.0	26.147140411479842	23.817320430452497	23.768367660195867	26.2671714978718	0.0
4.0	26.322150286651418	23.70370780084571	23.772847072228416	26.201294840274453	0.0
5.0	26.22191003467863	23.77089981914017	23.67466247794561	26.332527668235596	0.0
6.0	26.104474310049223	23.724074995852	23.899950223992036	26.27150047010674	0.0
7.0	26.33747473267097	23.750874505368703	23.68589149773389	26.22575926422644	0.0
8.0	26.197849842941203	23.830907401672345	23.69901119320444	26.272231562182014	0.0
9.0	26.279699281383152	23.670116433072412	23.76661403998706	26.283570245557375	0.0
10.0	26.258643714453978	23.771355262539434	23.75393650170455	26.21606452130204	0.0
11.0	26.245648765894618	23.82609993944907	23.644723636152502	26.283527658503814	0.0
12.0	26.200304690070475	23.7600192435834	23.63089922279148	26.408776843554644	0.0
13.0	26.217999939172582	23.792644859115402	23.82692940425073	26.162425797461285	0.0
14.0	26.2304419111975	23.752001083834006	23.730711487258038	26.286845517710454	0.0
15.0	26.235971676541908	23.835500540534564	23.722693327508647	26.205834455414884	0.0
16.0	26.273297592616657	23.741771017946853	23.874485386212633	26.110446003223853	0.0
17.0	26.302881837209235	23.695044500786608	23.793474323917067	26.20859933808709	0.0
18.0	26.175973722555085	23.909046419615184	23.730711487258038	26.184268370571694	0.0
19.0	26.191180577252204	23.734305834731902	23.763613591057265	26.310899996958632	0.0
20.0	26.186480276709457	23.828035357319614	23.73900613527465	26.24647823069628	0.0
21.0	26.25311394910957	23.719098980034783	23.796239206589267	26.231547864266382	0.0
22.0	26.243713348024077	23.726287674982512	23.796792183123706	26.2332067938697	0.0
23.0	26.26520681265207	23.68696084936961	23.82824596328246	26.219586374695865	0.0
24.0	26.338679665229858	23.765694078483527	23.69297806630705	26.202648189979566	0.0
25.0	26.32568478852912	23.786430583857047	23.757952449810745	26.129932177803088	0.0
26.0	26.26071040502542	23.769564892819915	23.691042659138855	26.278682043015806	0.0
27.0	26.185506012204122	23.757122989595807	23.74855190070808	26.308819097491988	0.0
28.0	26.133250018662856	23.809102496398758	23.77454165410956	26.283105830828823	0.0
29.0	26.30411882294066	23.702655102148025	23.790301398193435	26.20292467671788	0.0
30.0	26.230296863810924	23.765141105006897	23.66837074659714	26.336191284585038	0.0
31.0	26.107260265261377	23.71067321755912	23.89840771287405	26.283658804305453	0.0
32.0	26.328449655912255	23.73832189139048	23.69933726128826	26.233891191409004	0.0
33.0	26.197394941951607	23.845045772379528	23.689383738708973	26.26817554695989	0.0
34.0	26.280340963445685	23.68219508351282	23.75214622830616	26.285317724735336	0.0
35.0	26.244950660941548	23.782836256258967	23.76348218457702	26.208730898222466	0.0
36.0	26.241632820081783	23.833156842632043	23.64099855950409	26.28421177778208	0.0
37.0	26.194906561306787	23.76127029067051	23.639339639074212	26.404483508948495	0.0
38.0	26.222278748399834	23.79666059317465	23.815738178118288	26.16532248030723	0.0
39.0	26.22614956273622	23.76154677740882	23.731133236194328	26.281170423660626	0.0
40.0	26.231126324025865	23.83149792220216	23.72919782902613	26.20817792474584	0.0
41.0	26.273428794987847	23.742469192465183	23.86910011861281	26.11500189393416	0.0
42.0	26.2988655749127	23.694084013260305	23.79693707991296	26.210113331914037	0.0
43.0	26.18135871112942	23.906425828285148	23.730856749456013	26.18135871112942	0.0
44.0	26.19628899499836	23.732515669885895	23.76458813153027	26.30660720358548	0.0
45.0	26.194077101091846	23.827903594604084	23.735833510745657	26.242185793558413	0.0
46.0	26.2521393161377	23.71758538601696	23.79887248708116	26.23140281076418	0.0
47.0	26.243015253773354	23.7286448555495	23.79666059317465	26.231679297502495	0.0
48.0	26.25704348018425	23.684894465303774	23.822860966263182	26.235201088248793	0.0
49.0	26.334663227190664	23.76418023517832	23.692847051146998	26.208309486484023	0.0
50.0	26.32194490755717	23.787681477979337	23.763074294340626	26.12729932012287	0.0
51.0	26.24978226789758	23.772474791461033	23.693123536356424	26.28461940428497	0.0
52.0	26.183149332426463	23.754503252848487	23.748420578241166	26.31392683648388	0.0
53.0	26.135040905986735	23.792934696958387	23.78574608151337	26.286278315541512	0.0
54.0	26.293466930986526	23.69892972575432	23.792658211748964	26.21494513151019	0.0
55.0	26.226281025096565	23.75671513452388	23.680681701932354	26.336322138447205	0.0
56.0	26.104627532950126	23.69588838845066	23.903252295518453	26.296231783080763	0.0
57.0	26.325262730070254	23.740955477586727	23.70252403347683	26.23125775886619	0.0
58.0	26.208585971693445	23.83164262627771	23.693400021565846	26.266371380463	0.0
59.0	26.288490197216902	23.68040521672293	23.74731463740347	26.283789948656693	0.0
60.0	26.245082019337374	23.781045832953165	23.76500969080659	26.20886245690287	0.0
61.0	26.248676327059883	23.827495348136353	23.63506164237744	26.288766682426324	0.0
62.0	26.212180279415954	23.7464851817752	23.63672055363398	26.404613985174862	0.0
63.0	26.2290458771908	23.793487667377235	23.815053513712282	26.16241294171968	0.0
64.0	26.23734043347351	23.747591122612896	23.729619584000353	26.28544885991324	0.0
65.0	26.23346964054158	23.819753762272487	23.731831465675743	26.21494513151019	0.0
66.0	26.277707274049373	23.737084684654793	23.870074070387602	26.11513397090823	0.0
67.0	26.295402327452493	23.691188139890457	23.80427059054476	26.209138942112293	0.0
68.0	26.185914184520698	23.913205763057704	23.727407702324964	26.17347235009663	0.0
69.0	26.19780304852592	23.737637655073645	23.76335077955005	26.301208516850387	0.0
70.0	26.19725007810707	23.820583217900758	23.74427330009981	26.23789340389236	0.0
71.0	26.255864942504903	23.72326042418361	23.797911430728014	26.222963202583475	0.0
72.0	26.246464445384493	23.728790128372083	23.796529004680895	26.22821642156253	0.0
73.0	26.258280709127302	23.685039979650746	23.82825892215304	26.228420389068912	0.0
74.0	26.332029251973406	23.768196082226247	23.689398233269284	26.210376432531067	0.0
75.0	26.331752768292855	23.785614554100945	23.746077387782186	26.13655528982402	0.0
76.0	26.26982042384948	23.764878278059637	23.673362179797337	26.291939118293545	0.0
77.0	26.177751358226082	23.752712996115406	23.749671675629347	26.319863970029168	0.0
78.0	26.129919681490797	23.793632580836917	23.783955652017642	26.292492085654644	0.0
79.0	26.284750542599223	23.698522194727456	23.80165060757289	26.215076655100432	0.0
80.0	26.230006773850175	23.759625088129173	23.687186363824875	26.32318177419578	0.0
81.0	26.102547797116276	23.705157803060676	23.911691112432088	26.280603287390964	0.0
82.0	26.32677606204294	23.736123975282357	23.70377538465792	26.23332457801678	0.0
83.0	26.193787411698022	23.828469524586314	23.701563515213515	26.27617954850215	0.0
84.0	26.280326803710413	23.683868559658265	23.755201349240362	26.280603287390964	0.0
85.0	26.245213376280464	23.78063784785103	23.769302016948448	26.204846758920052	0.0
86.0	26.24631931100267	23.825428204100252	23.638248752367392	26.290003732529687	0.0
87.0	26.208441046767216	23.744142002018332	23.643501942297856	26.403915008916602	0.0
88.0	26.240789637391654	23.793909064517464	23.81077456903106	26.154526729059818	0.0
89.0	26.239130735308347	23.756307283962563	23.728658915907488	26.2759030648216	0.0
90.0	26.229453806489072	23.811327536392167	23.7330826547963	26.226136002322463	0.0
91.0	26.274520646418846	23.73722991000456	23.877960103404895	26.110289340171693	0.0
92.0	26.29857472662676	23.68967471694983	23.808286215906104	26.2034643405173	0.0
93.0	26.18355751551765	23.91998562284861	23.724788144379776	26.171668717253965	0.0
94.0	26.204570275239504	23.731700236393547	23.767643114865145	26.296086373501804	0.0
95.0	26.199040601628486	23.813539405836572	23.74745980618494	26.239960186350004	0.0
96.0	26.260143495030206	23.719534954449315	23.79225016243416	26.228071388086317	0.0
97.0	26.25710217454415	23.72285275861592	23.78450861937874	26.23553644746119	0.0
98.0	26.2614533048003	23.67799693656929	23.82674474544218	26.23380501318823	0.0
99.0	26.337689770436867	23.75728184867026	23.691755578718617	26.213272802174252	0.0
100.0	26.328565859430945	23.78078283156431	23.753687580698227	26.13696372830652	0.0
101.0	26.265804410996246	23.769447063344824	23.677654988982187	26.287093536676743	0.0
102.0	26.176224193847165	23.752305169939756	23.74566959829908	26.325801037913998	0.0
103.0	26.130051674514153	23.791565635480403	23.79018322472193	26.28819946528352	0.0
104.0	26.27714017921573	23.700879489724542	23.811195868250724	26.210784462809006	0.0
105.0	26.22488505254543	23.76142908094568	23.695902810994035	26.317783055514855	0.0
106.0	26.103509387951462	23.70143245402793	23.90907054995065	26.28598760806996	0.0
107.0	26.329395305886028	23.732398455017737	23.712768222247412	26.225438016848823	0.0
108.0	26.196683873072573	23.836355744054945	23.700879489724542	26.26608089314794	0.0
109.0	26.280734447187758	23.68263166771269	23.74954034842281	26.287093536676743	0.0
110.0	26.244515285315757	23.77801801004736	23.770552991951604	26.206913712685274	0.0
111.0	26.26469848238947	23.809536975340556	23.642265273565265	26.28349926870471	0.0
112.0	26.21659058799459	23.74566959829908	23.644200648627127	26.3935391650792	0.0
113.0	26.240921017343727	23.788247849660067	23.810642903947336	26.160188229048874	0.0
114.0	26.230138213427633	23.765299831069406	23.734610312231293	26.269951643271668	0.0
115.0	26.236220820764917	23.815343100526146	23.728251222742315	26.22018485596662	0.0
116.0	26.279075554277593	23.730186597804177	23.884187156298125	26.1065506916201	0.0
117.0	26.310871001722486	23.694243918083867	23.80373085015497	26.191154230038684	0.0
118.0	26.18451865839801	23.910452960709122	23.72576288337706	26.179265497515807	0.0
119.0	26.198619248134435	23.730463079955875	23.772211884861772	26.298705787047915	0.0
120.0	26.20166055180308	23.81147235040242	23.744287187540607	26.242579910253895	0.0
121.0	26.263316071630992	23.71083284718555	23.79847768927277	26.227373391910685	0.0
122.0	26.250597892653037	23.717744900977916	23.80428381445836	26.227373391910685	0.0
123.0	26.25924144147133	23.68407956072394	23.822597501700372	26.234081496104356	0.0
124.0	26.334517605098355	23.759901571809724	23.6949279068803	26.210652916211618	0.0
125.0	26.325117159959632	23.78091433153158	23.755201349240362	26.138767159268422	0.0
126.0	26.26263184815516	23.775937625281667	23.67419163083899	26.28723889572418	0.0
127.0	26.18355751551765	23.755477832920914	23.743589034657226	26.317375616904208	0.0
128.0	26.1304726488519	23.789485325628654	23.793632580836917	26.28640944468253	0.0
129.0	26.287864544740714	23.695546388560178	23.806693135444203	26.209895931254906	0.0
130.0	26.23588546908351	23.75111976200219	23.69997013967994	26.31302462923436	0.0
131.0	26.11008504661528	23.69775826412006	23.90429214452395	26.287864544740714	0.0
132.0	26.33624932261311	23.730383428628304	23.711029517479346	26.22233773127924	0.0
133.0	26.20243085124031	23.828535406598025	23.70688225080457	26.262151491357095	0.0
134.0	26.285929153625816	23.678404352971103	23.7527786686721	26.282887824730985	0.0
135.0	26.249709691332768	23.764943984251445	23.770750157596137	26.214596166819653	0.0
136.0	26.25523938023247	23.814158215458797	23.64107895289811	26.289523451410624	0.0
137.0	26.219572886829383	23.75001382422225	23.642461375123037	26.38795191382533	0.0
138.0	26.23809734464339	23.783191957620463	23.817752513243605	26.16095818449254	0.0
139.0	26.225102575729085	23.759967264241713	23.74420765087756	26.270722509151632	0.0
140.0	26.232014686853717	23.81913493546853	23.730106944183323	26.218743433494428	0.0
141.0	26.2806759491711	23.72955397529335	23.89185034449962	26.097919731035933	0.0
142.0	26.31274814478937	23.693610997445283	23.803651806549365	26.189989051215978	0.0
143.0	26.184459362316275	23.920881211223058	23.72623616195353	26.16842326450714	0.0
144.0	26.210172415699894	23.72595967750854	23.769644219816193	26.29422368697537	0.0
145.0	26.201048429015383	23.818581966578563	23.749737339777262	26.230632264628788	0.0
146.0	26.264363366916974	23.711029517479346	23.799504539874587	26.225102575729085	0.0
147.0	26.251164693944695	23.719113146042254	23.805376531382453	26.224345628630598	0.0
148.0	26.269485349008242	23.681853119591242	23.820925564446117	26.227735966954395	0.0
149.0	26.3436564265195	23.750763794614592	23.69159563261548	26.213984146250425	0.0
150.0	26.324578841575864	23.772606246941365	23.7529756885211	26.149839222961667	0.0
151.0	26.2643047326235	23.770947326511486	23.680812649821252	26.283935291043765	0.0
152.0	26.196565481736666	23.73998081182036	23.7529756885211	26.310478017921866	0.0
153.0	26.129932177803088	23.786154097118732	23.794448699268138	26.28946502581004	0.0
154.0	26.283178500331783	23.69166113691661	23.814421588144217	26.21073877460739	0.0
155.0	26.233134262331344	23.746958637469586	23.707420924574212	26.312486175624862	0.0
156.0	26.10982083609821	23.698573324485732	23.912574651625746	26.279031187790313	0.0
157.0	26.346494138464944	23.726498562264986	23.705485512054857	26.221521787215217	0.0
158.0	26.212121212121215	23.82437513824375	23.704379562043794	26.25912408759124	0.0
159.0	26.286772837867726	23.67120106171201	23.76188896261889	26.280137137801376	0.0
160.0	26.26244193762442	23.76078301260783	23.775160362751606	26.201614687016146	0.0
161.0	26.260506525105065	23.805297500552975	23.644934748949346	26.289261225392615	0.0
162.0	26.21820393718204	23.746682149966823	23.650740986507408	26.38437292634373	0.0
163.0	26.248064587480645	23.779860650298605	23.822439725724397	26.14963503649635	0.0
164.0	26.24032293740323	23.75387082503871	23.735346162353462	26.2704600752046	0.0
165.0	26.23175182481752	23.818292413182924	23.730922362309222	26.219033399690332	0.0
166.0	26.283178500331783	23.731475337314752	23.88630833886308	26.099037823490377	0.0
167.0	26.321610263216105	23.68696084936961	23.806403450564034	26.185025436850257	0.0
168.0	26.18419597434196	23.91285113912851	23.732304799823048	26.170648086706482	0.0
169.0	26.20465604954656	23.72511612475116	23.777648750276487	26.29257907542579	0.0
170.0	26.2090798495908	23.813315638133155	23.754700287547003	26.222904224729042	0.0
171.0	26.26299491262995	23.712950674629507	23.803085600530856	26.220968812209687	0.0
172.0	26.24647823069628	23.72296981577587	23.801768971933676	26.22878298159418	0.0
173.0	26.265075564452356	23.6881977891937	23.820083057305116	26.22664358904882	0.0
174.0	26.340629899053575	23.747432101018312	23.699599366285387	26.212338633642723	0.0
175.0	26.327227483237714	23.776042026681413	23.75862307320108	26.138107416879798	0.0
176.0	26.256445704016034	23.765535356328197	23.6878412939794	26.290177645676366	0.0
177.0	26.181793046243172	23.74452201562176	23.76277044307735	26.31091449505772	0.0
178.0	26.1253888159259	23.7871016796848	23.800373263288865	26.287136241100434	0.0
179.0	26.28665593877359	23.68652432853896	23.8206229919762	26.206196740711245	0.0
180.0	26.239099299369045	23.7448641594364	23.706708251076936	26.309328290117616	0.0
181.0	26.115507335335135	23.699795948837902	23.91075941317319	26.27393730265377	0.0
182.0	26.347207706387522	23.7241272527193	23.702284377643956	26.226380663249227	0.0
183.0	26.206196740711245	23.823940897050935	23.708367203614305	26.26149515862351	0.0
184.0	26.283338033698854	23.672976216150456	23.757029811377098	26.28665593877359	0.0
185.0	26.256518301011404	23.764218605705693	23.77251336839253	26.206749724890372	0.0
186.0	26.25679479310097	23.806521895408572	23.653621769881163	26.283061541609293	0.0
187.0	26.227486631607473	23.74099327018254	23.647262451821252	26.384257646388736	0.0
188.0	26.24103474399597	23.779425670631564	23.816199118543217	26.163340466829244	0.0
189.0	26.2373089429096	23.745824946360237	23.74333650379349	26.273529606936673	0.0
190.0	26.23399101948727	23.812459908425314	23.72647039306333	26.22707867902409	0.0
191.0	26.27657103674047	23.724258444115108	23.888219159901787	26.11095135924263	0.0
192.0	26.313621181623127	23.685549337521287	23.806100555199187	26.194728925656396	0.0
193.0	26.19002853414143	23.905914751487536	23.725640912207744	26.178415802163286	0.0
194.0	26.220166338560908	23.71734610365193	23.77292132097591	26.289566236811257	0.0
195.0	26.209106593819815	23.80858899776593	23.757714171956913	26.22459023645734	0.0
196.0	26.263852330288216	23.69992700568471	23.809418478621513	26.22680218540556	0.0
197.0	26.242911375255414	23.710499321206292	23.804230917048923	26.24235838648938	0.0
198.0	26.2584676638925	23.70088754942351	23.82365139491802	26.216993391765975	0.0
199.0	26.336512114668388	23.763441157522486	23.703441544616762	26.196605183192368	0.0
200.0	26.326150851473866	23.78596886085819	23.752512670495236	26.135367617172705	0.0
201.0	26.258408978424903	23.768826019515192	23.682282320477125	26.290482681582784	0.0
202.0	26.190943602816958	23.743664752382717	23.75500114746438	26.310390497335945	0.0
203.0	26.141450560875057	23.782650891566	23.79758175338087	26.278316794178068	0.0
204.0	26.293596854556412	23.68207130335724	23.822532391764778	26.201799450321566	0.0
205.0	26.249910138083205	23.743453904984158	23.701426177744107	26.30520977918853	0.0
206.0	26.128250927651482	23.70667964364911	23.89414542699618	26.27092400170323	0.0
207.0	26.351108481305957	23.727140510858085	23.693407729783832	26.228343278052122	0.0
208.0	26.215288818596317	23.816646989047815	23.715724306882375	26.252339885473493	0.0
209.0	26.284966944365333	23.674525732518948	23.7602408872348	26.280266435880918	0.0
210.0	26.242662368005576	23.776830917179804	23.78125492516514	26.19925178964948	0.0
211.0	26.25123388347716	23.811116979066146	23.658488703572107	26.279160433884584	0.0
212.0	26.235196854530322	23.74641586228063	23.64466367861794	26.373723604571108	0.0
213.0	26.235473355029406	23.784849431653225	23.826601007014816	26.15307620630255	0.0
214.0	26.244670438143903	23.755882564383317	23.736527475930565	26.262919521542216	0.0
215.0	26.239693415398907	23.815053834796025	23.73459196708529	26.210660782719774	0.0
216.0	26.27176756197776	23.728232438022243	23.905193246733138	26.094806753266862	0.0
217.0	26.306883222456328	23.688969258589513	23.800399267824655	26.203748251129504	0.0
218.0	26.17637462603204	23.911276274532575	23.735697972139732	26.176651127295653	0.0
219.0	26.201536241020623	23.72740293423141	23.77744966294496	26.29361116180301	0.0
220.0	26.19753359508931	23.812420505447104	23.764309019521097	26.225736879942485	0.0
221.0	26.25311065641763	23.705966930265994	23.806060941215506	26.234861472100867	0.0
222.0	26.23825205511269	23.705755974550613	23.816080893880702	26.239911076455996	0.0
223.0	26.25961543778929	23.6939318361546	23.826653910600623	26.219798815455487	0.0
224.0	26.33959801690552	23.739344185236288	23.71141717151887	26.20964062633932	0.0
225.0	26.309051444055797	23.786758098187498	23.756895383722053	26.14729507403465	0.0
226.0	26.26287483928053	23.75883093003	23.68472715709723	26.293567073592232	0.0
227.0	26.19125962588655	23.738092933873443	23.758001410183738	26.312646030056268	0.0
228.0	26.12766310433977	23.773762287262723	23.807772600959478	26.29080200743803	0.0
229.0	26.284383882848704	23.685200137148417	23.828984769889285	26.20143121011359	0.0
230.0	26.246225653390553	23.750179730790926	23.705385287513963	26.298209328304555	0.0
231.0	26.11323718090519	23.71007167190196	23.903630049108525	26.273061098084327	0.0
232.0	26.340530018139184	23.73163960536212	23.695416537627747	26.232413838870944	0.0
233.0	26.215895610913403	23.814382533243744	23.72230379347817	26.24741806236468	0.0
234.0	26.284470768456536	23.66672473434039	23.761292088694226	26.28751240850885	0.0
235.0	26.24935365148888	23.77511772529566	23.764610241478568	26.210918381736885	0.0
236.0	26.255713444325547	23.80415156215868	23.65898237784359	26.281152615672188	0.0
237.0	26.226126581998464	23.743871786576413	23.654834686863158	26.37516694456196	0.0
238.0	26.229721247514842	23.780924492668266	23.82599606798895	26.16335819182794	0.0
239.0	26.2400247756093	23.749467711519	23.73647157717768	26.274035935694023	0.0
240.0	26.24360190359787	23.814053551824927	23.725565562686825	26.216778981890382	0.0
241.0	26.28775748927733	23.734780167967767	23.88383289502429	26.09362944773061	0.0
242.0	26.30525142631161	23.686313769196094	23.807996194658696	26.200438609833597	0.0
243.0	26.177477612022855	23.906321734176306	23.74204182776607	26.17415882603477	0.0
244.0	26.202421714671342	23.730093317328702	23.777111532738505	26.29037343526145	0.0
245.0	26.206333840409346	23.795878854930162	23.774858249204815	26.22292905545568	0.0
246.0	26.24927391917683	23.708682543633998	23.804663513401376	26.237380023787793	0.0
247.0	26.245048573767953	23.704607315939718	23.80972139237425	26.24062271791808	0.0
248.0	26.26120680831759	23.697714239873417	23.828558308598364	26.21252064321063	0.0
249.0	26.339288184166993	23.74508296034833	23.707461728695595	26.208167126789085	0.0
