# Position (bp)	A	C	G	T	N
0.0	26.256731843980894	23.763735864942152	23.861864738927842	26.11766755214911	0.0
1.0	26.023603187736793	23.9782839059937	23.90105822409964	26.09705468216987	0.0
2.0	26.111419173341616	23.987434931934377	23.876532528952204	26.024613365771803	0.0
3.0	26.034623413045182	24.002101907684448	23.897587160944	26.06568751832637	0.0
4.0	26.03743896137075	23.858918752576542	23.820887549571204	26.282754736481508	0.0
5.0	26.14010793612086	23.78223495702006	23.830716216255446	26.246940890603636	0.0
6.0	26.098000679310356	23.865856526169416	23.799957615678714	26.236185178841513	0.0
7.0	26.18196069323889	23.877551020408163	23.732981101402153	26.207507184950796	0.0
8.0	26.123824647067533	23.882707107419783	23.78574684080808	26.207721404704603	0.0
9.0	26.141229407068728	23.86675375571522	23.94600478989767	26.046012047318385	0.0
10.0	26.091866267609927	23.854574589452476	23.844704611892162	26.208854531045432	0.0
11.0	26.000423828448177	23.8258355371445	23.988690166889707	26.185050467517613	0.0
12.0	26.09157597415227	23.940791746376412	23.751810705442132	26.215821574029185	0.0
13.0	26.204790422638247	23.786355626903237	23.994786329500492	26.014067620958027	0.0
14.0	26.250656788947946	23.868798968877638	23.773002127851043	26.10754211432337	0.0
15.0	26.07357777977758	23.891441858574833	23.892022445490145	26.142957916157446	0.0
16.0	26.21727304131747	23.923083845459374	23.940791746376412	25.918851366846745	0.0
17.0	26.11625091805306	23.928599421154846	23.849059013757007	26.106090647035085	0.0
18.0	26.068352497539767	23.942243213664693	23.8005800063284	26.188824282467145	0.0
19.0	26.196081618908558	23.79941883249777	23.92105179125578	26.08344775733789	0.0
20.0	26.16349280074315	23.916337668369717	23.841732466326057	26.07843706456108	0.0
21.0	26.15217138875987	23.93172317696238	23.699198792382724	26.216906641895033	0.0
22.0	26.142011147236417	23.78599628425453	23.93665815141663	26.13533441709243	0.0
23.0	26.08337203901533	23.872213190896424	23.846086855550393	26.198327914537856	0.0
24.0	26.106014862981887	23.799059451927544	23.81386437529029	26.28106130980028	0.0
25.0	26.270030190431953	23.755805852299115	23.863504412447746	26.11065954482118	0.0
26.0	26.04534370645611	23.959591267998142	23.886727821644218	26.108337203901534	0.0
27.0	26.126625638643752	23.97178355782629	23.874245239201112	26.02734556432884	0.0
28.0	26.05143985137018	23.9921040408732	23.898920111472364	26.057535996284255	0.0
29.0	26.057750645173467	23.854145801945535	23.82714866712533	26.260954885755673	0.0
30.0	26.15238576293032	23.783314609514022	23.812053494967792	26.252246132587864	0.0
31.0	26.105648787596415	23.86720893169725	23.801893282938682	26.225248997767657	0.0
32.0	26.194187778135802	23.85820988675718	23.753704848743475	26.193897486363543	0.0
33.0	26.106519662913197	23.88927110638903	23.7783796493856	26.225829581312176	0.0
34.0	26.16283626673169	23.874466226003758	23.940362458306844	26.022335048957707	0.0
35.0	26.107971121774497	23.84833996650033	23.83730887915444	26.206380032570735	0.0
36.0	26.004627250849826	23.81960108104656	23.981293598195546	26.194478069908065	0.0
37.0	26.10100411924025	23.939201291217806	23.74964076393183	26.21015382561012	0.0
38.0	26.212766451560466	23.78215344242498	23.977810096928422	26.027270009086134	0.0
39.0	26.22902279080704	23.871273016508894	23.777508774068817	26.122195418615252	0.0
40.0	26.062395313529628	23.880272061448963	23.896528400695537	26.16080422432587	0.0
41.0	26.21915287055019	23.92439641083253	23.943555667801707	25.912895050815578	0.0
42.0	26.096940034428606	23.93833041590102	23.867789515241768	26.096940034428606	0.0
43.0	26.067910857202577	23.932234288683556	23.81147291142327	26.188381942690597	0.0
44.0	26.18896252623512	23.803925325344505	23.9180099918428	26.089102156577574	0.0
45.0	26.14331082610993	23.924326960479796	23.83404648138364	26.098315732026638	0.0
46.0	26.152309844926585	23.93419685208516	23.70806021795043	26.20543308503783	0.0
47.0	26.131118607068004	23.77569800454015	23.94900168949321	26.144181698898638	0.0
48.0	26.098606022956204	23.869461974791136	23.83491735417235	26.19701464808031	0.0
49.0	26.087284676702993	23.80588826121539	23.825047462566985	26.281779599514632	0.0
50.0	26.274522326275395	23.749281529949315	23.861624119692756	26.114572024082534	0.0
51.0	26.036774054957878	23.943486161831387	23.893265831015846	26.12647395219489	0.0
52.0	26.129667152420154	23.980643400816298	23.87236488408683	26.017324562676713	0.0
53.0	26.053320637943344	23.997480274731338	23.90284543169164	26.046353655633673	0.0
54.0	26.06979154268861	23.862135431937133	23.812205536993115	26.255867488381142	0.0
55.0	26.15629798857999	23.792465811085016	23.815689018035723	26.235547182299275	0.0
56.0	26.120592307893276	23.84965295820113	23.803787124473487	26.225967609432104	0.0
57.0	26.203615272742052	23.861554851763366	23.731795182926298	26.203034692568284	0.0
58.0	26.107819544070388	23.887971249669796	23.789853200303064	26.214356005956752	0.0
59.0	26.16036204979636	23.872876165151837	23.93325650322367	26.033505281828127	0.0
60.0	26.117689407024443	23.847911217679826	23.835719034030706	26.198680341265025	0.0
61.0	26.001573372270908	23.810463796471815	23.98783103955783	26.200131791699445	0.0
62.0	26.110722444939228	23.929192442007295	23.75646984031142	26.203615272742052	0.0
63.0	26.216388036564943	23.792756101171904	23.969252473997265	26.021603388265895	0.0
64.0	26.2224841283895	23.87781109662886	23.79711045247516	26.102594322506476	0.0
65.0	26.067178931906653	23.885648928974724	23.911775036794268	26.135397102324355	0.0
66.0	26.22480644908457	23.91961286914013	23.939352595048234	25.916228086727067	0.0
67.0	26.0950467802475	23.93383708339744	23.866780073327277	26.104336063027784	0.0
68.0	26.076468214686937	23.928321571746647	23.812495827080003	26.182714386486417	0.0
69.0	26.211743395174796	23.791594940824364	23.921935189835203	26.074726474165633	0.0
70.0	26.14548135762474	23.924478350228167	23.832746949060045	26.097293343087053	0.0
71.0	26.161447266055898	23.927961821158604	23.70850315254119	26.202087760244307	0.0
72.0	26.130096027681983	23.779333728126705	23.958732481044112	26.131837763147196	0.0
73.0	26.09293900442401	23.875419467957872	23.842036204874535	26.18960532274358	0.0
74.0	26.088294376516764	23.79965397522091	23.826070296443376	26.285981351818954	0.0
75.0	26.275240649783445	23.760464927253516	23.860905005747725	26.10338941721531	0.0
76.0	26.049395617793568	23.957281034823097	23.88616016999338	26.107163177389953	0.0
77.0	26.145771646868944	23.984858513022374	23.870774840050625	25.998595000058057	0.0
78.0	26.046783014595743	24.009242809535422	23.903577524645556	26.04039665122328	0.0
79.0	26.066156726707984	23.869834680755332	23.812647865654526	26.251360726882154	0.0
80.0	26.148018055938575	23.794069407956805	23.834709784170574	26.223202751934043	0.0
81.0	26.117247485376723	23.86141631711105	23.805390655616353	26.215945541895874	0.0
82.0	26.197367084198152	23.858223144694254	23.745300956500284	26.199108814607314	0.0
83.0	26.109699986937024	23.88754227324847	23.789715081933902	26.213042657880603	0.0
84.0	26.16630622523477	23.86693179674006	23.936891301508048	26.02987067651712	0.0
85.0	26.110280563740073	23.841966994208747	23.842257282610273	26.205495159440908	0.0
86.0	25.99880981755374	23.798714022381237	24.002206191851606	26.20026996821342	0.0
87.0	26.11840863898283	23.937471878311104	23.75313874334151	26.190980739364562	0.0
88.0	26.203463140630216	23.790295658736955	23.987691771775257	26.01854942885757	0.0
89.0	26.239458902419553	23.876801602391975	23.77491037345603	26.10882912173244	0.0
90.0	26.06354413109424	23.89044515726374	23.91337794098437	26.13263277065765	0.0
91.0	26.227266789555426	23.911636210575207	23.968242448872957	25.892854550996415	0.0
92.0	26.095185566860675	23.925279765446973	23.886381119642365	26.093153548049987	0.0
93.0	26.08067114678433	23.935149571098886	23.805680944017883	26.178498338098898	0.0
94.0	26.209559197062283	23.78361902550184	23.930795245075984	26.076026532359897	0.0
95.0	26.16448854235005	23.905470759334197	23.859024749917268	26.071015948398486	0.0
96.0	26.14852272661298	23.934209227660922	23.728685635991013	26.188582409735083	0.0
97.0	26.13342777355248	23.78354998461476	23.949884755839136	26.133137485993625	0.0
98.0	26.096270966018935	23.866862514006375	23.85060641071045	26.186260109264236	0.0
99.0	26.083208025870423	23.801547813263817	23.813449603176906	26.301794557688847	0.0
100.0	26.282635578804364	23.762068705259427	23.848284110239604	26.107011605696602	0.0
101.0	26.0393746044832	23.956271082133963	23.889504943597128	26.11484936978571	0.0
102.0	26.137491799376463	23.969043734723616	23.882538042184585	26.01092642371533	0.0
103.0	26.049534669043155	23.988493001166955	23.915630823894148	26.046341505895743	0.0
104.0	26.094163204997578	23.858955490337806	23.814251336044613	26.232629968620007	0.0
105.0	26.155413702113577	23.799737000235133	23.818605636787453	26.226243660863837	0.0
106.0	26.10345237991564	23.87230867928253	23.798575853370373	26.225663087431457	0.0
107.0	26.19024810805633	23.84386058109595	23.761128866981917	26.20476244386581	0.0
108.0	26.12522388362986	23.87898527375489	23.797124419789426	26.198666422825823	0.0
109.0	26.16702517076116	23.846763448257843	23.954169533247992	26.032041847733005	0.0
110.0	26.112160981401328	23.83718398662359	23.847924595122603	26.202730436852477	0.0
111.0	26.000690882384532	23.789867251884687	24.00148626798689	26.207955597743894	0.0
112.0	26.115354135279418	23.936171756844235	23.762870587279057	26.185603520597294	0.0
113.0	26.185313233881104	23.791318685465633	23.997422253960238	26.025945826693025	0.0
114.0	26.245692870848536	23.86301950436446	23.793060405762773	26.098227219024228	0.0
115.0	26.067166540391945	23.8842104346463	23.929204875655685	26.119418149306068	0.0
116.0	26.22043792654004	23.910626525819552	23.98116619785362	25.887769349786783	0.0
117.0	26.086615750376644	23.929204875655685	23.89291903613199	26.09126033783568	0.0
118.0	26.06803740054051	23.94023577087089	23.82354051096268	26.168186317625917	0.0
119.0	26.20098871655534	23.791028398749443	23.935010609979475	26.072972274715738	0.0
120.0	26.16187595432035	23.894439832097675	23.84654238488647	26.09714182869551	0.0
121.0	26.144168413230144	23.93072577695465	23.73449138716813	26.190614422647073	0.0
122.0	26.133718061111338	23.78964602335073	23.956561369692817	26.120074545845114	0.0
123.0	26.10236700475491	23.86860423935951	23.85467043653443	26.17435831935115	0.0
124.0	26.075370261781323	23.800386663028398	23.82360966773686	26.30063340745342	0.0
125.0	26.28147442856894	23.7655521559657	23.853799573857863	26.0991738416075	0.0
126.0	26.06637134745679	23.94669159269172	23.887763218243993	26.0991738416075	0.0
127.0	26.14503927590671	23.96265740842879	23.886311780449713	26.005991535214783	0.0
128.0	26.0643393345448	23.98471926290183	23.91621139901186	26.034730003541505	0.0
129.0	26.099539892883577	23.857061991088145	23.811777000449947	26.231621115578328	0.0
130.0	26.168628532446984	23.780425853085042	23.827742862533928	26.223202751934043	0.0
131.0	26.126827002627113	23.86025516350494	23.80713238602552	26.205785447842434	0.0
132.0	26.198818526205788	23.841096129004168	23.760395953379682	26.199689391410363	0.0
133.0	26.10331364210343	23.892767464475956	23.797552868775128	26.206366024645483	0.0
134.0	26.150920939953842	23.852707665065243	23.971435621289753	26.024935773691162	0.0
135.0	26.11202229414924	23.83238747695836	23.858803721497306	26.196786507395096	0.0
136.0	25.97907020624991	23.796682003570545	24.00336734545771	26.220880444721832	0.0
137.0	26.120150369391993	23.924989477045443	23.759525088175103	26.195335065387464	0.0
138.0	26.208107755054648	23.771426912637704	23.98972379058595	26.030741541721703	0.0
139.0	26.242071498033297	23.852417376663716	23.809164404836206	26.096346720466784	0.0
140.0	26.061221823882025	23.861996893914103	23.94153591593248	26.13524536627139	0.0
141.0	26.214494099888242	23.913668229385895	23.972016198092806	25.89982147263306	0.0
142.0	26.094895278459152	23.920925439424067	23.9029275585294	26.081251723587386	0.0
143.0	26.078929416375168	23.93398841749278	23.8274525741324	26.15962959199965	0.0
144.0	26.217396983903505	23.7702657590316	23.956630912811878	26.055706344253014	0.0
145.0	26.155060902683434	23.90996388801802	23.846680832781782	26.088294376516764	0.0
146.0	26.15970553059068	23.91983372232092	23.74391844033395	26.176542306754452	0.0
147.0	26.14402991140372	23.77701141417308	23.95641016709049	26.122548507332706	0.0
148.0	26.099905946284878	23.867291369120192	23.86235645196874	26.170446232626187	0.0
149.0	26.071747889597198	23.77672112492888	23.842907072607144	26.30862391286678	0.0
150.0	26.281627013155905	23.758432902544094	23.85916327028251	26.100776814017486	0.0
151.0	26.07029644337618	23.94450830807817	23.895449425807875	26.089745822737775	0.0
152.0	26.155641481171838	23.95350727464846	23.87629033569048	26.01456090848922	0.0
153.0	26.04881503930516	23.98630995924339	23.924188060983965	26.040686940467484	0.0
154.0	26.090111848770476	23.85720050046011	23.836880194378242	26.215807456391172	0.0
155.0	26.16007175970948	23.784337688652272	23.833396713335635	26.222193838302616	0.0
156.0	26.122043758327695	23.847330637506058	23.80552886499479	26.225096739171455	0.0
157.0	26.1757474244012	23.830203522379914	23.771564924829384	26.2224841283895	0.0
158.0	26.12668839971784	23.86939268410923	23.793917261519436	26.210001654653496	0.0
159.0	26.18445612700772	23.833106423248754	23.957060290348146	26.025377159395386	0.0
160.0	26.12610781954407	23.824978300816007	23.859813111242065	26.18910076839786	0.0
161.0	25.98009190584151	23.77766101665394	23.99537858181681	26.246868495687742	0.0
162.0	26.141493194148914	23.90364691436152	23.75617955022454	26.198680341265025	0.0
163.0	26.22858022021406	23.75676013039831	23.995088291729928	26.019571357657707	0.0
164.0	26.241062693950063	23.84965295820113	23.815979308122607	26.0933050397262	0.0
165.0	26.066308061646005	23.854587889678154	23.94399723643837	26.135106812237467	0.0
166.0	26.22016180769443	23.912936197141804	23.992475680947972	25.8744263142158	0.0
167.0	26.09359532981308	23.92280606009585	23.90596923505659	26.077629375034473	0.0
168.0	26.07385560390498	23.93325650322367	23.815689018035723	26.17719887483562	0.0
169.0	26.216097746478056	23.767210573526125	23.948061297654746	26.068630382341073	0.0
170.0	26.16595351861636	23.904006595409918	23.84856102786212	26.081478858111602	0.0
171.0	26.16392148210937	23.906619213776047	23.751603857385874	26.17785544672871	0.0
172.0	26.132570061715853	23.78353585963853	23.950743435070628	26.133150643574993	0.0
173.0	26.092800204364814	23.863656156199745	23.863365865270172	26.18017777416527	0.0
174.0	26.077705076027197	23.77773004104714	23.83782026346805	26.30674461945762	0.0
175.0	26.264942725599592	23.771924222455745	23.85756004667878	26.105573005265875	0.0
176.0	26.067254602562688	23.939712379746982	23.898781358677667	26.094251659012663	0.0
177.0	26.152309844926585	23.950743435070628	23.889201758001867	26.007744962000917	0.0
178.0	26.067544893492254	23.968451181774377	23.917069687240552	26.046934237492813	0.0
179.0	26.116970166714566	23.827729250669847	23.844275881688684	26.2110247009269	0.0
180.0	26.16225568318717	23.760381559505458	23.84572734054999	26.23163541675738	0.0
181.0	26.112035206586135	23.84804967472807	23.816698163323956	26.223216955361835	0.0
182.0	26.175318812938887	23.81873020572978	23.783314609514022	26.222636371817316	0.0
183.0	26.128291545832717	23.864306013974645	23.804505908889023	26.202896531303615	0.0
184.0	26.1729964787608	23.83382537788731	23.959521715276026	26.033656428075858	0.0
185.0	26.1306138800108	23.842534131055125	23.85066230067841	26.176189688255665	0.0
186.0	25.990983537553596	23.766767978495185	23.987389725413014	26.25485875853821	0.0
187.0	26.146289635712854	23.900302193734923	23.753124265198952	26.200283905353274	0.0
188.0	26.224378122450876	23.744705803803402	24.006258690609933	26.02465738313579	0.0
189.0	26.23163541675738	23.84717879941129	23.814666120918133	26.106519662913197	0.0
190.0	26.06558852302449	23.860532220935262	23.949361503246912	26.12451775279333	0.0
191.0	26.226410164856695	23.91597794943698	23.97316542857226	25.884446457134064	0.0
192.0	26.10216528632929	23.933685747544857	23.891303148794854	26.072845817330997	0.0
193.0	26.085328363538192	23.92584786969383	23.812053494967792	26.176770271800187	0.0
194.0	26.224668414223135	23.75254368165443	23.941233333623625	26.08155457049881	0.0
195.0	26.16639572689271	23.90849976776591	23.84550627032048	26.0795982350209	0.0
196.0	26.165234556432885	23.912854156990246	23.736936832326986	26.184974454249883	0.0
197.0	26.161460752438458	23.78251277287506	23.93636785880167	26.11965861588481	0.0
198.0	26.10862749651649	23.869890849976777	23.86466558290757	26.156816070599163	0.0
199.0	26.07988852763586	23.77728750580585	23.8414421737111	26.301381792847188	0.0
200.0	26.271634182734456	23.762910839008587	23.858127369527228	26.10732760872973	0.0
201.0	26.080910827396814	23.932733004720184	23.89963945447895	26.08671671340405	0.0
202.0	26.16481940581873	23.94201013719468	23.88685357966058	26.006316877326007	0.0
203.0	26.08616134931924	23.96609283827329	23.917322263186925	26.030423549220544	0.0
204.0	26.11135464355076	23.821730383461986	23.843212847674813	26.223702125312435	0.0
205.0	26.178566762951245	23.759743370153714	23.854673188858083	26.207016678036954	0.0
206.0	26.118625222447694	23.85394077157779	23.8243294635418	26.203104542432715	0.0
207.0	26.17683859711259	23.81953254504864	23.786437361559074	26.217191496279696	0.0
208.0	26.124734728951776	23.87541042620457	23.79760726240278	26.20224758244087	0.0
209.0	26.19746441500681	23.811099788943178	23.963803900051385	26.02763189599863	0.0
210.0	26.1494244531216	23.82546341321798	23.846946625829208	26.178165507831213	0.0
211.0	26.007902384360133	23.762313000612565	23.988178358150456	26.241606256876842	0.0
212.0	26.14086682363051	23.89121302470874	23.76260331598215	26.205316835678598	0.0
213.0	26.227395057033114	23.754750340398722	24.00065031397972	26.01720428858844	0.0
214.0	26.231611829976746	23.861145546339497	23.82630709514091	26.080935528542852	0.0
215.0	26.06585124389231	23.85358390212604	23.956068202866657	26.12449665111499	0.0
216.0	26.23104548502945	23.913680928339375	23.972616659360185	25.882656927270986	0.0
217.0	26.10620625183267	23.944164927143245	23.892196967277606	26.057431853746483	0.0
218.0	26.07485128163441	23.93226165141983	23.835874150439988	26.157012916505778	0.0
219.0	26.231335808827584	23.763873848503238	23.939229422574996	26.065560920094182	0.0
220.0	26.17074771076362	23.91170544481155	23.840284753714748	26.077262090710086	0.0
221.0	26.164802750002902	23.912715279471367	23.75042097806269	26.17206099246304	0.0
222.0	26.16800994100432	23.79250476146235	23.929251637478515	26.110233660054817	0.0
223.0	26.077438535775254	23.87059124113022	23.8810433530375	26.17092687005702	0.0
224.0	26.06134335205068	23.795808630110738	23.844876343555292	26.297971674283293	0.0
225.0	26.276196061807898	23.757483552154042	23.854747954544134	26.111572431493922	0.0
226.0	26.074408719535917	23.929075378460148	23.904396350988034	26.09211955101591	0.0
227.0	26.145430472805824	23.933835058011915	23.897250966865265	26.023483502316992	0.0
228.0	26.095932173862547	23.954008304056213	23.91510118753811	26.03495833454313	0.0
229.0	26.10152464076142	23.83532369943875	23.828935945344053	26.23421571445578	0.0
230.0	26.179048747274315	23.765639109314797	23.84519568303964	26.210116460371246	0.0
231.0	26.1282370669756	23.84345356828654	23.824290306002457	26.2040190587354	0.0
232.0	26.181170950395465	23.812731559447624	23.777017688528588	26.22907980162832	0.0
233.0	26.125145180023228	23.869918699186993	23.795586527293842	26.209349593495933	0.0
234.0	26.17653890824623	23.808362369337978	23.98054587688734	26.03455284552846	0.0
235.0	26.144889663182347	23.819976771196284	23.844657375145182	26.190476190476193	0.0
236.0	25.999419279907084	23.766840882694538	23.99854819976771	26.235191637630663	0.0
237.0	26.13241733353465	23.905620274335355	23.754050569693028	26.207911822436962	0.0
238.0	26.234196879155853	23.763480200003485	23.993739728334408	26.008583192506258	0.0
239.0	26.233616148945682	23.86597908209783	23.829683443962438	26.070721324994047	0.0
240.0	26.09374863889381	23.861679670372745	23.94298308017968	26.101588610553762	0.0
241.0	26.215731994506086	23.93395686753915	23.97025387579454	25.88005726216022	0.0
242.0	26.12537531869421	23.930087637278074	23.895822565002003	26.04871447902571	0.0
243.0	26.074141615945734	23.942120057612787	23.836999953538076	26.146738372903407	0.0
244.0	26.233088143478174	23.782157573927208	23.943907375732884	26.040846906861738	0.0
245.0	26.187523776611656	23.89741862227785	23.848631193172082	26.06642640793841	0.0
246.0	26.166351573866752	23.90929973892311	23.76061078633804	26.163737900872096	0.0
247.0	26.162008950481937	23.77918272400164	23.950235088096324	26.108573237420103	0.0
248.0	26.086577723051192	23.885833105843677	23.884381044206567	26.14320812689857	0.0
249.0	26.091300092641802	23.778449600246272	23.85134330612162	26.27890700099031	0.0
