# Position (bp)	A	C	G	T	N
0.0	25.978069124055736	24.115358374361527	24.17620917925172	25.73036332233102	0.0
1.0	25.998352725685802	24.16852599681609	23.964153344028325	25.86896793346979	0.0
2.0	25.801712984446688	24.03433344499181	24.17231873680458	25.991634833756915	0.0
3.0	25.82754594063057	24.338700755946164	23.999139573474277	25.83461372994899	0.0
4.0	25.818604193810074	24.210280488704246	24.12086088645247	25.85025443103321	0.0
5.0	25.940936619480283	24.22821534689212	24.04784803670029	25.782999996927302	0.0
6.0	25.940901926202685	24.122546926033696	24.082910597033727	25.853640550729896	0.0
7.0	25.932947024954373	24.02618949593516	24.06828195186098	25.97258152724949	0.0
8.0	25.846887423729438	24.10672041193784	24.011170987385018	26.035221176947704	0.0
9.0	26.041327442872152	24.206600347774796	24.02288186102526	25.72919034832779	0.0
10.0	25.919861387172784	24.12268709813186	24.07660570610517	25.880845808590188	0.0
11.0	25.874929342082627	24.131829241318293	24.12691390793581	25.86632750866327	0.0
12.0	25.815330924819975	24.03874511538745	24.072538032392046	26.073385927400526	0.0
13.0	25.885374425520414	23.975460198087937	24.24180982575143	25.89735555064022	0.0
14.0	26.005185676718522	23.99665757329991	24.033829782004965	25.964326967976604	0.0
15.0	25.901042050677088	24.10510211605102	24.007102656737693	25.9867531765342	0.0
16.0	26.03559930202266	23.925385239253853	24.12783553294502	25.911179925778466	0.0
17.0	25.768328049349947	24.13735899137359	24.12199857455332	25.972314384723145	0.0
18.0	25.728698173953646	24.256555825898893	24.097421907640886	25.917324092506572	0.0
19.0	25.89704834230382	24.087284032539507	23.944739364447393	26.07092826070928	0.0
20.0	25.858875067969635	23.964327077566793	24.23251913134038	25.944278723123194	0.0
21.0	25.870856156282546	24.06939200584923	24.11608752953031	25.943664308337915	0.0
22.0	25.80357773729467	24.03375594830314	24.192889377689987	25.969776936712208	0.0
23.0	25.835834513521732	24.170156030634722	24.020546030419677	25.97346342542387	0.0
24.0	26.00203371293927	24.12591816609475	24.09949833032782	25.77254979063816	0.0
25.0	25.989131002448445	24.11301545560392	24.162783053211392	25.735070488736238	0.0
26.0	26.015550838215372	24.150187550113206	23.952653196646523	25.8816084150249	0.0
27.0	25.832455232202705	24.008872149499403	24.172306482383192	25.986366135914697	0.0
28.0	25.849966053583113	24.32068765302768	23.980916276769285	25.848430016619922	0.0
29.0	25.833069646987983	24.19166054811943	24.117623566493503	25.857646238399077	0.0
30.0	25.96363278885943	24.20824974732192	24.028226215235645	25.799891248583005	0.0
31.0	25.9617895445036	24.108407344714344	24.082294716340055	25.847508394442002	0.0
32.0	25.94489313790847	24.026075763487174	24.079837057198944	25.94919404140541	0.0
33.0	25.882530037202816	24.089974901156022	23.996583853793858	26.030911207847307	0.0
34.0	26.072384205853528	24.202105599469146	24.001806379468714	25.72370381520861	0.0
35.0	25.924924657386956	24.111172211248093	24.081373094162135	25.882530037202816	0.0
36.0	25.89750364039642	24.12215757233176	24.110176520825526	25.870162266446293	0.0
37.0	25.819473202381467	24.06286672769835	24.07791984369336	26.039740226226826	0.0
38.0	25.885829795339067	23.97961378005247	24.22814379719459	25.90641262741388	0.0
39.0	25.99519529113955	23.992209244456458	24.042591102072414	25.970004362331572	0.0
40.0	25.89320275011213	24.076998224346728	24.011563250735758	26.018235774805387	0.0
41.0	26.029602413413862	23.91786528382804	24.11908550784298	25.93344679491512	0.0
42.0	25.772470615703163	24.121235952985128	24.1408971657133	25.965396265598407	0.0
43.0	25.724546409678233	24.247805009922768	24.11201975951879	25.915628820880208	0.0
44.0	25.886751414685698	24.095430611279394	23.948893135164692	26.068924838870217	0.0
45.0	25.87069720289388	23.943904274764606	24.232677449579896	25.952721072761626	0.0
46.0	25.867010736832402	24.068015298834155	24.136522126476507	25.928451837856937	0.0
47.0	25.805569635807874	24.018862418014532	24.19396955593444	25.981598390243153	0.0
48.0	25.819393883538392	24.169085910019508	24.03145784372456	25.980062362717536	0.0
49.0	25.98958573337634	24.145431086125065	24.095049383284948	25.769933797213646	0.0
50.0	25.987742500345608	24.11716817965378	24.17185075956561	25.723238560435004	0.0
51.0	26.007403652673457	24.144509469609694	23.95742131699	25.89066556072685	0.0
52.0	25.802497580756643	24.01794080149916	24.170007526534874	26.009554091209313	0.0
53.0	25.860559421224828	24.317466168993747	23.97247438674101	25.849500023040413	0.0
54.0	25.860252215719704	24.190897500883217	24.08583321813127	25.863017065265808	0.0
55.0	25.969310170038245	24.21332350275717	24.016404773973548	25.800961553231033	0.0
56.0	25.963473265440918	24.09873584934642	24.098121438336175	25.83966944687649	0.0
57.0	25.94473372962843	24.036987542816767	24.06985853186489	25.94842019568991	0.0
58.0	25.87837734052194	24.085526012626147	23.99797244366619	26.03812420318572	0.0
59.0	26.05962858854431	24.21670276331352	24.00841743084036	25.715251217301816	0.0
60.0	25.947805784679662	24.11133127505645	24.06955132635977	25.87131161390412	0.0
61.0	25.889971614298528	24.117094090613058	24.121394954472283	25.871539340616128	0.0
62.0	25.825458656410134	24.055960382899766	24.06210447412723	26.056476486562875	0.0
63.0	25.89120043254402	23.99728431167746	24.212020300077416	25.8994949557011	0.0
64.0	25.98274739183327	23.984996129222527	24.042136177637964	25.990120301306234	0.0
65.0	25.884749136755183	24.077771906757274	24.028926381498913	26.008552574988634	0.0
66.0	26.040501849371463	23.90112928396761	24.110642794824216	25.947726071836712	0.0
67.0	25.788901313606704	24.133683136927218	24.137676796225072	25.93973875324101	0.0
68.0	25.730839651507146	24.25042087024908	24.10542031728087	25.9133191609629	0.0
69.0	25.906253456051314	24.093746543948686	23.952739650278325	26.047260349721675	0.0
70.0	25.865930197194004	23.963110989595013	24.256490444431474	25.91446836877951	0.0
71.0	25.89941539151565	24.070325052147815	24.126543314174068	25.903716242162467	0.0
72.0	25.812476767726416	24.018100437150746	24.19658573899366	25.972837056129173	0.0
73.0	25.82691533775502	24.15695647231942	24.023322898650452	25.99280529127511	0.0
74.0	26.00847267577423	24.133608997379554	24.0887572692056	25.769161057640616	0.0
75.0	25.99526292021615	24.12500729608592	24.173238264053797	25.706491519644135	0.0
76.0	26.014309544509196	24.158492490407568	23.95235886297797	25.87483910210527	0.0
77.0	25.807254306226714	24.01318517926867	24.18583361237662	25.993726902128	0.0
78.0	25.847497980136215	24.310558281134316	23.980007188564652	25.861936550164817	0.0
79.0	25.842582722254136	24.198736164317072	24.099509395822647	25.859171717606145	0.0
80.0	25.963313743982646	24.223926860962713	24.01779323353312	25.794966161521515	0.0
81.0	25.977752314011248	24.1062678754105	24.085685233029306	25.830294577548944	0.0
82.0	25.93259338221967	24.025473323973863	24.100738210293166	25.941195083513303	0.0
83.0	25.871767065928967	24.100123803057905	24.011034753945264	26.017074377067868	0.0
84.0	26.0514811822424	24.210717105404633	24.019636455238896	25.718165257114066	0.0
85.0	25.94672474863064	24.111183133292577	24.085378029411675	25.856714088665107	0.0
86.0	25.896263801080128	24.111416265767176	24.127390804809565	25.864929128343135	0.0
87.0	25.841888927801225	24.04506048820649	24.07915998500851	26.03389059898377	0.0
88.0	25.891962963645636	23.99775127642711	24.22446684975946	25.885818910167796	0.0
89.0	26.022524100049765	23.987613588188673	24.010346586056684	25.97951572570488	0.0
90.0	25.887969328885042	24.081617606399647	24.045982096228165	25.98443096848715	0.0
91.0	26.03389059898377	23.911427325063435	24.127083602135674	25.927598473817113	0.0
92.0	25.786899649174543	24.13875730374357	24.147051775938657	25.927291271143222	0.0
93.0	25.714707020809907	24.248121455649148	24.12370437272286	25.913467150818082	0.0
94.0	25.890426950276176	24.0951345240509	23.96764541438569	26.046793111287244	0.0
95.0	25.855633618928543	23.963578162872214	24.259413429016433	25.92137478918281	0.0
96.0	25.885124985023918	24.085844451475953	24.131003105809494	25.89802745769064	0.0
97.0	25.799415702309236	24.01887447430104	24.198280284714563	25.98342953867516	0.0
98.0	25.828292664944293	24.1525072269207	24.029933736586802	25.989266371548204	0.0
99.0	25.98127912656404	24.12547347466661	24.090145275698195	25.80310212307116	0.0
100.0	25.988344766357724	24.127009483317412	24.160187270174703	25.724458480150158	0.0
101.0	26.00155444075461	24.17278254111127	23.95866293518965	25.867000082944468	0.0
102.0	25.822455832071245	24.033005753888407	24.159265664984225	25.985272749056122	0.0
103.0	25.863928065642867	24.305800890270614	23.986311090904064	25.843959953182456	0.0
104.0	25.847031970484057	24.185377812047836	24.10796297604748	25.859627241420625	0.0
105.0	25.993874397500605	24.228386054270256	24.02440410544392	25.753335442785215	0.0
106.0	25.983736740405323	24.110113388158602	24.068948356317144	25.837201515118934	0.0
107.0	25.949637348357545	24.00197837914223	24.10304774836492	25.945336524135303	0.0
108.0	25.896798650770002	24.096596512031557	24.02010328122168	25.986501555976766	0.0
109.0	26.05961556775488	24.178926575714474	24.033620157348725	25.727837699181922	0.0
110.0	25.93857808607178	24.111649396809405	24.11042058988876	25.83935192723005	0.0
111.0	25.895183091668716	24.11894814450725	24.129392971246006	25.856475792578028	0.0
112.0	25.824219710002456	24.081776849348735	24.08914966822315	26.00485377242566	0.0
113.0	25.88197345785205	23.98562300319489	24.22923322683706	25.903170312115996	0.0
114.0	26.001781764561315	23.990231014991398	24.033853526665027	25.97413369378226	0.0
115.0	25.901019906610962	24.053514376996805	24.059658392725485	25.985807323666748	0.0
116.0	26.030658638486116	23.896534775129023	24.143524207421972	25.929282378962892	0.0
117.0	25.775989186532318	24.14413860899484	24.149975423937082	25.92989678053576	0.0
118.0	25.72007864340133	24.251044482673876	24.125399361022364	25.903477512902434	0.0
119.0	25.905320717621038	24.10420250675842	23.957974932415826	26.03250184320472	0.0
120.0	25.852561601626938	23.965114171523012	24.240981325206825	25.94134290164322	0.0
121.0	25.876216134849273	24.089530872237873	24.13192471099997	25.902328281912883	0.0
122.0	25.811703771515642	24.02317529852328	24.213947572952733	25.951173357008344	0.0
123.0	25.823991840722048	24.156500849412783	24.032391350428085	25.987115959437084	0.0
124.0	25.9785143109926	24.133153517920615	24.099361327603	25.78897084348379	0.0
125.0	25.983122336945	24.118715036603085	24.179540979174792	25.718621647277118	0.0
126.0	26.01875773764358	24.157115252873105	23.95589811961821	25.868228889865108	0.0
127.0	25.8135469818966	24.03669217465033	24.17524015495255	25.97452068850052	0.0
128.0	25.86761448640479	24.287675988191165	23.994912739348546	25.8497967860555	0.0
129.0	25.83597270819829	24.160494471904865	24.118407834872926	25.885124985023918	0.0
130.0	25.990802380199007	24.204424319317766	24.033620157348725	25.7711531431345	0.0
131.0	25.98320215779158	24.106193820311013	24.09421291602922	25.816391105868185	0.0
132.0	25.943573012859506	24.002666519209384	24.103736198919876	25.950024269011234	0.0
133.0	25.864929128343135	24.107115428332687	24.01556903151285	26.012386411811327	0.0
134.0	26.036735408596172	24.200272182405218	24.03069578547357	25.732296623525038	0.0
135.0	25.953790431836126	24.10811109711628	24.101967024763685	25.83613144628391	0.0
136.0	25.879526659211837	24.108492362894605	24.125388613770138	25.886592364123423	0.0
137.0	25.833138770444464	24.047665859742686	24.104805908158124	26.014389461654723	0.0
138.0	25.889971614298528	23.97178633308347	24.22738052814608	25.91086152447192	0.0
139.0	25.99841482446331	23.985610538345274	24.048894677988176	25.967079959203232	0.0
140.0	25.910554319910545	24.038449722901486	24.0590324285135	25.99196352867447	0.0
141.0	26.007938165865884	23.901743693090356	24.130611091313483	25.959707049730273	0.0
142.0	25.787365290799833	24.147507342189016	24.146278523943522	25.91884884306762	0.0
143.0	25.743127833962077	24.23567505130316	24.140134432716057	25.8810626820187	0.0
144.0	25.8900511497166	24.088905273182494	23.97923290785371	26.041810669247194	0.0
145.0	25.83237587323433	23.95227240610235	24.279447274157178	25.935904446506143	0.0
146.0	25.884293763094675	24.079763082386627	24.137210688326768	25.89873246619193	0.0
147.0	25.836676763518618	23.982993050990125	24.19650153296018	25.98382865253107	0.0
148.0	25.809949802466253	24.150113359179638	24.050578469743236	25.989358368610876	0.0
149.0	25.95833051727422	24.125229636820535	24.11632064980308	25.800119196102166	0.0
150.0	25.984750271877704	24.11079093372328	24.17591870088537	25.72854009351364	0.0
151.0	26.01577812321436	24.156564694606068	23.955651677040006	25.872005505139562	0.0
152.0	25.816480447785494	24.025768556094533	24.169541615849443	25.988209380270526	0.0
153.0	25.829997573061597	24.29058132854909	23.996891061186496	25.882530037202816	0.0
154.0	25.8204741438898	24.173228104561108	24.134212765695995	25.8720849858531	0.0
155.0	25.9983472242276	24.202412806861783	24.03160549655467	25.767634472355944	0.0
156.0	25.962176509621766	24.101415616014158	24.106330949396643	25.830076924967436	0.0
157.0	25.93514217601809	24.0018801150188	24.104794907714616	25.958182801248498	0.0
158.0	25.881687925483547	24.087284032539507	24.030450490304506	26.000577551672443	0.0
159.0	26.03352882083862	24.171226164399975	24.043427103845953	25.751817910915452	0.0
160.0	25.943823711026663	24.098724774277983	24.119000586769726	25.83845092792563	0.0
161.0	25.873552271819605	24.105250222727413	24.114466529446098	25.90673097600688	0.0
162.0	25.855734078830146	24.027218825842525	24.095112285336857	26.021934809990476	0.0
163.0	25.911646339590185	23.955024423212805	24.229977573653652	25.90335166354336	0.0
164.0	25.994900310282326	23.96024699702006	24.043808177936164	26.00104451476145	0.0
165.0	25.903044453319406	24.023225092931092	24.076372461675525	25.997357992073976	0.0
166.0	26.048354889250714	23.88897422506221	24.150102915425027	25.912567970262053	0.0
167.0	25.79767134650241	24.14488034161777	24.14488034161777	25.912567970262053	0.0
168.0	25.735922091487208	24.2520967097785	24.127983779300173	25.883997419434117	0.0
169.0	25.938760525822634	24.077368060483735	23.95141148171018	26.03245993198345	0.0
170.0	25.83008712535483	23.966538456812124	24.273750568342408	25.92962384949064	0.0
171.0	25.89828821411455	24.069147302063236	24.14902245106111	25.8835420327611	0.0
172.0	25.84421888248522	24.000331789080455	24.186502328667807	25.96894699976652	0.0
173.0	25.816569792447496	24.14902245106111	24.0424198483601	25.991987908131293	0.0
174.0	25.956351303193774	24.131511360703882	24.111542573454418	25.800594762647922	0.0
175.0	25.969254211878052	24.12045172468879	24.175135480541186	25.73515858289197	0.0
176.0	26.019022573945954	24.15117293584182	23.969610577927426	25.860193912284796	0.0
177.0	25.825251069869466	24.009929125948137	24.17244483221559	25.992374971966807	0.0
178.0	25.846141557631636	24.28457759740958	23.98565929457738	25.883621550381402	0.0
179.0	25.83661795291653	24.1607707361132	24.142030739738317	25.860580571231957	0.0
180.0	25.99483267640942	24.174288110547547	24.029897974544326	25.80098123849871	0.0
181.0	25.977708552223305	24.091414597580382	24.09172181157951	25.839155038616802	0.0
182.0	25.95098093429921	23.986961837877026	24.10155265955159	25.96050456827217	0.0
183.0	25.88277942649291	24.077282753620516	24.034580007741795	26.005357812144787	0.0
184.0	26.036466413726362	24.173514999769587	24.012841584614677	25.777177001889374	0.0
185.0	25.94122978141657	24.12589668361469	24.120366814641862	25.812506720326876	0.0
186.0	25.88969720802202	24.09402034998034	24.114296598505703	25.901985843491936	0.0
187.0	25.865119937082188	23.997861777428234	24.112146087298466	26.02487219819111	0.0
188.0	25.919804364923323	23.949014451435314	24.218442784113254	25.912738399528116	0.0
189.0	26.008589756193473	23.96283916633897	24.03104109319701	25.997529984270546	0.0
190.0	25.912738399528116	24.0175235941801	24.065142056626033	26.00459594966575	0.0
191.0	26.054672139205664	23.878662013370036	24.139488301219032	25.92717754620527	0.0
192.0	25.80828499803382	24.135187278804562	24.14286767597326	25.91366004718836	0.0
193.0	25.757594376720412	24.258073633503734	24.126278018088872	25.858053971686985	0.0
194.0	25.934015969130854	24.063065470978763	23.950931327821863	26.051987232068523	0.0
195.0	25.84438805291519	23.96759466915718	24.261602079249897	25.92641519867773	0.0
196.0	25.897229510110538	24.07696419684057	24.122432427450523	25.90337386559837	0.0
197.0	25.842851964043234	23.996473139949984	24.193706951109366	25.96696794489742	0.0
198.0	25.819662058371733	24.156989247311827	24.033179723502304	25.990168970814132	0.0
199.0	25.95453149001536	24.13978494623656	24.102611367127498	25.803072196620587	0.0
200.0	25.990943108713417	24.14638492402411	24.168504875605993	25.694167091656478	0.0
201.0	26.0199818123725	24.148991078231376	23.984933762626884	25.846093346769237	0.0
202.0	25.8360446218175	24.01325996724948	24.18407882245592	25.9666165884771	0.0
203.0	25.86662979860823	24.276694778561225	23.993425196245603	25.863250226584945	0.0
204.0	25.853905829940853	24.135801520854137	24.148705737767877	25.86158691143713	0.0
205.0	26.023823935158585	24.165593862433212	24.039929824777015	25.770652377631187	0.0
206.0	25.97383444046383	24.10697277134939	24.101134987986455	25.81805780020033	0.0
207.0	25.963252012536103	23.98635777054016	24.100964788299635	25.9494254286241	0.0
208.0	25.88414952650759	24.10478900243967	24.043029122395176	25.968032348657566	0.0
209.0	26.05310300113998	24.15599659540995	24.010348970480237	25.78055143296983	0.0
210.0	25.91852851071937	24.09883265373849	24.141851468324322	25.84078736721782	0.0
211.0	25.905087912290515	24.105666824402803	24.10751049355023	25.881734769756452	0.0
212.0	25.85609282430738	24.014233388234715	24.10856953219106	26.02110425526685	0.0
213.0	25.92556172869856	23.94383942180048	24.220094399921333	25.910504449579623	0.0
214.0	25.9884088967556	23.99161703879885	24.04293501975896	25.977039044686588	0.0
215.0	25.95201219362293	24.008346239889864	24.043071022936797	25.99657054355041	0.0
216.0	26.05420853692265	23.883101318336866	24.158446267785255	25.904243876955224	0.0
217.0	25.815135553739022	24.144299736329387	24.123710072955014	25.916854636976577	0.0
218.0	25.75567602119212	24.24862632297083	24.127853376110927	25.86784427972613	0.0
219.0	25.94107541817891	24.069834265010034	23.94567899716963	26.043411319641425	0.0
220.0	25.837589659432446	23.983552449615548	24.26505387248846	25.913804018463544	0.0
221.0	25.888763230033558	24.084500116780784	24.133363655361467	25.893372997824187	0.0
222.0	25.834060652251413	24.01166578568882	24.18284182964757	25.9714317324122	0.0
223.0	25.802724098932977	24.16562177312288	24.030707577322122	26.000946550622018	0.0
224.0	25.96056327639513	24.136860674530244	24.088302364605294	25.81427368446933	0.0
225.0	26.00928145552892	24.136087036695557	24.133628372979285	25.721003134796238	0.0
226.0	26.009146397683896	24.14483025687363	23.989316909156848	25.856706436285627	0.0
227.0	25.82560616165745	24.007966388724117	24.187763356455942	25.97866409316249	0.0
228.0	25.867882137072364	24.26289567588002	24.007487068210388	25.86173511883723	0.0
229.0	25.831773517867955	24.14748016806051	24.1597742801029	25.860972033968633	0.0
230.0	26.02663519373984	24.168380158532575	24.031915514862046	25.773069132865544	0.0
231.0	25.95663853355381	24.08823511332133	24.12696168528206	25.828164667842806	0.0
232.0	25.960031227524482	23.9861812057021	24.1103536455676	25.943433921205827	0.0
233.0	25.880425628699815	24.099596132212913	24.049804213256945	25.970174025830328	0.0
234.0	26.03542657269578	24.14975918167875	24.0326541652195	25.782160080405962	0.0
235.0	25.923091345547984	24.10841347853215	24.15113709362619	25.817358082293673	0.0
236.0	25.87337788077923	24.12416319856399	24.135535706601587	25.86692321405519	0.0
237.0	25.85095069188731	24.01688069785026	24.102021872368155	26.030146737894277	0.0
238.0	25.92136081688357	23.960299261681843	24.220647088837932	25.897692832596654	0.0
239.0	25.979307292243004	23.98011877097857	24.068028967331834	25.9725449694466	0.0
240.0	25.942764047706873	24.01819746710931	24.052625107586376	25.986413377597444	0.0
241.0	26.046911986227673	23.90205662639491	24.175043807064466	25.87598758031295	0.0
242.0	25.825155562114173	24.143793502053665	24.139489411938317	25.89156152389385	0.0
243.0	25.753657989159006	24.265558175786403	24.13765538190975	25.843128453144843	0.0
244.0	25.940070414956264	24.089909752010207	23.943852528327415	26.026167304706117	0.0
245.0	25.839801227567378	23.970467041415024	24.270901241097675	25.918830489919927	0.0
246.0	25.86913669086872	24.086733768170763	24.163614501551454	25.88051503940906	0.0
247.0	25.831552076765753	24.027126359009056	24.19966476495102	25.94165679927417	0.0
248.0	25.80212587963191	24.18126568574381	24.047167954332956	25.969440480291322	0.0
249.0	25.93992593777297	24.14650049825917	24.120049702889904	25.79352386107796	0.0
