# Position (bp)	A	C	G	T	N
0.0	26.294297959693193	23.774914351498673	23.78573310956073	26.1450545792474	0.0
1.0	26.26600274630012	23.70778257070336	23.78379128119062	26.242423401805897	0.0
2.0	26.20105021678405	23.740558173854428	23.75276354588249	26.30562806347903	0.0
3.0	26.13028945506997	23.793567356902123	23.713679421922027	26.362463766105883	0.0
4.0	26.17399215581851	23.8631761723279	23.763320962382323	26.19951070947127	0.0
5.0	26.359496086404206	23.72759598156089	23.703465376742535	26.209442555292366	0.0
6.0	26.249968797583684	23.664467243009966	23.775686522497637	26.309877436908714	0.0
7.0	26.348428035765792	23.630494109294226	23.81520268021566	26.205875174724326	0.0
8.0	26.167260141768445	23.831630558975895	23.744827892220485	26.256281407035175	0.0
9.0	26.337434864960052	23.79526174649262	23.78500098447852	26.08230240406881	0.0
10.0	26.286337027927136	23.85661241705189	23.668046708835135	26.189003846185845	0.0
11.0	26.22810350038961	23.849402551737718	23.632829289800537	26.289664658072137	0.0
12.0	26.135484461353737	23.754010487581006	23.742363782073504	26.368141268991756	0.0
13.0	26.114686772947476	23.68551676709639	23.827495653283123	26.37230080667301	0.0
14.0	26.286541437199475	23.71290395931429	23.75283541032339	26.24771919316285	0.0
15.0	26.189485827107912	23.767255100965563	23.88261262610297	26.16064644582356	0.0
16.0	26.302347636557244	23.76198636784631	23.699593475644587	26.236072519951858	0.0
17.0	26.30872557664897	23.762540971332548	23.720391106378493	26.208342345639984	0.0
18.0	26.32564098297922	23.63193185032361	23.829647993167285	26.21277917352988	0.0
19.0	26.243836968759187	23.793598766561846	23.75727223821329	26.205292026465678	0.0
20.0	26.181721378300583	23.80136321536917	23.672972508305186	26.34394289802506	0.0
21.0	26.125429124447475	23.793044163075606	23.65023376536945	26.431292947107465	0.0
22.0	26.32120415508932	23.774187644543535	23.71401316628676	26.19059503408038	0.0
23.0	26.328691302153523	23.75505382426834	23.742297944084875	26.173956929493258	0.0
24.0	26.102967683254857	23.831311803625997	23.76365017830502	26.302070334814125	0.0
25.0	26.304011447015956	23.765036687020615	23.78417050729581	26.14678135866762	0.0
26.0	26.266298409951805	23.696265854727162	23.791380352616898	26.246055382704135	0.0
27.0	26.204182819493205	23.731205874360125	23.759490652158238	26.30512065398843	0.0
28.0	26.126261029676833	23.785002412525166	23.726214442983988	26.362522114814013	0.0
29.0	26.175066136465734	23.857932770965398	23.765313988763733	26.20168710380513	0.0
30.0	26.35392576077733	23.72371872729592	23.700148079130827	26.222207432795923	0.0
31.0	26.24466887398854	23.66603996472722	23.78583431775452	26.30345684352972	0.0
32.0	26.34089257885075	23.637755186929105	23.811900681607685	26.20945155261246	0.0
33.0	26.160296601121956	23.827086204553837	23.752769543479406	26.259847650844797	0.0
34.0	26.339155729454077	23.797415000318896	23.791314378887414	26.072114891339616	0.0
35.0	26.285082039493208	23.853152496124718	23.668192746361118	26.193572718020956	0.0
36.0	26.226571533945798	23.84788377761571	23.627152202185687	26.2983924862528	0.0
37.0	26.12064256181732	23.76053397075584	23.74389591230634	26.374927555120504	0.0
38.0	26.11038242577346	23.692040630138735	23.825977000657204	26.371599943430603	0.0
39.0	26.285009150906774	23.71526814929843	23.75658587987355	26.243136819921247	0.0
40.0	26.189617880317233	23.775164993622095	23.87111086462204	26.164106261438636	0.0
41.0	26.300537962398092	23.755199378847543	23.705008041705952	26.23925461704842	0.0
42.0	26.326604181687095	23.754922078642338	23.713049747656815	26.205423992013756	0.0
43.0	26.32965448394432	23.637346791636627	23.8272974322001	26.205701292218958	0.0
44.0	26.248960124230493	23.78625700183018	23.76019078254118	26.204592091398148	0.0
45.0	26.18712217847041	23.800399312295493	23.66868171482447	26.34379679440963	0.0
46.0	26.13693084132882	23.79402140757584	23.64788419943431	26.421163551661024	0.0
47.0	26.33076368476513	23.771282790749265	23.706949143142367	26.19100438134324	0.0
48.0	26.3271587820975	23.74632577228107	23.744107370639455	26.18240807498198	0.0
49.0	26.096999611779715	23.838666740613387	23.76019078254118	26.30414286506572	0.0
50.0	26.30552936609173	23.75908158172037	23.785147801009373	26.150241251178524	0.0
51.0	26.269757639620657	23.700293938217516	23.78736620265099	26.24258221951084	0.0
52.0	26.212079196938603	23.738838666740612	23.75242637679552	26.29665575952526	0.0
53.0	26.13831734235483	23.778215295879317	23.729410459763738	26.35405690200211	0.0
54.0	26.17686207087793	23.856691253951528	23.76545948644002	26.20098718873052	0.0
55.0	26.35544340302812	23.72802395873773	23.703066940269537	26.213465697964615	0.0
56.0	26.24729632299928	23.663135710720425	23.793466807165437	26.29610115911486	0.0
57.0	26.348510897898063	23.63485108978981	23.800399312295493	26.216238700016635	0.0
58.0	26.158487719794465	23.83222274909115	23.745705324981074	26.263584206133313	0.0
59.0	26.347051336444633	23.800887912794874	23.778426658458603	26.07363409230189	0.0
60.0	26.281331370053323	23.85163370962867	23.663347392414753	26.20368752790326	0.0
61.0	26.224207686185775	23.85440670399117	23.62923956175597	26.29214604806708	0.0
62.0	26.11883390041068	23.751251313706078	23.760679494538586	26.36923529134465	0.0
63.0	26.107187324088173	23.68497674844227	23.841928229359908	26.36590769810965	0.0
64.0	26.29262773763109	23.72373288373976	23.758395217152586	26.225244161476557	0.0
65.0	26.184481257383073	23.774201241188837	23.876247150756193	26.165070350671893	0.0
66.0	26.303165086988596	23.7492443611316	23.71208633971305	26.235504212166756	0.0
67.0	26.31980300702675	23.771150955848505	23.711531742378448	26.1975142947463	0.0
68.0	26.326735473709313	23.639434088879767	23.831602065320475	26.202228372090442	0.0
69.0	26.244932366855046	23.780301811869492	23.768100670508176	26.206665150767282	0.0
70.0	26.181708270710054	23.80137651058449	23.675482915629107	26.341432303076353	0.0
71.0	26.13567669193782	23.785847785215545	23.6532990222449	26.425176500601737	0.0
72.0	26.325903577707404	23.77253744918502	23.705708470365092	26.195850502742484	0.0
73.0	26.32451708437089	23.75479033447765	23.74813516646239	26.172557414689063	0.0
74.0	26.106005734536442	23.826333390641725	23.765327683835153	26.302333190986683	0.0
75.0	26.30510617765971	23.75645412648147	23.78224290254061	26.15619679331821	0.0
76.0	26.257688105550965	23.699053302349828	23.793334849232714	26.249923742866493	0.0
77.0	26.206665150767282	23.740370803777918	23.761168203825612	26.291795841629185	0.0
78.0	26.144827547958805	23.78335209720982	23.719018806395617	26.352801548435757	0.0
79.0	26.17727149203321	23.851290270698957	23.769209865177388	26.202228372090442	0.0
80.0	26.35585183377609	23.71291823571496	23.714582027718777	26.21664790279018	0.0
81.0	26.25186483353761	23.65801309958904	23.788343473221268	26.30177859365208	0.0
82.0	26.352524249768454	23.6214096755051	23.807199782597845	26.218866292128602	0.0
83.0	26.163056710193196	23.8254354270249	23.74501903650072	26.266488826281186	0.0
84.0	26.350232791585672	23.793546168713586	23.77801748640547	26.07820355329527	0.0
85.0	26.280908316995866	23.85677008953949	23.6662664333667	26.19605516009794	0.0
86.0	26.216297906678165	23.86397983489683	23.625503642307898	26.29421861611711	0.0
87.0	26.12201662123603	23.748069313382675	23.77108503894649	26.35882902643481	0.0
88.0	26.090127362924715	23.692332435812467	23.847341960995276	26.37019824026754	0.0
89.0	26.29691867429788	23.719164559208483	23.759927237233242	26.223989529260393	0.0
90.0	26.19348684502418	23.766305071209903	23.88166067704867	26.158547406717247	0.0
91.0	26.305792182439326	23.744675895115133	23.7125094281024	26.237022494343137	0.0
92.0	26.322152713075113	23.76159102000976	23.7138959137495	26.20236035316562	0.0
93.0	26.326312170016415	23.63930298593549	23.83590665069435	26.19847819335374	0.0
94.0	26.245618705355163	23.78682505878699	23.770741825280624	26.196814410577225	0.0
95.0	26.18794090243578	23.789598030081194	23.68644349793691	26.336017569546122	0.0
96.0	26.136086339234215	23.77628776786903	23.65788189360664	26.429743999290118	0.0
97.0	26.324093792981056	23.769632636762942	23.7152823993966	26.1909911708594	0.0
98.0	26.330471626957717	23.749944540574116	23.748280757797595	26.171303074670572	0.0
99.0	26.111406894715827	23.82204179422335	23.764918585562803	26.301632725498024	0.0
100.0	26.303573805403968	23.75909534584498	23.78127911619859	26.156051732552466	0.0
101.0	26.26170193886153	23.705854296996318	23.78627046452815	26.246173299614	0.0
102.0	26.204024135942145	23.740793735303253	23.769355339633524	26.28582678912108	0.0
103.0	26.149951195705224	23.769355339633524	23.724155907538044	26.35653755712321	0.0
104.0	26.181563068459113	23.85393096410666	23.76464128843338	26.199864679000846	0.0
105.0	26.359033231287988	23.70668618838458	23.721105639114423	26.21317494121301	0.0
106.0	26.25310572784951	23.655108922312436	23.791816407116553	26.299968942721502	0.0
107.0	26.351546208793646	23.6173965127113	23.813168286081904	26.21788899241315	0.0
108.0	26.15847487001733	23.821143847487004	23.75265164644714	26.267729636048525	0.0
109.0	26.34786828422877	23.80256499133449	23.78010398613518	26.069462738301556	0.0
110.0	26.287140381282498	23.854974003466204	23.663362218370885	26.194523396880413	0.0
111.0	26.223084922010397	23.85996533795494	23.629809358752166	26.287140381282498	0.0
112.0	26.12159445407279	23.745719237435008	23.769844020797226	26.362842287694978	0.0
113.0	26.089705372616983	23.687209705372616	23.847487001733104	26.375597920277293	0.0
114.0	26.307864657567677	23.709327669108717	23.765618674194318	26.21718899912929	0.0
115.0	26.20748365342488	23.76090464913789	23.87515043285842	26.156461264578816	0.0
116.0	26.306200884018345	23.7498128254757	23.71542817212292	26.228558118383035	0.0
117.0	26.315074342948098	23.769778108067637	23.719864901587794	26.19528264739647	0.0
118.0	26.327275348976503	23.63972647562849	23.83216961616744	26.200828559227567	0.0
119.0	26.251573652482072	23.78586125237781	23.77393754194096	26.18862755319916	0.0
120.0	26.19334157825559	23.780315340546714	23.68936238651678	26.336980694680918	0.0
121.0	26.12706793187402	23.779483453772052	23.668565217150178	26.424883397203754	0.0
122.0	26.331989374032933	23.758408988813894	23.71903301481313	26.190568622340045	0.0
123.0	26.323393210694736	23.75147659902503	23.748980938701038	26.1761492515792	0.0
124.0	26.112925856704734	23.828564773477233	23.75757710203923	26.30093226777881	0.0
125.0	26.31757000327209	23.74759446074326	23.783642887645374	26.15119264833928	0.0
126.0	26.265438432059806	23.707386599967833	23.78780232151869	26.239372646453667	0.0
127.0	26.209702018157316	23.7351161591233	23.771996472800076	26.283185349919307	0.0
128.0	26.14841969242373	23.76811433451831	23.73622534148952	26.347240631568443	0.0
129.0	26.184745414917394	23.851303011984715	23.768391630109864	26.195559942988027	0.0
130.0	26.354173021357308	23.7112687382496	23.726242700193552	26.20831554019954	0.0
131.0	26.25220103986135	23.659757365684577	23.79507798960139	26.292963604852687	0.0
132.0	26.35369150779896	23.623986135181976	23.802287694974	26.220034662045062	0.0
133.0	26.160488486623183	23.819823417187987	23.753826700385996	26.26586139580283	0.0
134.0	26.347386751852348	23.790429921469453	23.78710235591641	26.07508097076179	0.0
135.0	26.294423000133104	23.850048804294776	23.66481432184214	26.190713873729983	0.0
136.0	26.230921957495895	23.85282177558898	23.633479746217667	26.28277652069746	0.0
137.0	26.126103642575092	23.73247482142065	23.78266560184569	26.358755934158566	0.0
138.0	26.094214472691778	23.68283863525445	23.85365366697724	26.369293225076536	0.0
139.0	26.309747298425222	23.708138416018944	23.76387529358915	26.21823899196668	0.0
140.0	26.19910543697989	23.759715825113762	23.887827454155726	26.15335128375062	0.0
141.0	26.310579192120304	23.744464440704004	23.716457352969723	26.22849901420597	0.0
142.0	26.321671108054673	23.777462890608753	23.713129778189412	26.187736223147162	0.0
143.0	26.337477088261146	23.632158791868516	23.834586257670754	26.19577786219958	0.0
144.0	26.250682846074707	23.786336423356246	23.76720286836946	26.19577786219958	0.0
145.0	26.194391372707788	23.78910940233984	23.686786477845285	26.32971274710709	0.0
146.0	26.13865449513758	23.77468991162516	23.67014860394373	26.416506989293527	0.0
147.0	26.33997276934638	23.76359799569079	23.711465990799255	26.184963244163573	0.0
148.0	26.32278029964811	23.748346611281033	23.747792015484315	26.181081073586544	0.0
149.0	26.11508417377705	23.826544618618335	23.76470718728423	26.29366402032039	0.0
150.0	26.321466799030564	23.749798958466208	23.783906694544427	26.144827547958805	0.0
151.0	26.27293953225261	23.699607899684434	23.788066174553965	26.239386393508994	0.0
152.0	26.206665150767282	23.728724259751207	23.775033137190743	26.289577452290764	0.0
153.0	26.142886457287684	23.771150955848505	23.738429713106797	26.347532873757007	0.0
154.0	26.17727149203321	23.85378595870468	23.771150955848505	26.197791593413598	0.0
155.0	26.354742639106878	23.7068176650343	23.732883739760744	26.205555956098074	0.0
156.0	26.2519376298108	23.653087313273492	23.793678127452367	26.30129692946334	0.0
157.0	26.351765426860887	23.621752476977214	23.811979890244885	26.214502205917018	0.0
158.0	26.170484166158282	23.81287782152959	23.754367478231934	26.262270534080194	0.0
159.0	26.34157839276801	23.790139204703014	23.795962509012256	26.07231989351672	0.0
160.0	26.29000055460041	23.848926848205867	23.67395041872331	26.18712217847041	0.0
161.0	26.21817980145305	23.857800454772338	23.637346791636627	26.286672952137984	0.0
162.0	26.132216737840388	23.739115966945814	23.778215295879317	26.350451999334478	0.0
163.0	26.09783151239532	23.684210526315788	23.848094947590262	26.36986301369863	0.0
164.0	26.30920722424498	23.70285536813091	23.76552538829069	26.222412019333426	0.0
165.0	26.203555553090656	23.76552538829069	23.87783228282481	26.153086775793845	0.0
166.0	26.315030544702307	23.74056830061644	23.71394740709724	26.230453747584015	0.0
167.0	26.33111400120349	23.764416184394054	23.713392805148924	26.191077009253533	0.0
168.0	26.335828117764176	23.62659760023737	23.84427886495165	26.1932954170468	0.0
169.0	26.25818384499985	23.782995349662663	23.771071407773857	26.187749397563632	0.0
170.0	26.19468192191759	23.77689472823118	23.689822222345466	26.33860112750576	0.0
171.0	26.127852387145435	23.77855853407613	23.678175581430818	26.41541349734762	0.0
172.0	26.342760642118137	23.758038261988414	23.711728999303975	26.187472096589477	0.0
173.0	26.32723178756527	23.74861002886703	23.749441931789505	26.17471625177819	0.0
174.0	26.120087959869004	23.814053058768394	23.767743796083955	26.298115185278647	0.0
175.0	26.319263042887485	23.748675884176606	23.793876068304964	26.138185004630937	0.0
176.0	26.275449367474724	23.700425380873945	23.786666222983875	26.237459028667452	0.0
177.0	26.204460121236323	23.724550632525276	23.77529685151601	26.29569239472239	0.0
178.0	26.14899977261257	23.76864160968116	23.740911435369284	26.341447182336985	0.0
179.0	26.19392265499781	23.83297561408471	23.786666222983875	26.186435507933602	0.0
180.0	26.349211631144314	23.702089191332657	23.740079530139926	26.208619647383102	0.0
181.0	26.255001844061702	23.650853953085964	23.78395915888602	26.31018504396631	0.0
182.0	26.35150311826675	23.624787516950114	23.8094709899977	26.214238374785438	0.0
183.0	26.173547485413845	23.8092597111609	23.75490826807463	26.262284535350624	0.0
184.0	26.34547551966635	23.783193202741977	23.792621514297757	26.078709763293915	0.0
185.0	26.29084677329902	23.84114958848193	23.67393571000732	26.19406792821173	0.0
186.0	26.22651241209486	23.84419992457351	23.640936619562083	26.28835104376955	0.0
187.0	26.14193491137387	23.722463784191493	23.7859662355525	26.349635068882133	0.0
188.0	26.10172593562127	23.685582447811523	23.847250260665085	26.365441355902124	0.0
189.0	26.310885570483755	23.709218973143102	23.762461350748026	26.217434105625117	0.0
190.0	26.216879497525063	23.757747181897592	23.886970869209545	26.138402451367803	0.0
191.0	26.318927387934497	23.738613202445823	23.718370006793947	26.22408940282573	0.0
192.0	26.336820913278224	23.76481158471824	23.712400828589097	26.185966673414434	0.0
193.0	26.327392523286736	23.63004106895758	23.847448649937743	26.195117757817936	0.0
194.0	26.256124987174616	23.7747945858857	23.773962669121744	26.195117757817936	0.0
195.0	26.18347092312257	23.785054892641142	23.694375965370078	26.337098218866206	0.0
196.0	26.145480057568637	23.776735725001593	23.669418462451436	26.40836575497833	0.0
197.0	26.339316663570088	23.7600973897225	23.708241244769322	26.192344701938087	0.0
198.0	26.329610967990618	23.738467553859678	23.75787894501862	26.174042533131086	0.0
199.0	26.118581415534102	23.82165923025515	23.768971168538016	26.29078818567273	0.0
200.0	26.31665058289796	23.748516410990206	23.793162734462527	26.14167027164931	0.0
201.0	26.274222710281407	23.692223220525108	23.790389670892814	26.243164398300667	0.0
202.0	26.206559959180503	23.730768804144066	23.769037081406054	26.293634155269373	0.0
203.0	26.149157543287522	23.76820516233514	23.73797876942531	26.344658524952024	0.0
204.0	26.181325080696148	23.835035994365132	23.790666977249785	26.192971947688932	0.0
205.0	26.347023099747652	23.69485039239067	23.745597737167575	26.2125287706941	0.0
206.0	26.257802772532024	23.641950145448394	23.79280605863969	26.307441023379894	0.0
207.0	26.35846581754754	23.6181016003483	23.80306647920601	26.22036610289815	0.0
208.0	26.172186973112076	23.800082083592155	23.757376430916676	26.27035451237909	0.0
209.0	26.353897733543718	23.777408647086716	23.782677540924052	26.08601607844551	0.0
210.0	26.30148610537233	23.829265654854176	23.681736627408785	26.187511612364705	0.0
211.0	26.226612350841776	23.837862271115092	23.649014023576914	26.286511354466217	0.0
212.0	26.143564287794124	23.721246238959527	23.79334729135758	26.34184218188877	0.0
213.0	26.094202798075454	23.680481413180626	23.851582756756006	26.37373303198791	0.0
214.0	26.311688167629864	23.70883295803707	23.762354272276514	26.21712460205655	0.0
215.0	26.201740422959386	23.78162073421667	23.882285733301533	26.13435310952241	0.0
216.0	26.319321578915257	23.74224213953334	23.71811581743862	26.22032046411279	0.0
217.0	26.334442595673877	23.760676650027733	23.714919578480313	26.189961175818084	0.0
218.0	26.33887964503605	23.62728785357737	23.839156960621185	26.194675540765388	0.0
219.0	26.261231281198004	23.77759290072102	23.76483638380477	26.196339434276204	0.0
220.0	26.184692179700498	23.791458679977815	23.69190238491403	26.331946755407653	0.0
221.0	26.162097404866362	23.76164038624729	23.670125735583667	26.406136473302684	0.0
222.0	26.34429475482393	23.759699166384728	23.70506769310978	26.190938385681562	0.0
223.0	26.331552937652873	23.74221423540048	23.751920442381184	26.174312384565468	0.0
224.0	26.12300814766746	23.825410295235084	23.764122531156925	26.287459025940528	0.0
225.0	26.323029010546517	23.751986311436994	23.78415554378482	26.14082913423167	0.0
226.0	26.270060705560006	23.69541283385978	23.795525703493965	26.239000757086245	0.0
227.0	26.214041869919825	23.72675010330206	23.776390556666378	26.28281747011173	0.0
228.0	26.157468392342615	23.769457532453487	23.737842942042693	26.33523113316121	0.0
229.0	26.187841626662895	23.838642672723388	23.787060686484132	26.186455014129585	0.0
230.0	26.352366954158462	23.697273912199453	23.738317757009344	26.21204137663274	0.0
231.0	26.26092310081561	23.647421302369178	23.79994952702384	26.29170606979137	0.0
232.0	26.351608063473925	23.63327777608302	23.813815729265176	26.20129843117788	0.0
233.0	26.16809211621019	23.80445272721222	23.76424062919454	26.26321452738305	0.0
234.0	26.34204782757005	23.793148394146215	23.78954316156711	26.075260616716633	0.0
235.0	26.295734455207757	23.83308327809932	23.681386184194107	26.189796082498813	0.0
236.0	26.215032710552517	23.847504208415724	23.646443160735135	26.291019920296627	0.0
237.0	26.134053640314264	23.71827048673413	23.793148394146215	26.35452747880539	0.0
238.0	26.07997515162776	23.684436765607188	23.859429208485054	26.37615887427999	0.0
239.0	26.311892308630952	23.701696682622174	23.762153827380985	26.22425718136589	0.0
240.0	26.21026677871428	23.758254497851958	23.891103031109854	26.140375692323907	0.0
241.0	26.32162866810895	23.734398402396405	23.715537804404505	26.228435125090144	0.0
242.0	26.33729332109186	23.766306171866983	23.71221808317361	26.184182423867547	0.0
243.0	26.34068131825457	23.62755785601944	23.840313780314943	26.19144704541105	0.0
244.0	26.254674167526602	23.780832861755602	23.761414955116898	26.2030780156009	0.0
245.0	26.189974200349543	23.784503564790413	23.69850472993592	26.32701750492413	0.0
246.0	26.150692038162664	23.761225333396215	23.68160418579747	26.406478442643643	0.0
247.0	26.331019481852636	23.762200433916515	23.71725511738496	26.189524966845894	0.0
248.0	26.334188804883123	23.73642227925366	23.756398695983908	26.17299021987931	0.0
249.0	26.118609974335854	23.817160296871748	23.771935908996326	26.292293819796075	0.0
