# Position (bp)	A	C	G	T	N
0.0	26.398038450731843	19.01797210896867	29.229388471248868	25.345909025673574	0.008691943377042355
1.0	23.815068160869355	20.110690664467405	24.995350830382122	31.078890344281117	0.0
2.0	24.516486359740615	21.258429146655022	21.615202380374846	32.60967997542004	2.021378094729863E-4
3.0	28.506484580927893	20.658686265948674	22.7663772053235	28.06764339656204	8.085512378919452E-4
4.0	29.849023575285067	20.552118096755088	21.229682664494362	28.369175663465484	0.0
5.0	28.774663289624492	20.92445518917029	22.02671043615187	28.273968947652477	2.0213740087687205E-4
6.0	28.193720399504357	21.374817318323956	22.368322643633785	28.063139638537898	0.0
7.0	26.78603553979782	22.761277750938422	21.974963261527392	28.477723447736363	0.0
8.0	25.6797375447987	23.237109192602578	22.819897597192714	28.263255665406	0.0
9.0	25.744623650480175	23.388712243260233	23.79864689223853	27.068017214021054	0.0
10.0	25.625766858764575	23.757006587657894	23.95004780549531	26.66717874808222	0.0
11.0	25.66457723973294	23.99977360611102	23.987241087256653	26.345578143287117	0.0028299236122762087
12.0	26.128078299943603	23.515856668411786	23.909013913117303	26.44705111852731	0.0
13.0	26.045404102984964	23.67271529149224	23.774390404133307	26.507490201389494	0.0
14.0	25.823659374223034	23.79359345721661	23.906386126905904	26.476361041654457	0.0
15.0	26.308991273728406	23.49705789013024	24.248604746590445	25.945346089550913	0.0
16.0	26.158398910075135	23.780252388758736	23.992294522278574	26.06905417888756	0.0
17.0	25.76059250514945	24.11398123760645	24.24334917416765	25.88207708307645	0.0
18.0	25.98557143232541	23.85544750188493	24.301362608219314	25.857618457570346	0.0
19.0	25.78828532906958	24.052329330339003	24.07355375743108	26.085629445759462	2.0213740087687205E-4
20.0	25.670843499160117	24.26396718905709	24.115800474214343	25.94938883756845	0.0
21.0	25.946154639154418	24.00098643051628	24.172196809058992	25.880662121270316	0.0
22.0	25.772922886602938	24.06567039879688	24.06385116218899	26.097555552411194	0.0
23.0	25.734921055238086	24.208581541216827	24.171792534257236	25.88470486928785	0.0
24.0	25.930994334088652	23.908811775716426	24.46287039151993	25.69732349867499	0.0
25.0	25.832149145059862	24.159462152803744	24.248402609189572	25.75937968074419	6.064122026306161E-4
26.0	26.099779063820844	24.167951923640576	24.203528106194906	25.52874090634368	0.0
27.0	26.589153711343748	23.732952236953547	24.03433910166096	25.643554950041743	0.0
28.0	26.307576311922265	23.747303992415805	23.717589794486905	26.22752990117502	0.0
29.0	26.19377295522859	23.754985213649128	23.50918613418285	26.542055696939435	0.0
30.0	26.440582721699247	23.59893514017218	23.226193772955227	26.73428836517334	0.0
31.0	26.308991273728406	23.49988781374251	23.179702170753547	27.011418741775532	0.0
32.0	26.583089589317442	23.60863773541427	23.135838354763266	26.67243432050502	0.0
33.0	27.17191583807177	23.146349499608863	23.123507973309778	26.55701386460433	0.0012128244052612323
34.0	26.845261798254743	23.589434682330968	22.742276835255996	26.82302668415829	0.0
35.0	27.012537866216253	23.760218329256926	22.549133595604665	26.678110208922156	0.0
36.0	27.512646432374865	23.38613773517927	22.563232161874332	26.537761803336885	2.2186723464678737E-4
37.0	27.625690111397866	23.232078104509586	22.397177485217732	26.74505429887482	0.0
38.0	27.747384844857027	23.200056915196356	22.143691244872727	26.908866995073893	0.0
39.0	27.868052543528098	22.978241113658427	22.001569696594174	27.152136646219304	0.0
40.0	27.681473750584345	23.1635193459661	22.0304295358925	27.124577367557052	0.0
41.0	27.70632690991463	23.38319143391439	21.837905329747905	27.071144445303574	0.0014318811195019345
42.0	27.98725775516255	23.10454570206381	22.142524368181903	26.76567217459175	0.0
43.0	28.299404647589782	23.006529671595928	21.756929774022147	26.937135906792136	0.0
44.0	28.188143120439076	23.23530811972497	21.563620041214115	27.00884811305998	0.004080605561865381
45.0	28.627365356622995	22.916666666666664	21.55494905385735	26.90101892285298	0.0
46.0	28.61420702650086	22.854305852550596	21.35119603757579	27.180291083372754	0.0
47.0	28.640155564721827	22.8447804163545	21.2802942934348	27.234769725488878	0.0
48.0	28.89062952767314	22.499818893074472	21.231164879745002	27.37838669950739	0.0
49.0	28.951313048725886	22.5461854425821	21.077400766999553	27.42510074169246	0.0
50.0	28.77368856147254	22.861881690612478	20.9165681278319	27.447338405031235	5.232150518506116E-4
51.0	29.068778958153885	22.415511155398672	21.09307706598659	27.42263282046085	0.0
52.0	29.024654778567488	22.692212143796315	20.955046988893532	27.32808608874266	0.0
53.0	29.02627491332359	22.72527674188453	20.987816147700535	27.260632197091343	0.0
54.0	29.275866969869245	22.5412166003411	20.931637293917	27.251279135872654	0.0
55.0	29.565001782144464	22.52863053820763	20.330394086379766	27.575973593268145	0.0
56.0	29.56537959335945	22.336402638585067	20.64404537823676	27.454172389818726	0.0
57.0	29.726664187430274	22.27872815172927	20.696355522499072	27.29825213834139	0.0
58.0	29.44968025945243	22.393021624424314	20.580311302243775	27.57597015077114	0.0010166631083457875
59.0	29.607415485278082	22.188591903500768	20.180045846037434	28.023946765183716	0.0
60.0	29.893420284212574	21.78679190188826	20.39371228343391	27.92607553046525	0.0
61.0	29.672309200243713	22.293305782934645	20.081326657659808	27.95305835916183	0.0
62.0	29.87361495844875	22.078427977839336	20.14514081255771	27.9028162511542	0.0
63.0	29.819025229176855	22.177692926679185	20.233831395257106	27.769450448886857	0.0
64.0	29.701890450799805	22.269925905408215	20.078249428709924	27.949934215082056	0.0
65.0	30.09251311397234	22.32904148783977	19.99427753934192	27.58416785884597	0.0
66.0	30.251977115934714	21.798754837624095	20.03407370015144	27.915194346289752	0.0
67.0	29.750873108265424	22.188591385331783	20.088474970896392	27.972060535506404	0.0
68.0	29.900323691106202	22.19082361403689	20.03288290602682	27.87596978883009	0.0
69.0	30.29900144267489	22.1436451585528	19.63452236146078	27.922831037311536	0.0
70.0	30.040768057759937	21.6288550711107	19.79584850465254	28.53452836647683	0.0
71.0	30.23231978134609	21.451998633413048	19.661769730099078	28.653911855141782	0.0
72.0	29.876792869715015	22.04246713852376	19.627008201325694	28.453731790435533	0.0
73.0	30.371985844786437	21.85828326886676	20.06419224755164	27.70553863879516	0.0
74.0	30.890123289527168	22.02501919342456	19.464390552319017	27.62046696472926	0.0
75.0	30.641883519206942	21.561338289962826	20.109045848822802	27.687732342007436	0.0
76.0	30.07947382844615	21.353795560427514	20.098657166346946	28.451630583721567	0.01644286105782406
77.0	30.416868637905964	22.194619486185164	19.825496849248665	27.532719340765876	0.030295685894328645
78.0	30.754780275075476	21.54310634015431	19.382757463938276	28.27239181482724	0.04696410600469641
79.0	30.33090963050898	22.139783350645498	19.72102685858436	27.756343671167826	0.05193648909333729
80.0	30.643973488257913	21.643073398248916	19.597414286883232	28.058260371491695	0.0572784551182391
81.0	30.80684596577017	21.452503848591867	19.43312505659694	28.280358598207012	0.027166530834012496
82.0	30.97804391217565	21.407185628742514	19.510978043912175	28.08383233532934	0.01996007984031936
83.0	29.91218441273326	22.360043907793635	19.60482985729967	28.111964873765093	0.01097694840834248
84.0	31.263511890463608	21.426855632957	18.988710064857077	28.28489070381936	0.0360317079029546
85.0	30.227987421383645	21.829140461215932	19.627882599580712	28.30188679245283	0.013102725366876311
86.0	30.705694826836687	21.967830749166787	18.968265468772643	28.343718301695407	0.014490653528474135
87.0	29.307852898667097	21.519190621487073	20.82864942990204	28.32824795246507	0.016059097478721696
88.0	30.082731913395527	21.475092413307518	19.591621193451857	28.832951945080094	0.017602534765006162
89.0	31.17966627861855	22.27396197128444	18.50989522700815	27.9976717112922	0.038804811796662786
90.0	30.896581380348316	21.479251773812084	19.3076757686519	28.273489572135023	0.043001505052676844
91.0	31.198298274639562	21.578822973292368	19.73528716615457	27.46395651146301	0.02363507445048452
92.0	30.593487394957986	20.982142857142858	19.327731092436977	29.096638655462186	0.0
93.0	29.607163489312537	22.328134026574233	20.363951473136915	27.61409589832467	0.08665511265164644
94.0	30.4210193099082	21.74738841405508	19.08831908831909	28.743273187717634	0.0
95.0	29.080740999650473	22.544564837469416	19.573575672841663	28.766165676336946	0.034952813701502966
96.0	30.807500956754687	22.120168388825107	18.828932261768085	28.243398392652125	0.0
97.0	32.85533530156052	20.328975115984814	19.105862505272036	27.667650780261493	0.04217629692113033
98.0	30.47309833024119	21.753246753246753	18.877551020408163	28.84972170686456	0.0463821892393321
99.0	30.710270822687786	19.775166070516097	21.001532958610117	28.513030148185997	0.0
100.0	32.707622298065985	21.501706484641637	20.36405005688282	25.426621160409557	0.0
101.0	30.303030303030305	21.148989898989896	18.81313131313131	29.608585858585855	0.12626262626262627
102.0	32.145305003427005	20.013708019191228	19.533927347498288	28.23851953392735	0.06854009595613435
103.0	29.18877937831691	19.63608794541319	20.54586808188021	30.55344958301744	0.0758150113722517
104.0	33.22119428090833	20.521446593776282	18.166526492851133	28.090832632464256	0.0
105.0	31.050656660412756	20.91932457786116	19.9812382739212	28.04878048780488	0.0
106.0	31.813576494427558	20.16210739614995	17.426545086119553	30.49645390070922	0.10131712259371835
107.0	31.666666666666664	20.77777777777778	17.666666666666668	29.777777777777775	0.1111111111111111
108.0	31.017369727047146	20.099255583126553	20.099255583126553	28.78411910669975	0.0
109.0	31.734837799717912	21.015514809590975	19.322990126939352	27.785613540197463	0.14104372355430184
110.0	32.80757097791798	20.189274447949526	19.71608832807571	27.287066246056785	0.0
111.0	30.313588850174217	19.16376306620209	23.170731707317074	27.35191637630662	0.0
112.0	31.48854961832061	19.65648854961832	18.12977099236641	30.725190839694655	0.0
113.0	29.545454545454547	21.487603305785125	19.00826446280992	29.75206611570248	0.2066115702479339
114.0	32.00883002207506	20.750551876379692	17.439293598233995	29.58057395143488	0.22075055187637968
115.0	31.566265060240962	17.83132530120482	16.626506024096386	33.97590361445783	0.0
116.0	30.933333333333334	24.266666666666666	18.133333333333333	26.666666666666668	0.0
117.0	25.882352941176475	22.647058823529413	20.294117647058822	31.176470588235293	0.0
118.0	32.154340836012864	23.47266881028939	20.90032154340836	23.47266881028939	0.0
119.0	32.631578947368425	27.368421052631582	18.596491228070175	21.403508771929825	0.0
120.0	35.019455252918284	17.120622568093385	17.120622568093385	30.739299610894943	0.0
121.0	31.601731601731604	17.316017316017316	20.346320346320347	30.735930735930733	0.0
122.0	31.73076923076923	13.461538461538462	22.115384615384613	32.69230769230769	0.0
123.0	34.183673469387756	17.857142857142858	18.367346938775512	29.591836734693878	0.0
124.0	29.18918918918919	23.243243243243246	20.0	27.56756756756757	0.0
125.0	30.409356725146196	18.128654970760234	20.46783625730994	30.994152046783626	0.0
126.0	33.12101910828025	25.477707006369428	19.10828025477707	22.29299363057325	0.0
127.0	33.33333333333333	18.51851851851852	22.22222222222222	25.925925925925924	0.0
128.0	29.599999999999998	25.6	20.8	24.0	0.0
129.0	31.132075471698112	27.358490566037734	17.92452830188679	23.58490566037736	0.0
130.0	38.70967741935484	18.27956989247312	20.43010752688172	22.58064516129032	0.0
131.0	29.629629629629626	16.049382716049383	22.22222222222222	32.098765432098766	0.0
132.0	40.54054054054054	20.27027027027027	13.513513513513514	25.675675675675674	0.0
133.0	34.92063492063492	23.809523809523807	20.634920634920633	20.634920634920633	0.0
134.0	34.48275862068966	18.96551724137931	18.96551724137931	27.586206896551722	0.0
135.0	32.69230769230769	15.384615384615385	26.923076923076923	25.0	0.0
136.0	26.923076923076923	23.076923076923077	13.461538461538462	36.53846153846153	0.0
137.0	32.608695652173914	19.565217391304348	23.91304347826087	23.91304347826087	0.0
138.0	24.390243902439025	29.268292682926827	31.70731707317073	14.634146341463413	0.0
139.0	33.33333333333333	20.51282051282051	20.51282051282051	25.64102564102564	0.0
140.0	25.0	28.125	15.625	31.25	0.0
141.0	30.76923076923077	11.538461538461538	26.923076923076923	30.76923076923077	0.0
142.0	36.0	16.0	20.0	28.000000000000004	0.0
143.0	40.909090909090914	13.636363636363635	9.090909090909092	36.36363636363637	0.0
144.0	42.857142857142854	14.285714285714285	4.761904761904762	38.095238095238095	0.0
145.0	21.052631578947366	15.789473684210526	36.84210526315789	26.31578947368421	0.0
146.0	26.31578947368421	10.526315789473683	31.57894736842105	31.57894736842105	0.0
147.0	26.31578947368421	31.57894736842105	15.789473684210526	26.31578947368421	0.0
148.0	27.77777777777778	11.11111111111111	38.88888888888889	22.22222222222222	0.0
149.0	29.411764705882355	29.411764705882355	23.52941176470588	17.647058823529413	0.0
150.0	31.25	31.25	12.5	25.0	0.0
151.0	33.33333333333333	13.333333333333334	20.0	33.33333333333333	0.0
152.0	42.857142857142854	21.428571428571427	14.285714285714285	21.428571428571427	0.0
153.0	14.285714285714285	57.14285714285714	7.142857142857142	21.428571428571427	0.0
154.0	7.6923076923076925	46.15384615384615	15.384615384615385	30.76923076923077	0.0
155.0	58.333333333333336	8.333333333333332	16.666666666666664	16.666666666666664	0.0
156.0	27.27272727272727	45.45454545454545	9.090909090909092	9.090909090909092	9.090909090909092
157.0	11.11111111111111	33.33333333333333	22.22222222222222	33.33333333333333	0.0
158.0	25.0	12.5	37.5	25.0	0.0
159.0	12.5	12.5	37.5	37.5	0.0
160.0	25.0	25.0	37.5	12.5	0.0
161.0	50.0	0.0	16.666666666666664	33.33333333333333	0.0
162.0	50.0	16.666666666666664	16.666666666666664	16.666666666666664	0.0
163.0	33.33333333333333	33.33333333333333	16.666666666666664	16.666666666666664	0.0
164.0	50.0	0.0	25.0	25.0	0.0
165.0	0.0	50.0	25.0	25.0	0.0
166.0	25.0	25.0	0.0	50.0	0.0
167.0	33.33333333333333	33.33333333333333	33.33333333333333	0.0	0.0
168.0	0.0	33.33333333333333	0.0	66.66666666666666	0.0
169.0	0.0	33.33333333333333	33.33333333333333	33.33333333333333	0.0
170.0	33.33333333333333	33.33333333333333	0.0	33.33333333333333	0.0
171.0	33.33333333333333	0.0	0.0	66.66666666666666	0.0
172.0	33.33333333333333	0.0	0.0	66.66666666666666	0.0
173.0	66.66666666666666	0.0	33.33333333333333	0.0	0.0
174.0	100.0	0.0	0.0	0.0	0.0
175.0	0.0	0.0	100.0	0.0	0.0
176.0	50.0	0.0	50.0	0.0	0.0
