# Position (bp)	A	C	G	T	N
0.0	22.980003818282935	26.657591327517373	37.89239082616022	12.416890091555784	0.05312393648369344
1.0	23.13854556622646	26.70922115328746	18.533696346899305	31.615050675255034	0.003486258331742382
2.0	25.76544121919434	25.055821636383257	20.32405601255053	28.854681131871875	0.0
3.0	20.616403675512355	29.035385522067187	15.411253973919466	34.93695682850099	0.0
4.0	34.38241866240791	16.265609280736296	16.511141067058897	32.83443952679932	0.006391462997579545
5.0	35.15205041453203	15.811400377843372	27.933100473798323	21.10319971578741	2.490180388667355E-4
6.0	29.518773838229983	21.435502413393817	24.230307910038306	24.81541583833789	0.0
7.0	30.319281833764272	21.89668267295297	24.73141396240667	23.052621530876085	0.0
8.0	16.963813618762632	35.06563684129705	24.7959094738677	23.174640066072623	0.0
9.0	25.54063756759785	25.516897907008595	18.636463620630263	30.306000904763287	0.0
10.0	24.027773742773306	19.475237292848636	32.00156050915762	24.49542845522044	0.0
11.0	24.89128314525601	23.821089285195498	22.72391853810174	28.56321099660921	4.980348375368857E-4
12.0	22.480379502546203	24.42072322958991	27.106625108426336	25.99227215943755	0.0
13.0	21.865887518831943	29.127318455925995	22.82103533142143	26.18575869382063	0.0
14.0	27.06238301369181	24.646748040025397	25.100789800246524	23.190079146036265	0.0
15.0	27.021544157013782	23.769542679510433	24.559010902812652	24.649902260663133	0.0
16.0	26.492299136324586	23.819512174876635	23.097610677866918	26.590578010931864	0.0
17.0	26.697572495196038	23.303797100607188	23.592740312184837	26.405890092011937	0.0
18.0	26.499188618243846	23.68554080357921	23.889818092775588	25.92545248540135	0.0
19.0	26.25971686719486	23.929328856553518	23.87877832054352	25.932175955708104	0.0
20.0	25.93665826924593	24.159171934076788	23.938127472016667	25.96604232466061	0.0
21.0	25.762678099333048	24.180089397253337	24.166144421802304	25.891088081611308	0.0
22.0	25.95956787177263	24.061391094307048	24.063383233657195	25.91565780026313	0.0
23.0	25.93499815312081	23.991251188020602	24.135183256068764	25.93499815312081	0.003569249669014348
24.0	25.737112311006154	24.193453332060578	24.13368915155615	25.935745205377113	0.0
25.0	26.029458760640306	24.077992255558275	23.952155453273956	25.940393530527462	0.0
26.0	26.07544397730621	24.03756842791153	24.016152929897448	25.870834664884807	0.0
27.0	25.869174548759688	24.131614006399747	24.184654716597425	25.81156851921792	0.002988209025221314
28.0	26.059921891536312	24.081893528452312	24.04296380531818	25.815220774693188	0.0
29.0	25.948528099540564	24.10530116581655	24.104139084528963	25.842031650113928	0.0
30.0	25.789571980560037	24.311985623394357	24.12513955351177	25.773302842533834	0.0
31.0	26.015513785189277	24.18971807077905	24.09019410907793	25.704574034953747	0.0
32.0	25.961477005316524	24.10115087550374	24.207979348155405	25.729392771024333	0.0
33.0	25.77944527219679	24.289989084736476	24.256620750621504	25.673944892445228	0.0
34.0	26.05942385669878	24.135183256068764	23.99515246091464	25.81007441470531	1.6601161251229523E-4
35.0	26.03196695513382	23.97945159407099	24.156667477729677	25.83149875309443	4.1521997108408124E-4
36.0	25.914075073595455	24.203204050720416	24.124103996629938	25.75853379076208	8.308829211184681E-5
37.0	26.096137012242615	24.002414107565784	24.104165748768214	25.797200000997567	8.313042581898017E-5
38.0	26.059330140356774	24.070013691314916	24.04040185589683	25.827426215790428	0.0028280966410529837
39.0	25.931166271606255	24.23995259275042	24.113444482914748	25.712357179002314	0.003079473726263084
40.0	26.06267093511711	24.14153510978157	24.026939874145118	25.768770799534956	8.328142124742245E-5
41.0	25.97659830478533	24.10981231313808	24.147309688321815	25.76627969375477	0.0
42.0	25.74100986957026	24.273206247086947	24.289131632902347	25.69656887145712	8.33789833267047E-5
43.0	25.936203888574155	24.192077507828294	24.07410034066533	25.797618262932225	0.0
44.0	25.902690517439314	24.16381055751529	24.076645306727336	25.85685361831806	0.0
45.0	25.689732812342047	24.309222865802973	24.245226822529613	25.755817499325367	0.0
46.0	26.001506471053936	24.152192032423404	24.049698496789343	25.796602999733313	0.0
47.0	25.972972113793524	24.061661861969384	24.063167687002554	25.902198337234534	0.0
48.0	25.873091479243282	24.168722485030266	24.158677088207792	25.799508947518664	0.0
49.0	26.02269719317409	24.117108000978384	23.993469614777634	25.866641425225584	8.376584430945114E-5
50.0	26.016008019935843	24.106244033035296	24.08478601071057	25.79296193631829	0.0
51.0	25.820187739874928	24.209922434847954	24.23390992780268	25.73581215276846	1.6774470597707937E-4
52.0	25.951348878976454	24.20840169695647	24.074457951651006	25.765539698458724	2.517739573410992E-4
53.0	25.854092362317733	24.092370715681575	24.18625978046083	25.867277141539862	0.0
54.0	25.832317142350497	24.252942051481593	24.27722978634357	25.637258898009165	2.5212181517622053E-4
55.0	25.96656322796041	24.177157706183618	24.09087468779171	25.765404378064265	0.0
56.0	25.964586592521965	24.139300702596213	24.120113741650936	25.775998963230883	0.0
57.0	25.77697157721967	24.234102452034296	24.240586864601255	25.74833910614478	0.0
58.0	26.00083599638634	24.154649218613056	24.024698973881854	25.81981581111875	0.0
59.0	25.962498566330005	24.08936655399707	24.058584815916774	25.88955006375615	0.0
60.0	25.83276929231278	24.18140909543574	24.19643143483596	25.789390177415516	0.0
61.0	25.990773835665493	24.19182381438214	23.965054762403465	25.849053735397256	0.003293852151645575
62.0	25.98535876601834	24.065144278110758	24.114421725353036	25.834990706594642	8.452392322861101E-5
63.0	25.779472955403467	24.316917009889384	24.17023846682857	25.73303320907106	3.383588075220546E-4
64.0	25.971565425426547	24.18860551387612	24.09895380947785	25.740282652606844	5.925986126419908E-4
65.0	25.884854903622113	24.200296547341665	24.125481889430205	25.78928193179411	8.472781190425757E-5
66.0	25.854458959258174	24.21410127580549	24.2470882039932	25.684351560943135	0.0
67.0	25.946437301393306	24.24071131752628	24.09430253401776	25.718294223091338	2.546239713191559E-4
68.0	25.94986225754908	24.16774762422942	24.048056527497096	25.834333590724405	0.0
69.0	25.867429836576548	24.188813133052246	24.16118053270552	25.78249147428	8.50233856822319E-5
70.0	26.021188398717698	24.14999187287301	23.980811470227057	25.84783805656991	1.702016123198735E-4
71.0	25.95583193134144	24.099836020188683	24.041229209702493	25.902847285814683	2.555529527014077E-4
72.0	25.82176198321174	24.286532892649934	24.122640962408887	25.769064161729442	0.0
73.0	26.003455540645287	24.172479965034846	23.99219088788956	25.83153214984481	3.414565855024363E-4
74.0	25.916620304732508	24.134270998110484	24.087439035124827	25.861669662032185	0.0
75.0	25.707096159259525	24.356689445813892	24.13714033432042	25.7989884997677	8.556083846199259E-5
76.0	25.913148516208622	24.18554245767939	24.088650538002877	25.812658488109108	0.0
77.0	25.86308951905128	24.24663033929944	24.129103985944877	25.757058444054024	0.004117711650378829
78.0	25.7624724881061	24.320170578037562	24.22318095051553	25.694175983340806	0.0
79.0	25.893275055066077	24.26994424559471	24.047184746696036	25.789251789647576	3.441629955947137E-4
80.0	25.902884438031904	24.155724832920484	24.027732527972997	25.91314106044857	5.171406260504419E-4
81.0	25.856196914064256	24.206150455774818	24.169536487891484	25.76811614226944	0.0
82.0	26.041270050051573	24.217035534541125	23.893136773023375	25.848557642383923	0.0
83.0	25.92676450253178	24.102426638282296	24.03892614771498	25.931882711470948	0.0
84.0	25.83817764546421	24.2947545712849	24.131547216166226	25.735085579464407	4.349876202523276E-4
85.0	25.946589588714865	24.319624410850395	23.895969208394188	25.837816792040556	0.0
86.0	25.93259427623742	24.227772406411862	23.99750005040221	25.842133266948508	0.0
87.0	25.82182990219698	24.432609463541223	23.981691993153873	25.763868641107923	0.0
88.0	26.044075448937143	24.322392084336762	23.783002257436454	25.85053020928964	0.0
89.0	25.799108620769847	24.624100435657724	23.78087428853364	25.79591665503879	0.0
90.0	26.41254814030498	23.70631040245814	23.407347430267926	26.470679829341968	0.003114197626981408
91.0	26.557040942279126	23.762003389192245	23.374966003472878	26.303897571078892	0.0020920939768614404
92.0	26.466988795813727	23.519296098579957	23.534066212309835	26.476483868925794	0.003165024370687654
93.0	26.45901987881365	23.50802593813118	23.681301158711598	26.351653024343573	0.0
94.0	26.694084760466534	23.715580117597916	23.251828765436066	26.33636431792137	0.002142038578114792
95.0	26.46506305061323	23.500388668163758	23.631024356538262	26.402444290896526	0.001079633788219036
96.0	26.30811581272373	23.850196394181076	23.60647175949601	26.234127977194337	0.0010880564048440272
97.0	26.612098004147512	23.529992648591712	23.506950921120488	26.35095842614029	0.0
98.0	26.623340677346857	23.599747572600556	23.615247500636606	26.159449973982262	0.002214275433721201
99.0	26.454157448995552	23.59835534401466	23.629639561127124	26.315613058926058	0.0022345869366047683
100.0	26.63471298071501	23.607759106800497	23.522048043306643	26.23322431487538	0.002255554302469832
101.0	26.551818430407437	23.692006198158783	23.59402059976301	26.156457934554734	0.0056968371160331785
102.0	26.57257321790385	23.53564192300608	23.414763308159884	26.474719101123593	0.002302449806594216
103.0	26.629550420754107	23.613371146961736	23.538983681249707	26.2169324468827	0.00116230415175043
104.0	26.54462242562929	23.2294783782198	23.587396585108255	26.637329108724987	0.0011735023176670774
105.0	26.34304130429631	23.546766511054766	23.377331216379535	26.730491243868336	0.0023697244010521578
106.0	26.520037813969626	23.74741225603408	23.420728277908744	26.310625007479025	0.0011966446085177162
107.0	26.826437087373943	23.380329375347632	23.47222558100167	26.319798795676043	0.0012091606007109865
108.0	26.483175193191823	23.657439107893964	23.456910887215106	26.400029345593268	0.002445466105839773
109.0	26.569827148884574	23.607725714851338	23.39614704099182	26.425062793085957	0.0012373021863129631
110.0	26.810859524614173	23.422577697670636	23.62660057827344	26.13996219944175	0.0
111.0	26.458285801201615	23.649453697366084	23.700154637868533	26.192105863563768	0.0
112.0	26.64143196253288	23.469557964970807	23.26040931545519	26.62731763649195	0.001283120549175595
113.0	26.588626589925813	23.414621470981825	23.235328508880198	26.76142343021216	0.0
114.0	26.480304286597967	23.40585146286572	23.55457285373975	26.559271396796568	0.0
115.0	26.799364969249034	23.429432874848246	23.150606347639314	26.61926171004709	0.0013340982163106848
116.0	26.784482875184228	23.443352218180834	23.421718025339047	26.346390470138054	0.004056411157834958
117.0	26.795996709624347	23.524814916369618	23.44941047436249	26.22429394022484	0.005483959418700301
118.0	26.746046097564367	23.795746338206452	23.12667788735725	26.330138682171622	0.0013909947003101918
119.0	26.928176483863687	23.389189799142407	23.33841119386143	26.342812006319114	0.0014105168133604152
120.0	26.317522585078816	23.47702836199121	23.555771901441723	26.64681375005369	0.002863401434564119
121.0	26.52704807090568	23.857897570985724	23.179694663154372	26.43390432390738	0.001455371046848394
122.0	26.79210674240407	23.332149936392415	23.700482234253425	26.17526108695009	0.0
123.0	26.67358666546319	23.670908926798447	23.133856846285767	26.5216475614526	0.0
124.0	26.586366279959595	23.488628363280174	23.347822094340202	26.57565275949677	0.0015305029232605834
125.0	26.75468642959457	23.348072491748148	23.380768512175376	26.513358659774553	0.003113906707355048
126.0	26.36765474738193	23.371726421521252	23.648980497156167	26.61163833394065	0.0
127.0	26.761698971200055	23.649498500338634	23.409230173831716	26.1795723546296	0.0
128.0	26.790411679600158	23.311521767723267	23.591016703932656	26.302117585163753	0.004932263580165724
129.0	26.890982051411207	23.773065363756945	23.217313924008128	26.115280646082034	0.003358014741684716
130.0	26.5929734361611	23.98286203941731	23.04541559554413	26.375321336760926	0.0034275921165381317
131.0	27.20397731251313	23.35795812618164	23.314193683915693	26.120369722008263	0.0035011553812758214
132.0	26.77628871513178	23.484048739465727	23.501941348029128	26.237721197373364	0.0
133.0	26.781727003184596	23.895457373988798	23.199970716351256	26.119184450382516	0.0036604560928291665
134.0	26.608806493336086	23.4314956792322	23.504601945751403	26.45322136202598	0.0018745196543385758
135.0	26.58193774154473	23.442096560210732	23.076775173527658	26.899190524716875	0.0
136.0	26.963680768927755	23.49129441424407	23.227369416213662	26.311746632001892	0.00590876861262113
137.0	27.083712557894952	23.40877373945756	23.283376817749733	26.222114353902477	0.002022530995287503
138.0	26.402393418100225	23.676556137289122	23.269342641070388	26.6496301836616	0.002077619878666999
139.0	26.956744523677358	23.320807891028654	23.164951535078355	26.55109099449165	0.006405055723984799
140.0	27.430922210489268	23.347852868708202	23.41165082717353	25.8051742344245	0.004399859204505456
141.0	26.925344702467346	23.571298984034833	22.727685050798257	26.771135703918723	0.0045355587808417995
142.0	26.56546489563567	23.566893902124768	23.248295734064232	26.61934546817532	0.0
143.0	26.96275487964353	23.698358114980383	23.10989489998547	26.228992105390613	0.0
144.0	27.03861584754263	23.43530591775326	23.2246740220662	26.301404212637912	0.0
145.0	27.064017660044147	23.482664589014412	22.89313076223867	26.557589923386573	0.002597065316192702
146.0	27.005939524838013	23.266738660907127	22.964362850971924	26.76295896328294	0.0
147.0	27.070814848093445	23.678890324029876	23.156623799629358	26.093671028247318	0.0
148.0	27.233880645066876	23.350016097403927	22.77928995814675	26.636813299382446	0.0
149.0	27.227420045251638	23.24649911331254	22.99883813367578	26.527242707760045	0.0
150.0	27.116148034319377	23.469714432065565	22.839031886285056	26.575105647330005	0.0
151.0	27.838247683235046	22.689132266217353	23.012636899747264	26.456613310867734	0.0033698399326032016
152.0	27.042953496627618	23.36173233936812	23.177138800141993	26.411075612353567	0.007099751508697196
153.0	27.055463700586202	23.372914474673077	22.790470464452124	26.773635953705092	0.007515406583496168
154.0	27.64767005035569	23.715130684997202	23.303492926224923	25.33370633842219	0.0
155.0	27.991471215351808	23.04051172707889	22.90405117270789	26.059701492537314	0.0042643923240938165
156.0	27.491961414790993	23.210840606338998	22.434542949012403	26.862655029857603	0.0
157.0	27.426871591472484	23.326722855726327	22.34506693108577	26.90133862171542	0.0
158.0	27.841765339074275	23.105489773950485	22.1259418729817	26.92680301399354	0.0
159.0	28.105343601199223	22.103344894480042	22.37375815648698	27.41167479865969	0.005878549174063841
160.0	27.12095621670781	22.430817201507082	22.46329738859296	27.97843315577498	0.006496037417175523
161.0	28.90418986229124	22.253149721652505	19.762672135950776	29.072663346029888	0.00732493407559332
162.0	30.288182044680674	21.684245494560255	19.574786147329956	28.444481355369156	0.008304958059961797
163.0	29.73180813226954	21.35922330097087	20.436412573296163	28.472555993463423	0.0
164.0	32.12809917355372	20.764462809917354	22.394398530762167	24.701561065197428	0.01147842056932966
165.0	31.207289293849662	22.03872437357631	24.117312072892936	22.636674259681094	0.0
166.0	27.015291674532754	25.939210874079667	23.52274872569379	23.52274872569379	0.0
167.0	24.788970174451322	29.74113674732696	22.903770399549803	22.566122678671917	0.0
168.0	11.174458380843785	41.33409350057013	25.142531356898516	22.34891676168757	0.0
