# Position (bp)	A	C	G	T	N
0.0	26.251230834153887	23.713602475734984	23.687438458292306	26.347728231818824	0.0
1.0	26.266704177802787	23.745111830074553	23.715290476860318	26.27289351526234	0.0
2.0	26.347839294353253	23.676912345442886	23.723040401426594	26.25220795877727	0.0
3.0	26.362565073222317	23.75260503823535	23.67329375268941	26.21153613585292	0.0
4.0	26.218927439471962	23.825928977808026	23.7514026418883	26.203740940831715	0.0
5.0	26.36689585354537	23.752478171004345	23.697642046652888	26.182983928797405	0.0
6.0	26.15878211184595	23.762484815764612	23.71074593962298	26.36798713276646	0.0
7.0	26.24598262864727	23.612442814845224	23.794366822909492	26.347207733598015	0.0
8.0	26.196661943001104	23.62057718694469	23.84945003036642	26.33331083968779	0.0
9.0	26.36583445793972	23.778958614484928	23.722728295096715	26.132478632478634	0.0
10.0	26.262668859556644	23.775425575282195	23.732692334724977	26.229213230436187	0.0
11.0	26.18676112961948	23.931458131264144	23.70682747859824	26.17495326051814	0.0
12.0	26.2331491868033	23.850489885997835	23.672809569996765	26.2435513572021	0.0
13.0	26.146277006986324	23.79454307763674	23.85836179873206	26.200818116644882	0.0
14.0	26.232024627841266	23.703734941452648	23.754621234484603	26.309619196221483	0.0
15.0	26.082177146150492	23.864546873023237	23.732692334724977	26.32058364610129	0.0
16.0	26.244113636683114	23.826874147795163	23.722852443807195	26.206159771714532	0.0
17.0	26.207565470417073	23.83277808234583	23.72229016432618	26.237366282910923	0.0
18.0	26.043942141441402	23.733816893687006	23.819564514541952	26.402676450329636	0.0
19.0	26.36359802639902	23.785265466199977	23.725101561731258	26.126034945669748	0.0
20.0	26.222184736923488	23.773738736839146	23.79454307763674	26.209533448600624	0.0
21.0	26.16398881063833	23.830528964421767	23.736066011611072	26.26941621332883	0.0
22.0	26.141497631397687	23.71104457470586	23.92920901334008	26.218248780556376	0.0
23.0	26.277006986322554	23.7265072604338	23.775987854763212	26.22049789848044	0.0
24.0	26.2274526562008	23.839739552876612	23.743027754037154	26.18978003688543	0.0
25.0	26.260064774414104	23.70338716207098	23.687924519814672	26.34862354370024	0.0
26.0	26.27580855562053	23.74077864243624	23.723066888579012	26.26034591336422	0.0
27.0	26.34468759839863	23.677522378660427	23.7362804192344	26.241509603706536	0.0
28.0	26.364367324906663	23.75652242364266	23.66908821015699	26.21002204129369	0.0
29.0	26.220350466829917	23.828427003882517	23.757299049471882	26.193923479815684	0.0
30.0	26.352485401901056	23.75476880603435	23.706975318880957	26.185770473183638	0.0
31.0	26.16074917696804	23.763765227145576	23.703601660964246	26.371883934922142	0.0
32.0	26.241154690649626	23.60913923929637	23.80256229318774	26.347143776866268	0.0
33.0	26.195891446933768	23.611388344574173	23.861039030410712	26.331681178081347	0.0
34.0	26.359232717734475	23.776978720652693	23.718783121589443	26.14500544002339	0.0
35.0	26.271798750059745	23.771355957458173	23.726654990061764	26.23019030242032	0.0
36.0	26.189144131100345	23.937227471696414	23.706975318880957	26.166653078322277	0.0
37.0	26.24312265776771	23.84923122770223	23.66761597651934	26.240030138010724	0.0
38.0	26.147254545301195	23.78513172728474	23.871722280480295	26.195891446933768	0.0
39.0	26.232720545857852	23.70275824648507	23.751114009957913	26.313407197699167	0.0
40.0	26.091026913356032	23.86947317520249	23.724687022943687	26.314812888497798	0.0
41.0	26.24031127617045	23.824491069646356	23.730028647978475	26.20516900620472	0.0
42.0	26.216976808913206	23.82420993148663	23.724124746624234	26.234688512975936	0.0
43.0	26.048856189397156	23.729466371659026	23.81071529981979	26.410962139124027	0.0
44.0	26.36232523749146	23.786818556243094	23.726373851902043	26.124482354363405	0.0
45.0	26.23412623665648	23.758985878430234	23.794971562875144	26.211916322038135	0.0
46.0	26.172275841516797	23.816338063014307	23.734245720374364	26.277140375094532	0.0
47.0	26.131791946516277	23.7215945031867	23.93076129402272	26.215852256274303	0.0
48.0	26.271236473740288	23.728622957179844	23.792160181277886	26.207980387801978	0.0
49.0	26.231803383769375	23.83763754645795	23.745986764052653	26.18457230572002	0.0
50.0	26.250077312776572	23.709720043407607	23.709720043407607	26.33048260040821	0.0
51.0	26.279034461818735	23.740926291404506	23.71955985133456	26.2604793954422	0.0
52.0	26.33779217201109	23.670360811699812	23.7476735882687	26.2441734280204	0.0
53.0	26.374058892656127	23.75638884671828	23.661645553250228	26.207906707375354	0.0
54.0	26.21935962710044	23.822670291454294	23.766442975662006	26.191527105783262	0.0
55.0	26.364988375002458	23.758852288030045	23.706842020922185	26.16931731604531	0.0
56.0	26.158915262623733	23.769535478030583	23.703468381974645	26.368080877371035	0.0
57.0	26.26068670420777	23.596917618548265	23.802147321190105	26.340248356053852	0.0
58.0	26.20614620788925	23.605913989075034	23.851627359087317	26.336312443948394	0.0
59.0	26.35599200447569	23.786122536189307	23.72764612776533	26.130239331569673	0.0
60.0	26.280928537892994	23.774314799872926	23.724272488817792	26.220484173416285	0.0
61.0	26.199117793415216	23.939341971723284	23.70543633802738	26.15610389683412	0.0
62.0	26.251690333681005	23.845723490929128	23.669169719341355	26.233416456048513	0.0
63.0	26.141203658149166	23.787247082505154	23.878616470667616	26.19293278867807	0.0
64.0	26.233416456048513	23.693347465132035	23.7490125077664	26.32422357105305	0.0
65.0	26.09537839577845	23.86821441724604	23.731300903291828	26.305106283683678	0.0
66.0	26.2502846507862	23.80917573566414	23.730738630133903	26.209800983415754	0.0
67.0	26.225825768416556	23.821264608559485	23.715276118291026	26.237633504732933	0.0
68.0	26.059674050250354	23.718649757238563	23.81845324276987	26.403222949741213	0.0
69.0	26.372579062634415	23.776001619346694	23.730457493554944	26.120961824463944	0.0
70.0	26.234259865785397	23.766442975662006	23.785560263031382	26.213736895521212	0.0
71.0	26.162288901571273	23.828011886454558	23.736080225134174	26.27361898684	0.0
72.0	26.14064138499124	23.704874064869454	23.949462888565893	26.205021661573408	0.0
73.0	26.25646965552335	23.726521581449482	23.802990730926993	26.21401803210017	0.0
74.0	26.24346359291538	23.841158279448972	23.739387123980883	26.175991003654765	0.0
75.0	26.257801518133256	23.703120607253304	23.712398088276636	26.326679786336797	0.0
76.0	26.27129603598538	23.748383469215632	23.71998875456846	26.26033174023053	0.0
77.0	26.34804610626933	23.659544560022493	23.75175709867866	26.240652235029522	0.0
78.0	26.375878549339333	23.76019117233624	23.657857745290976	26.206072533033453	0.0
79.0	26.212464963550847	23.8340628786537	23.763216859103572	26.190255298691877	0.0
80.0	26.365402402579697	23.76659047908215	23.70614645446597	26.161860663872183	0.0
81.0	26.157643638898964	23.77052636905716	23.703335104483823	26.368494887560058	0.0
82.0	26.263912668224155	23.597628345155062	23.798921003876853	26.339537982743934	0.0
83.0	26.200938428624042	23.614496445047948	23.863019783469824	26.321545342858187	0.0
84.0	26.355000407645747	23.77361885403752	23.73538449428031	26.135996244036424	0.0
85.0	26.272908988167025	23.77643020401967	23.726388174337433	26.22427263347587	0.0
86.0	26.20459318360083	23.92627515806815	23.717954124390992	26.15117753394002	0.0
87.0	26.251542728302702	23.84868189856087	23.651887399810516	26.247887973325913	0.0
88.0	26.141056674004293	23.784864253966113	23.881855828350215	26.19222324367938	0.0
89.0	26.233268953418744	23.695182189535593	23.75253372917141	26.319015127874252	0.0
90.0	26.09551280429349	23.86554999845376	23.72498249934636	26.31395469790639	0.0
91.0	26.261944723236653	23.80341916384829	23.733416549292805	26.201219563622256	0.0
92.0	26.225678308466943	23.817194778760815	23.720484339374927	26.23664257339732	0.0
93.0	26.050531204579126	23.71907866438385	23.82815904369119	26.402231087345836	0.0
94.0	26.37102510254399	23.778117014008956	23.73538449428031	26.115473389166745	0.0
95.0	26.240016193375897	23.762935724105358	23.78880014394112	26.208247938577628	0.0
96.0	26.175355143786494	23.814945698775094	23.729480659317797	26.28021849812061	0.0
97.0	26.135433974039994	23.70136715949632	23.949890497918194	26.21330836854549	0.0
98.0	26.25660315827057	23.730042929314227	23.802013488857217	26.21134042355799	0.0
99.0	26.240785826337778	23.838775154483248	23.748249939556146	26.172189079622832	0.0
100.0	26.25709161039297	23.698770318974873	23.718449713524244	26.325688357107918	0.0
101.0	26.28126915226791	23.747968805348297	23.7176063109007	26.253155731483098	0.0
102.0	26.354645180516272	23.65660018779765	23.748531073763992	26.240223557922082	0.0
103.0	26.39034922491299	23.756683965791588	23.654632248342715	26.19833456095271	0.0
104.0	26.219064781573394	23.828587332690475	23.767019114261053	26.18532877147508	0.0
105.0	26.364973025248595	23.762239846163794	23.70798109658901	26.164806031998605	0.0
106.0	26.152155028211737	23.780232384882893	23.702639561656774	26.364973025248595	0.0
107.0	26.26348386153617	23.59862019718698	23.813968394981206	26.323927546295643	0.0
108.0	26.199947709184347	23.604523998954182	23.874412079740683	26.32111621212079	0.0
109.0	26.362161691073734	23.7720795157758	23.719788700123416	26.14597009302705	0.0
110.0	26.280633000002812	23.78051351830038	23.72934723631794	26.209506245378872	0.0
111.0	26.20528924411658	23.923329294383237	23.71557169886113	26.155809762639056	0.0
112.0	26.248302656991928	23.8440496706522	23.655409147519137	26.25223852483673	0.0
113.0	26.147094626696994	23.776015383620607	23.89071781795487	26.186172171727534	0.0
114.0	26.235932786622545	23.69476782596717	23.749307708959442	26.319991678450844	0.0
115.0	26.093679277374665	23.854732740516667	23.72990950315291	26.321678478955757	0.0
116.0	26.258142326603934	23.795694722844623	23.747339775037037	26.198823175514402	0.0
117.0	26.225811983593054	23.821277863835842	23.716696232531074	26.236213920040036	0.0
118.0	26.056850799684007	23.707418829754037	23.841519469894827	26.39421090066713	0.0
119.0	26.364973025248595	23.777421050708032	23.743966174027207	26.113639750016166	0.0
120.0	26.235089386370092	23.76195871274631	23.78950978765993	26.21344211322367	0.0
121.0	26.17352116794067	23.80750232637903	23.739749172764917	26.279227332915383	0.0
122.0	26.145688959609565	23.699265960646944	23.94722563486954	26.20781944487395	0.0
123.0	26.273604664565664	23.72456796822068	23.797381523349536	26.20444584386412	0.0
124.0	26.239661289506383	23.824718444090838	23.748531073763992	26.18708919263878	0.0
125.0	26.257372744600815	23.696521245312088	23.717887445108545	26.32821856497855	0.0
126.0	26.29335792320538	23.73503663178728	23.717887445108545	26.25371799989879	0.0
127.0	26.354645180516272	23.660536066707525	23.74600086589336	26.238817886882842	0.0
128.0	26.37657364872843	23.751623550050326	23.66306627457816	26.20873652664309	0.0
129.0	26.21864993351157	23.825628828707256	23.769120694066086	26.186600543715087	0.0
130.0	26.354157002651103	23.75197145917498	23.727231579332077	26.166639958841838	0.0
131.0	26.15539455891324	23.779522689000032	23.7067087244624	26.358374027624325	0.0
132.0	26.271222178177737	23.594816995172913	23.800326678867926	26.33363414778142	0.0
133.0	26.20298003935901	23.593758785493392	23.870396401461907	26.33286477368569	0.0
134.0	26.35338768625246	23.777621591228563	23.721675569299972	26.147315153219004	0.0
135.0	26.285352825414677	23.77396682597695	23.732077593477648	26.208602755130727	0.0
136.0	26.20663480461063	23.917064942367166	23.726454877705933	26.14984537531628	0.0
137.0	26.251897666572955	23.836097835254428	23.663199325274107	26.24880517289851	0.0
138.0	26.145347202698904	23.76019117233624	23.90075906662918	26.193702558335673	0.0
139.0	26.231937025583356	23.697497891481586	23.752881641833003	26.31768344110205	0.0
140.0	26.10043885419976	23.84825372013978	23.731582039870787	26.31972538578967	0.0
141.0	26.258999884734003	23.795118906716073	23.750699327240167	26.195181881309757	0.0
142.0	26.2269503147324	23.81845324276987	23.707404294080106	26.247192148417625	0.0
143.0	26.04850181895878	23.718716439226533	23.840167782782025	26.392613959032662	0.0
144.0	26.3636568099905	23.778879836265595	23.741207428773848	26.116255924970062	0.0
145.0	26.239675230110937	23.765947517275894	23.786751682607154	26.207625570006016	0.0
146.0	26.177825008855827	23.804463336875664	23.7442999398366	26.273411714431905	0.0
147.0	26.14661876085893	23.689197015445686	23.966117324246973	26.198066899448406	0.0
148.0	26.272849439693225	23.72180895028929	23.806431298461053	26.198910311556432	0.0
149.0	26.235605685754127	23.831305384373174	23.755397867842202	26.1776910620305	0.0
150.0	26.249100355359634	23.70338716207098	23.720255499077865	26.32725698349152	0.0
151.0	26.289865503126265	23.73150105708245	23.725597139130045	26.253036300661236	0.0
152.0	26.36015024065494	23.66346543115469	23.74752597723899	26.228858350951374	0.0
153.0	26.375331743961134	23.74640142143853	23.65137645629976	26.22689037830057	0.0
154.0	26.21768650107536	23.813941719731794	23.7757067150227	26.192665064170146	0.0
155.0	26.346167362487527	23.759681749813744	23.728475238617357	26.165675649081376	0.0
156.0	26.156398037644614	23.781891789313878	23.71469939133246	26.347010781709045	0.0
157.0	26.269697353069343	23.594652722135535	23.80691322621909	26.328736698576026	0.0
158.0	26.204827745196713	23.591064229365692	23.879233273544116	26.32487475189348	0.0
159.0	26.35889275613308	23.77099416914539	23.728823089509522	26.14128998521201	0.0
160.0	26.288607623406634	23.77071302861448	23.72966651110224	26.21101283687664	0.0
161.0	26.206795728913058	23.919717509994545	23.72376255995322	26.14972420113918	0.0
162.0	26.252902775981603	23.825816572672014	23.664441907932098	26.256838743414285	0.0
163.0	26.140165423088384	23.750752050920173	23.906503905041973	26.202578620949467	0.0
164.0	26.225913285014645	23.692555961022677	23.750189769858363	26.331340984104312	0.0
165.0	26.093850595879033	23.84668801466433	23.735918334068987	26.32354305538765	0.0
166.0	26.255506855631122	23.7963637181502	23.76065877034409	26.18747065587459	0.0
167.0	26.231328701998635	23.811264208179526	23.71455159364958	26.24285549617226	0.0
168.0	26.04612979769014	23.708433138782993	23.844505920852875	26.400931142674	0.0
169.0	26.35651068902309	23.779562093046795	23.739921055295028	26.124006162635087	0.0
170.0	26.24742754967781	23.778718666711647	23.776188387706217	26.197665395904323	0.0
171.0	26.187544279882598	23.791088919627093	23.748636460758185	26.272730339732124	0.0
172.0	26.135251847103675	23.693251464750404	23.967083881560452	26.204412806585474	0.0
173.0	26.26626407116269	23.728675370826448	23.811331151670547	26.193729406340317	0.0
174.0	26.237735106412885	23.83339424780005	23.751300289578005	26.177570356209056	0.0
175.0	26.25657173381315	23.69226011414434	23.72852765048216	26.322640501560347	0.0
176.0	26.298181000309256	23.73077680002249	23.720093339705926	26.250948859962325	0.0
177.0	26.358064606820548	23.666394894430542	23.758047738198993	26.217492760549916	0.0
178.0	26.371559504062525	23.747364277882426	23.66358345750513	26.217492760549916	0.0
179.0	26.22262707027769	23.810126261987296	23.78285524714006	26.18439142059496	0.0
180.0	26.353640399337625	23.755021943326895	23.736466407451452	26.154871249884025	0.0
181.0	26.15993185057733	23.78144952472525	23.71313141536567	26.345487209331747	0.0
182.0	26.267891332034445	23.5838049532035	23.816030296129483	26.332273418632568	0.0
183.0	26.215672162119613	23.58724500123704	23.884415555205685	26.312667281437662	0.0
184.0	26.3492161669778	23.76605339511032	23.730629090663726	26.154101347248147	0.0
185.0	26.287645352106342	23.767740266750636	23.733440543397585	26.211173837745438	0.0
186.0	26.21820246958008	23.914216954184567	23.710667776253345	26.156912799982006	0.0
187.0	26.25559479094037	23.830716807989024	23.6527518499359	26.2609365511347	0.0
188.0	26.146229279593353	23.748903533433797	23.908594048716854	26.196273138256	0.0
189.0	26.232540878522748	23.69267447875666	23.74243719214593	26.332347450574662	0.0
190.0	26.09682108145645	23.851026323705955	23.741660504882102	26.310492089955495	0.0
191.0	26.267757888255684	23.795640549134493	23.75346863956231	26.18313292304751	0.0
192.0	26.228116293257838	23.815039627537697	23.72001225796838	26.236831821236084	0.0
193.0	26.047693752354604	23.715580596368707	23.844064708759973	26.392660942516716	0.0
194.0	26.36595199136317	23.7819312539712	23.73469858245756	26.117418172208072	0.0
195.0	26.259397333603236	23.775746023177746	23.76731161755031	26.197545025668706	0.0
196.0	26.18686144520729	23.80048694635156	23.748474778315707	26.264176830125447	0.0
197.0	26.125009137272766	23.701242106802066	23.97423570227673	26.19951305364844	0.0
198.0	26.27710958542085	23.718110918056936	23.810889379958727	26.193890116563484	0.0
199.0	26.234241630211088	23.828454470822415	23.762665737002507	26.17463816196399	0.0
200.0	26.257295801891566	23.692378628220556	23.725835292000767	26.324490277887115	0.0
201.0	26.29918691872561	23.709247534328224	23.74157960436792	26.249985942578242	0.0
202.0	26.364132207240132	23.65807851913496	23.761822291697126	26.215966981927778	0.0
203.0	26.366662543156284	23.75057635429201	23.660608855051112	26.222152247500592	0.0
204.0	26.22082022475069	23.804904929389373	23.78353758824571	26.19073725761422	0.0
205.0	26.355490703800854	23.74164635363512	23.741365204409544	26.16149773815448	0.0
206.0	26.15503130596627	23.79084746811065	23.716342923333418	26.337778302589665	0.0
207.0	26.278174666767878	23.58842002569704	23.80799757087069	26.325407736664392	0.0
208.0	26.212459444110188	23.588205194527696	23.885661911482728	26.31367344987939	0.0
209.0	26.355283652251167	23.770952704944303	23.722876052203933	26.15088759060059	0.0
210.0	26.291195969388042	23.773750414700938	23.730452825308284	26.20460079060274	0.0
211.0	26.229061117077805	23.90786048054701	23.718363238659688	26.144715163715492	0.0
212.0	26.275732544604953	23.810300327824603	23.662976062618434	26.250991064952007	0.0
213.0	26.150485273113734	23.745768620879677	23.9018095120278	26.201936593978793	0.0
214.0	26.240173641179048	23.687850740561633	23.746612085156155	26.325363533103165	0.0
215.0	26.10866661980741	23.838897870246715	23.73599493920011	26.316440570745765	0.0
216.0	26.269768749560697	23.79728684894918	23.74836578336965	26.184578618120476	0.0
217.0	26.23237506150278	23.799254937794334	23.719125606241654	26.249244394461236	0.0
218.0	26.048010256583275	23.71075760387321	23.853303868148924	26.38792827139459	0.0
219.0	26.361780731793722	23.789481379015616	23.73690514347408	26.111832745716583	0.0
220.0	26.27209185939934	23.76108458869639	23.77148737326878	26.195336178635493	0.0
221.0	26.191962302557958	23.79088716071459	23.752368742162766	26.264781794564684	0.0
222.0	26.138542597997045	23.695575161524317	23.97504456327986	26.19083767719878	0.0
223.0	26.272935328418722	23.728470453280252	23.808318853781834	26.190275364519195	0.0
224.0	26.24440495737646	23.81829325895769	23.75503272678198	26.18226905688387	0.0
225.0	26.262117906385658	23.6898040891608	23.72269956589217	26.32537843856137	0.0
226.0	26.312445174205447	23.712015564902494	23.745754515396207	26.22978474549585	0.0
227.0	26.361928968262895	23.67124766638926	23.749690726287138	26.217132639060708	0.0
228.0	26.36136665242133	23.74940956836636	23.67293461391394	26.216289165298363	0.0
229.0	26.241104841271852	23.794461735705188	23.781528434986264	26.182904988036697	0.0
230.0	26.348226310269883	23.753412563858173	23.74047926313925	26.157881862732697	0.0
231.0	26.161818084690623	23.7868704505006	23.718548883659338	26.33276258114943	0.0
232.0	26.275687362759403	23.586404289357297	23.821171813276877	26.31673653460642	0.0
233.0	26.222340934011868	23.583096690752665	23.886748952680854	26.307813422554617	0.0
234.0	26.35785981387241	23.769224280934576	23.73183006719712	26.1410858379959	0.0
235.0	26.31062501757247	23.76697500492029	23.720583687125707	26.201816290381537	0.0
236.0	26.227120645542218	23.90277504428262	23.730986588691767	26.139117721483395	0.0
237.0	26.26929457081002	23.803244580650603	23.679253240363256	26.248207608176116	0.0
238.0	26.143897433013745	23.744201085275677	23.910928669834398	26.200972811876177	0.0
239.0	26.2293699215565	23.694154693957884	23.747856158798886	26.328619225686733	0.0
240.0	26.11220145875393	23.831281667725772	23.738211592426175	26.318305281094123	0.0
241.0	26.273817290171642	23.786077430094707	23.762175781162124	26.177929498571523	0.0
242.0	26.22608294619858	23.814411536428164	23.708957154587686	26.25054836278557	0.0
243.0	26.05665688918637	23.715967478394393	23.845333948292787	26.38204168412645	0.0
244.0	26.359103015916318	23.789541185834786	23.73891496764141	26.112440830607486	0.0
245.0	26.280792749815763	23.765899156732917	23.768149369096708	26.18515872435461	0.0
246.0	26.184629146729456	23.78878790180342	23.752218762219016	26.27436418924811	0.0
247.0	26.148297562883126	23.696551801744775	23.978157941377535	26.17699269399456	0.0
248.0	26.274646638883652	23.724368480441676	23.80541009024321	26.195574790431465	0.0
249.0	26.235961853949817	23.820176660447814	23.76868118107555	26.17518030452682	0.0
