# Position (bp)	A	C	G	T	N
0.0	26.229484962725703	23.837126902689988	23.647212222568665	26.286175912015647	0.0
1.0	26.27200317469316	23.731398282264237	23.709855721534055	26.286742821508547	0.0
2.0	26.196320061672413	23.75436468347542	23.69626337747143	26.353051877380736	0.0
3.0	26.29818973237058	23.768405898956008	23.74998583071674	26.183418537956676	0.0
4.0	26.27711785641421	23.815258540566273	23.765953347085894	26.141670255933626	0.0
5.0	26.176099737904657	23.77105617340795	23.816958277254376	26.235885811433025	0.0
6.0	26.14859810965797	23.676590584555406	23.83213581450169	26.342675491284933	0.0
7.0	26.192290586038975	23.888588288285735	23.6752720278076	26.243849097867688	0.0
8.0	26.199183594845486	23.729572166306433	23.779145692343864	26.292098546504217	0.0
9.0	26.342237203637087	23.665127609551597	23.704501033906467	26.288134152904853	0.0
10.0	26.286272677061646	23.831697610853833	23.694042004786787	26.187987707297726	0.0
11.0	26.184305561456426	23.813286881647336	23.78751186075824	26.214895696137997	0.0
12.0	26.26021441418476	23.630879041509115	23.912988061350216	26.195918482955914	0.0
13.0	26.275151817275443	23.804438955859695	23.842110033535757	26.0782991933291	0.0
14.0	26.19831925156561	23.86243581064814	23.67408095576635	26.2651639820199	0.0
15.0	26.192654443899993	23.71968265747457	23.691641859529764	26.396021039095668	0.0
16.0	26.219845520694957	23.840343060752232	23.742908368903603	26.196903049649205	0.0
17.0	26.2459036359568	23.727046907439874	23.710052484443022	26.3169969721603	0.0
18.0	26.348436654704482	23.69674018642882	23.922766012286967	26.032057146579728	0.0
19.0	26.197186290032487	23.83411177232005	23.781429061029804	26.187272876617655	0.0
20.0	26.07964153097092	23.783411743712772	23.794458118660728	26.342488606655586	0.0
21.0	26.30141875107985	23.781995541796366	23.787943589845266	26.12864211727851	0.0
22.0	26.236273462925254	23.803521810925716	23.711468686359428	26.248736039789613	0.0
23.0	26.164896886338468	23.730162551655965	23.736110599704862	26.368829962300705	0.0
24.0	26.32719362595842	23.781995541796366	23.65793625391934	26.232874578325884	0.0
25.0	26.244487434040398	23.81825031085632	23.662751340435115	26.27451091466817	0.0
26.0	26.266013703169744	23.731578753572368	23.71883293632473	26.283574606933158	0.0
27.0	26.186423155467814	23.762735195733267	23.704670917160687	26.346170731638235	0.0
28.0	26.301701991463133	23.775764253364187	23.75707038806765	26.16546336710503	0.0
29.0	26.271395270452082	23.822782156988815	23.765001118799514	26.140821453759592	0.0
30.0	26.17849242473595	23.768966484165446	23.819383272389445	26.233157818709163	0.0
31.0	26.139122011459904	23.677763080749	23.839493339602388	26.34362156818871	0.0
32.0	26.192654443899993	23.899823541241215	23.65567033085309	26.2518516840057	0.0
33.0	26.203984059231228	23.723931263223786	23.7726486091481	26.299436068396886	0.0
34.0	26.330026029791227	23.67068207116698	23.711751926742707	26.28753997229909	0.0
35.0	26.278476280034102	23.837510656919424	23.68739325378055	26.196619809265925	0.0
36.0	26.19237120351671	23.802955330159154	23.799556445559784	26.20511702076435	0.0
37.0	26.25440084745523	23.613750754127523	23.919650368070876	26.21219803034637	0.0
38.0	26.258858317896777	23.804587348254394	23.851321879124676	26.085232454724157	0.0
39.0	26.202419425648404	23.849271651480347	23.676212757641075	26.272096165230174	0.0
40.0	26.18315918869084	23.721247723468316	23.699155098722876	26.396437989117967	0.0
41.0	26.21289926046355	23.839924771780353	23.752120750356173	26.195055217399926	0.0
42.0	26.24178961589989	23.732294035841033	23.711900843768323	26.31401550449075	0.0
43.0	26.339223755802855	23.703970157962267	23.921497540071208	26.03530854616367	0.0
44.0	26.191089874496896	23.844739831019744	23.779594911898577	26.18457538258478	0.0
45.0	26.07694464664546	23.775063091437975	23.80508640198947	26.342905859927097	0.0
46.0	26.29192287974531	23.787525597704633	23.78072786701373	26.139823655536325	0.0
47.0	26.23980694444838	23.799138387634926	23.70821873964408	26.25283592827261	0.0
48.0	26.163615712954492	23.74249063187739	23.73059460316831	26.363299051999807	0.0
49.0	26.322795906633168	23.77591280777434	23.669698265728957	26.231593019863535	0.0
50.0	26.242922571015043	23.81216737145916	23.668565310613808	26.276344746911988	0.0
51.0	26.264448718202903	23.729178409274372	23.722380678583466	26.283992193939255	0.0
52.0	26.175511741663577	23.751837511577385	23.72039800713195	26.352252739627087	0.0
53.0	26.304668624790757	23.772513942428887	23.76118439127738	26.16163304150298	0.0
54.0	26.27691122446956	23.81726566947734	23.76458325662283	26.141239849430264	0.0
55.0	26.18514186014236	23.768548599525857	23.809618222450073	26.236691317881718	0.0
56.0	26.148604057678742	23.68782554757137	23.824063400168242	26.33950699458164	0.0
57.0	26.19477197862114	23.891474229519712	23.66091786358654	26.25283592827261	0.0
58.0	26.21658136458779	23.722947156141043	23.774779852659186	26.285691626611985	0.0
59.0	26.34205614359073	23.664599967710778	23.70255396406833	26.290789924630158	0.0
60.0	26.296737938984705	23.825196355283396	23.694340039483485	26.18372566624842	0.0
61.0	26.196754650072652	23.798571910077353	23.790641224271297	26.214032215578698	0.0
62.0	26.2553850772817	23.60710249561688	23.924329927859084	26.213182499242336	0.0
63.0	26.274004418512437	23.79170679204668	23.853735908910668	26.080552880530224	0.0
64.0	26.213034008287522	23.842622096464915	23.67834453536358	26.265999359883985	0.0
65.0	26.186126476727818	23.72451219477654	23.695055528648023	26.39430579984762	0.0
66.0	26.218415514599457	23.84177238494198	23.74575498284999	26.194057117608573	0.0
67.0	26.2484386550766	23.727061329345354	23.71063357323522	26.313866442342825	0.0
68.0	26.336525416287838	23.695055528648023	23.933541229419276	26.03487782564486	0.0
69.0	26.179328784544314	23.84063943624473	23.785974661602385	26.194057117608573	0.0
70.0	26.076230453094507	23.77577812332713	23.813448667510713	26.33454275606765	0.0
71.0	26.299421346452878	23.7862578987767	23.77124632853813	26.143074426232292	0.0
72.0	26.237675642452718	23.799570045969393	23.71148328475816	26.25127102681973	0.0
73.0	26.167149586048872	23.733575784354542	23.730460175437106	26.368814454159477	0.0
74.0	26.324346217792392	23.774078700281255	23.67749482384064	26.224080258085714	0.0
75.0	26.242490674416036	23.810333058593276	23.68061043275808	26.266565834232615	0.0
76.0	26.264583174012422	23.7392405278408	23.714882130849908	26.28129416729687	0.0
77.0	26.185560002379194	23.744055559804114	23.718564214115975	26.351820223700724	0.0
78.0	26.301120769498752	23.77804402072163	23.753685623730743	26.167149586048872	0.0
79.0	26.275346186636305	23.816281039253838	23.765864822226188	26.14250795188367	0.0
80.0	26.175080226929627	23.777194309198695	23.820246359694217	26.227479104177466	0.0
81.0	26.150721829938732	23.695055528648023	23.82279549426303	26.33142714715021	0.0
82.0	26.190091797168197	23.898986294153136	23.659084407510317	26.251837501168353	0.0
83.0	26.21388371981046	23.724795431950852	23.781726103987697	26.279594744250996	0.0
84.0	26.33992426237959	23.675512163620454	23.700437034959965	26.28412653904	0.0
85.0	26.300271057975817	23.822229019914406	23.683159567326893	26.194340354782884	0.0
86.0	26.198588912397575	23.79475501400608	23.799853283143708	26.20680279045264	0.0
87.0	26.259484904874796	23.60810171613404	23.922494979621085	26.209918399370082	0.0
88.0	26.26904056511321	23.800069109674787	23.861814638788655	26.06907568642335	0.0
89.0	26.21713405256286	23.843619977171212	23.685008058051963	26.254237912213966	0.0
90.0	26.190226673426555	23.720695739853795	23.694921302996917	26.394156283722737	0.0
91.0	26.21571787471358	23.83512291007554	23.74873606126952	26.200423153941365	0.0
92.0	26.25820321019195	23.715597499596388	23.722111917703074	26.30408737250859	0.0
93.0	26.342324174439124	23.69322188957778	23.93227271053608	26.032181225447015	0.0
94.0	26.184845197599294	23.83427320336597	23.793487281306735	26.187394317727996	0.0
95.0	26.083446863590915	23.76601343103072	23.82096113158275	26.329578573795608	0.0
96.0	26.303237665799024	23.782157858512505	23.78045844509337	26.134146030595108	0.0
97.0	26.24857320081685	23.790371690038324	23.709649552629415	26.25140555651541	0.0
98.0	26.174648717084487	23.728059864670044	23.734574282776727	26.36271713546874	0.0
99.0	26.315133559732967	23.773094320277117	23.67367863525773	26.23809348473219	0.0
100.0	26.23922642701161	23.810764651067938	23.674811577537152	26.2751973443833	0.0
101.0	26.2681164551369	23.726360451250912	23.728059864670044	26.277463228942143	0.0
102.0	26.183145784180162	23.74731988342024	23.718713090864803	26.350821241534796	0.0
103.0	26.307486199346858	23.762331368622597	23.749585767979088	26.180596664051457	0.0
104.0	26.277746464512	23.80056817055313	23.786406392060343	26.13527897287453	0.0
105.0	26.184845197599294	23.773377555846974	23.820394660443036	26.221382586110693	0.0
106.0	26.149723986937172	23.684724822482107	23.829741434248277	26.33580975633244	0.0
107.0	26.19050990899641	23.892336495186413	23.67367863525773	26.24347496055945	0.0
108.0	26.21401846129444	23.718146619725093	23.789238747758898	26.27859617122157	0.0
109.0	26.33637622747215	23.681042760073982	23.693788360717495	26.288792651736376	0.0
110.0	26.3117347328947	23.807649059799527	23.682742173493114	26.197874033812663	0.0
111.0	26.19872374052223	23.790371690038324	23.799718463843565	26.211186105595885	0.0
112.0	26.269815868556034	23.605135627352624	23.920943287741846	26.20410521634949	0.0
113.0	26.270591167607005	23.795119298484128	23.8628124079487	26.07147712596017	0.0
114.0	26.215852605044397	23.848016654157167	23.679492444733974	26.256638296064466	0.0
115.0	26.183847166952262	23.72027813575404	23.710081712999024	26.385792984294675	0.0
116.0	26.222650220214412	23.83413818985173	23.750300936088255	26.19291065384561	0.0
117.0	26.25238978658321	23.71829549799612	23.71716256213445	26.312152153286224	0.0
118.0	26.342458187585855	23.689122399558155	23.92279042102729	26.0456289918287	0.0
119.0	26.189511846260604	23.83300525399006	23.794768668658744	26.182714231090593	0.0
120.0	26.08754761871044	23.765595570220782	23.813745344341694	26.33311146672709	0.0
121.0	26.30223896449662	23.76956084573662	23.78258960814581	26.14561058162095	0.0
122.0	26.237095152450685	23.78457224590373	23.714613456445697	26.263719145199893	0.0
123.0	26.170818404543073	23.71999490178862	23.733023664197813	26.376163029470494	0.0
124.0	26.31498449294039	23.764462634359113	23.683457720249812	26.237095152450685	0.0
125.0	26.24927421296362	23.789953691246655	23.685157124042316	26.275614971747412	0.0
126.0	26.279297013297835	23.729341622647386	23.722544007477378	26.2688173565774	0.0
127.0	26.191494484018524	23.750584170053674	23.713197286618612	26.344724059309193	0.0
128.0	26.307053941908716	23.76078059280869	23.7576650191891	26.174500446093496	0.0
129.0	26.27079999433532	23.807797431067932	23.793635732797078	26.12776684179967	0.0
130.0	26.18667950660643	23.77947403452622	23.82224236330421	26.21160409556314	0.0
131.0	26.147593219378866	23.683457720249812	23.841219038987155	26.327730021384166	0.0
132.0	26.189511846260604	23.89616642827808	23.673827765425628	26.24049396003569	0.0
133.0	26.22463285797233	23.725942815062382	23.784289011938313	26.265135315026978	0.0
134.0	26.34302465551669	23.679209210768555	23.691954739212324	26.285811394502428	0.0
135.0	26.309036579666632	23.81516151416878	23.679492444733974	26.196309461430616	0.0
136.0	26.19970826901562	23.786554883661648	23.80213275175959	26.21160409556314	0.0
137.0	26.27079999433532	23.610949825103024	23.91287723223769	26.205372948323962	0.0
138.0	26.261035565890506	23.785273449780917	23.877891481123765	26.07579950320481	0.0
139.0	26.209277690603916	23.84283780185916	23.687907506330333	26.259977001206586	0.0
140.0	26.181311444764503	23.72649485499673	23.70921738736366	26.382976312875112	0.0
141.0	26.21679034724976	23.840706961989465	23.75403614116581	26.18846654959497	0.0
142.0	26.258709567778848	23.711550444683624	23.729111199229592	26.300628788307932	0.0
143.0	26.34028210502464	23.680111029286806	23.92737778281312	26.052229082875435	0.0
144.0	26.19413130912593	23.825978587208972	23.791140316093582	26.18874978757152	0.0
145.0	26.08791706792047	23.75885118676712	23.824279159349686	26.32895258596273	0.0
146.0	26.300912026284486	23.774429275477257	23.786608508468817	26.138050189769444	0.0
147.0	26.23406786381918	23.784059366679884	23.72004758398006	26.261825185520877	0.0
148.0	26.172038746955188	23.71041749277743	23.73732510054948	26.380218659717897	0.0
149.0	26.319888970713194	23.747521667705207	23.688608168583244	26.243981192998355	0.0
150.0	26.250778904435506	23.791990030023225	23.684642836911575	26.272588228629694	0.0
151.0	26.280235653996485	23.72826148529995	23.716648728261486	26.274854132442076	0.0
152.0	26.189390441824173	23.74645597478042	23.723796872477404	26.340356710918005	0.0
153.0	26.317697608614992	23.755519615701626	23.75721904837435	26.169563727309033	0.0
154.0	26.270679971336236	23.819814818486428	23.78299377724403	26.12651143293331	0.0
155.0	26.18315918869084	23.77194746487131	23.827179026734907	26.21771431970294	0.0
156.0	26.15511854959086	23.683293727110765	23.83567619009854	26.325911533199836	0.0
157.0	26.180893278460545	23.90025463166213	23.669131788171384	26.24972030170595	0.0
158.0	26.230460064748385	23.728611931716795	23.79149094060766	26.24943706292716	0.0
159.0	26.35055330695436	23.671114459622896	23.692923845589547	26.285408387833193	0.0
160.0	26.307784251357425	23.822647206274304	23.67026474328653	26.19930379908174	0.0
161.0	26.20411885832113	23.78044462823494	23.81103441634401	26.204402097099916	0.0
162.0	26.28229276126653	23.595489705686585	23.9169657196106	26.20525181343628	0.0
163.0	26.256383530138194	23.78284526294621	23.88424532016077	26.07652588675483	0.0
164.0	26.19641076769691	23.84890782198858	23.699922958397536	26.254758451916977	0.0
165.0	26.179490447663962	23.737094786931216	23.708487346164194	26.374927419240628	0.0
166.0	26.216669404680303	23.83431429752956	23.769734941397065	26.179281356393076	0.0
167.0	26.260572037138797	23.700906943413756	23.729231222419234	26.309289797028217	0.0
168.0	26.33024976349227	23.672865907198332	23.943646014490703	26.053238314818692	0.0
169.0	26.19910835169691	23.822984585927365	23.79409382134178	26.18381324103395	0.0
170.0	26.09034312031587	23.747075518192684	23.837429968220157	26.325151393271284	0.0
171.0	26.299093056586244	23.777382496728546	23.793244092971612	26.130280353713598	0.0
172.0	26.233947214873645	23.792677607391504	23.711670169435838	26.261705008299014	0.0
173.0	26.17050082990138	23.698357758303263	23.75019118888329	26.380950222912077	0.0
174.0	26.32146923700057	23.749058217723068	23.685895075540852	26.243577469735506	0.0
175.0	26.251225025066987	23.79239436460145	23.682496162060197	26.273884448271367	0.0
176.0	26.281532003602848	23.724416094988303	23.719884210347423	26.27416769106142	0.0
177.0	26.19408417433077	23.751674677739604	23.7270324852076	26.32720866272203	0.0
178.0	26.315878919029156	23.753090895701213	23.7607384726939	26.170291712575732	0.0
179.0	26.27990698280428	23.80690717824236	23.790762293480018	26.122423545473346	0.0
180.0	26.193234443553802	23.759888741916935	23.829283422035786	26.217593392493477	0.0
181.0	26.162360891990723	23.68312972839772	23.830982883589716	26.32352649602184	0.0
182.0	26.184737135784147	23.897261884193025	23.680863779659145	26.237137200363687	0.0
183.0	26.23317179007118	23.720517882584204	23.798126626880382	26.248183700464235	0.0
184.0	26.33683894486097	23.6828464848054	23.696158933644522	26.28415563668911	0.0
185.0	26.315595675436832	23.808889883388613	23.673499446258777	26.20201499491578	0.0
186.0	26.211928520647042	23.775750383086958	23.810872588534863	26.201448507731133	0.0
187.0	26.283022662319823	23.59390799681634	23.93493328197183	26.18813605889201	0.0
188.0	26.249182129494038	23.784099181138135	23.877570096105096	26.089148593262728	0.0
189.0	26.19827219940518	23.84704716045886	23.69692678090922	26.25775385922674	0.0
190.0	26.175969907859812	23.74004741551456	23.70492481213656	26.379057864489063	0.0
191.0	26.224479390904353	23.83585234868913	23.755410029231154	26.184258231175367	0.0
192.0	26.25988534137001	23.71405587908726	23.71433912669099	26.31171965285174	0.0
193.0	26.33466270875348	23.680349414243956	23.939237724048855	26.045750152953705	0.0
194.0	26.208334277492014	23.809227073938956	23.799879903016024	26.182558745553013	0.0
195.0	26.087954045908774	23.749745077156646	23.838968072330108	26.323332804604473	0.0
196.0	26.304355215154878	23.775803856699373	23.785717522829756	26.13412340531599	0.0
197.0	26.24232398993904	23.784584532414858	23.727651764066078	26.24543971358002	0.0
198.0	26.168396365366746	23.69819401327865	23.744929867893315	26.388479753461286	0.0
199.0	26.330697242301333	23.740114658629988	23.676383947791802	26.25280415127688	0.0
200.0	26.250254922843354	23.782885046792504	23.69196256599669	26.274897464367452	0.0
201.0	26.274897464367452	23.731900478121958	23.72198681199157	26.271215245519024	0.0
202.0	26.19991106000051	23.74641336705878	23.72375349457721	26.329922078363506	0.0
203.0	26.319441887340776	23.75151183836713	23.756610309675484	26.172435964616607	0.0
204.0	26.279220613685993	23.805895532322893	23.782102666217245	26.13278118777387	0.0
205.0	26.186315136511567	23.76482451345005	23.82685591436834	26.222004435670037	0.0
206.0	26.16337201562398	23.686081456576602	23.83478686973689	26.315759658062525	0.0
207.0	26.194246091880117	23.883222347166242	23.678433749614076	26.244097811339568	0.0
208.0	26.2330511235048	23.733950437193915	23.79314935405201	26.239849085249272	0.0
209.0	26.34776672794274	23.680133240050193	23.696561647599328	26.275538384407742	0.0
210.0	26.31774239690466	23.80646202913493	23.689480437448836	26.186315136511567	0.0
211.0	26.214073480301494	23.775021456066757	23.818924958999794	26.191980104631963	0.0
212.0	26.28346933977629	23.586661266063725	23.938172537934044	26.191696856225942	0.0
213.0	26.26152473480718	23.780254641759548	23.889589145859595	26.06863147757368	0.0
214.0	26.211746977713823	23.849151947066087	23.695913257271048	26.24318781794904	0.0
215.0	26.179247287157654	23.741867137997357	23.711842466781665	26.367043108063328	0.0
216.0	26.234838914350135	23.83200865619388	23.757513270375764	26.175639159080223	0.0
217.0	26.26387944708815	23.702413324269205	23.723090867890324	26.31061636075232	0.0
218.0	26.33214366644006	23.681735780648086	23.94431225923408	26.04180829367777	0.0
219.0	26.201280308180376	23.81968048946295	23.802685248130523	26.17635395422615	0.0
220.0	26.091661001586225	23.751699524133244	23.837525492862	26.319113981418536	0.0
221.0	26.30806707455246	23.766145479265806	23.789938817131205	26.135848629050535	0.0
222.0	26.230455472467707	23.785406752775888	23.729888964423296	26.25424881033311	0.0
223.0	26.179753002492635	23.70184681622479	23.74886698391117	26.369533197371403	0.0
224.0	26.336109222750963	23.731305234534332	23.684568320870156	26.24801722184455	0.0
225.0	26.251416270111033	23.780024926353953	23.6902334013143	26.27832540222071	0.0
226.0	26.26642873328801	23.732438250623158	23.72337412191253	26.277758894176294	0.0
227.0	26.197955466676486	23.74355241205646	23.73958684451293	26.31890527675413	0.0
228.0	26.329251608188375	23.737172024462026	23.75501717950243	26.178559187847167	0.0
229.0	26.27473196708542	23.811520104238955	23.782911042814455	26.130836885861175	0.0
230.0	26.18635546050675	23.777812398204144	23.816052232781452	26.219779908507657	0.0
231.0	26.160012463353493	23.679238602404862	23.84437803617205	26.316370898069597	0.0
232.0	26.181823331964253	23.889699321597007	23.67272366762502	26.255753678813715	0.0
233.0	26.216664070134687	23.731074822609656	23.791125525797728	26.26113558145793	0.0
234.0	26.337615250612544	23.67357344172674	23.693684762134065	26.29512654552665	0.0
235.0	26.319203478408653	23.804721911425215	23.683487472913452	26.192587137252684	0.0
236.0	26.196269491693457	23.777245882136334	23.812653136374582	26.21383148979563	0.0
237.0	26.284929256306032	23.57613267806308	23.94635092837821	26.192587137252684	0.0
238.0	26.259584798021713	23.76491716071869	23.9005985276164	26.074899513643203	0.0
239.0	26.20725599945614	23.845430442566112	23.69162002311405	26.255693534863696	0.0
240.0	26.177384584441672	23.730124331812117	23.705478928179893	26.38701215556632	0.0
241.0	26.230529948042086	23.837746261806686	23.752471825439546	26.179251964711682	0.0
242.0	26.26174764763715	23.712894150046893	23.716294132480314	26.309064069835642	0.0
243.0	26.32636291510824	23.681854244588006	23.94933696021761	26.04244588008614	0.0
244.0	26.196919676381825	23.821358232852063	23.80548904033892	26.176233050427193	0.0
245.0	26.07679096736894	23.75146661225323	23.845273115792935	26.326469304584897	0.0
246.0	26.326529455444142	23.75396074119001	23.786553602503133	26.13295620086272	0.0
247.0	26.240497502848626	23.79294901956338	23.71896984710971	26.24758363047828	0.0
248.0	26.189207270748057	23.69371463561215	23.741056140788533	26.376021952851264	0.0
249.0	26.3451224075565	23.730283822245404	23.692297225277528	26.23229654492057	0.0
