# Position (bp)	A	C	G	T	N
0.0	26.086819628586476	23.594891346660255	23.8596551487257	26.45863387602757	0.0
1.0	26.166105653637423	23.725126514162717	23.878260172654624	26.23050765954524	0.0
2.0	26.26660713570198	23.821258278524777	23.736254929908014	26.17587965586523	0.0
3.0	26.313274113418352	23.806062409853705	23.7353762677717	26.145287208956248	0.0
4.0	26.124468456506435	23.712419946545182	23.828028867891053	26.33508272905733	0.0
5.0	26.169350108300975	23.92121068188126	23.680001373433786	26.22943783638398	0.0
6.0	26.316768231625325	23.710983320458904	23.70354476010643	26.268703687809342	0.0
7.0	26.226459894210773	23.71475241944943	23.779690642316265	26.279097044023537	0.0
8.0	26.253926117477445	23.88824367387337	23.658540771550022	26.199289437099164	0.0
9.0	26.181173307399675	23.72300563485026	23.871170733102602	26.224650324647463	0.0
10.0	26.162549586575945	23.95514256051207	23.669706927963254	26.21260092494873	0.0
11.0	26.247779865633607	23.691443509199438	23.784682002396746	26.276094622770213	0.0
12.0	26.332152121747736	23.68143324152488	23.731198572249824	26.255216064477565	0.0
13.0	26.180568068390148	23.791546185945013	23.83530535606522	26.19258038959962	0.0
14.0	26.193438412543152	23.782679948861833	23.73405864872827	26.28982298986675	0.0
15.0	26.191722366656084	23.770095612356673	23.770095612356673	26.268086408630566	0.0
16.0	26.26579834744781	23.839309463135045	23.627377796082268	26.267514393334878	0.0
17.0	26.28353082161417	23.778961849439852	23.748645038768338	26.18886229017764	0.0
18.0	26.100485926993688	23.972589027030583	23.7349166716718	26.192008374303928	0.0
19.0	26.31899576994689	23.708031952774416	23.762945421160563	26.210026856118134	0.0
20.0	26.233479483241386	23.711464044548553	23.782679948861833	26.272376523348235	0.0
21.0	26.196298489021597	23.853323837879426	23.694303585677883	26.256074087421098	0.0
22.0	26.23004739146725	23.715468151618374	23.772669681187274	26.281814775727103	0.0
23.0	26.353602695336075	23.77552975766572	23.76151538292134	26.109352164076867	0.0
24.0	26.35960885594081	23.78840010181872	23.717470205153283	26.134520837087184	0.0
25.0	26.09411912756477	23.58412318886175	23.854113636233635	26.46764404733985	0.0
26.0	26.165906841855385	23.72541056280424	23.87613616213155	26.232546433208825	0.0
27.0	26.259431075214074	23.820364830312148	23.74199895893514	26.178205135538633	0.0
28.0	26.303762133839758	23.823510905440422	23.72455254231471	26.148174418405112	0.0
29.0	26.10927748954645	23.72455254231471	23.838669267422105	26.327500700716733	0.0
30.0	26.146744384255893	23.93676961005829	23.695093838840872	26.221392166844943	0.0
31.0	26.31606042752301	23.709966193992713	23.713112269120987	26.260861109363294	0.0
32.0	26.220820153185258	23.720548446696906	23.79290817464721	26.265723225470623	0.0
33.0	26.24312868591302	23.885860394346217	23.661917046579074	26.20909387316169	0.0
34.0	26.155896602810873	23.73856687697702	23.875564148471863	26.229972371740235	0.0
35.0	26.17069410799015	23.948141389932015	23.673575618559504	26.20758888351833	0.0
36.0	26.252777833390056	23.693596039388748	23.78969405936913	26.263932067852064	0.0
37.0	26.325423360399036	23.675005648618733	23.73907099527232	26.260499995709907	0.0
38.0	26.173554168108616	23.777395800859736	23.84088913548963	26.208160895542026	0.0
39.0	26.18899849274832	23.77853982490712	23.740501025331554	26.291960657013007	0.0
40.0	26.197006661080014	23.755373337947564	23.771675680622806	26.275944320349616	0.0
41.0	26.27365627225484	23.82916288900393	23.63525081297209	26.261930025769143	0.0
42.0	26.283094470645775	23.76481153633849	23.763095500267415	26.18899849274832	0.0
43.0	26.10233867115887	23.97616997909296	23.73363688104724	26.187854468700934	0.0
44.0	26.309407023735638	23.70532228587445	23.77081766258727	26.21445302780264	0.0
45.0	26.22875332839496	23.70761033396922	23.783115921096663	26.280520416539154	0.0
46.0	26.196148643044477	23.849469315845017	23.694740063436136	26.25964197767437	0.0
47.0	26.22875332839496	23.71704853236015	23.770245650563577	26.28395248868131	0.0
48.0	26.35802804574952	23.77310571068204	23.763667512291107	26.10519873127733	0.0
49.0	26.380336514673537	23.783687933120355	23.709040364028453	26.126935188177658	0.0
50.0	26.100261980757573	23.579412202125592	23.850259120705633	26.470066696411205	0.0
51.0	26.1651851597625	23.71841072633879	23.877715619315648	26.238688494583062	0.0
52.0	26.26929105032547	23.82366063767718	23.737573074327027	26.169475237670316	0.0
53.0	26.29674754893549	23.821372596126345	23.72098477308348	26.160895081854683	0.0
54.0	26.119996339133518	23.707256523778472	23.844825022022402	26.32792211506561	0.0
55.0	26.154888972783745	23.933200626923384	23.700964409513677	26.210945990779194	0.0
56.0	26.306471725526535	23.71240461726785	23.71726670556337	26.26385695164224	0.0
57.0	26.21809612062555	23.723844825022024	23.796204139067164	26.26185491528526	0.0
58.0	26.242406562103167	23.884293738774296	23.67751198361762	26.195787715504913	0.0
59.0	26.15774902472229	23.738717095102444	23.873425541407833	26.230108338767433	0.0
60.0	26.1719744312088	23.946288378212184	23.67401221238685	26.207724978192164	0.0
61.0	26.25405768708261	23.68516638304566	23.7938480458751	26.266927883996626	0.0
62.0	26.32841882480802	23.67773026927312	23.735503153198245	26.258347752720617	0.0
63.0	26.18112657123654	23.779547827081753	23.842182785396616	26.19714281628509	0.0
64.0	26.190564715640146	23.773255730812682	23.74808734573639	26.28809220781078	0.0
65.0	26.201146877547227	23.76238756452974	23.776401778947218	26.260063778975816	0.0
66.0	26.270359936507027	23.827024553475667	23.639691687282816	26.262923822734486	0.0
67.0	26.292382273448784	23.77068169142988	23.7583835032676	26.17855253185374	0.0
68.0	26.09875731098686	23.974316807047146	23.734073131318908	26.192852750647084	0.0
69.0	26.31354659726294	23.694890531825134	23.78069184458522	26.210871026326704	0.0
70.0	26.227745284502852	23.698894593087275	23.795564072130304	26.277796050279566	0.0
71.0	26.206008951936965	23.852478942927828	23.688884439931932	26.252627665203278	0.0
72.0	26.219165153226843	23.720630925653165	23.784981910223227	26.275222010896766	0.0
73.0	26.357591271146447	23.76238756452974	23.773255730812682	26.106765433511132	0.0
74.0	26.369317450556995	23.781263853336956	23.728925052553304	26.120493643552745	0.0
75.0	26.10068469251757	23.573843258610136	23.854126745336714	26.471345303535575	0.0
76.0	26.172471585546525	23.7162730304365	23.88015306910418	26.231102314912796	0.0
77.0	26.278006898405813	23.816946282811756	23.74001132574089	26.165035493041533	0.0
78.0	26.290305051394842	23.824954382432516	23.73657928304628	26.148161283126363	0.0
79.0	26.1184169131064	23.719133066015342	23.840112571000383	26.322337449877875	0.0
80.0	26.16074543967327	23.924197617018354	23.70082883831075	26.214228104997627	0.0
81.0	26.308895282657318	23.7016868489844	23.720849087362648	26.268568780995636	0.0
82.0	26.223666222407804	23.722851112267836	23.7889179341391	26.26456473118526	0.0
83.0	26.257700645796035	23.868140919673042	23.683668624837694	26.190489809693236	0.0
84.0	26.162461461020577	23.74001132574089	23.869570937462463	26.22795627577607	0.0
85.0	26.162100632924062	23.954159480847824	23.67473480395942	26.20900508226869	0.0
86.0	26.257911550792656	23.691894968353797	23.800004004038357	26.250189476815187	0.0
87.0	26.32140415905184	23.673018787519982	23.745663483456173	26.259913569972	0.0
88.0	26.181548819237687	23.774835762926607	23.835754346526638	26.207861071309065	0.0
89.0	26.189556895955064	23.76425366155008	23.74652149167589	26.299667950818968	0.0
90.0	26.192416923354127	23.765397672509703	23.779125804025202	26.26305960011097	0.0
91.0	26.267921646689373	23.823742231450577	23.640414475170672	26.267921646689373	0.0
92.0	26.294233898760748	23.765969677989514	23.76253764511064	26.177258778139095	0.0
93.0	26.093745978086467	23.97217765346192	23.73822741221861	26.195848956233004	0.0
94.0	26.30309998369784	23.70161906151061	23.782843839643984	26.212437115147562	0.0
95.0	26.230741290501562	23.694182990273045	23.795713962939764	26.279361756285624	0.0
96.0	26.20414303569028	23.83947238214542	23.696471012192298	26.259913569972	0.0
97.0	26.22931127680203	23.710199143707797	23.78856389444211	26.271925685048064	0.0
98.0	26.362302550858434	23.764539664289984	23.773405749227077	26.0997520356245	0.0
99.0	26.374600668674407	23.78255783690408	23.720495242344423	26.122346252077094	0.0
100.0	26.095673362924998	23.576854436461815	23.854848304580607	26.472623896032584	0.0
101.0	26.18032993181714	23.707843316707088	23.877442456413306	26.234384295062462	0.0
102.0	26.285864641010388	23.814522033588066	23.737587516588114	26.162025808813432	0.0
103.0	26.293300690980644	23.817668054729328	23.749885599231227	26.139145655058805	0.0
104.0	26.12598956664989	23.70984533016062	23.84941426806388	26.31475083512561	0.0
105.0	26.15201574154578	23.916624719718115	23.707271312863224	26.224088225872876	0.0
106.0	26.304168764014097	23.702981284034227	23.717281380130874	26.275568571820802	0.0
107.0	26.228950258545737	23.713277353223813	23.797075916350156	26.26069647188029	0.0
108.0	26.260124468036427	23.87286642566238	23.673237084153207	26.19377202214799	0.0
109.0	26.185191964490002	23.732725483915253	23.86199835262893	26.220084198965814	0.0
110.0	26.176251040329017	23.943154420576064	23.68060540713687	26.199989131958052	0.0
111.0	26.262051371518297	23.680033404928942	23.806731893985113	26.251183329567652	0.0
112.0	26.33097763757368	23.671453371810014	23.745813658840724	26.251755331775577	0.0
113.0	26.17996905468055	23.777273780276794	23.848488055163894	26.194269109878764	0.0
114.0	26.180827057992445	23.760971717350827	23.754107690855687	26.304093533801044	0.0
115.0	26.191123097735158	23.770695754885615	23.777559781380756	26.26062136599847	0.0
116.0	26.2732054145729	23.816455931519894	23.64885928459684	26.261479369310365	0.0
117.0	26.297229507305897	23.75753970410326	23.762115721766687	26.183115066824158	0.0
118.0	26.10017474667452	23.95917048239806	23.741809643385224	26.198845127542192	0.0
119.0	26.31810758789529	23.686325429216158	23.776129775860934	26.219437207027617	0.0
120.0	26.241173290928906	23.68718343252805	23.794719847618612	26.276923428924437	0.0
121.0	26.202563141893727	23.835332004381538	23.69461946123112	26.26748539249362	0.0
122.0	26.226587234626724	23.709205517533295	23.798437861970147	26.26576938586983	0.0
123.0	26.362723760113717	23.75582369747947	23.777559781380756	26.10389276102606	0.0
124.0	26.37931182414364	23.778131783588684	23.727795589290977	26.1147608029767	0.0
125.0	26.10082139751979	23.568846382647692	23.851988285361276	26.478343934471237	0.0
126.0	26.17518189722235	23.719855397428272	23.88773852560289	26.21722417974649	0.0
127.0	26.281002608337527	23.82052807394866	23.744451562714502	26.154017754999316	0.0
128.0	26.305026769779893	23.809660000915205	23.745309568480298	26.1400036608246	0.0
129.0	26.12427355511829	23.707557314785156	23.852846291127076	26.31532283896948	0.0
130.0	26.16067061922453	23.906111020543577	23.701905064250514	26.231313295981373	0.0
131.0	26.299667950818968	23.69847303137164	23.72650129988245	26.27535771792694	0.0
132.0	26.235317334340063	23.717063209465547	23.79971800129845	26.24790145489594	0.0
133.0	26.262201591891248	23.86378261503745	23.68016885601764	26.193846937053657	0.0
134.0	26.16953670416163	23.742231450577297	23.86864466161586	26.21958718364522	0.0
135.0	26.16589350371519	23.95136795501736	23.683954628395576	26.198783912871875	0.0
136.0	26.277148887732167	23.677948553680007	23.79692603375986	26.24797652482797	0.0
137.0	26.333566903573626	23.665146076734974	23.746943328232923	26.25434369145848	0.0
138.0	26.179696549357207	23.77897581833002	23.852764947303694	26.18856268500908	0.0
139.0	26.187207559689284	23.75044330805047	23.745867224948807	26.316481907311434	0.0
140.0	26.19292766356637	23.767603619681736	23.781045863792887	26.25842285295901	0.0
141.0	26.267078133982373	23.819152678589305	23.65555723981318	26.25821194761514	0.0
142.0	26.294820717131472	23.761665470208186	23.769959644551726	26.173554168108616	0.0
143.0	26.113778911632725	23.95500553421633	23.737926971224933	26.193288582926012	0.0
144.0	26.30769098766456	23.688733937187358	23.785117963179587	26.218457111968497	0.0
145.0	26.24476966505836	23.681011774867507	23.80227832389037	26.271940236183767	0.0
146.0	26.206444859470945	23.82887688299208	23.699316159625674	26.2653620979113	0.0
147.0	26.230755370477887	23.711328412123223	23.794556161570515	26.26336005582837	0.0
148.0	26.363462159974603	23.744791115509248	23.773391716693883	26.118355007822263	0.0
149.0	26.380336514673537	23.77310571068204	23.72791676081031	26.11864101383411	0.0
150.0	26.0989812436721	23.558668581005715	23.861835820639396	26.48051435468279	0.0
151.0	26.189073395072676	23.7125402554613	23.875564148471863	26.222822200994163	0.0
152.0	26.28202561477168	23.812070632246698	23.741426945275453	26.164476807706166	0.0
153.0	26.29289387430572	23.817504762013716	23.73828087014718	26.151320493533387	0.0
154.0	26.127295919826565	23.715686330589573	23.855543670382847	26.30147407920101	0.0
155.0	26.156257418323364	23.91395745922246	23.71260807513993	26.217177047314244	0.0
156.0	26.293255081640883	23.700595753930457	23.72662244988431	26.27952671454435	0.0
157.0	26.22575727674958	23.716040166914063	23.812424744237664	26.245777812098698	0.0
158.0	26.270374469813323	23.85789996024494	23.689441455664525	26.182284114277216	0.0
159.0	26.169127762476368	23.73949279403731	23.874202396172073	26.217177047314244	0.0
160.0	26.17921290470198	23.94176867635282	23.686077107882394	26.192941311062807	0.0
161.0	26.269305571444917	23.676638828509326	23.801910536551883	26.25214506349388	0.0
162.0	26.33144471869557	23.67012833236567	23.74677882044051	26.25164812849825	0.0
163.0	26.185579983926278	23.77194763742031	23.859752487565746	26.182719891087665	0.0
164.0	26.18737093794153	23.750850880053083	23.76457936494317	26.297198817062217	0.0
165.0	26.20081341272974	23.7728736578976	23.78774618319519	26.238566746177476	0.0
166.0	26.27353512357102	23.822707550974297	23.656535206514185	26.2472221189405	0.0
167.0	26.28926572416535	23.7572110503179	23.780091923909655	26.173431301607096	0.0
168.0	26.10307261531245	23.960278803444716	23.74148044972357	26.195168131519264	0.0
169.0	26.31386266327648	23.679416080105938	23.781807989429034	26.224913267188544	0.0
170.0	26.246936108020602	23.67112176342893	23.812697168777905	26.269244959772564	0.0
171.0	26.208038622914625	23.828141758452336	23.701438920938	26.262380697695036	0.0
172.0	26.234637638465035	23.71373739049357	23.7943924699045	26.257232501136897	0.0
173.0	26.360768454139578	23.746342635361817	23.787814218746874	26.105074691751728	0.0
174.0	26.383363316811437	23.766363399754603	23.738334329604704	26.111938953829256	0.0
175.0	26.106865425757075	23.56193298172957	23.856811083526868	26.474390508986488	0.0
176.0	26.20210733448501	23.7032227802629	23.870825658685032	26.223844226567056	0.0
177.0	26.27647038634466	23.812193252411078	23.75241679918544	26.158919562058824	0.0
178.0	26.304499536660984	23.806473017652642	23.744980493999474	26.144046951686896	0.0
179.0	26.127744282625358	23.71294717935224	23.859385189168165	26.299923348854236	0.0
180.0	26.1524160910664	23.90721752684943	23.71330101391451	26.22706536816966	0.0
181.0	26.288844080255124	23.69385216010983	23.73475195561085	26.282551804024195	0.0
182.0	26.21905701660303	23.707580762795484	23.82112774750812	26.252234473093367	0.0
183.0	26.269681239006392	23.854305203998454	23.695282222889585	26.180731334105566	0.0
184.0	26.172150957427032	23.733321892831093	23.872323995023383	26.222203154718493	0.0
185.0	26.174513920270915	23.94074946944519	23.69763810155763	26.18709850872627	0.0
186.0	26.2588878655966	23.6864835799722	23.806323183672067	26.248305370759134	0.0
187.0	26.334184702244922	23.656519836514285	23.75176256245835	26.257532898782436	0.0
188.0	26.189175506888652	23.77092551332397	23.855013685779088	26.184885294008286	0.0
189.0	26.18867838184148	23.75726478125572	23.76355711147721	26.290499725425594	0.0
190.0	26.193254622002566	23.776999816950394	23.791014552443713	26.238731008603335	0.0
191.0	26.28256647722885	23.81224776979158	23.660373365062025	26.24481238791755	0.0
192.0	26.290574920416095	23.76162296821506	23.783932202808103	26.163869908560738	0.0
193.0	26.110956980359294	23.962120063724328	23.738741701965786	26.188181253950592	0.0
194.0	26.325182835618122	23.68068048885825	23.78193009201129	26.212206583512334	0.0
195.0	26.245670435401898	23.672100014014777	23.80881557985419	26.27341397072914	0.0
196.0	26.215352757621606	23.826834577025494	23.69698339106086	26.260829274292043	0.0
197.0	26.238806055527114	23.696697375232745	23.797088930901435	26.267407638338707	0.0
198.0	26.363794972413775	23.737311622825207	23.782502123667523	26.1163912810935	0.0
199.0	26.37523560553841	23.763911094839987	23.738169670309556	26.122683629312043	0.0
200.0	26.112747761919742	23.552898778708922	23.865800989617597	26.468552469753742	0.0
201.0	26.198838772416554	23.702199468009038	23.87295140577182	26.226010353802593	0.0
202.0	26.29351028229843	23.800875210937278	23.73795154878014	26.167662957984156	0.0
203.0	26.306381031376024	23.80001716099877	23.74681806481137	26.146783742813835	0.0
204.0	26.13048079398221	23.719360466779165	23.850356090724482	26.29980264851414	0.0
205.0	26.164305592499478	23.903623555254285	23.714566011400656	26.217504840845585	0.0
206.0	26.29158336408021	23.690254526941416	23.739449530788352	26.27871257819002	0.0
207.0	26.23094766166422	23.71427999393643	23.808951774595357	26.24582056980399	0.0
208.0	26.262409582729124	23.863295092798367	23.692542666655225	26.181752657817288	0.0
209.0	26.1743162037474	23.727436797290842	23.876737913617006	26.221509085344753	0.0
210.0	26.18611781665084	23.939730227556144	23.69890283386914	26.175249121923873	0.0
211.0	26.26877710023225	23.693468486505655	23.79958126923473	26.238173144027364	0.0
212.0	26.32977430232791	23.656353771304847	23.759320647432837	26.254551278934407	0.0
213.0	26.18218844654446	23.773907621550965	23.865433733664734	26.17847019823984	0.0
214.0	26.18397945232906	23.759102583903942	23.770543380641026	26.28637458312597	0.0
215.0	26.199424527924126	23.76968532088575	23.788848655420363	26.24204149576976	0.0
216.0	26.287593850554163	23.807508044333215	23.66564175902753	26.239256346085092	0.0
217.0	26.2904540579192	23.76002860207365	23.77604576331784	26.173471576689312	0.0
218.0	26.112263139077584	23.955952806578477	23.740865212727925	26.190918841616018	0.0
219.0	26.322774401144084	23.682516982481232	23.786914551304967	26.207794065069717	0.0
220.0	26.246120843761172	23.661923489452985	23.818376832320343	26.2735788344655	0.0
221.0	26.21780479084734	23.828673578834465	23.70253843403647	26.25098319628173	0.0
222.0	26.245548802288166	23.68680729352878	23.79864140150161	26.26900250268144	0.0
223.0	26.357668930997498	23.73485877726135	23.787200572041474	26.120271719699677	0.0
224.0	26.37997854844476	23.76346085091169	23.742295316410438	26.114265284233106	0.0
225.0	26.108905567123536	23.545866416493148	23.874219161155985	26.47100885522733	0.0
226.0	26.211873326773905	23.696885797313687	23.875077225819737	26.21616365009267	0.0
227.0	26.28681097407501	23.802427750955314	23.739503008946755	26.171258266022928	0.0
228.0	26.300253987140472	23.7898428025536	23.7532320435668	26.156671166739127	0.0
229.0	26.1297851406082	23.71633526302542	23.849907329016315	26.30397226735007	0.0
230.0	26.179055725738863	23.889160610142927	23.71011060485151	26.2216730592667	0.0
231.0	26.299185122260266	23.686942792665242	23.73385046178312	26.280021623291372	0.0
232.0	26.229681685701458	23.7092525377335	23.8208012630748	26.240264513490246	0.0
233.0	26.267722661266564	23.851977701695827	23.694379374354664	26.18592026268295	0.0
234.0	26.165040629478035	23.72841603670239	23.890304699633607	26.216238634185967	0.0
235.0	26.189427438776736	23.936136741967037	23.702741818306627	26.171694000949596	0.0
236.0	26.264365514755937	23.67757177751972	23.802277888691215	26.255784819033128	0.0
237.0	26.323933630988982	23.651897340262742	23.760300439618902	26.26386858912937	0.0
238.0	26.188930298809282	23.76573489578715	23.868417514966207	26.176917290437355	0.0
239.0	26.197013900806592	23.75464790343802	23.7706652937475	26.277672902007893	0.0
240.0	26.18478904504587	23.761002583121886	23.792755244195128	26.261453127637115	0.0
241.0	26.280120266508757	23.810422906707633	23.66481003098207	26.24464679580154	0.0
242.0	26.296711659390393	23.743627302324782	23.765084196854133	26.19457684143069	0.0
243.0	26.123130976155462	23.950113586294112	23.734385460954353	26.192369976596076	0.0
244.0	26.32237056706134	23.663036573711107	23.782926926972756	26.2316659322548	0.0
245.0	26.26423625021462	23.643335431809078	23.816173524866937	26.27625479310937	0.0
246.0	26.211244469628024	23.82653090426232	23.692313856121615	26.269910769988037	0.0
247.0	26.246980572632257	23.696351501413837	23.802818513812092	26.253849412141818	0.0
248.0	26.366587095777017	23.73101604584199	23.774522431549	26.127874426831994	0.0
249.0	26.369163131772826	23.768797907113868	23.75591772713482	26.106121233978484	0.0
