# Position (bp)	A	C	G	T	N
0.0	26.168542649603037	23.84535167583493	23.871347510525325	26.114758164036704	0.0
1.0	26.08099345920895	24.00939435681225	23.967561979149547	25.942050204829247	0.0
2.0	26.014168631212222	23.937875541930723	24.0170549445296	26.030900882327458	0.0
3.0	26.071836178616458	24.06828679497828	23.926968742717488	25.932908283687773	0.0
4.0	25.99756211235794	24.13030748455407	23.82975417966276	26.042376223425233	0.0
5.0	26.098802609880263	23.95138739513874	23.929578642957864	26.02023135202314	0.0
6.0	26.07388996268757	23.824389602707765	23.989890691609332	26.11182974299533	0.0
7.0	25.99466485044554	23.9648585109974	23.722297400234794	26.318179238322266	0.0
8.0	26.13267061747276	23.850303479258265	23.820433473523227	26.196592429745746	0.0
9.0	26.18884763694037	23.911361742418585	23.771576378663017	26.12821424197802	0.0
10.0	26.09533253486337	23.863599028694143	23.974409137204418	26.066659299238072	0.0
11.0	25.955849190727793	23.971422341826784	23.983070843799563	26.089657623645863	0.0
12.0	26.062477785709383	23.91049171612302	23.948722696956754	26.078307801210848	0.0
13.0	26.030220395630916	23.93408739960634	23.962163276156115	26.07352892860663	0.0
14.0	26.24974985588712	23.806252557443543	23.914374550113944	26.02962303655539	0.0
15.0	26.037986063612767	23.90123265045235	23.864495067307434	26.196286218627446	0.0
16.0	26.0893589441081	23.849561090419254	23.88092244188443	26.180157523588214	0.0
17.0	26.241685508367507	23.95828044216519	23.80207104391485	25.997963005552453	0.0
18.0	26.02036397088472	23.991135191319177	23.872260735289284	26.116240102506815	0.0
19.0	26.192702064174284	23.908400959358676	23.739049661446742	26.159847315020297	0.0
20.0	26.113473991063536	23.859346252180355	23.968065279204797	26.059114477551315	0.0
21.0	26.08181405462235	24.008685575016127	23.82141406418007	26.088086306181452	0.0
22.0	26.109591168669805	23.78945544909321	23.9376000573463	26.163353324890682	0.0
23.0	25.962939953645076	23.92834101933048	23.898174476117656	26.21054455090679	0.0
24.0	26.06919168839547	23.85210672353491	23.91632244055566	26.162379147513953	0.0
25.0	26.18298791251131	23.792371172817937	23.887948053965097	26.136692860705658	0.0
26.0	26.10353963005774	23.95544922627528	23.996666756269995	25.944344387396995	0.0
27.0	26.035142424486796	23.950073026710754	23.967396336418677	26.047388212383776	0.0
28.0	26.08980045339283	24.01548345474584	23.92408806214887	25.97062802971246	0.0
29.0	26.03096093593661	24.053116851697535	23.87241681077868	26.043505401587176	0.0
30.0	26.08681367585698	23.949774348957167	23.910647563237546	26.052764411948303	0.0
31.0	26.071282432670568	23.83358870281265	23.99218658996622	26.102942274550568	0.0
32.0	25.990938116956237	23.957539970550375	23.76817827477756	26.283343637715834	0.0
33.0	26.119070873244148	23.855392178824346	23.80969448252586	26.215842465405647	0.0
34.0	26.20001254446565	23.903777974905093	23.781320095935293	26.114889384693964	0.0
35.0	26.122655006287165	23.823732336944346	23.986810390401693	26.066802266366796	0.0
36.0	25.956590175293975	23.97008443620094	23.953657159753767	26.11966822875132	0.0
37.0	26.085021609335474	23.930658972727734	23.92797087294547	26.056348544991327	0.0
38.0	26.04828424564453	23.910348885483963	23.9530598042466	26.088307064624907	0.0
39.0	26.22510147576678	23.821044237162084	23.91512772954132	26.038726557529817	0.0
40.0	26.05007631216604	23.89362293128321	23.86375515592472	26.192545600626026	0.0
41.0	26.090995164407172	23.85270407904208	23.898999130847738	26.15730162570301	0.0
42.0	26.196428411422634	23.99039452344471	23.814772004336803	25.99840506079586	0.0
43.0	26.03364903571887	24.00144560032735	23.870624744257174	26.0942806196966	0.0
44.0	26.19553237816188	23.877195654836044	23.775645218617182	26.1516267483849	0.0
45.0	26.128550521191123	23.869358740778353	23.90490128729727	26.09718945073325	0.0
46.0	26.107344464024372	24.0169051103611	23.779457005465787	26.09629342014874	0.0
47.0	26.123771691407065	23.730772677040708	23.96015650667543	26.1852991248768	0.0
48.0	25.976523998685824	23.951494877691825	23.865177264717303	26.206803858905054	0.0
49.0	26.07291875117604	23.864807309198323	23.88093581154741	26.18133812807823	0.0
50.0	26.199856038182734	23.78774890908602	23.919166335634134	26.093228717097112	0.0
51.0	26.077697566686876	23.954708775996007	24.003094283043268	25.964499374273842	0.0
52.0	26.04484321004985	23.950228636454597	23.952618044210016	26.052310109285536	0.0
53.0	26.10308502408822	24.014145293912087	23.930814698441807	25.95195498355789	0.0
54.0	26.031402791425613	24.058349337387362	23.829862220775304	26.080385650411724	0.0
55.0	26.101890320210508	23.957695535690284	23.884818599149966	26.055595544949238	0.0
56.0	26.10009826439394	23.800591975771404	24.003691634982125	26.09561812485253	0.0
57.0	26.018858400709654	23.94276173721891	23.748025005152158	26.29035485691928	0.0
58.0	26.13564070475582	23.855249678176644	23.816123126181637	26.1929864908859	0.0
59.0	26.204336177724148	23.89437623017165	23.785359501330603	26.1159280907736	0.0
60.0	26.123096314039863	23.818811209906485	23.975616093855937	26.08247638219772	0.0
61.0	25.95195498355789	23.966357138803684	23.95321539614887	26.128472481489556	0.0
62.0	26.081879030258865	23.909608704612452	23.946943200790894	26.061569064337792	0.0
63.0	26.061569064337792	23.927230586808676	23.928425290686388	26.082775058167147	0.0
64.0	26.235099802575185	23.822395321539616	23.915880899970432	26.02662397591477	0.0
65.0	26.022143836373356	23.900051073590774	23.882429191394547	26.19537589864132	0.0
66.0	26.08815122561684	23.84838013087981	23.890194766599667	26.173273876903686	0.0
67.0	26.22703555140064	23.969642574467386	23.805370791282247	25.99795108284973	0.0
68.0	26.04364850617214	23.98009623339735	23.88093581154741	26.095319448883103	0.0
69.0	26.19537589864132	23.87854640379199	23.768036295103805	26.158041402462885	0.0
70.0	26.13078384287302	23.862645305425133	23.910134642724874	26.096436208976982	0.0
71.0	26.10748718683918	24.002723916705495	23.78558713546707	26.104201760988254	0.0
72.0	26.11794081454667	23.74377262463711	23.953442528941615	26.184844031874604	0.0
73.0	25.97218737679653	23.95254650370954	23.87548833375148	26.199777785742445	0.0
74.0	26.094864894732282	23.846146953672648	23.882585204278207	26.176402947316863	0.0
75.0	26.2170226365165	23.797761735655428	23.9040897456192	26.081125882208873	0.0
76.0	26.090982130323493	23.957851098971663	23.995782720503684	25.955384050201157	0.0
77.0	26.054543879717933	23.94530678318942	23.984731775647898	26.01541756144475	0.0
78.0	26.086203343358832	24.031623622738664	23.91872478069848	25.96344825320403	0.0
79.0	26.044687631603313	24.054621535006106	23.82643445744341	26.07425637594717	0.0
80.0	26.105617165402776	23.954864357118748	23.901700352136864	26.037818125341612	0.0
81.0	26.123238942334975	23.791489577764306	24.00713233954476	26.07813914035596	0.0
82.0	25.993913020103758	23.957552424786375	23.75236325949112	26.29617129561875	0.0
83.0	26.11278534584977	23.866456798272466	23.835394683002153	26.185363172875604	0.0
84.0	26.20388097236368	23.9145433421044	23.784918745687893	26.09665693984403	0.0
85.0	26.12413496489085	23.812098096549416	23.986523820759647	26.077243117800087	0.0
86.0	25.938658295824833	23.939631973668885	23.976667572645027	26.145042157861255	0.0
87.0	26.089190085211744	23.91902345488377	23.92469826440431	26.067088195500176	0.0
88.0	26.05095978949443	23.92260754510727	23.947098828301172	26.079333837097124	0.0
89.0	26.245098009933905	23.823149041405202	23.898414936098657	26.033338012562236	0.0
90.0	26.030649944894613	23.897518913542783	23.879598462425296	26.192232679137312	0.0
91.0	26.076347095244213	23.859288617825474	23.90618046491624	26.15818382201408	0.0
92.0	26.217918659072375	23.964123256862784	23.83868009904036	25.979277985024474	0.0
93.0	26.024676461188783	23.991899956094894	23.852717785749057	26.130705796967263	0.0
94.0	26.195816769360807	23.875715698016506	23.7601287883087	26.168338744313992	0.0
95.0	26.1380945838585	23.839803592442372	23.942845878607226	26.0792559450919	0.0
96.0	26.101059095497796	24.006164616772296	23.784549033194548	26.108227254535354	0.0
97.0	26.11987551297138	23.74363079202184	23.960467602907883	26.176026092098898	0.0
98.0	25.976213658927044	23.941651185434303	23.895356824983423	26.18677833065523	0.0
99.0	26.076191329540194	23.854964681988562	23.87437838806505	26.194465600406197	0.0
100.0	26.205815151650913	23.809267804608513	23.889013335722712	26.095903708017858	0.0
101.0	26.088138225587265	23.956513298388664	24.005196899780476	25.950151576243595	0.0
102.0	26.045428072218986	23.941579678329823	23.958006660394545	26.054985589056646	0.0
103.0	26.116810776100234	24.013559727013426	23.917387213834505	25.952242283051834	0.0
104.0	26.057076295864878	24.03357077789227	23.849588578767378	26.059764347475472	0.0
105.0	26.098591759628455	23.96338276361573	23.9033496109792	26.034675865776624	0.0
106.0	26.113525379687292	23.82002001105088	23.988471245314578	26.077983363947254	0.0
107.0	25.984797574780107	23.927542075474513	23.79851559816615	26.28914475157923	0.0
108.0	26.11830413810612	23.861834147215628	23.836148320714422	26.18371339396383	0.0
109.0	26.20133506563326	23.894389438943893	23.807177097800277	26.09709839762257	0.0
110.0	26.111136000477874	23.807177097800277	24.01863715783343	26.063049743888417	0.0
111.0	25.942087421411824	23.932320833893346	23.987873900512223	26.137717844182607	0.0
112.0	26.09948777683198	23.91708854143333	23.91947792064274	26.063945761091944	0.0
113.0	26.05797231306841	23.913504472619206	23.946955781551004	26.081567432761375	0.0
114.0	26.250914684228604	23.804489046189687	23.885130594507416	26.059465675074296	0.0
115.0	26.04333736541075	23.884234577303882	23.88154652569329	26.190881531592076	0.0
116.0	26.07708734674372	23.844511147947372	23.921269955049805	26.1571315502591	0.0
117.0	26.198945686423848	23.965473470423966	23.848692561563848	25.98688828158834	0.0
118.0	26.022728969729553	23.99773008975106	23.867508922837985	26.112032017681408	0.0
119.0	26.223735495721517	23.86153547481445	23.7811925988979	26.133536430566135	0.0
120.0	26.138990603738193	23.846075731600234	23.91267987599085	26.102253788670726	0.0
121.0	26.109123274415047	23.985556159539325	23.785146379781015	26.12017418626461	0.0
122.0	26.134510504339726	23.736761306277515	23.970025148291292	26.15870304109147	0.0
123.0	25.995030076400628	23.940157818968146	23.873553674577526	26.1912584300537	0.0
124.0	26.062906756906095	23.867651495013632	23.89303880076341	26.176402947316863	0.0
125.0	26.20447832073426	23.812098096549416	23.907972510027985	26.075451072688338	0.0
126.0	26.104721142846905	23.940229322039468	24.006534991174178	25.948514543939456	0.0
127.0	26.047674373456225	23.935450535074803	23.985627798203772	26.031247293265196	0.0
128.0	26.13219916789372	24.0092230588418	23.929178377183682	25.9293993960808	0.0
129.0	26.065893498759007	24.019377981141712	23.852717785749057	26.06201073435022	0.0
130.0	26.113382694220356	23.946202805745294	23.904388419804487	26.036026080229856	0.0
131.0	26.121823590552314	23.8262069459876	24.004217292092278	26.04775217136781	0.0
132.0	25.99787343344922	23.943884926466197	23.78558713546707	26.272654504617517	0.0
133.0	26.09792958436376	23.87548833375148	23.838452624159228	26.18812945772553	0.0
134.0	26.17857185525011	23.90565451656452	23.825908270910244	26.089865357275126	0.0
135.0	26.123316965939093	23.798131488716056	24.015268269954483	26.06328327539037	0.0
136.0	25.92977551581186	23.95194915355483	23.979725935749016	26.138549394884294	0.0
137.0	26.086281256346844	23.90296644086831	23.929847197830426	26.08090510495442	0.0
138.0	26.050141571986668	23.887734011923108	23.942988901234123	26.1191355148561	0.0
139.0	26.2436830221139	23.801416914566982	23.901473065481525	26.05342699783759	0.0
140.0	26.05073892214138	23.852490352795	23.87160555774584	26.225165167317776	0.0
141.0	26.065750527909774	23.837329120010992	23.910803408490164	26.18611694358907	0.0
142.0	26.208218965326708	23.968149194620246	23.842705287460685	25.980926552592358	0.0
143.0	26.051790567784717	23.97538902661211	23.877124339177445	26.095696066425734	0.0
144.0	26.227412562348796	23.872942863116396	23.774080821958723	26.125563752576085	0.0
145.0	26.142666415777356	23.84523713520246	23.930658972727734	26.08143747629245	0.0
146.0	26.115188062447547	23.982628901851502	23.791475139557182	26.11070789614377	0.0
147.0	26.130420627880373	23.718299089928884	23.976655346779808	26.174624935410932	0.0
148.0	25.98317249536303	23.96411088112924	23.868832677735664	26.183883945772067	0.0
149.0	26.070243453691234	23.842691461050695	23.911686434274074	26.175378650983998	0.0
150.0	26.220180581648535	23.79520141454629	23.888090750790756	26.096527253014422	0.0
151.0	26.099812727929823	23.95947516031624	24.015328233878027	25.925383877875912	0.0
152.0	26.058296272180687	23.932892681455286	23.980980087035217	26.027830959328806	0.0
153.0	26.118629538808925	24.00726388635841	23.93916495174832	25.934941623084345	0.0
154.0	26.03828474315053	24.033547685681604	23.872858094364812	26.05530947680305	0.0
155.0	26.12101897511103	23.92064682040698	23.92632173162449	26.032012472857495	0.0
156.0	26.102578806831417	23.823945807422806	23.983441156968514	26.090034228777263	0.0
157.0	25.99744329552039	23.925795834005363	23.79796061002491	26.278800260449337	0.0
158.0	26.103474848121	23.863968985024165	23.846944200522096	26.185611966332743	0.0
159.0	26.187702729341765	23.895330430159557	23.82514052914225	26.091826311356424	0.0
160.0	26.106760332849472	23.815582755386703	24.017192045542792	26.060464866221032	0.0
161.0	25.931733600950995	23.941028535928268	23.986427961267122	26.14080990185361	0.0
162.0	26.107357693709194	23.88308453253526	23.933262844751887	26.076294929003662	0.0
163.0	26.06524375309881	23.878305645657484	23.94521006194632	26.111240539297388	0.0
164.0	26.249230897893106	23.773170134346458	23.92071826669773	26.056880701062706	0.0
165.0	26.056582020632845	23.853515169979033	23.891447584571363	26.198455224816758	0.0
166.0	26.078762264601785	23.8132644375084	23.920192350771345	26.187780947118473	0.0
167.0	26.21287017816341	23.94438553785039	23.85985872373471	25.98288556025149	0.0
168.0	26.053750851244313	23.977013416805057	23.871877277451883	26.097358454498753	0.0
169.0	26.24460878603601	23.86560495095638	23.766143773670564	26.123642489337044	0.0
170.0	26.132979692535613	23.85343022613298	23.941541742457506	26.072048338873905	0.0
171.0	26.120733685182035	23.973202151713096	23.80623829535578	26.099825867749093	0.0
172.0	26.127603396624284	23.730074103278646	23.974396884137835	26.167925615959238	0.0
173.0	25.98632628739886	23.953190383598713	23.87881829015869	26.18166503884374	0.0
174.0	26.068022496945947	23.853871404207275	23.898076767990535	26.180029330856243	0.0
175.0	26.19556094515847	23.821016066260256	23.889116221277714	26.09430676730356	0.0
176.0	26.10715021759194	23.930036051266274	24.035471817587165	25.92734191355462	0.0
177.0	26.056672471109703	23.933918954841833	23.976929579063384	26.03247899498508	0.0
178.0	26.13403185773041	23.995746727160313	23.922867613896017	25.947353801213257	0.0
179.0	26.062347484027825	24.0118757112434	23.88373989325002	26.04203691147876	0.0
180.0	26.1077475873728	23.92465972323858	23.924958408129008	26.042634281259613	0.0
181.0	26.05585424133811	23.85095579450418	24.0	26.093189964157702	0.0
182.0	26.01254480286738	23.91457586618877	23.801075268817204	26.27180406212664	0.0
183.0	26.086917562724015	23.85304659498208	23.873655913978496	26.18637992831541	0.0
184.0	26.19802867383513	23.88351254480287	23.82258064516129	26.095878136200717	0.0
185.0	26.117980884109915	23.809438470728793	24.01762246117085	26.05495818399044	0.0
186.0	25.95221027479092	23.92831541218638	23.970430107526884	26.14904420549582	0.0
187.0	26.11589008363202	23.8694743130227	23.911290322580644	26.103345280764636	0.0
188.0	26.05675029868578	23.85304659498208	23.969534050179213	26.120669056152927	0.0
189.0	26.244026284348866	23.76254480286738	23.921146953405017	26.072281959378735	0.0
190.0	26.066308243727597	23.853345280764636	23.882317801672638	26.19802867383513	0.0
191.0	26.09057972096691	23.81070433304759	23.905089322250067	26.193626623735433	0.0
192.0	26.211547824216918	23.965125343863033	23.839676940492655	25.983649891427397	0.0
193.0	26.04943876606192	23.976845739819233	23.901875160544567	26.071840333574276	0.0
194.0	26.26001350067802	23.836163895841672	23.778815883010054	26.125006720470257	0.0
195.0	26.140317864258044	23.870584264494603	23.941373429272065	26.047724441975284	0.0
196.0	26.10955295298345	23.97124227516973	23.785458053686266	26.133746718160555	0.0
197.0	26.167498514024917	23.70391610438564	23.98886489424935	26.13972048734009	0.0
198.0	25.984103800213266	23.9524249022542	23.874765902920277	26.188705394612256	0.0
199.0	26.082229423975868	23.851013306650337	23.90447886019803	26.162278409175766	0.0
200.0	26.20098031894716	23.821869894172153	23.896245097658525	26.080904689222166	0.0
201.0	26.118540334359853	23.928504222062255	24.019905074539487	25.93305036903841	0.0
202.0	26.05777473766589	23.94058240711147	23.96806289447194	26.033579960750696	0.0
203.0	26.146502618145107	24.001505470773257	23.92354359144391	25.92844831963773	0.0
204.0	26.05031976318706	24.0053886295138	23.894867957667596	26.04942364963155	0.0
205.0	26.100813979538493	23.905608244343217	23.924426853857067	26.06915092226122	0.0
206.0	26.080579734387975	23.842652057806163	24.020682609760616	26.056085598045247	0.0
207.0	26.022188235575257	23.935394835888307	23.800676281170468	26.24174064736597	0.0
208.0	26.0943334229471	23.87280819667234	23.871613346476686	26.161245033903874	0.0
209.0	26.20262390670554	23.87743153467476	23.80842852363428	26.11151603498542	0.0
210.0	26.13646547140391	23.7960246859	24.011399007067624	26.05611083562847	0.0
211.0	25.94963555980404	23.940434938463376	23.967319870952323	26.14260963078026	0.0
212.0	26.111257154464745	23.845726439555975	23.935941402095857	26.107075003883423	0.0
213.0	26.05704487474384	23.887690662396864	23.945942393518823	26.109322069340468	0.0
214.0	26.235982243677448	23.77865537080961	23.922641701070038	26.0627206844429	0.0
215.0	26.058252427184463	23.843465272591484	23.91755041075429	26.180731889469754	0.0
216.0	26.090294519177053	23.812169715219465	23.93016857406594	26.167367191537537	0.0
217.0	26.206657565265708	23.97840757348087	23.854732081243448	25.96020278000998	0.0
218.0	26.03705496107496	23.974296929612304	23.926798229105053	26.06184988020768	0.0
219.0	26.233024442413054	23.872129913426896	23.775638842585124	26.119206801574922	0.0
220.0	26.110478785217317	23.885189533462984	23.925817716875333	26.078513964444365	0.0
221.0	26.119596942113454	23.971070170669265	23.79361954466289	26.115713342554393	0.0
222.0	26.148574569592608	23.752991118506547	23.975849985511186	26.12258432638966	0.0
223.0	25.973215112579577	23.957328202998738	23.86800541314031	26.20145127128138	0.0
224.0	26.115740007707632	23.827946452844508	23.899944134578906	26.156369404868958	0.0
225.0	26.196557833006207	23.86931595818732	23.872602179063186	26.06152402974329	0.0
226.0	26.103660595052087	23.961018979646102	24.001947856014006	25.933372569287812	0.0
227.0	26.02389409877303	23.899775040555436	24.043772985149094	26.03255787552244	0.0
228.0	26.11757254549311	24.045996516501802	23.918427585959652	25.91800335204543	0.0
229.0	26.014955828620423	24.078107307920973	23.874354309136915	26.03258255432169	0.0
230.0	26.120716182827984	23.894669857402775	23.96099414732955	26.023619812439687	0.0
231.0	26.082851833483712	23.853811267992757	24.01334855012279	26.049988348400742	0.0
232.0	26.023709794033117	23.911757500433207	23.772235400969187	26.292297304564492	0.0
233.0	26.118132114367658	23.866630814735142	23.865734516447073	26.149502554450123	0.0
234.0	26.208658241462757	23.894714827761344	23.817931941083327	26.07869498969257	0.0
235.0	26.141137103761462	23.78626273490484	24.00406321890592	26.068536942427773	0.0
236.0	25.93439096531326	23.950584087717726	23.99181380896896	26.12321113800006	0.0
237.0	26.11276762292878	23.873190202745096	23.920097040387684	26.09394513393844	0.0
238.0	26.049584110139108	23.904703857736987	23.937568717433912	26.108143314689997	0.0
239.0	26.2343816290312	23.789221456698794	23.947870045592794	26.02852686867721	0.0
240.0	26.063767804160953	23.84465300000299	23.9142711162503	26.17730807958576	0.0
241.0	26.083071866128794	23.82459285821007	23.933363215299565	26.158972060361574	0.0
242.0	26.243896316572734	23.95662126382854	23.83559351410795	25.963888905490773	0.0
243.0	26.033603701069318	23.977454080321333	23.926349198759137	26.062593019850212	0.0
244.0	26.21533329945992	23.885240854925144	23.770768637601282	26.12865720801365	0.0
245.0	26.12680203136723	23.83807647816639	23.989621973200062	26.045499517266325	0.0
246.0	26.085318937145214	23.94532079047508	23.865806960748266	26.10355331163144	0.0
247.0	26.147122217206608	23.778291296848238	23.981573102229824	26.093013383715334	0.0
248.0	25.95607667746912	23.947657940997093	23.919256663836507	26.177008717697287	0.0
249.0	26.075374901341753	23.822977206955105	23.966779077276314	26.134868814426827	0.0
