# Position (bp)	A	C	G	T	N
0.0	26.24087259004654	23.79871285244147	23.757058484387887	26.203356073124105	0.0
1.0	26.08438986174098	23.753406821366703	23.94236816842663	26.219835148465688	0.0
2.0	26.267167970958923	23.809103472626415	23.70042011359342	26.223308442821242	0.0
3.0	26.184013813724356	23.764405386469832	23.763853720161748	26.287727079644064	0.0
4.0	26.252727217562317	23.856361484930314	23.64397640043139	26.24693489707598	0.0
5.0	26.22095348420283	23.70830058058555	23.781115110393998	26.289630824817618	0.0
6.0	26.137824137151178	23.842869672180882	23.727584133620905	26.291722057047036	0.0
7.0	26.141418710027935	23.69103991483658	23.818454096421096	26.349087278714382	0.0
8.0	26.226162734580754	23.697585593535845	23.823063028280682	26.25318864360272	0.0
9.0	26.320056475363725	23.649610077322713	23.801828831114396	26.228504616199167	0.0
10.0	26.307952361387244	23.8129641221353	23.821236629559873	26.05784688691758	0.0
11.0	26.1880010037309	23.865080918910124	23.759192823875562	26.187725253483414	0.0
12.0	26.24397830397053	23.764156328330305	23.76388057808282	26.22798478961635	0.0
13.0	26.411634454441923	23.631244709042125	23.735754052839262	26.221366783676686	0.0
14.0	26.046265376523177	23.769947083527505	23.843572399606227	26.340215140343087	0.0
15.0	26.22053953293423	23.785940597881687	23.608908938995775	26.384610930188312	0.0
16.0	26.183313249523643	23.71203953155548	23.798900859513523	26.305746359407355	0.0
17.0	26.171731739129235	23.8071733669381	23.778771091447055	26.24232380248561	0.0
18.0	26.19406750917559	23.76636233031019	23.793110104316316	26.2464600561979	0.0
19.0	26.22853629011132	23.802761362978323	23.787870849614087	26.18083149729627	0.0
20.0	26.341869641828	23.782907345159344	23.81158537089787	26.063637642114784	0.0
21.0	26.236257297040922	23.788698100356545	23.761950326350416	26.213094276252114	0.0
22.0	26.36468421168737	23.77870552160773	23.711422646753878	26.145187619951027	0.0
23.0	26.326079283492533	23.804074474421476	23.643312523438706	26.226533718647282	0.0
24.0	26.192616531733247	23.76712404314928	23.7635392998169	26.276720125300567	0.0
25.0	26.249972425051286	23.792768745450132	23.759954556484526	26.197304273014055	0.0
26.0	26.091068774489933	23.743068366381817	23.944640685621636	26.221222173506614	0.0
27.0	26.27361443158536	23.806766322256507	23.695363836657485	26.224255409500646	0.0
28.0	26.191717059746477	23.771746233961764	23.759337541258905	26.277199165032854	0.0
29.0	26.256242261801354	23.857779836701603	23.635250614230287	26.250727287266752	0.0
30.0	26.223979660773917	23.705015042093045	23.782224685577514	26.288780611555524	0.0
31.0	26.14346103256868	23.849231626172966	23.725696196597813	26.281611144660538	0.0
32.0	26.14401253002214	23.68984886212288	23.82165675349994	26.34448185435504	0.0
33.0	26.226461399314488	23.71025426790092	23.828826220394927	26.234458112389664	0.0
34.0	26.321870458763158	23.656207517461787	23.805939076076317	26.21598294769874	0.0
35.0	26.309737514787024	23.82110525604648	23.815590281511874	26.053566947654623	0.0
36.0	26.19502604446724	23.870464278131195	23.749686335823345	26.184823341578223	0.0
37.0	26.234733861116393	23.773124977595415	23.759613289985634	26.23252787130255	0.0
38.0	26.4106615487703	23.632217378236255	23.731486919859147	26.225634153134298	0.0
39.0	26.049706465480394	23.768437249241	23.837374430923568	26.34448185435504	0.0
40.0	26.21515570151855	23.774227972502338	23.61539670590571	26.395219620073405	0.0
41.0	26.196404788100892	23.707496780633615	23.794081880826916	26.30201655043858	0.0
42.0	26.183996095398033	23.78801540883885	23.773124977595415	26.254863518167703	0.0
43.0	26.198886526641463	23.76816150051427	23.783603429211166	26.2493485436331	0.0
44.0	26.233906614936203	23.80814506589016	23.773124977595415	26.184823341578223	0.0
45.0	26.350272577616373	23.783603429211166	23.802905840082282	26.06321815309018	0.0
46.0	26.235836856023315	23.782776183030975	23.76512826452024	26.21625869642547	0.0
47.0	26.365366055425344	23.768095960292293	23.716806838549566	26.1497311457328	0.0
48.0	26.31021646215359	23.796222252860886	23.654763546118847	26.238797738866676	0.0
49.0	26.195505308148352	23.756238797738867	23.77030194402316	26.277953950089618	0.0
50.0	26.241003722597544	23.789604301668273	23.760650765200605	26.20874121053357	0.0
51.0	26.09754281664741	23.733010525270853	23.944508632266285	26.224938025815455	0.0
52.0	26.271263556422014	23.794777899412935	23.711777990409512	26.222180553755535	0.0
53.0	26.20149951330618	23.7732696173456	23.756173290574132	26.269057578774085	0.0
54.0	26.26657585392016	23.856821020761007	23.6285023342001	26.248100791118734	0.0
55.0	26.228798486699333	23.708744771143607	23.776578583817496	26.28587815833956	0.0
56.0	26.140007886370093	23.846894121345315	23.721429142619215	26.291668849665378	0.0
57.0	26.14579857769591	23.688339477900243	23.822076872806086	26.343785071597765	0.0
58.0	26.22438653140347	23.70626304628968	23.8344854970757	26.234864925231143	0.0
59.0	26.322001042324437	23.653043835533335	23.803326062798668	26.221629059343556	0.0
60.0	26.30876517643685	23.826213080895958	23.817940664716215	26.047081077950978	0.0
61.0	26.190469625066527	23.875020336356442	23.742110183068572	26.192399855508462	0.0
62.0	26.24010412214498	23.772718122933618	23.766375937195818	26.22080181772558	0.0
63.0	26.41685808118549	23.621884401256306	23.733562019682836	26.22769549787537	0.0
64.0	26.054526252512744	23.761963981899953	23.84055193560751	26.342957829979785	0.0
65.0	26.2202503233136	23.775199847787544	23.608372788162725	26.396177040736134	0.0
66.0	26.190193877860533	23.710399254379556	23.79615663544289	26.303250232317023	0.0
67.0	26.172821803883075	23.796708129854874	23.782093527937327	26.248376538324724	0.0
68.0	26.203981238160107	23.76940915646172	23.777681572641466	26.248928032736707	0.0
69.0	26.23376193640718	23.79009019691108	23.7798875502894	26.196260316392344	0.0
70.0	26.348197026893626	23.781542033525348	23.80525629324061	26.065004646340423	0.0
71.0	26.234864925231143	23.78016329749539	23.75948225704603	26.225489520227434	0.0
72.0	26.363014680740765	23.762725698465747	23.717779027828332	26.15648059296516	0.0
73.0	26.302074716256907	23.79857273639743	23.66566294960458	26.233689597741083	0.0
74.0	26.18074628018045	23.76079547334635	23.769343613160824	26.289114633312376	0.0
75.0	26.23617131575174	23.792782061039233	23.76079547334635	26.21025114986268	0.0
76.0	26.098777619377202	23.73094941996895	23.945479563108538	26.22479339754531	0.0
77.0	26.27056718130003	23.7935436905251	23.706132308294706	26.229756819880162	0.0
78.0	26.205215453891185	23.756593768699005	23.759626971236965	26.278563806172844	0.0
79.0	26.26946419855895	23.851174538746406	23.63085373621616	26.24850752647848	0.0
80.0	26.23444449652974	23.703374851442014	23.7665206133687	26.295660038659545	0.0
81.0	26.13903648942653	23.84483238798521	23.724331523522483	26.291799599065772	0.0
82.0	26.145378640187726	23.702823360071474	23.811742905752883	26.340055093987917	0.0
83.0	26.239407918864586	23.706132308294706	23.826908918442697	26.227550854398007	0.0
84.0	26.322958861501217	23.64657124027652	23.80429777225061	26.226172125971658	0.0
85.0	26.306138374699785	23.818912293569884	23.814500362605575	26.060448969124757	0.0
86.0	26.184810273181252	23.879576344329152	23.746391178344037	26.189222204145562	0.0
87.0	26.247404543737403	23.770105307277202	23.760454208292774	26.222035940692617	0.0
88.0	26.42912095032993	23.626166059566582	23.734534113877455	26.21017887622604	0.0
89.0	26.056588529530984	23.770105307277202	23.83573278037132	26.337573382820494	0.0
90.0	26.226447871656926	23.770381052962474	23.612378775303114	26.390792300077486	0.0
91.0	26.18949794983083	23.718816609817097	23.79519816463672	26.296487275715354	0.0
92.0	26.180398342216943	23.800713078342106	23.779204914891096	26.239683664549858	0.0
93.0	26.20438821683538	23.77093254433301	23.77672320372367	26.24795603510794	0.0
94.0	26.244922832569976	23.79519816463672	23.76238442808966	26.197494574703644	0.0
95.0	26.35632408941881	23.781962371743788	23.797404130118874	26.06430940871853	0.0
96.0	26.255676914295485	23.778377677835287	23.746391178344037	26.219554229525194	0.0
97.0	26.358181627667143	23.774727426141723	23.714063542660497	26.153027403530636	0.0
98.0	26.30110242820981	23.783827008663906	23.67325329377313	26.241817269353156	0.0
99.0	26.179498916322448	23.752392087223633	23.773624446442064	26.29448455001186	0.0
100.0	26.239887054878757	23.794029570885748	23.76507635376971	26.201007020465788	0.0
101.0	26.09753071100633	23.74046959231225	23.942038576608624	26.2199611200728	0.0
102.0	26.265458907225874	23.799203099364412	23.70931050171651	26.226027491693205	0.0
103.0	26.199004563565925	23.76501082295846	23.762253381312817	26.2737312321628	0.0
104.0	26.259944023934594	23.862624257214158	23.626035764018145	26.251395954833107	0.0
105.0	26.235954281617513	23.69828073513394	23.779349519515794	26.286415463732748	0.0
106.0	26.140822544842894	23.843046421530104	23.729991314058815	26.286139719568187	0.0
107.0	26.156539962223054	23.703244130096095	23.81271456342805	26.327501344252802	0.0
108.0	26.22768195668059	23.70958624588107	23.82732900414995	26.235402793288387	0.0
109.0	26.320331995974133	23.6486467855124	23.81271456342805	26.21830665508541	0.0
110.0	26.313438391860032	23.814920516744564	23.814644772580003	26.0569963188154	0.0
111.0	26.198728819401357	23.867863396340873	23.742124057299637	26.191283726958126	0.0
112.0	26.24725979236465	23.76501082295846	23.755359777198713	26.232369607478184	0.0
113.0	26.426493499331322	23.626862996511836	23.73247301153989	26.21417049261695	0.0
114.0	26.068301829562536	23.75977168383174	23.846355351504876	26.325571135100855	0.0
115.0	26.23264535164275	23.771352938743433	23.605906440004965	26.390095269608853	0.0
116.0	26.184114378679464	23.719237291640816	23.802236285174615	26.294412044505105	0.0
117.0	26.186044587831407	23.80196054101005	23.76914698542692	26.242847885731617	0.0
118.0	26.213067515958695	23.756187009692407	23.772180171237125	26.258565303111777	0.0
119.0	26.249741489845725	23.794239704402255	23.755359777198713	26.200659028553307	0.0
120.0	26.36224510898788	23.777419310363847	23.791206518592052	26.069129062056223	0.0
121.0	26.256635093959822	23.78127972866774	23.74295128979333	26.219133887579105	0.0
122.0	26.354872688568165	23.765903588544454	23.727023554131485	26.152200168755897	0.0
123.0	26.303859877458958	23.78823892746254	23.676010743022275	26.231890452056227	0.0
124.0	26.176465722148386	23.755425281397695	23.7780363652407	26.290072631213224	0.0
125.0	26.231614707131317	23.79651127520998	23.771418487042745	26.200455530615958	0.0
126.0	26.100983584859357	23.735085605247992	23.953751933666616	26.21017887622604	0.0
127.0	26.272773146782185	23.79492241895145	23.714956170223324	26.21734826404304	0.0
128.0	26.19804606607418	23.765693376312893	23.755215040272656	26.281045517340267	0.0
129.0	26.265879504650453	23.858895417933947	23.62671755093712	26.24850752647848	0.0
130.0	26.244922832569976	23.697308446366087	23.77148403570355	26.286284685360386	0.0
131.0	26.136554778259107	23.842626422503056	23.72626174331937	26.294557055918467	0.0
132.0	26.158614433080658	23.69565397225447	23.82166975042258	26.32406184424229	0.0
133.0	26.235547479270814	23.717989372761288	23.824427207275274	26.222035940692617	0.0
134.0	26.314686490943135	23.65429211946406	23.813948871235038	26.21707251835777	0.0
135.0	26.313859253887323	23.810915668697074	23.817809310828807	26.057415766586793	0.0
136.0	26.2032852340943	23.867719279862566	23.74032477326811	26.18867071277502	0.0
137.0	26.246373934239987	23.766586148704544	23.76079547334635	26.226244443709117	0.0
138.0	26.42285165944211	23.618786053847764	23.735702546794172	26.222659739915954	0.0
139.0	26.06107232277776	23.761071219791976	23.845449632154242	26.332406825276024	0.0
140.0	26.23451683707797	23.770722345388968	23.60334425289258	26.39141656464048	0.0
141.0	26.192879123788092	23.714470070480793	23.802708933081853	26.289941872649266	0.0
142.0	26.17716157638728	23.80133020085371	23.778994738757817	26.24251348400119	0.0
143.0	26.211977907133853	23.758930762634048	23.775751342199523	26.25333998803257	0.0
144.0	26.25499447126852	23.789262955293104	23.760860993075987	26.194881580362388	0.0
145.0	26.356469443073365	23.783196516761294	23.79367491058897	26.06665912957637	0.0
146.0	26.249203779942697	23.785678241615216	23.74183443586258	26.223283542579505	0.0
147.0	26.36509030745898	23.754032814007996	23.72618226940576	26.15469460912726	0.0
148.0	26.302771267061903	23.786295326071972	23.680132359023855	26.230801047842274	0.0
149.0	26.168482007445192	23.745484627050875	23.782986350475667	26.303047015028262	0.0
150.0	26.240248835651002	23.793254634646726	23.769540244147922	26.19695628555435	0.0
151.0	26.10500017923766	23.734375301601833	23.94918474439331	26.211439774767197	0.0
152.0	26.274586581441454	23.792007103326377	23.713418282792908	26.219988032439257	0.0
153.0	26.195722010660504	23.768568332290076	23.75781407263813	26.277895584411286	0.0
154.0	26.262177820304593	23.855705410495606	23.630141708052182	26.25197506114762	0.0
155.0	26.235430046298468	23.699355020171133	23.780701343179455	26.28451359035095	0.0
156.0	26.135608456708592	23.841090647378856	23.738235805066633	26.285065090845922	0.0
157.0	26.16345923170466	23.693012764478958	23.820685129064902	26.32284287475148	0.0
158.0	26.237911798525836	23.710936530565537	23.82233963054982	26.228812040358807	0.0
159.0	26.323945875741423	23.651925977603565	23.810482369907927	26.213645776747086	0.0
160.0	26.312640115594505	23.815445874362673	23.815170124115188	26.056743885927634	0.0
161.0	26.199858264372793	23.879695682026874	23.732169299621948	26.188276753978386	0.0
162.0	26.24956569216261	23.770012629396163	23.76339460520728	26.21702707323395	0.0
163.0	26.42191007208131	23.63434313352415	23.73306199434159	26.210684800052945	0.0
164.0	26.0634337618504	23.754294821947575	23.85439243780436	26.327878978397667	0.0
165.0	26.230814623627452	23.76808237234107	23.6100770448316	26.391025959199883	0.0
166.0	26.19165798050992	23.713207921774952	23.80420575437203	26.290928343343094	0.0
167.0	26.182833948258082	23.8099965255373	23.77359739249847	26.23357213370615	0.0
168.0	26.209929821174978	23.762908629651587	23.7733871968454	26.253774352328037	0.0
169.0	26.248810820499386	23.779177983978823	23.7733871968454	26.19862399867639	0.0
170.0	26.36104179018048	23.768147913248495	23.797653352452123	26.073156944118903	0.0
171.0	26.25156833818197	23.774490203918432	23.743054502336996	26.230886955562603	0.0
172.0	26.364699264292252	23.755528838199446	23.72381729740462	26.15595460010368	0.0
173.0	26.296864142244186	23.783931348650466	23.6763878624767	26.242816646628647	0.0
174.0	26.181599585268195	23.738983686480406	23.788343389108878	26.291073339142518	0.0
175.0	26.23847695943393	23.791166519138656	23.77517282837391	26.195183693053497	0.0
176.0	26.105156339189445	23.731734690782343	23.94379013955951	26.2193188304687	0.0
177.0	26.27998488863642	23.78467961427417	23.71270760890247	26.22262788818694	0.0
178.0	26.197809955300144	23.77282215745048	23.756276868859285	26.273091018390087	0.0
179.0	26.26206082599596	23.8671303024203	23.621157012031183	26.249651859552557	0.0
180.0	26.236139873869753	23.70939855118423	23.78026753731652	26.2741940376295	0.0
181.0	26.142934748139346	23.84782746573057	23.728425633064106	26.28081215306598	0.0
182.0	26.164167868498044	23.69175024335362	23.823009532843777	26.32107235530456	0.0
183.0	26.24330949892594	23.714637892571442	23.819700475125536	26.222352133377086	0.0
184.0	26.33210254769869	23.645699190108125	23.800949148055516	26.221249114137674	0.0
185.0	26.311696691769548	23.8163914174073	23.816115662597444	26.05579622822571	0.0
186.0	26.20966741212384	23.884502855441056	23.725668084965573	26.180161647469536	0.0
187.0	26.251654533421576	23.76737260092654	23.764615045223913	26.216357820427973	0.0
188.0	26.435031987646152	23.62728877123318	23.729318332230314	26.20836090889036	0.0
189.0	26.06938010147805	23.763512022942866	23.846790205162144	26.320317670416944	0.0
190.0	26.222148687403486	23.77923009044783	23.612673726009266	26.385947496139423	0.0
191.0	26.194848885947497	23.7191153761306	23.806254136333553	26.279781601588354	0.0
192.0	26.17885506287227	23.81452680344143	23.76847562320759	26.238142510478713	0.0
193.0	26.202918053491214	23.768541166283825	23.780950201164245	26.24759057906072	0.0
194.0	26.24428150309261	23.797771337335476	23.769919947937204	26.18802721163471	0.0
195.0	26.36285672528327	23.769644191606528	23.80383797661035	26.063661106499854	0.0
196.0	26.24814209172207	23.77901990684951	23.755580618742055	26.217257382686366	0.0
197.0	26.362102151456824	23.75702491189561	23.73551585879031	26.145357077857255	0.0
198.0	26.29178409322796	23.78542789227825	23.682846254391432	26.239941760102358	0.0
199.0	26.168113480183987	23.745574074278338	23.797140934711393	26.289171510826282	0.0
200.0	26.231334537482592	23.797206557557875	23.77156093592731	26.19989796903222	0.0
201.0	26.100217023822985	23.731430950851138	23.943766838649545	26.224585186676336	0.0
202.0	26.2706372558482	23.781895194314913	23.723709645840284	26.223757903996603	0.0
203.0	26.198663662711336	23.759558561962095	23.757352474816138	26.284425300510435	0.0
204.0	26.256645855853865	23.852831520660065	23.629464581173202	26.261058042312868	0.0
205.0	26.228793928831433	23.699232279556135	23.782512298969756	26.28946149264268	0.0
206.0	26.13779258311456	23.84400714774206	23.72680844492488	26.29139182421849	0.0
207.0	26.16757484171281	23.686547243486512	23.819740122217564	26.326137792583115	0.0
208.0	26.234860685212556	23.714123408855258	23.823049262061815	26.22796664387037	0.0
209.0	26.322552891085177	23.65290432173664	23.802367138035255	26.222175649142933	0.0
210.0	26.30242229036599	23.822221977100753	23.8233250237155	26.052030708817753	0.0
211.0	26.198735908579497	23.881234970989873	23.73783891107238	26.182190209358247	0.0
212.0	26.250927251117528	23.76161993872559	23.760516889069052	26.22693592108783	0.0
213.0	26.433206206860415	23.627047880627966	23.732664885241473	26.207081027270146	0.0
214.0	26.073887781243194	23.76961704873549	23.840487989168054	26.316007180853262	0.0
215.0	26.223626772118212	23.77761415874539	23.615741621648453	26.383017447487944	0.0
216.0	26.1875018958666	23.718325239706477	23.808499549128452	26.285673315298467	0.0
217.0	26.180607835513236	23.804363112916434	23.76685942459415	26.248169626976182	0.0
218.0	26.205774480875828	23.761133938173895	23.786779913410363	26.246311667539917	0.0
219.0	26.243002509444892	23.795604334997105	23.77244022833191	26.1889529272261	0.0
220.0	26.363511016738823	23.775197860077764	23.798913493092133	26.062377630091277	0.0
221.0	26.251551167857045	23.776300912776108	23.74817306896837	26.22397485039848	0.0
222.0	26.359998786638684	23.750996197215336	23.740792931618817	26.148212084527163	0.0
223.0	26.2841637045024	23.78932738418604	23.688122020025975	26.238386891285586	0.0
224.0	26.15848748579812	23.745546400167665	23.798217457008285	26.29774865702593	0.0
225.0	26.23798007318815	23.78394328056102	23.784219046016982	26.193857600233848	0.0
226.0	26.096104791451225	23.730299896587383	23.942364701826957	26.23123061013444	0.0
227.0	26.27369872457773	23.782419855222336	23.715684246811445	26.228197173388484	0.0
228.0	26.199517407790417	23.768355739400207	23.76008273009307	26.272044122716302	0.0
229.0	26.265498146840805	23.85997617366749	23.627779738792796	26.246745940698908	0.0
230.0	26.233233321567244	23.711613130956582	23.778624691140134	26.27652885633604	0.0
231.0	26.13037195552418	23.85887310271797	23.73064110483586	26.28011383692199	0.0
232.0	26.15656989057536	23.70389163430992	23.83184786445464	26.307690610660078	0.0
233.0	26.22330568302153	23.72347114366396	23.832675167666785	26.220548005647725	0.0
234.0	26.32010015884222	23.655908048005646	23.80041034239322	26.223581450758914	0.0
235.0	26.304932933286267	23.81640487116131	23.822471761383692	26.056190434168723	0.0
236.0	26.189662019061068	23.889207553829863	23.738086833745147	26.183043593363927	0.0
237.0	26.24957600593454	23.767383756683937	23.764901840203187	26.218138397178336	0.0
238.0	26.426343613063707	23.641909090156997	23.726018482004726	26.20572881477457	0.0
239.0	26.068396102839586	23.782275255568454	23.8341197331664	26.315208908425554	0.0
240.0	26.227830926254303	23.77423740592536	23.610425497296	26.38750617052434	0.0
241.0	26.20966963505139	23.70883538013067	23.803981809105927	26.277513175712013	0.0
242.0	26.18854561400606	23.800698317088912	23.768154313735224	26.242601755169808	0.0
243.0	26.222739521247107	23.76305620754233	23.77960487303036	26.234599398180197	0.0
244.0	26.254295911781416	23.79893753758061	23.769700513578666	26.177066037059305	0.0
245.0	26.359661825754756	23.787772215096474	23.79797812624988	26.05458783289889	0.0
246.0	26.24923797517937	23.77269178888947	23.757244407910164	26.220825828021	0.0
247.0	26.352391408693926	23.75905502253756	23.745538004888196	26.143015563880322	0.0
248.0	26.290627810360334	23.787993313066554	23.687854829543888	26.233524047029228	0.0
249.0	26.167113107142953	23.744196503695203	23.80571425418693	26.282976134974913	0.0
