# Position (bp)	A	C	G	T	N
0.0	26.221514915518235	23.823632320906558	23.676621632298335	26.278231131276875	0.0
1.0	26.247756746690143	23.80500908588133	23.614544182214246	26.33268998521428	0.0
2.0	26.172377598699804	23.839755310263875	23.858095754046186	26.12977133699014	0.0
3.0	26.18534361139013	23.719004999830705	23.835253885308624	26.26039750347054	0.0
4.0	26.16658155420065	23.815220366049434	23.795752652828604	26.222445426921308	0.0
5.0	26.205805017322515	23.87290803832395	23.72281719386546	26.19846975048808	0.0
6.0	26.29859504598544	23.774191728262707	23.77757715962309	26.14963606612876	0.0
7.0	26.25684455214554	23.78307318628184	23.839776122139817	26.120306139432802	0.0
8.0	26.291855905667294	23.80574910434709	23.670061214702812	26.2323337752828	0.0
9.0	26.177137634554192	23.795218107553087	23.682384401868525	26.34525985602419	0.0
10.0	26.155573294670837	23.714533130618495	23.806488191108567	26.3234053836021	0.0
11.0	26.12116066467149	23.91029022258202	23.781665966191	26.186883146555495	0.0
12.0	26.31663568589731	23.680684642094544	23.694224037504124	26.308455634504018	0.0
13.0	26.19675562237498	23.82538693053444	23.883493502500556	26.094363944590025	0.0
14.0	26.266991236062182	23.794641220125182	23.727226313814977	26.211141229997658	0.0
15.0	26.285607904750353	23.778845258814005	23.680402571356847	26.255144265078794	0.0
16.0	26.158676072785532	23.723559394224882	23.831874557501532	26.285889975488054	0.0
17.0	26.25881118466889	23.716507625782395	23.842311174796414	26.182370014752298	0.0
18.0	26.235117242702128	23.743304345863855	23.671094237012756	26.35048417442126	0.0
19.0	26.228347544997334	23.738227072585264	23.673350802914356	26.360074579503046	0.0
20.0	26.202961178604372	23.835823547829325	23.76840864151912	26.192806632047184	0.0
21.0	26.251195274751005	23.67673565176675	23.795205361600583	26.276863711881663	0.0
22.0	26.260919601831194	23.678012427966593	23.751068336892107	26.30999963331011	0.0
23.0	26.25556028804901	23.669550353573676	23.821867692646176	26.253021665731136	0.0
24.0	26.189838176930692	23.772505592020828	23.76376144848148	26.273894782566998	0.0
25.0	26.23581544779887	23.837099426553426	23.65008758246997	26.276997543177732	0.0
26.0	26.24286717645964	23.808892511910372	23.6263937741698	26.321846537460193	0.0
27.0	26.17911954936633	23.826380798989064	23.845279431799913	26.149220219844693	0.0
28.0	26.19294093754143	23.699449683095313	23.85910081997501	26.24850855938825	0.0
29.0	26.160785054848347	23.805507682153205	23.801558714103173	26.232148548895278	0.0
30.0	26.20309542681293	23.852613229607105	23.725964182859784	26.21832716072018	0.0
31.0	26.303512042942206	23.75417109750284	23.786891118488786	26.155425741066164	0.0
32.0	26.262047878416915	23.76883869311723	23.851484953021384	26.11762847544447	0.0
33.0	26.292793415377847	23.795071123735273	23.679422773698743	26.232712687188137	0.0
34.0	26.171503682412705	23.801276644956744	23.678012427966593	26.34920724466396	0.0
35.0	26.16614436863053	23.706219342609646	23.815380102278272	26.31225618648155	0.0
36.0	26.133706416791014	23.89887256962172	23.791122155685247	26.176298857902026	0.0
37.0	26.31592308538515	23.69296209272741	23.675473805648718	26.31564101623872	0.0
38.0	26.20394163425222	23.819893208621163	23.877999452785854	26.098165704340765	0.0
39.0	26.269099607077678	23.802969059835327	23.729631081763383	26.19830025132361	0.0
40.0	26.29222927708498	23.78378835787805	23.676884151380868	26.247098213656095	0.0
41.0	26.1483740124054	23.730477289202675	23.84386908606776	26.27727961232417	0.0
42.0	26.257816841220453	23.725117975420495	23.841612532896313	26.175452650462734	0.0
43.0	26.247944421095387	23.74937592201352	23.660806210034327	26.341873446856763	0.0
44.0	26.23835407011675	23.740067640181316	23.68167932687019	26.339898962831747	0.0
45.0	26.212403708645137	23.83512494252841	23.759812480431453	26.192658868394997	0.0
46.0	26.261483740124053	23.690423470409534	23.778146974949436	26.26994581451697	0.0
47.0	26.253719765883933	23.682109865312743	23.753472956773148	26.31069741203018	0.0
48.0	26.250899090332137	23.68464847330936	23.82624638600945	26.23820605034906	0.0
49.0	26.187433890416756	23.7774486989634	23.759678442987095	26.27543896763275	0.0
50.0	26.23200056413511	23.827374656230166	23.644312812918695	26.29631196671603	0.0
51.0	26.245821874338905	23.806783724702065	23.643466610253157	26.30392779070587	0.0
52.0	26.202101403286086	23.818630562019607	23.85247866864114	26.12678936605317	0.0
53.0	26.19194697129963	23.69903391862351	23.858966222410267	26.250052887666598	0.0
54.0	26.155278189126296	23.808194062477963	23.793244482053453	26.24328326634229	0.0
55.0	26.188562160637474	23.849657993089345	23.723009660813766	26.23877018545942	0.0
56.0	26.272054156970594	23.76306325364925	23.791552076722375	26.173330512657785	0.0
57.0	26.254001833439112	23.771243212749454	23.847401452647908	26.12735350116353	0.0
58.0	26.30956914180946	23.78506452295325	23.679289189760947	26.22607714547634	0.0
59.0	26.17756152598547	23.793244482053453	23.669134757774486	26.36005923418659	0.0
60.0	26.157252662012553	23.695367040406175	23.82032296735068	26.32705733023059	0.0
61.0	26.135533460263733	23.905507369014877	23.7884493336154	26.17050983710599	0.0
62.0	26.32846766800649	23.686058811085257	23.668852690219307	26.316620830688954	0.0
63.0	26.181228404202805	23.825682250899092	23.891686058811086	26.101403286087017	0.0
64.0	26.268951413863622	23.793808617163812	23.728933079472533	26.208306889500033	0.0
65.0	26.287003737395104	23.774345955856425	23.68323813553346	26.255412171215003	0.0
66.0	26.15894506734363	23.717086242155	23.840067696213243	26.283900994288135	0.0
67.0	26.255412171215003	23.726394471475917	23.837529088216627	26.180664269092446	0.0
68.0	26.250334955221778	23.75206261899725	23.66687821733305	26.330724208447926	0.0
69.0	26.255976306325362	23.75234468655243	23.668006487553768	26.323672519568436	0.0
70.0	26.21648684860024	23.844298709540933	23.770961145194274	26.168253296664552	0.0
71.0	26.259079049432337	23.693110499964742	23.79521895493971	26.252591495663214	0.0
72.0	26.24962273677322	23.685643124501095	23.7696987817571	26.295035356968583	0.0
73.0	26.280367926843372	23.68451486064531	23.812572808276943	26.222544404234377	0.0
74.0	26.213236227424147	23.76321126458634	23.76518572633396	26.258366781655557	0.0
75.0	26.243699351530346	23.829214700149777	23.63769191063022	26.289394037689657	0.0
76.0	26.25075100062901	23.809470082673535	23.61766522719003	26.322113689507425	0.0
77.0	26.197722599407097	23.824701644726638	23.850933779373644	26.12664197649262	0.0
78.0	26.19010681838055	23.710746995292318	23.859677824255982	26.239468362071154	0.0
79.0	26.13143709787971	23.818778259483764	23.804110829358553	26.245673813277975	0.0
80.0	26.190953016272385	23.84077940467158	23.736414998011433	26.231852581044603	0.0
81.0	26.282342388590997	23.76292919862239	23.80213636761093	26.15259204517568	0.0
82.0	26.241724889782724	23.77590423296392	23.84670278991445	26.135668087338903	0.0
83.0	26.318728897940076	23.768570517901317	23.694387169383432	26.218313414775178	0.0
84.0	26.172900794579824	23.801008103755144	23.676617013654813	26.349474088010222	0.0
85.0	26.146668659932814	23.70482361004945	23.8275223043661	26.320985425651642	0.0
86.0	26.122693052997377	23.900859454992144	23.79762331218779	26.17882417982269	0.0
87.0	26.31816476601218	23.701156752518145	23.65997512178198	26.3207033596877	0.0
88.0	26.185593762957403	23.810880412493265	23.887320288722723	26.11620553582661	0.0
89.0	26.25752058376372	23.802982565502766	23.73810739379511	26.2013894569384	0.0
90.0	26.277265201239963	23.77505803507208	23.685925190465042	26.261751573222913	0.0
91.0	26.16810567319273	23.723157897705956	23.83739461310422	26.27134181599709	0.0
92.0	26.265700496718164	23.717234512463083	23.83457395346476	26.182491037353994	0.0
93.0	26.23721183435958	23.737261195903276	23.68451486064531	26.34101210909183	0.0
94.0	26.246237945205863	23.744876976929824	23.67548874979903	26.333396328065284	0.0
95.0	26.229313987369085	23.840215272743684	23.769416715793152	26.161054024094078	0.0
96.0	26.25752058376372	23.684232794681364	23.793110256764646	26.26513636479027	0.0
97.0	26.24721814012394	23.68522744260695	23.7690005613081	26.29855385596101	0.0
98.0	26.282476186715332	23.664072614652117	23.834157431408993	26.219293767223554	0.0
99.0	26.209139449805235	23.77069294754449	23.762231016362552	26.257936586287723	0.0
100.0	26.24552575388755	23.821746599008826	23.645174301679127	26.28755334542449	0.0
101.0	26.259346908151375	23.81046402409958	23.62289121623337	26.30729785151567	0.0
102.0	26.211395964787084	23.823721049617944	23.85982528932753	26.10505769626744	0.0
103.0	26.209139449805235	23.696510017516196	23.86208180430938	26.232268728369192	0.0
104.0	26.138623356622446	23.816105311554203	23.81554118280874	26.229730149014607	0.0
105.0	26.197010681777794	23.853901937500176	23.729793613498472	26.219293767223554	0.0
106.0	26.289809860406343	23.77661629937184	23.811028152845044	26.122545687376775	0.0
107.0	26.24242304578751	23.779154878726423	23.851363358145598	26.127058717340475	0.0
108.0	26.32676029323412	23.760256565753437	23.702715433716282	26.210267707296158	0.0
109.0	26.171906952604722	23.809053702235925	23.671688352715854	26.347350992443495	0.0
110.0	26.14116193597703	23.70525401307086	23.83979871886362	26.31378533208849	0.0
111.0	26.142008129095224	23.88154424602783	23.811310217217773	26.165137407659177	0.0
112.0	26.331273323197816	23.68466331386149	23.66491880777031	26.319144555170382	0.0
113.0	26.196728617405064	23.82005421277244	23.89141649907342	26.091800670749077	0.0
114.0	26.260475165642305	23.796642869835754	23.736281094071288	26.206600870450654	0.0
115.0	26.279091414242554	23.769564690053564	23.699048596870778	26.2522952988331	0.0
116.0	26.159778184577288	23.729229484753013	23.85897909620934	26.25201323446037	0.0
117.0	26.27203980492428	23.717100716725568	23.819772148399707	26.19108732995044	0.0
118.0	26.24016653080566	23.737409351562214	23.685791571352414	26.336632546279716	0.0
119.0	26.252859427578564	23.730357742243935	23.68522744260695	26.33155538757055	0.0
120.0	26.2305763421328	23.84713239255463	23.76364133822621	26.15864992708636	0.0
121.0	26.25962897252411	23.676483447052284	23.796642869835754	26.26724471058785	0.0
122.0	26.247930340989544	23.69607956516711	23.7812634862789	26.274726607564446	0.0
123.0	26.292496763293066	23.666462638952744	23.822163051051117	26.218877546703073	0.0
124.0	26.215774821099664	23.773365639288404	23.76433952844212	26.24652001116981	0.0
125.0	26.258648847619504	23.822445117015064	23.642487032017307	26.276419003348124	0.0
126.0	26.25582818798004	23.820188589303495	23.618793491045817	26.305189731670648	0.0
127.0	26.20279978675813	23.82949676611372	23.854600636904948	26.1131028102232	0.0
128.0	26.210415567784683	23.696643697095002	23.863062615823335	26.229878119296977	0.0
129.0	26.146668659932814	23.80608529110618	23.81652173177219	26.23072431718882	0.0
130.0	26.211825897604413	23.844164196238932	23.720337238066495	26.22367266809016	0.0
131.0	26.28206032262705	23.77816076067549	23.821034787195334	26.118744129502126	0.0
132.0	26.25357166026847	23.77223737543262	23.849805515517858	26.12438544878105	0.0
133.0	26.32465228318295	23.749672098316914	23.705669807941284	26.220005810558856	0.0
134.0	26.177977981930855	23.79762331218779	23.672386024195617	26.35201268168574	0.0
135.0	26.125513712636838	23.709336665472588	23.844164196238932	26.320985425651642	0.0
136.0	26.155694770779093	23.87801211191249	23.79762331218779	26.168669805120626	0.0
137.0	26.324088151255054	23.69777196095079	23.66082131967382	26.317318568120342	0.0
138.0	26.19518400573158	23.81680379773614	23.89493606974927	26.09307612678301	0.0
139.0	26.267674958465786	23.805803225142235	23.723439963669904	26.203081852722075	0.0
140.0	26.27049561810525	23.77731456278365	23.703413280229714	26.248776538881387	0.0
141.0	26.164720881625374	23.728235085056994	23.86419087967912	26.242853153638514	0.0
142.0	26.280367926843372	23.714413852823622	23.827240238402155	26.177977981930855	0.0
143.0	26.246802077133758	23.732748140480133	23.690156179924237	26.330293602461875	0.0
144.0	26.254417858160313	23.733312272408025	23.690438245888185	26.321831623543485	0.0
145.0	26.244545549422188	23.850651713409697	23.769980847721047	26.134821889447068	0.0
146.0	26.274726607564446	23.66759090280853	23.8043928953225	26.253289594304523	0.0
147.0	26.243847401452648	23.69903391862351	23.769268739863197	26.287849940060642	0.0
148.0	26.287567872505463	23.66292927156054	23.822579507792117	26.226923348141877	0.0
149.0	26.211973767717367	23.76729426697694	23.775474226077144	26.245257739228546	0.0
150.0	26.26443833298075	23.818348494464423	23.64036386714618	26.276849305408646	0.0
151.0	26.270361751639516	23.81383541358155	23.6209012058388	26.29490162894013	0.0
152.0	26.214794443269163	23.807911994922783	23.855581411748116	26.12171215005994	0.0
153.0	26.21028136238629	23.696213243071714	23.866299978844932	26.227205415697057	0.0
154.0	26.151329243353782	23.797193427825963	23.81750229179889	26.233975037021366	0.0
155.0	26.21789718637614	23.84260630420986	23.73118961991397	26.208306889500033	0.0
156.0	26.292363020943515	23.78365418517735	23.81580988646781	26.108172907411326	0.0
157.0	26.250334955221778	23.779705239404837	23.85191453353078	26.118045271842604	0.0
158.0	26.349904802200125	23.726112403920737	23.702136661730485	26.221846132148652	0.0
159.0	26.195331781961777	23.793808617163812	23.66687821733305	26.343981383541358	0.0
160.0	26.14399548691912	23.712009026161766	23.834144277554476	26.309851209364645	0.0
161.0	26.162047810450602	23.87786474860729	23.79860376560186	26.161483675340243	0.0
162.0	26.322826316902898	23.691700162188845	23.671109230660743	26.314364290247518	0.0
163.0	26.223820605034902	23.803398914039914	23.906071504125237	26.066708976799944	0.0
164.0	26.27995204851562	23.79493688738453	23.727240674141456	26.197870389958393	0.0
165.0	26.278259643184544	23.77857696918412	23.685494675974898	26.25766871165644	0.0
166.0	26.17022776955081	23.73090755235879	23.861222762851703	26.2376419152387	0.0
167.0	26.288414075171	23.711162823496228	23.81383541358155	26.186587687751217	0.0
168.0	26.262181792539312	23.726958606586276	23.679853324871306	26.331006276003105	0.0
169.0	26.2582328467668	23.724137931034484	23.697059445737253	26.32056977646146	0.0
170.0	26.252873563218394	23.848247655313447	23.75742190254566	26.141456878922504	0.0
171.0	26.278259643184544	23.6634934066709	23.806783724702065	26.251463225442496	0.0
172.0	26.25950925609904	23.67378139077013	23.792532501417398	26.274176851713428	0.0
173.0	26.296742383427873	23.65996000259504	23.81594424057113	26.22735337340596	0.0
174.0	26.211839570352275	23.766864209092216	23.775890421777994	26.24540579877751	0.0
175.0	26.27840788890989	23.81368768739969	23.649523444177106	26.25838097951332	0.0
176.0	26.27333064427414	23.800994575810314	23.635419986855577	26.29025479305997	0.0
177.0	26.216634745841596	23.80861044276394	23.85966495826787	26.115089853126594	0.0
178.0	26.20309542681293	23.6873207097988	23.881666351689454	26.227917511698816	0.0
179.0	26.152887118748293	23.788865602513802	23.83230425106411	26.225943027673804	0.0
180.0	26.217198884134458	23.84443322436062	23.73301591152055	26.205351979984375	0.0
181.0	26.283485133545636	23.770531107995815	23.83456080423555	26.111422954222995	0.0
182.0	26.267407192199094	23.766300070799357	23.852613229607105	26.113679507394444	0.0
183.0	26.335667925635292	23.734144188106274	23.710732448952538	26.2194554373059	0.0
184.0	26.184760932294942	23.80240492154247	23.674063459916564	26.338770686246026	0.0
185.0	26.15824643253047	23.69860347565602	23.82356010752476	26.31958998428875	0.0
186.0	26.13878366142676	23.882794628275175	23.79873802263887	26.179683687659193	0.0
187.0	26.323538952338776	23.697193129923868	23.655728965398577	26.323538952338776	0.0
188.0	26.209314592447797	23.800134830573256	23.896885639415657	26.09366493756329	0.0
189.0	26.275883662088635	23.79477545632251	23.727360169694713	26.201980711894144	0.0
190.0	26.268549781534983	23.773902103977502	23.68787004363659	26.269678070850926	0.0
191.0	26.170180357555893	23.72432429382993	23.863950490525163	26.24154485808901	0.0
192.0	26.285266192407718	23.708246125725633	23.811766962467352	26.194720719399296	0.0
193.0	26.26185412306286	23.716144173215465	23.68257747138368	26.339424232337993	0.0
194.0	26.255366441196216	23.698373566363344	23.71388758821837	26.33237240422207	0.0
195.0	26.242391077462923	23.845333664299133	23.764096604403726	26.14817865383422	0.0
196.0	26.280188876164257	23.65606259766782	23.80104818373115	26.262700342436773	0.0
197.0	26.257489083708492	23.670863938440014	23.784822123684123	26.286824854167374	0.0
198.0	26.304877635988223	23.667479041848605	23.804003204368772	26.2236401177944	0.0
199.0	26.224768416658208	23.777770255785352	23.764230669419717	26.233230658136726	0.0
200.0	26.296415394509697	23.814439968858952	23.64265646684494	26.246488169786414	0.0
201.0	26.289378074649093	23.815554903642187	23.61922868619398	26.275838335514734	0.0
202.0	26.235085046966233	23.79002002764379	23.85771910524386	26.117175820146116	0.0
203.0	26.217031959606217	23.674649516233675	23.869284364333872	26.23903415982624	0.0
204.0	26.15920566415616	23.785788835293786	23.817945897153816	26.237059603396233	0.0
205.0	26.238187921356236	23.85235959493385	23.71950015514372	26.18995232856619	0.0
206.0	26.30567912239182	23.773726478030177	23.823936768883158	26.096657630694846	0.0
207.0	26.27408613039443	23.759904544031322	23.84537487059567	26.120634454978575	0.0
208.0	26.323732260676035	23.74410804803263	23.716464180034922	26.215695511256413	0.0
209.0	26.187769562973013	23.801370346027888	23.67528045832405	26.335579632675056	0.0
210.0	26.16238233726083	23.699539362893468	23.837476622596323	26.30060167724938	0.0
211.0	26.146867921547827	23.88599443173516	23.791779616314397	26.175358030402613	0.0
212.0	26.32655306353294	23.70630928975005	23.66681804975332	26.30031959696369	0.0
213.0	26.23756371524399	23.807992507905347	23.882180041578867	26.0722637352718	0.0
214.0	26.271977704248435	23.799530051592775	23.74537033119233	26.183121912966456	0.0
215.0	26.266053984829636	23.784579712107238	23.686415218881432	26.262951084181697	0.0
216.0	26.165424562630818	23.7324615098193	23.87181035017743	26.230303577372453	0.0
217.0	26.293208013404566	23.707074069268224	23.812572988891585	26.187144928435625	0.0
218.0	26.247228537739844	23.722306533598868	23.684507455445043	26.345957473216252	0.0
219.0	26.22832899866293	23.71948570687097	23.710741144014488	26.341444150451615	0.0
220.0	26.242151049629626	23.85996287792026	23.76123394244385	26.13665213000626	0.0
221.0	26.26430167219552	23.664331008958996	23.8053731410647	26.265994177780787	0.0
222.0	26.261064817687913	23.66813163254368	23.79676278272055	26.274040767047858	0.0
223.0	26.318892418096375	23.638512617700325	23.815380449193515	26.227214515009788	0.0
224.0	26.217341510062003	23.771657141567605	23.773913828412816	26.237087519957576	0.0
225.0	26.274887024614813	23.821586338017838	23.639640961122925	26.26388567624442	0.0
226.0	26.27911831244958	23.820457994595234	23.61594574924824	26.284477943706946	0.0
227.0	26.239626292658436	23.800994070555316	23.845563635748178	26.113816001038074	0.0
228.0	26.21382228490832	23.689985895627643	23.86459802538787	26.231593794076165	0.0
229.0	26.13794076163611	23.798871650211563	23.828772919605075	26.234414668547252	0.0
230.0	26.240338504936528	23.83667136812412	23.738222849083215	26.184767277856135	0.0
231.0	26.305856998186172	23.780603048245553	23.822352108186486	26.091187845381793	0.0
232.0	26.27228849728772	23.757471812332334	23.846611697071076	26.12362799330887	0.0
233.0	26.338460844078725	23.73107508469843	23.712174852535874	26.21828921868697	0.0
234.0	26.20164573066323	23.794828106619878	23.665065318638167	26.338460844078725	0.0
235.0	26.171461777806616	23.703147875980626	23.819652292146813	26.305738054065948	0.0
236.0	26.145509220210272	23.880302290877395	23.800469966966908	26.17371852194543	0.0
237.0	26.31899642588147	23.714431596674686	23.66760415579433	26.298967821649512	0.0
238.0	26.238183762070122	23.790730935341095	23.890874521497018	26.08021078109176	0.0
239.0	26.282190521056954	23.80511776039448	23.741082284176468	26.1716094343721	0.0
240.0	26.256636519050545	23.786525538961513	23.68073618108881	26.276101760899124	0.0
241.0	26.16329915986301	23.72498349630148	23.870272466188577	26.24144487764694	0.0
242.0	26.29969332682558	23.695651560591227	23.828251737203377	26.176403375379813	0.0
243.0	26.258513765920107	23.70001072156106	23.700857160592058	26.340618351926775	0.0
244.0	26.224993651420668	23.70615953274456	23.738889986174204	26.32995682966056	0.0
245.0	26.236988168368658	23.846112605075216	23.778108236993813	26.138790989562317	0.0
246.0	26.263703703703705	23.64726631393298	23.83125220458554	26.25777777777778	0.0
247.0	26.23552684676448	23.68390605113965	23.800171011081854	26.28039609101402	0.0
248.0	26.323096981019194	23.648118569356413	23.80389323791194	26.224891211712446	0.0
249.0	26.235614830199967	23.783292602396447	23.771440181962873	26.209652385440712	0.0
