# Position (bp)	A	C	G	T	N
0.0	26.186479517180832	23.718822990232077	23.82428783620371	26.270409656383386	0.0
1.0	26.210775083792097	23.897450622021722	23.664434051340947	26.22734024284523	0.0
2.0	26.210319706050427	23.756138902768615	23.936682687396996	26.096858703783965	0.0
3.0	26.3369282876994	23.642506769868632	23.824692837051124	26.195872105380836	0.0
4.0	26.298821386182343	23.817383863755555	23.698970438046867	26.184824312015238	0.0
5.0	26.18667785401613	23.86962689821536	23.7426652020071	26.20103004576141	0.0
6.0	26.277892006016536	23.691611354133606	23.86299971021292	26.16749692963694	0.0
7.0	26.21181847284931	23.70097254572952	23.80446421671984	26.282744764701338	0.0
8.0	26.216574219720172	23.729889339625245	23.835582415762893	26.21795402489169	0.0
9.0	26.179070871182436	23.778711051754396	23.692343351618636	26.349874725444533	0.0
10.0	26.25990889199756	23.85225162584465	23.77251142988795	26.115328052269838	0.0
11.0	26.256801350889003	23.815488869513395	23.67780635050272	26.249903429094886	0.0
12.0	26.121602083724216	23.769134835056892	23.792035935413377	26.31722714580551	0.0
13.0	26.182579712384253	23.72140121624157	23.864326155815778	26.2316929155584	0.0
14.0	26.244936925403117	23.809694615206332	23.78182701115808	26.163541448232476	0.0
15.0	26.247972010992527	23.78127517741455	23.74181906475217	26.22893374684075	0.0
16.0	26.187822132947787	23.865981657046365	23.743750482854526	26.202445727151325	0.0
17.0	26.273356363194893	23.821559040692218	23.63862615471211	26.266458441400776	0.0
18.0	26.25045526283841	23.677530433630956	23.87315549571225	26.198858807818382	0.0
19.0	26.20354939463838	23.788449016080435	23.85908373525224	26.148917854028937	0.0
20.0	26.17292262187248	23.786241681106315	23.795622854746323	26.245212842274878	0.0
21.0	26.255145849658412	23.66428642378624	23.777688258081607	26.30287946847374	0.0
22.0	26.285772622424314	23.763892414493363	23.752579822751002	26.19775514033132	0.0
23.0	26.327711986932577	23.804728111514564	23.574337523590895	26.293222377961968	0.0
24.0	26.16657653382189	23.795622854746323	23.784586179875728	26.25321443155606	0.0
25.0	26.182855629256018	23.7219530499851	23.826801461255755	26.268389859503127	0.0
26.0	26.20796406458662	23.90019534914521	23.662906839427418	26.22893374684075	0.0
27.0	26.20961956581721	23.750372487776882	23.935512708731114	26.10449523767479	0.0
28.0	26.347578001699645	23.640005739070933	23.817972121359276	26.194444137870143	0.0
29.0	26.303707219089034	23.818799871974573	23.69298177844979	26.18451113048661	0.0
30.0	26.178992793051307	23.873707329455783	23.744854150341585	26.202445727151325	0.0
31.0	26.272804529451367	23.68718752414273	23.86515390643107	26.17485403997484	0.0
32.0	26.205204895868974	23.70732945578156	23.793415519772203	26.29405012857726	0.0
33.0	26.21182690079133	23.72416038495922	23.83342346617811	26.23058924807134	0.0
34.0	26.182027878640724	23.78541393049102	23.68332468793802	26.349233502930236	0.0
35.0	26.259763981359107	23.848257175888243	23.767413755521773	26.124565087230877	0.0
36.0	26.250034489418645	23.824186739508317	23.678503435146098	26.24727533592694	0.0
37.0	26.11621554507077	23.77783296084761	23.79604337389289	26.309908120188723	0.0
38.0	26.1794001600309	23.732031012885248	23.85619292001214	26.23237590707171	0.0
39.0	26.24451618243523	23.799906188781282	23.794111966448696	26.16146566233479	0.0
40.0	26.24534392848274	23.787765913417765	23.749137764533838	26.217752393565654	0.0
41.0	26.192644096791106	23.86833319537566	23.73892889661452	26.200093811218718	0.0
42.0	26.28259250062081	23.81177054879563	23.636564302072124	26.26907264851144	0.0
43.0	26.249758574069475	23.675468366305218	23.875506994454103	26.199266065171205	0.0
44.0	26.209474933090526	23.78307535248186	23.861987142344727	26.145462572082884	0.0
45.0	26.163948900477337	23.788317744116107	23.799906188781282	26.24782716662528	0.0
46.0	26.251414066164504	23.675468366305218	23.773418315260876	26.299699252269406	0.0
47.0	26.291145876445103	23.76458902408741	23.75796705570731	26.186298043760175	0.0
48.0	26.326187125789808	23.81232237949397	23.56565405733521	26.29583643738101	0.0
49.0	26.16312115442982	23.801285765527137	23.781419860386833	26.254173219656206	0.0
50.0	26.174709599094996	23.723201721711778	23.83356786138013	26.268520817813094	0.0
51.0	26.200921557266234	23.905857682862898	23.662776260243355	26.230444499627513	0.0
52.0	26.205336202852962	23.75575973291394	23.925999503352372	26.11290456088072	0.0
53.0	26.34301796208923	23.637392048119636	23.823083078111633	26.196506911679496	0.0
54.0	26.295284606682667	23.823083078111633	23.69257511795381	26.18905719725188	0.0
55.0	26.18519438236349	23.87826614794581	23.74251579615374	26.19402367353696	0.0
56.0	26.259415611290454	23.69229920260464	23.866677703280633	26.18160748282427	0.0
57.0	26.19623099633033	23.708854123554893	23.79659520459123	26.29831967552355	0.0
58.0	26.218580139613167	23.720442568220072	23.83743067626852	26.22354661589824	0.0
59.0	26.186022128411	23.785834505973565	23.68236625003449	26.345777115580937	0.0
60.0	26.259067243144212	23.845642342956314	23.77362863551959	26.121661778379885	0.0
61.0	26.24740641003002	23.826538495497086	23.682511478015186	26.24354361645771	0.0
62.0	26.107518099947026	23.776874006710223	23.80143033727706	26.314177556065687	0.0
63.0	26.17704838424863	23.743212519865793	23.853302136676675	26.226436959208897	0.0
64.0	26.24354361645771	23.80115442345047	23.793428836305843	26.161873123785977	0.0
65.0	26.24271587497793	23.780736800282536	23.75480090058273	26.221746424156805	0.0
66.0	26.191671817058097	23.869305138619108	23.74072929542645	26.198293748896344	0.0
67.0	26.287413914886105	23.806120872329153	23.634502472187886	26.271962740596855	0.0
68.0	26.24243996115133	23.673958149390785	23.884204485255164	26.199397404202717	0.0
69.0	26.19856966272294	23.789566042733533	23.86351094826064	26.14835334628289	0.0
70.0	26.163804520572135	23.78487550768144	23.800326681970688	26.250993289775735	0.0
71.0	26.246302754723644	23.67119901112485	23.779357231149568	26.30314100300194	0.0
72.0	26.285206604273352	23.76970024721879	23.757560038848666	26.18753310965919	0.0
73.0	26.326593678262405	23.822123874271586	23.560005739007593	26.291276708458415	0.0
74.0	26.157734416387076	23.79701571605156	23.787358732120783	26.25789113544058	0.0
75.0	26.168219141797632	23.71975984460533	23.835367737948086	26.276653275648947	0.0
76.0	26.201328800988875	23.90710533286244	23.66264568250044	26.228920183648242	0.0
77.0	26.206295249867562	23.757284125022075	23.920901024192123	26.11551960091824	0.0
78.0	26.348114956736712	23.63864117958679	23.82405527105774	26.189188592618752	0.0
79.0	26.296794984990292	23.826538495497086	23.688305668373655	26.18836085113897	0.0
80.0	26.184498057566664	23.880617605509446	23.733555535935018	26.201328800988875	0.0
81.0	26.25733930778739	23.696031255518278	23.866270086526576	26.180359350167752	0.0
82.0	26.206295249867562	23.701273618223556	23.790669698039906	26.301761433868975	0.0
83.0	26.206847077520752	23.720035758431926	23.84474880805227	26.22836835599506	0.0
84.0	26.191671817058097	23.785979162987818	23.67837277061628	26.343976249337807	0.0
85.0	26.252852251312657	23.848821713254587	23.769358750444912	26.128967284987848	0.0
86.0	26.245882008862303	23.835236208523483	23.677690282920477	26.241191499693738	0.0
87.0	26.110684979885995	23.77343185242003	23.800195345911256	26.315687821782724	0.0
88.0	26.177179845158015	23.743633323584433	23.849583648333216	26.22960318292434	0.0
89.0	26.233465955180808	23.807920890424185	23.795780749046724	26.162832405348286	0.0
90.0	26.245606096558273	23.781157396932958	23.7499793065772	26.22325719993157	0.0
91.0	26.196217794136313	23.86669021118328	23.7425296743683	26.194562320312116	0.0
92.0	26.28588929294713	23.807920890424185	23.642097595700182	26.264092220928497	0.0
93.0	26.242571061213905	23.676034809096276	23.887383633985774	26.194010495704045	0.0
94.0	26.20615063708151	23.775639150852292	23.86696612348731	26.151244088578885	0.0
95.0	26.16503970378055	23.783916519973292	23.80405811816772	26.246985658078437	0.0
96.0	26.250572518030868	23.665826053847045	23.76929316785953	26.31430826026256	0.0
97.0	26.29002797750763	23.76929316785953	23.7516347804014	26.18904407423145	0.0
98.0	26.323965190903724	23.817577821065353	23.563186676746664	26.295270311284263	0.0
99.0	26.163936054564417	23.791642064486222	23.790538415270092	26.253883465679266	0.0
100.0	26.17773166976608	23.71824939161337	23.83109752396298	26.272921414657564	0.0
101.0	26.210013409337975	23.906697495268105	23.656720947813948	26.22656814757997	0.0
102.0	26.213876181594443	23.74859974505703	23.922976321206068	26.114547752142457	0.0
103.0	26.346865912138483	23.63602752501145	23.82999387474685	26.187112688103216	0.0
104.0	26.29664987280443	23.820612856409717	23.690106336601975	26.19263093418388	0.0
105.0	26.17773166976608	23.880761738688975	23.736459603679567	26.205046987865376	0.0
106.0	26.2616090101922	23.697280056506838	23.867242035791346	26.173868897509617	0.0
107.0	26.207530198601674	23.69838370572297	23.79191797679026	26.302168118885096	0.0
108.0	26.20697837399361	23.722939900781938	23.841030366908182	26.229051358316273	0.0
109.0	26.190423635751614	23.783364695365226	23.68238079208904	26.343830876794122	0.0
110.0	26.261536551381624	23.84068867521073	23.773642170320194	26.124132603087453	0.0
111.0	26.24711673233343	23.830414197265174	23.680870553697755	26.24159851670364	0.0
112.0	26.11302409252944	23.781026167378517	23.7975808142679	26.308368925824144	0.0
113.0	26.18531271727974	23.729706762021433	23.853038881347327	26.231941639351497	0.0
114.0	26.244081713737046	23.7975808142679	23.801443565208753	26.156893906786298	0.0
115.0	26.251807215618754	23.77716341643766	23.744605944221878	26.226423423721705	0.0
116.0	26.19469368385039	23.867662152766282	23.733569512962287	26.20407465042104	0.0
117.0	26.289331081901356	23.800339922082795	23.643622598196647	26.2667063978192	0.0
118.0	26.239943052014702	23.68666468010904	23.885596353563113	26.18779591431315	0.0
119.0	26.20214327495061	23.781302078160003	23.87014534979969	26.146409297089697	0.0
120.0	26.16682669491993	23.77826705956362	23.800891743645774	26.254014501870675	0.0
121.0	26.244081713737046	23.67728371353839	23.764747431270624	26.31388714145394	0.0
122.0	26.29816022690903	23.765299252833604	23.74984824907018	26.18669227118719	0.0
123.0	26.322440375680124	23.81551501506473	23.566919400942513	26.29512520831264	0.0
124.0	26.16820624882738	23.78902758004172	23.785164829100864	26.25760134203004	0.0
125.0	26.183381341809316	23.71563531216546	23.83096601882815	26.270017327197078	0.0
126.0	26.209592866050833	23.893321855444825	23.661004977430498	26.236080301073844	0.0
127.0	26.20497468511595	23.75708747775463	23.92925628043649	26.108681556692925	0.0
128.0	26.35010415660739	23.639273248996375	23.82992812504311	26.180694469353128	0.0
129.0	26.30016416736794	23.813925255563067	23.692248265206175	26.193662311862813	0.0
130.0	26.166622980672393	23.886214079766027	23.738601404389755	26.208561535171825	0.0
131.0	26.264847489894738	23.68948914977858	23.85807110240457	26.18759225792211	0.0
132.0	26.205526508201473	23.704664284630347	23.789093216714722	26.30071599045346	0.0
133.0	26.19780098500421	23.72066715411039	23.841240498296244	26.24029136258915	0.0
134.0	26.185384965580035	23.778056755004346	23.690316884406858	26.34624139500876	0.0
135.0	26.258022150239768	23.83744350695575	23.776466887764393	26.12806745504009	0.0
136.0	26.25174859905141	23.82702458109499	23.682170221806516	26.23905659804709	0.0
137.0	26.10992928348136	23.78922449114733	23.79529457858418	26.30555164678713	0.0
138.0	26.1835980719195	23.734593704215676	23.85323632229957	26.228571901565257	0.0
139.0	26.234162546353524	23.798119371357938	23.80501721702278	26.16270086526576	0.0
140.0	26.244923185590675	23.781288627935723	23.7429366060392	26.2308515804344	0.0
141.0	26.189464506445347	23.86654600035317	23.737142415680733	26.206847077520752	0.0
142.0	26.287689828712697	23.80280990641003	23.635054299841073	26.274445965036197	0.0
143.0	26.24106039201837	23.679476425922655	23.88227308846901	26.197190093589974	0.0
144.0	26.20326019777503	23.78018497262935	23.872892018364826	26.143662811230794	0.0
145.0	26.164704454089193	23.77445637928323	23.80673838606521	26.254100780562368	0.0
146.0	26.232651822420884	23.6765720277019	23.773142399911706	26.317633749965513	0.0
147.0	26.295705629807852	23.76665158321101	23.747061485315704	26.190581301665432	0.0
148.0	26.310053307139626	23.828732879358107	23.571026521129713	26.29018729237255	0.0
149.0	26.16823203505248	23.787897182336906	23.785138013619257	26.25873276899136	0.0
150.0	26.179544626794836	23.713951460703917	23.83287163243458	26.27363228006666	0.0
151.0	26.2112750670478	23.89219375986403	23.66649375876036	26.23003741432781	0.0
152.0	26.21162330621063	23.747127007645677	23.92702530440613	26.114224381737568	0.0
153.0	26.35096171091006	23.63758770731761	23.832661473896813	26.178789107875517	0.0
154.0	26.302676125123124	23.815278663013515	23.687528798902953	26.194516412960407	0.0
155.0	26.16664873202052	23.88149889494988	23.743264160782722	26.20858821224688	0.0
156.0	26.267082750457334	23.687528798902953	23.859701401937492	26.18568704870222	0.0
157.0	26.20251802431938	23.71236138587909	23.788238734972836	26.296881854828698	0.0
158.0	26.20693270644847	23.72229442066954	23.835420650227494	26.235352222654495	0.0
159.0	26.195620083492678	23.766993077226587	23.694426739729657	26.34296009955108	0.0
160.0	26.25225563287402	23.841832539608085	23.773680696197292	26.132231131320598	0.0
161.0	26.24929295716355	23.830861557563633	23.68379664758226	26.236048837690557	0.0
162.0	26.108850106918673	23.782575705318344	23.806856591018832	26.301717596744155	0.0
163.0	26.174518865972267	23.738428640408358	23.855142443264125	26.231910050355246	0.0
164.0	26.229499150166657	23.799748361035693	23.806646358960776	26.164106129836878	0.0
165.0	26.237500827759753	23.785676445268525	23.746495817054058	26.230326909917668	0.0
166.0	26.18783524269916	23.86045074277642	23.74759949672207	26.204114517802353	0.0
167.0	26.288821932322364	23.802231640288724	23.6408184888418	26.268127938547114	0.0
168.0	26.24246738626581	23.678067677637245	23.89162969339779	26.18783524269916	0.0
169.0	26.203562677968346	23.78264132618149	23.876178178045603	26.13761781780456	0.0
170.0	26.166937528799224	23.773601565022087	23.804780601672633	26.25468030450606	0.0
171.0	26.22881613147105	23.676818736169437	23.77283939716684	26.321525735192676	0.0
172.0	26.29407869322885	23.7693835881022	23.746206059268253	26.190331659400695	0.0
173.0	26.320291374648196	23.82925887092324	23.563820981182054	26.286628773246512	0.0
174.0	26.171568897963688	23.78759450361459	23.788422272501517	26.252414325920203	0.0
175.0	26.18453727719221	23.712819380828872	23.833673638320178	26.26896970365874	0.0
176.0	26.217648032669278	23.89023784559351	23.65956624910325	26.23254787263396	0.0
177.0	26.21468521241988	23.74130495365861	23.93169232297424	26.112317510947275	0.0
178.0	26.34768044721717	23.6359020912259	23.841189341618403	26.175228119938527	0.0
179.0	26.308223354735816	23.813872892977464	23.689155369889548	26.18874838239717	0.0
180.0	26.170537416636545	23.88175012899434	23.74158087738226	26.206131576986856	0.0
181.0	26.266282948741647	23.684188742863924	23.8580206887608	26.19150761963363	0.0
182.0	26.20088902623759	23.717023665977777	23.80090447796611	26.281182829818523	0.0
183.0	26.205027882092274	23.72005882693788	23.841189341618403	26.23372394935144	0.0
184.0	26.190955772186335	23.774691724219757	23.690810912231424	26.343541591362484	0.0
185.0	26.25228327511327	23.84401437014718	23.779172116175246	26.124530238564308	0.0
186.0	26.243250178661597	23.836078329658932	23.678249088756875	26.2424224029226	0.0
187.0	26.114117163378097	23.772339597756176	23.80434692633072	26.30919631253501	0.0
188.0	26.17261331560054	23.736193390486648	23.85484124640952	26.236352047503292	0.0
189.0	26.224835548099424	23.80441260871485	23.805240386737893	26.165511456447838	0.0
190.0	26.2372522184451	23.77709593395435	23.751710741247628	26.23394110635292	0.0
191.0	26.180135534854976	23.863460774358746	23.742329256986448	26.214074433799833	0.0
192.0	26.284159639751003	23.810207054876166	23.64051256015187	26.265120745220962	0.0
193.0	26.23863184848351	23.671692199019912	23.89188115314997	26.197794799346607	0.0
194.0	26.194483687254426	23.785649640192485	23.87615337071211	26.143713301840975	0.0
195.0	26.173861457169266	23.772746713022364	23.803374584385303	26.250017245423063	0.0
196.0	26.229671039198266	23.67154690492089	23.77143267092331	26.327349384957532	0.0
197.0	26.294935046300893	23.7668730615984	23.74148758871119	26.196704303389513	0.0
198.0	26.3164575124444	23.827577453285212	23.559650342703883	26.2963146915665	0.0
199.0	26.171042901449184	23.789775173007516	23.789499243954396	26.249682681588908	0.0
200.0	26.1801485602022	23.721068838780173	23.82895709855082	26.269825502466805	0.0
201.0	26.20636182024878	23.891592993609486	23.664503382890192	26.237541803251546	0.0
202.0	26.21526388547809	23.74017344948139	23.92421863574781	26.12034402929271	0.0
203.0	26.35074542439385	23.64663324236847	23.837852603811694	26.164768729425987	0.0
204.0	26.298042829825807	23.816054148466794	23.696576538791593	26.189326482915803	0.0
205.0	26.15787048406367	23.88917554930728	23.74044937929588	26.212504587333168	0.0
206.0	26.26162009431281	23.691885731945224	23.856339901382682	26.190154272359283	0.0
207.0	26.199535886052022	23.713960117104612	23.801153938484205	26.285350058359157	0.0
208.0	26.210021219002734	23.71506383636258	23.835645165295755	26.239269779338926	0.0
209.0	26.18877462328682	23.775216535921924	23.686643065469866	26.349365775321388	0.0
210.0	26.25479429375569	23.83571093512872	23.783560056289836	26.12593471482575	0.0
211.0	26.239138652737655	23.839363812708843	23.678771774431652	26.24272576012185	0.0
212.0	26.11966038371012	23.77286436043255	23.80349273886686	26.30398251699047	0.0
213.0	26.17733003319454	23.73313024786912	23.851228860210423	26.238310858725917	0.0
214.0	26.235899869760047	23.796660117878194	23.805765877132956	26.1616741352288	0.0
215.0	26.239211054943603	23.78038012405907	23.748372000618087	26.23203682037924	0.0
216.0	26.189819209288977	23.862056025253306	23.73733471667292	26.210790048784794	0.0
217.0	26.28115273393523	23.802730624048035	23.63772322906779	26.27839341294894	0.0
218.0	26.23534800556279	23.657314408070462	23.899582790666873	26.207754795699874	0.0
219.0	26.20196022162866	23.791969272201495	23.856813315379352	26.149257190790493	0.0
220.0	26.176370765465347	23.766097233221213	23.807763095083704	26.249768906229736	0.0
221.0	26.23052598466913	23.67041384524539	23.770301816195097	26.328758353890386	0.0
222.0	26.294411761459585	23.766293970265227	23.745322899305744	26.193971368969436	0.0
223.0	26.315382832419072	23.823964415403804	23.560722287833467	26.299930464343664	0.0
224.0	26.166377854549065	23.789748457522546	23.786161300647894	26.257712387280495	0.0
225.0	26.17824306574983	23.724903698634673	23.82065319367336	26.276200041942143	0.0
226.0	26.21577024536153	23.887429498570654	23.65785145859317	26.23894879747464	0.0
227.0	26.21225541731167	23.73766221582051	23.927782054784313	26.122300312083507	0.0
228.0	26.343600908381	23.649362726026	23.83148042372718	26.175555941865824	0.0
229.0	26.302210522539827	23.81299271805145	23.686614073283057	26.198182686125666	0.0
230.0	26.166725992886374	23.883908245792668	23.74124938259341	26.208116378727546	0.0
231.0	26.2660629189052	23.69130498367839	23.84665689853561	26.195975198880806	0.0
232.0	26.201217981087353	23.70675739439243	23.801127474110313	26.290897150409904	0.0
233.0	26.20535701967147	23.72220980510647	23.828997000576706	26.243436174645353	0.0
234.0	26.193491775730333	23.77850072985047	23.683854714226978	26.344152780192214	0.0
235.0	26.25399418325506	23.845618953537784	23.781877583457046	26.118509279750114	0.0
236.0	26.228128509579168	23.83989006652851	23.683709482037855	26.24827194185447	0.0
237.0	26.121064787348818	23.781667269130054	23.80429413826121	26.292973805259916	0.0
238.0	26.183426646173714	23.726755720872735	23.852307250807804	26.237510382145746	0.0
239.0	26.23537527593819	23.80353200883002	23.794150110375277	26.166942604856512	0.0
240.0	26.240727658071357	23.77610605793006	23.755684828682444	26.22748145531614	0.0
241.0	26.176782284238183	23.867098668668447	23.748150928399532	26.207968118693834	0.0
242.0	26.280591643137285	23.80786778282866	23.63619301543141	26.275347558602647	0.0
243.0	26.238648596428277	23.663363603742855	23.896878191504044	26.201109608324824	0.0
244.0	26.19951969525492	23.790266927981893	23.85485963507881	26.15535374168438	0.0
245.0	26.17125063148567	23.772019180600758	23.80763083140782	26.249099356505752	0.0
246.0	26.226163492146753	23.673755614883202	23.76762459035855	26.33245630261149	0.0
247.0	26.291405173627698	23.76588630609388	23.745730749372555	26.196977770905868	0.0
248.0	26.313653156909417	23.81778118942561	23.56761413526693	26.300951518398048	0.0
249.0	26.170621662368358	23.79900485423489	23.781333009349513	26.24904047404724	0.0
