# Position (bp)	A	C	G	T	N
0.0	25.782104605634014	24.17691241220653	24.13455825220531	25.835428188369363	0.07099654158477688
1.0	25.927754163048284	24.0541158188217	24.155278272925333	25.801301095418744	0.061550649785943906
2.0	25.85750933830564	24.168997434631862	24.175700296753988	25.745388735535528	0.05240419477298625
3.0	25.884055322000854	24.154938158776577	24.231401937488574	25.686955462133675	0.04264911960031682
4.0	25.85337772186907	24.123321342743054	24.121798405789598	25.869825440966395	0.03167708863188482
5.0	25.660515256714785	24.131189475607528	24.233509957975517	25.947378037639318	0.02740727206285401
6.0	25.823314325380032	24.12629886835191	24.200280704745495	25.82879446140919	0.021311640113377925
7.0	25.7960339081072	24.15146027059522	24.119195823884823	25.91626462933934	0.017045368073416833
8.0	25.915207507896802	24.140785237390983	24.18399702995003	25.74935943082157	0.010650793940611173
9.0	25.82079926012461	24.088845891744548	24.11713882398754	25.968348422897197	0.004867601246105919
10.0	25.78416075865824	24.163070157029846	24.099808084771176	25.952960999540743	0.0
11.0	25.951744421228074	24.108019988381677	24.09311690405151	25.84711868633874	0.0
12.0	26.024130830831744	23.95838085592367	24.100112229349342	25.91737608389524	0.0
13.0	25.887569915234902	24.19013902448668	23.944390205328006	25.97790085495041	0.0
14.0	25.848335264651407	24.26708760276285	23.961726446283503	25.92285068630224	0.0
15.0	25.94931126460274	24.074259940205174	24.104978542600012	25.87145025259207	0.0
16.0	25.91463878269174	24.123835506446344	24.087338157066345	25.874187553795576	0.0
17.0	25.80119285503557	24.148167072699678	24.070914349845342	25.97972572241941	0.0
18.0	25.89943155378341	24.124747940180843	24.034417000465343	25.94140350557041	0.0
19.0	25.93015015617824	23.934049289670337	24.189834879908513	25.94596567424291	0.0
20.0	25.94596567424291	24.081863554659343	24.08216769923751	25.89000307186024	0.0
21.0	25.92702985474099	24.141402467213315	24.008187547142263	25.92338013090343	0.0
22.0	25.855251952602252	24.167862965035646	24.058067106255628	25.918817976106475	0.0
23.0	25.870459135258766	24.154784787951044	24.055938100683715	25.918817976106475	0.0
24.0	25.796856371201244	24.27127180709993	23.97655660721672	25.955315214482106	0.0
25.0	25.790469354485513	24.19523589381737	24.158130368135478	25.85616438356164	0.0
26.0	25.957444220054015	24.057458818949364	24.175162412710772	25.809934548285845	0.0
27.0	25.888099467140318	24.167862965035646	24.185503296917197	25.758534270906836	0.0
28.0	25.90087350057179	24.156609649869825	24.237511861602474	25.70500498795591	0.0
29.0	25.8738047154432	24.121024842453586	24.13805688702888	25.867113555074333	0.0
30.0	25.67937881889213	24.13037990468167	24.239263001341268	25.95097827508493	0.0
31.0	25.83388332476665	24.116389339189094	24.21675643946191	25.832970896582346	0.0
32.0	25.816547189264977	24.14589118381474	24.125513621032077	25.912048005888206	0.0
33.0	25.928775855933672	24.136766901971757	24.19516230576685	25.739294936327724	0.0
34.0	25.825671471107963	24.093274491853535	24.123384621935383	25.95766941510312	0.0
35.0	25.806206336509597	24.155015465657723	24.088408208203944	25.950369989628737	0.0
36.0	25.945807848707243	24.1136520546362	24.078371498176665	25.862168598479897	0.0
37.0	26.026101528925494	23.97192154334186	24.098749060959328	25.90322786677332	0.0
38.0	25.889541444008845	24.191208450301556	23.942115555988114	25.977134549701486	0.0
39.0	25.822630043826965	24.267244132326418	23.964317975139373	25.945807848707243	0.0
40.0	25.94763270507584	24.068334788149382	24.106656771889913	25.877375734884865	0.0
41.0	25.90383615222952	24.122168051022985	24.09570763367833	25.878288163069165	0.0
42.0	25.801948338316205	24.155319608385824	24.083541924554357	25.959190128743614	0.0
43.0	25.890149729465044	24.13007576195357	24.033358374417947	25.946416134163442	0.0
44.0	25.92025985954689	23.93512027324183	24.197899590319746	25.94672027689154	0.0
45.0	25.95067413235683	24.08019635454526	24.073505214527074	25.895624298570834	0.0
46.0	25.918964457988892	24.141559760822886	24.019903039593178	25.919572741595044	0.0
47.0	25.83745445476499	24.179881628010243	24.05640005596209	25.926263861262676	0.0
48.0	25.87881773998309	24.151596440324337	24.053966921537498	25.915618898155074	0.0
49.0	25.795787027743817	24.279944281221677	23.970023783889	25.954244907145508	0.0
50.0	25.773584676119395	24.185052038662505	24.181402337025617	25.859960948192484	0.0
51.0	25.962456735828514	24.040280540399156	24.182010620631765	25.81525210314057	0.0
52.0	25.88185915801383	24.184443755056357	24.178665060797947	25.755032026131865	0.0
53.0	25.91866031618582	24.141255619019812	24.231889876335945	25.708194188458428	0.0
54.0	25.87243076211853	24.108712446090866	24.14034319361059	25.878513598180014	0.0
55.0	25.68956340576955	24.129624842226917	24.23820313569245	25.942608616311073	0.0
56.0	25.84467525357746	24.113809516568075	24.202314512081998	25.83920071777247	0.0
57.0	25.823993673869737	24.136315941544122	24.12323788378777	25.91645250079837	0.0
58.0	25.933180249091382	24.147265013154094	24.18771574993537	25.731838987819156	0.0
59.0	25.82551437826001	24.085524414908985	24.147569154032148	25.941392052798857	0.0
60.0	25.81274046138171	24.144831886129655	24.082178865250384	25.96024878723825	0.0
61.0	25.954774251433264	24.105597712860597	24.083699569640658	25.855928466065482	0.0
62.0	26.025943216898067	23.963563922809044	24.112288812177802	25.898204048115087	0.0
63.0	25.904591006554234	24.186803327301206	23.94136163871105	25.967244027433505	0.0
64.0	25.818214997186693	24.26314268769294	23.965997049833483	25.952645265286883	0.0
65.0	25.940479630164692	24.066059398713485	24.120804756763334	25.872656214358493	0.0
66.0	25.90793655621284	24.132666251007468	24.088261682811478	25.87113550996822	0.0
67.0	25.810915616113384	24.147265013154094	24.088261682811478	25.953557687921048	0.0
68.0	25.87904317279764	24.13084140573914	24.03807843793245	25.952036983530775	0.0
69.0	25.91371523289588	23.938624370808558	24.193798567496465	25.953861828799102	0.0
70.0	25.959336364604084	24.077920892957618	24.07548776593318	25.88725497650512	0.0
71.0	25.92245647757272	24.142021192471926	24.026143870363388	25.909378459591963	0.0
72.0	25.828781372036158	24.179126266742905	24.06902760374214	25.9230647574788	0.0
73.0	25.86466988649497	24.174564167447294	24.064465504446524	25.896300441611213	0.0
74.0	25.801712916215525	24.283750410588937	23.97687319797078	25.93766347522476	0.0
75.0	25.77555688025402	24.17365174758817	24.189771165099334	25.861020207058484	0.0
76.0	25.951045633158554	24.0471295271232	24.185513205756763	25.816311633961487	0.0
77.0	25.886263823160867	24.182775946179394	24.176997287071618	25.75396294358812	0.0
78.0	25.93097239625786	24.14323775228409	24.22870107908855	25.69708877236949	0.0
79.0	25.853720848185503	24.121947955571237	24.14262947237801	25.881701723865252	0.0
80.0	25.692752671101015	24.127044954789735	24.241705368357984	25.93849700575127	0.0
81.0	25.84269321192103	24.104234527687296	24.235318448769302	25.817753811622367	0.0
82.0	25.81592897745417	24.13130290118219	24.128869788957928	25.92389833240571	0.0
83.0	25.924810749489808	24.147726408695945	24.208858353330477	25.718604488483777	0.0
84.0	25.8302235117717	24.08781102017354	24.13738568174284	25.944579786311916	0.0
85.0	25.804067555360906	24.14468501841562	24.09602277393042	25.955224652293058	0.0
86.0	25.954008096180925	24.115183532696467	24.079903405444696	25.850904965677913	0.0
87.0	26.021831099432173	23.96919679924087	24.12065803520105	25.888314066125908	0.0
88.0	25.903216878499503	24.18361481400378	23.951556735614986	25.961611571881736	0.0
89.0	25.813191726201882	24.28245999811434	23.96706782604464	25.93728044963914	0.0
90.0	25.93393492033078	24.070170956547656	24.121266313257117	25.87462780986445	0.0
91.0	25.904737573639665	24.13525670854661	24.095718634902386	25.864287082911343	0.0
92.0	25.805284111473036	24.158979552733147	24.093589661706158	25.942146674087656	0.0
93.0	25.889530622238038	24.147726408695945	24.03397841221179	25.92876455685423	0.0
94.0	25.921769359209485	23.938174618381556	24.202167294713757	25.937888727695203	0.0
95.0	25.970127464666646	24.072604068771916	24.084465490865185	25.872802975696253	0.0
96.0	25.91347879245007	24.14369917091953	24.036034282446973	25.90678775418342	0.0
97.0	25.831665642735054	24.176241947943723	24.074051545325702	25.91804086399552	0.0
98.0	25.868162215098632	24.16164331899829	24.067664645162075	25.902529820740998	0.0
99.0	25.80033941812298	24.280257179179923	23.984939081137963	25.93446432155913	0.0
100.0	25.787261479692695	24.169550909677064	24.190536438786122	25.85265117184411	0.0
101.0	25.950279502916686	24.053066016216643	24.187190919652796	25.809463561213875	0.0
102.0	25.88914774420769	24.172896428810393	24.189319886374005	25.74863594060791	0.0
103.0	25.914087068656134	24.152215037804368	24.241935778198165	25.691762115341334	0.0
104.0	25.83805254289868	24.118759846471086	24.16529297623465	25.877894634395588	0.0
105.0	25.69198811431908	24.127810607696496	24.24642410712928	25.933777170855144	0.0
106.0	25.850443584074164	24.08553553994994	24.245815832773214	25.818205043202685	0.0
107.0	25.815163671422358	24.135414037147314	24.13936782046174	25.910054470968586	0.0
108.0	25.918570311953502	24.142105055064036	24.21327315472371	25.726051478258753	0.0
109.0	25.833411902104324	24.080669345101416	24.137542997393542	25.948375755400715	0.0
110.0	25.809385065039734	24.148491935802724	24.09313896940076	25.948984029756783	0.0
111.0	25.960237105343992	24.11077892572666	24.07793211049912	25.851051858430225	0.0
112.0	26.02136867812858	23.954756553395843	24.136934723037477	25.886940045438095	0.0
113.0	25.90518827612006	24.174951870291576	23.95293173032765	25.966928123260715	0.0
114.0	25.810297476573833	24.277750236466655	23.97391719561191	25.9380350913476	0.0
115.0	25.92921511318465	24.072457641294527	24.126289921806332	25.872037323714487	0.0
116.0	25.910358608146616	24.12081545260174	24.101350673207644	25.867475266044	0.0
117.0	25.804823007369244	24.151533307583055	24.102871359097808	25.940772325949897	0.0
118.0	25.873862146782685	24.14910021015879	24.04843080422994	25.928606838828582	0.0
119.0	25.921003409377764	23.942895203452565	24.20475731373879	25.93134407343088	0.0
120.0	25.978485336025965	24.059683879817154	24.10439204498797	25.857438739168913	0.0
121.0	25.91652017348037	24.140657789889232	24.046679116053017	25.896142920577375	0.0
122.0	25.83744426669262	24.16863849536798	24.071314302398434	25.922602935540972	0.0
123.0	25.871507734231958	24.151302623495276	24.078917754974178	25.898271887298584	0.0
124.0	25.810071837419933	24.271133036089026	24.021131515398512	25.897663611092526	0.0
125.0	25.80033941812298	24.164684700028587	24.18262884810735	25.85234703374108	0.0
126.0	25.955449850668195	24.057628087762094	24.172592290707364	25.814329770862354	0.0
127.0	25.886410501280423	24.178066776561902	24.201181272392166	25.73434144976551	0.0
128.0	25.921082245025822	24.14552399953771	24.238590259064836	25.694803496371634	0.0
129.0	25.844743581165336	24.11541432733776	24.164380561925558	25.875461529571346	0.0
130.0	25.682716083175944	24.13039048409809	24.264211656432387	25.922681776293576	0.0
131.0	25.868623705884502	24.086363581065463	24.244212216693633	25.800800496356402	0.0
132.0	25.821786153116218	24.12651005486685	24.144454312096254	25.90724947992068	0.0
133.0	25.906415851822562	24.153043689837133	24.21417600632613	25.726364452014174	0.0
134.0	25.83585516811387	24.08643683754315	24.13814078681245	25.93956720753053	0.0
135.0	25.81912741982086	24.144831886129655	24.096473486518953	25.93956720753053	0.0
136.0	25.965419182165178	24.103468726714215	24.082787147006492	25.848324944114115	0.0
137.0	26.01073617299533	23.947748597150202	24.15273954895908	25.888775680895392	0.0
138.0	25.900637175139522	24.167338311105706	23.957176964369896	25.974847549384876	0.0
139.0	25.805136939430344	24.28899466232759	23.96660533158959	25.939263066652472	0.0
140.0	25.93500509435971	24.064842835201265	24.133882814519687	25.866269255919345	0.0
141.0	25.920710473091134	24.114721939202237	24.10651013549476	25.858057452211863	0.0
142.0	25.793275445186207	24.155172675983515	24.10042731793367	25.951124560896606	0.0
143.0	25.87721832752931	24.142702899983274	24.047202664274092	25.932876108213325	0.0
144.0	25.93713408050609	23.93041256710108	24.19410270837452	25.93835064401831	0.0
145.0	25.965723323043232	24.0478109460302	24.107726699006978	25.878739031919583	0.0
146.0	25.91075262930589	24.141255619019812	24.047275801869862	25.900715949804436	0.0
147.0	25.831754325669948	24.175088885712288	24.073809357255172	25.91934743136259	0.0
148.0	25.88072130489396	24.142849756533746	24.08688749456345	25.889541444008845	0.0
149.0	25.818980331089776	24.275455985985104	24.016630524372477	25.888933158552646	0.0
150.0	25.78887020100793	24.158665178394916	24.188471165748663	25.863993454848494	0.0
151.0	25.979038419426264	24.02613202267695	24.18732815883598	25.807501399060804	0.0
152.0	25.90148178787805	24.1724251198326	24.216525949536486	25.709567142752864	0.0
153.0	25.92398841820969	24.141706610866446	24.241161585440036	25.69314338548383	0.0
154.0	25.845215212048956	24.102776223265774	24.167862965035646	25.884145599649628	0.0
155.0	25.688659361113896	24.11045314500701	24.275907795529683	25.92497969834941	0.0
156.0	25.876395267495973	24.07007512393929	24.248912679826027	25.80461692873871	0.0
157.0	25.81769518537668	24.117825967943062	24.1363788436388	25.928100003041454	0.0
158.0	25.919054469583834	24.148618110703218	24.210968128495782	25.721359291217166	0.0
159.0	25.851229816082654	24.073493942923882	24.15105128212927	25.924224958864194	0.0
160.0	25.818382001830965	24.13219420357737	24.10421273217778	25.945211062413886	0.0
161.0	25.961330823111478	24.104516878606034	24.0956966321866	25.838455666095882	0.0
162.0	26.017597912338918	23.947881468053982	24.151355428557526	25.883165191049578	0.0
163.0	25.915100566016502	24.142839328566346	23.976775378738342	25.96528472667881	0.0
164.0	25.826593955393882	24.287917174844655	23.961872203753774	25.923616666007682	0.0
165.0	25.950381551694246	24.072581503639114	24.123373957157934	25.853662987508706	0.0
166.0	25.93061203385758	24.098433950040906	24.106037610747318	25.864916405354194	0.0
167.0	25.799524923279066	24.15074713570101	24.10421273217778	25.945515208842146	0.0
168.0	25.878907141053993	24.124286396442702	24.055549303656754	25.941257158846554	0.0
169.0	25.936390815994454	23.932370000212902	24.199410564222042	25.931828619570606	0.0
170.0	25.969846923102658	24.051899546517674	24.11029566074291	25.86795786963676	0.0
171.0	25.924607954061585	24.11766852804847	24.05136440502695	25.906359112862997	0.0
172.0	25.826446909397273	24.175225906133758	24.078506753612523	25.91982043085645	0.0
173.0	25.881193599503632	24.132949295440515	24.09249757441748	25.893359530638378	0.0
174.0	25.812456088592313	24.288977362243642	24.015243911711835	25.88332263745221	0.0
175.0	25.79846526778735	24.149069154194052	24.196516285619566	25.855949292399032	0.0
176.0	25.980424957267033	24.015925252291765	24.18959444745214	25.814055342989057	0.0
177.0	25.8976963739332	24.16891230161868	24.225484053457265	25.70790727099086	0.0
178.0	25.937539919582953	24.132718546410125	24.24403715486669	25.68570437914023	0.0
179.0	25.849032501383878	24.086183718284843	24.167391555601515	25.897392224729764	0.0
180.0	25.71406846419393	24.092035828885138	24.27330930547318	25.920586401447753	0.0
181.0	25.887208623290668	24.06078154654728	24.243576329748407	25.808433500413646	0.0
182.0	25.82759501678914	24.122828361477445	24.120699304102388	25.928877317631027	0.0
183.0	25.92256898927256	24.14723388983007	24.207455981604888	25.72274113929248	0.0
184.0	25.838623043162208	24.079103846610074	24.154533537317928	25.927739572909793	0.0
185.0	25.81429088486935	24.12472664340918	24.104956764796235	25.956025706925235	0.0
186.0	25.972754065751573	24.10343600490293	24.090965773777842	25.832844155567653	0.0
187.0	26.02202668629461	23.939802240383475	24.149667105659354	25.88850396766256	0.0
188.0	25.92348144520854	24.122901731537212	23.97234650210017	25.981270321154078	0.0
189.0	25.830410939738368	24.280756608462116	23.963526094719008	25.92530635708051	0.0
190.0	25.96089213858381	24.0742374149515	24.11651453998534	25.848355906479348	0.0
191.0	25.93047694071774	24.114081324156054	24.101306941052307	25.8541347940739	0.0
192.0	25.81794070861328	24.122901731537212	24.097657117308376	25.96150044254113	0.0
193.0	25.87725034445212	24.128680619131767	24.050209408637308	25.94385962777881	0.0
194.0	25.942643019864164	23.909387042517405	24.20776013358355	25.94020980403488	0.0
195.0	25.96940839398631	24.060854727890433	24.118947755814627	25.850789122308637	0.0
196.0	25.928730891593823	24.108375762663407	24.04632857029886	25.916564775443913	0.0
197.0	25.83969268297134	24.170496470294818	24.083812629075283	25.905998217658567	0.0
198.0	25.88379498815321	24.133085549347438	24.088070782679047	25.895048679820302	0.0
199.0	25.82630991450236	24.2778627718755	24.01294478695545	25.88288252666669	0.0
200.0	25.804714992654688	24.144947548672217	24.200911853178862	25.849425605494236	0.0
201.0	25.990936188332626	24.014538597238275	24.192469128292476	25.802056086136627	0.0
202.0	25.924022142466086	24.15292901028043	24.20615609221972	25.71689275503376	0.0
203.0	25.936492487377578	24.12068860636292	24.249041912525094	25.693776993734414	0.0
204.0	25.840683739886856	24.083277571628443	24.169353366993125	25.906685321491572	0.0
205.0	25.72366239936249	24.109204055003513	24.263410984278195	25.903722561355803	0.0
206.0	25.874298158635916	24.063653894117003	24.244322916983496	25.81772503026358	0.0
207.0	25.812250211388836	24.118097926260273	24.122051962114252	25.947599900236636	0.0
208.0	25.922737904415456	24.134595789851478	24.217326637812256	25.72533966792081	0.0
209.0	25.85080982434796	24.079689757432895	24.144171545890046	25.9253288723291	0.0
210.0	25.811269105011025	24.128963576914302	24.101589232757963	25.958178085316707	0.0
211.0	25.962740476009426	24.09276861075203	24.085772945023194	25.858717968215345	0.0
212.0	26.030872177020758	23.930955820850127	24.150863052239373	25.887308949889743	0.0
213.0	25.941753478822903	24.112843129800016	23.970496540187057	25.97490685119002	0.0
214.0	25.84320583986009	24.27496007908144	23.958634324385976	25.923199756672492	0.0
215.0	25.954528172762526	24.066306744734238	24.125313664360124	25.85385141814311	0.0
216.0	25.938711885027754	24.09276861075203	24.119230476769825	25.849289027450382	0.0
217.0	25.813094061288115	24.134742605125087	24.084556307505135	25.96760702608167	0.0
218.0	25.883659037335566	24.119534636149343	24.048361341342865	25.94844498517223	0.0
219.0	25.937799406889212	23.917572808151473	24.20926165310623	25.935366131853094	0.0
220.0	25.975211010569538	24.059615238384914	24.119230476769825	25.84594327427572	0.0
221.0	25.920845322318677	24.107137425708846	24.052084410567744	25.919932841404737	0.0
222.0	25.827242504706895	24.175038704516492	24.09382765616398	25.903891134612632	0.0
223.0	25.87621246270223	24.14249345292953	24.088961076487426	25.89233300788082	0.0
224.0	25.838800631438712	24.26993700820931	24.020220638556086	25.87104172179589	0.0
225.0	25.79652222049864	24.13732271202319	24.211538052090653	25.854617015387515	0.0
226.0	25.987006192741475	24.01542710449795	24.19518693806042	25.802379764700156	0.0
227.0	25.92739041037558	24.15169174990571	24.212828343046244	25.708089496672464	0.0
228.0	25.940165220882555	24.127358777511468	24.237769639750343	25.694706361855634	0.0
229.0	25.841312520530945	24.083863589356756	24.171158127821105	25.903665762291194	0.0
230.0	25.725965647612764	24.103549908902604	24.269319795966165	25.90116464751847	0.0
231.0	25.87903932256181	24.04796087210434	24.247493673350203	25.82550613198365	0.0
232.0	25.807560346505742	24.11974401401596	24.131302316527155	25.94139332295114	0.0
233.0	25.927176389357815	24.132592383055478	24.213500746729448	25.726730480857263	0.0
234.0	25.85569719588645	24.08057986355078	24.14262988681954	25.921093053743228	0.0
235.0	25.82375968390988	24.117384044019015	24.102479871763286	25.956376400307818	0.0
236.0	25.955159733184903	24.091225700876304	24.0766256954013	25.87698887053749	0.0
237.0	26.03971809822762	23.932450641335656	24.155709058390897	25.872122202045826	0.0
238.0	25.93964722736771	24.118600711141934	23.967733987900246	25.97401807359011	0.0
239.0	25.82893051918228	24.2931924432805	23.953438149205972	25.924438888331245	0.0
240.0	25.948766314764672	24.07770239435334	24.12668471812346	25.84015333597006	0.006693236788463295
241.0	25.948716075982496	24.080498597087054	24.1097132701566	25.84798631779478	0.013085738979068905
242.0	25.807266617151065	24.139159127713718	24.08345407834017	25.95155182700386	0.018568349791182166
243.0	25.884190527226004	24.114287106163758	24.053392441754255	25.925294425702422	0.022835499153564167
244.0	25.927369741859245	23.902384055940647	24.216684736925455	25.924019637701463	0.029541827573184548
245.0	25.960272970996833	24.04277358030709	24.11223495003656	25.849987813794783	0.03473068486473312
246.0	25.918658362685715	24.094748260185987	24.05635656741703	25.887884069275675	0.04235274043559337
247.0	25.805557079211844	24.172807001505372	24.09174848700931	25.87960677478532	0.05028065748816119
248.0	25.861385897224913	24.13556656731701	24.090767796083306	25.851024276667463	0.061255462707308604
249.0	25.81567286535379	24.251982421815477	24.03164560819665	25.83030103555255	0.07039806908153376
