# Position (bp)	A	C	G	T	N
0.0	26.18122078763478	23.77365912351335	23.82890230922301	26.21621777962886	0.0
1.0	26.208697764820215	23.751677541765005	23.805763802119486	26.23386089129529	0.0
2.0	26.21967972652104	23.726382216926428	23.707294218360918	26.346643838191614	0.0
3.0	26.24728160281325	23.76428604478993	23.763129280029613	26.2253030723672	0.0
4.0	26.218884467681487	23.787477444130847	23.83172164900754	26.16191643918012	0.0
5.0	26.329303519845944	23.829585442937322	23.735611079143766	26.105499958072976	0.0
6.0	26.332635547742413	23.720276646928202	23.746009900074018	26.201077905255367	0.0
7.0	26.198846978957658	23.71730745878557	23.745641476375788	26.338204085880985	0.0
8.0	26.34320936256823	23.70275927467851	23.673848182070497	26.280183180682766	0.0
9.0	26.28118956141644	23.786602834849628	23.654198069434447	26.278009534299485	0.0
10.0	26.253729099697047	23.787608982215954	23.702620198422792	26.256041719664207	0.0
11.0	26.266372579344317	23.73117026904365	23.7118021328076	26.290655018804436	0.0
12.0	26.354830037377614	23.66699525047047	23.732615652344847	26.24555905980707	0.0
13.0	26.239199373281803	23.783782221207243	23.833503406768443	26.143514998742518	0.0
14.0	26.216362317122876	23.801704974142094	23.620742984832148	26.361189723902882	0.0
15.0	26.27706841577318	23.598484081993703	23.67422216697646	26.450225335256654	0.0
16.0	26.280537335696053	23.719896279294307	23.756319938484488	26.243246446525152	0.0
17.0	26.12414686250647	23.874552292522456	23.73724087890868	26.264059966062398	0.0
18.0	26.253075052973294	23.738975338870116	23.72943580908221	26.278513799074375	0.0
19.0	26.074425676945268	23.71671643603167	23.947688687563055	26.261169199460006	0.0
20.0	26.166565490128065	23.896453039632295	23.72300754487902	26.213973925360623	0.0
21.0	26.248084872662098	23.720116786633135	23.901078252825716	26.13072008787905	0.0
22.0	26.236232763853963	23.79961263839505	23.664903304136676	26.29925129361432	0.0
23.0	26.238834446275256	23.922758939669876	23.67993524701529	26.158471367039578	0.0
24.0	26.2842193507357	23.760298326250975	23.77619749660336	26.179284826409965	0.0
25.0	26.18564449455092	23.769259676813228	23.82360593183592	26.22148989679993	0.0
26.0	26.209059636342612	23.752493278987078	23.809441216431072	26.22900586823924	0.0
27.0	26.235365536380193	23.71433527014136	23.717226028387245	26.333073165091204	0.0
28.0	26.229873095713007	23.777931951550894	23.75885294712803	26.233342005608073	0.0
29.0	26.21223947041309	23.788338681236088	23.83314543404735	26.166276414303475	0.0
30.0	26.32151013210765	23.84326308790796	23.744399155898595	26.0908276240858	0.0
31.0	26.31717399473882	23.726765530598676	23.7597201746018	26.196340300060704	0.0
32.0	26.203278119850836	23.721562165756076	23.747289914144478	26.327869800248603	0.0
33.0	26.33596392333709	23.70450669210534	23.66634868325962	26.293180701297953	0.0
34.0	26.27207816610297	23.786604226288553	23.662301621715375	26.2790159858931	0.0
35.0	26.25531176827682	23.787471453762322	23.69236550747261	26.264851270488247	0.0
36.0	26.254657720759344	23.727853242409612	23.7203372926971	26.297151744133945	0.0
37.0	26.349185242143662	23.675819744399895	23.730165842321156	26.244829171135287	0.0
38.0	26.243961946168454	23.778730440463562	23.82902948853962	26.148278124828362	0.0
39.0	26.216788897207827	23.793184189910704	23.617715671622374	26.372311241259094	0.0
40.0	26.278361869852656	23.602394697208403	23.673796219477296	26.44544721346164	0.0
41.0	26.291659319344028	23.721782667641815	23.76051871616016	26.226039296853997	0.0
42.0	26.12197230083456	23.879906686593568	23.74143976688993	26.25668124568194	0.0
43.0	26.25147789588097	23.736236417088957	23.735080117133187	26.27720556989689	0.0
44.0	26.08207995236044	23.714844867907185	23.948128383984088	26.254946795748285	0.0
45.0	26.17190661748552	23.888798954707863	23.721135945792817	26.218158482013802	0.0
46.0	26.248800342263795	23.72026872333291	23.900072846686633	26.130858087716664	0.0
47.0	26.23839367274493	23.79687337395789	23.672860562191413	26.291872391105763	0.0
48.0	26.23839367274493	23.918284518344645	23.681243712637166	26.162078096273255	0.0
49.0	26.286379982193033	23.76478614294139	23.772012996773935	26.17682087809165	0.0
50.0	26.19329810482985	23.75380132511592	23.823468196061654	26.22943237399258	0.0
51.0	26.21237699894777	23.745707248823468	23.814795971462598	26.227119780766163	0.0
52.0	26.225963484152953	23.724315761479133	23.718245204259798	26.331475550108113	0.0
53.0	26.22047107524022	23.767965958627705	23.76536429124799	26.24619867488408	0.0
54.0	26.216424037093994	23.784154111212608	23.844859683405986	26.15456216828741	0.0
55.0	26.32598314119538	23.841101719413064	23.74773076789658	26.085184371494975	0.0
56.0	26.32453777042887	23.734433356844697	23.751777806042806	26.189251066683628	0.0
57.0	26.204861070961922	23.719690575026306	23.7503324352763	26.325115918735477	0.0
58.0	26.342460367933583	23.695697420302256	23.674595007111225	26.287247204652935	0.0
59.0	26.279442202513785	23.78877929766544	23.657828706219718	26.273949793601055	0.0
60.0	26.261230530855773	23.78646670443902	23.684423528323485	26.26787923638172	0.0
61.0	26.259998323374756	23.72337996085947	23.72366903417714	26.292952681588634	0.0
62.0	26.354814371569063	23.67076861704434	23.7340756736131	26.240341337773497	0.0
63.0	26.250169830574126	23.77425686476861	23.834095041525384	26.14147826313188	0.0
64.0	26.218660838948583	23.777725744580597	23.629142059300502	26.37447135717032	0.0
65.0	26.27271754935204	23.598500287627953	23.686089502880616	26.44269266013939	0.0
66.0	26.28861658182365	23.725114400765467	23.75546709912035	26.230801918290535	0.0
67.0	26.126446450613265	23.878901405763546	23.733786600295435	26.260865543327753	0.0
68.0	26.256818516880436	23.733786600295435	23.736677333472088	26.27271754935204	0.0
69.0	26.076436766657128	23.719043861094487	23.9422084623323	26.26231090991608	0.0
70.0	26.170020871033202	23.885770117999385	23.727358397844675	26.216850613122734	0.0
71.0	26.24662507877225	23.720131585793823	23.905716119259743	26.127527216174183	0.0
72.0	26.233616817080712	23.805986112957964	23.675614423560564	26.284782646400757	0.0
73.0	26.220897627871214	23.921904178253655	23.6886226852521	26.168575508623032	0.0
74.0	26.275821399457698	23.772742777524037	23.77505535738031	26.176380465637955	0.0
75.0	26.188232437401354	23.76233616817081	23.818416229685432	26.231015164742406	0.0
76.0	26.211358235964084	23.7368977897518	23.81552550486509	26.236218469419022	0.0
77.0	26.23882012175733	23.714639208635173	23.712615701260933	26.33392496834656	0.0
78.0	26.226679077511893	23.76031266079657	23.766961327883354	26.24604693380818	0.0
79.0	26.216850613122734	23.786329184179642	23.852815855047492	26.144004347650128	0.0
80.0	26.322072996583163	23.845878115478676	23.743546456838587	26.088502431099574	0.0
81.0	26.323807431475366	23.733139847485358	23.753085848745712	26.189966872293557	0.0
82.0	26.20760029369764	23.724467673024336	23.747593471587066	26.32033856169096	0.0
83.0	26.35184746223268	23.696716714749055	23.670989263848018	26.280446559170244	0.0
84.0	26.27206345719126	23.785172894251506	23.66000450953072	26.282759139026517	0.0
85.0	26.255586325715306	23.799337445871178	23.68573196043176	26.259344267981753	0.0
86.0	26.261291861187797	23.71485972798358	23.72757888042551	26.29626953040311	0.0
87.0	26.351482214866955	23.66658476303352	23.740298032867447	26.241634989232082	0.0
88.0	26.24712735051383	23.777877346900432	23.82788674172894	26.147108560856807	0.0
89.0	26.214462254469773	23.781924349950135	23.632474308757427	26.37113908682267	0.0
90.0	26.27950337491147	23.598074782834928	23.67496784077934	26.447454001474263	0.0
91.0	26.289331810889326	23.72671166548629	23.757931403298308	26.226025120326074	0.0
92.0	26.138725483110992	23.867489557286774	23.74116524780667	26.252619711795568	0.0
93.0	26.25840114472372	23.73509474323211	23.74463410756356	26.26187000448061	0.0
94.0	26.083223727000735	23.71977394597251	23.940913755474295	26.25608857155246	0.0
95.0	26.1591739512511	23.886788307663846	23.726064936866937	26.22797280421812	0.0
96.0	26.2487859025947	23.722017945515933	23.904710697932565	26.1244854539568	0.0
97.0	26.229129087461267	23.80787197631932	23.687040377410852	26.275958558808565	0.0
98.0	26.21987882151612	23.923211229822858	23.689352943897138	26.167557004763886	0.0
99.0	26.27364599232228	23.765089496323018	23.779253966051524	26.182010545303175	0.0
100.0	26.18172147449239	23.769136487674018	23.819145737939966	26.22999629989362	0.0
101.0	26.211495768003328	23.734158919568937	23.828974145506685	26.225371166921047	0.0
102.0	26.235199574487766	23.715080246057074	23.717681883354146	26.33203829610101	0.0
103.0	26.227683733407336	23.757862726053375	23.759308080107303	26.25514546043199	0.0
104.0	26.217277184219046	23.78503538226724	23.86308450117941	26.134602932334307	0.0
105.0	26.320764534480368	23.844005827667544	23.74861246010823	26.08661717774386	0.0
106.0	26.329147587993155	23.719127237408074	23.759886221728873	26.191838952869894	0.0
107.0	26.204558068544472	23.714213033624716	23.75612830118866	26.325100596642155	0.0
108.0	26.351406040423665	23.697446926599138	23.670274270385274	26.280872762591923	0.0
109.0	26.28318532907821	23.7859025946996	23.660734933629342	26.27017714259285	0.0
110.0	26.265262938809492	23.792262152536885	23.689642014707925	26.252832893945698	0.0
111.0	26.268944923497635	23.711831923153635	23.724840072036237	26.294383081312496	0.0
112.0	26.353064286271778	23.658064907772225	23.743918690397383	26.24495211555861	0.0
113.0	26.246686535409623	23.76848963828674	23.83324131272457	26.151582513579065	0.0
114.0	26.22760791704848	23.78149778716934	23.628290700329828	26.36260359545235	0.0
115.0	26.27819516270303	23.59157881348338	23.675987246232697	26.45423877758089	0.0
116.0	26.281664002405066	23.730910541514785	23.769934988162582	26.21749046791757	0.0
117.0	26.1353945949696	23.8543434209119	23.75259078965245	26.25767119446604	0.0
118.0	26.25420235476402	23.727441701812758	23.747098460124242	26.27125748329898	0.0
119.0	26.085096419290217	23.710097503302624	23.945978603040437	26.25882747436672	0.0
120.0	26.164377225845243	23.88303038712363	23.715080246057074	26.23751214097405	0.0
121.0	26.250520327459416	23.70987697146293	23.906734193608067	26.132868507469592	0.0
122.0	26.23230886637991	23.796887285509456	23.679813607141206	26.290990240969425	0.0
123.0	26.220167892326906	23.910203043337496	23.694267147680495	26.175361916655106	0.0
124.0	26.27827112529485	23.75670644281023	23.78503538226724	26.17998704962768	0.0
125.0	26.18056519124925	23.765956708755375	23.825794366588042	26.227683733407336	0.0
126.0	26.201956431247396	23.737049627676797	23.829841357939042	26.231152583136762	0.0
127.0	26.24040284908191	23.710166042273713	23.721439803894363	26.327991304750007	0.0
128.0	26.224214883677906	23.754972017945516	23.764511354701447	26.25630174367513	0.0
129.0	26.21496461773276	23.783879099024098	23.86163914712548	26.13951713611766	0.0
130.0	26.328569446371585	23.82839600388511	23.755839230377873	26.08719531936543	0.0
131.0	26.330592942047083	23.722017945515933	23.748901530919014	26.19848758151797	0.0
132.0	26.196464085842468	23.7104551130845	23.76769113362009	26.325389667452942	0.0
133.0	26.353429536099167	23.699759493085427	23.668828916331343	26.277982054484067	0.0
134.0	26.29012302853707	23.775496045511307	23.663047500115628	26.27133342583599	0.0
135.0	26.24936404421627	23.797754497941817	23.690798297951066	26.26208315989085	0.0
136.0	26.265917007530316	23.715726942922803	23.735961958171334	26.28239409137555	0.0
137.0	26.346857068524432	23.663404974923036	23.747524824027636	26.242213132524896	0.0
138.0	26.242502204171302	23.76689262433694	23.838871464292424	26.15173370719933	0.0
139.0	26.21879832916588	23.7804789917181	23.63305245205024	26.367670227065776	0.0
140.0	26.28557387948603	23.587668203564252	23.679014843829044	26.447743073120673	0.0
141.0	26.286441094425257	23.71977394597251	23.770939627386646	26.222845332215588	0.0
142.0	26.138725483110992	23.849278043563096	23.758220474944718	26.2537759983812	0.0
143.0	26.260135574602167	23.719484874326103	23.749837397198895	26.27054215387284	0.0
144.0	26.074337879479902	23.71088126636873	23.954569368723515	26.260211485427853	0.0
145.0	26.163234392886466	23.885040990714938	23.72171409409942	26.230010522299178	0.0
146.0	26.258917937629363	23.702057051674895	23.901807291606442	26.1372177190893	0.0
147.0	26.22827607737937	23.79282633581166	23.68008741602396	26.298810170785007	0.0
148.0	26.216424037093994	23.905276181446062	23.696853716915463	26.181446064544478	0.0
149.0	26.278864054207183	23.758137437415446	23.78935744597204	26.173641062405327	0.0
150.0	26.175086433171835	23.766231513707897	23.825202640981463	26.2334794121388	0.0
151.0	26.205439219268527	23.737035024224415	23.825202640981463	26.232323115525595	0.0
152.0	26.236659227825122	23.7026351999815	23.72691742885885	26.33378814333453	0.0
153.0	26.228565151532674	23.748308916203182	23.775770960766856	26.247354971497288	0.0
154.0	26.208908109108147	23.785310407825815	23.87232172796966	26.13345975509638	0.0
155.0	26.33320999502792	23.826648011747974	23.76189540140837	26.078246591815734	0.0
156.0	26.33667888486755	23.708416683047535	23.74917613866309	26.205728293421828	0.0
157.0	26.19300903067655	23.711018350427253	23.767965958627705	26.328006660268493	0.0
158.0	26.359226668825087	23.698588161835275	23.66707907912538	26.275106090214262	0.0
159.0	26.283200166506717	23.783286888752702	23.66274296682585	26.27076997791474	0.0
160.0	26.251980157950115	23.78791207520553	23.70436964490131	26.25573812194304	0.0
161.0	26.26072829552714	23.726118792475955	23.744619591768302	26.2685333202286	0.0
162.0	26.35005246711049	23.658475245063322	23.74837756662456	26.243094721201626	0.0
163.0	26.245407321113166	23.764276691016416	23.843194162997825	26.14712182487259	0.0
164.0	26.216788897207827	23.77468339061836	23.64055259574886	26.36797511642495	0.0
165.0	26.287901344487775	23.583604822927114	23.68853904391338	26.439954788671727	0.0
166.0	26.294839144222404	23.718891917752387	23.771792640728933	26.21447629729628	0.0
167.0	26.143652925005274	23.853022712621883	23.756182591326017	26.247141771046827	0.0
168.0	26.266798870294945	23.709063368128326	23.752713691458702	26.271424070118027	0.0
169.0	26.065388951521985	23.712600815193827	23.953400977076285	26.268609256207903	0.0
170.0	26.17510002081358	23.872886843505007	23.728926250549247	26.22308688513217	0.0
171.0	26.2447676973243	23.708979903332487	23.91509215790569	26.131160241437524	0.0
172.0	26.22944659004186	23.7907888346708	23.683252006197822	26.29651256908952	0.0
173.0	26.218461645197845	23.894856733193034	23.7081126708448	26.17856895076432	0.0
174.0	26.285527624245507	23.748294442774217	23.79136698966259	26.174810943317684	0.0
175.0	26.174521865821788	23.76361555005666	23.820563816747995	26.241298767373557	0.0
176.0	26.221063342660898	23.730949793020514	23.81796211928494	26.23002474503365	0.0
177.0	26.242165999861243	23.696838648504894	23.728348095557457	26.33264725607641	0.0
178.0	26.241298767373557	23.74280197035221	23.781538354802155	26.234360907472077	0.0
179.0	26.20776577784973	23.78182743229805	23.87693392844754	26.133472861404684	0.0
180.0	26.33033463610925	23.83125968409611	23.765639092527923	26.072766587266717	0.0
181.0	26.333225411068202	23.71620684072986	23.752052450220855	26.198515297981086	0.0
182.0	26.193022825559076	23.71620684072986	23.769108022478665	26.321662311232398	0.0
183.0	26.3566406882357	23.697127726000787	23.67978307624708	26.266448509516433	0.0
184.0	26.28957470918804	23.775467727388357	23.661282116509792	26.273675446913806	0.0
185.0	26.250838324738098	23.778069424851413	23.694236951041837	26.276855299368655	0.0
186.0	26.255828541859987	23.718877104128904	23.7422924489849	26.283001905026204	0.0
187.0	26.34573190297375	23.661639594480917	23.749808485605346	26.242820016939987	0.0
188.0	26.24397633026621	23.759637148878234	23.841735395039994	26.154651125815565	0.0
189.0	26.217670202094663	23.77900539709245	23.632731761325367	26.370592639487523	0.0
190.0	26.28271282669465	23.589659089923597	23.685344017668466	26.442284065713284	0.0
191.0	26.29427595995687	23.719455260792017	23.772067517135117	26.214201262115992	0.0
192.0	26.125743292660015	23.856478389949324	23.7526992689209	26.265079048469765	0.0
193.0	26.262766421817318	23.710493832513794	23.7605043838729	26.266235361795985	0.0
194.0	26.074940883310305	23.705358949601937	23.952232558408447	26.26746760867931	0.0
195.0	26.17077739619107	23.87200656791665	23.726887986956672	26.230328048935604	0.0
196.0	26.2514309501509	23.707230489934204	23.91594685537864	26.125391704536256	0.0
197.0	26.228882644742775	23.791353013956822	23.693354609683052	26.28640973161735	0.0
198.0	26.224546432164292	23.892531307454817	23.706074166579942	26.176848093800952	0.0
199.0	26.279471791491773	23.752905262427586	23.794532903181047	26.173090042899595	0.0
200.0	26.182051548895135	23.76735930435587	23.816792127750606	26.233797018998395	0.0
201.0	26.218764815392976	23.729489714503764	23.82055017865196	26.231195291451304	0.0
202.0	26.25027462679664	23.69133104381309	23.728044310310935	26.330350019079336	0.0
203.0	26.23712860124537	23.74379195309925	23.790623319707908	26.22845612594747	0.0
204.0	26.21284567041125	23.77067662652274	23.874746330097537	26.141731372968476	0.0
205.0	26.334838489601704	23.83687652129671	23.75882424361561	26.06946074548598	0.0
206.0	26.331080416972615	23.717774527205552	23.75188626337729	26.199258792444542	0.0
207.0	26.197235214875032	23.713149207046673	23.76344956377449	26.326166014303805	0.0
208.0	26.347847202548554	23.697538751510454	23.687999028682764	26.26661501725823	0.0
209.0	26.292632443151927	23.76662947138372	23.670075913067105	26.270662172397248	0.0
210.0	26.25852070698019	23.7712547915426	23.699273246570034	26.270951254907178	0.0
211.0	26.262506540548507	23.72260558107534	23.734168981755843	26.280718896620307	0.0
212.0	26.349232045652304	23.654959687094376	23.75642852806582	26.239379739187495	0.0
213.0	26.250364969833978	23.75035774270855	23.846623053373765	26.1526542340837	0.0
214.0	26.213073002639348	23.77175003396749	23.650334326822176	26.36484263657099	0.0
215.0	26.290547787198737	23.590782813317567	23.677797403438376	26.440871996045317	0.0
216.0	26.29748582760704	23.72260558107534	23.767702843729314	26.212205747588307	0.0
217.0	26.143692598556314	23.850670243611944	23.74486512738531	26.260772030446432	0.0
218.0	26.26106111546345	23.71971473090521	23.758163038167897	26.26106111546345	0.0
219.0	26.08595100572968	23.706485352019843	23.951919240976185	26.255644401274292	0.0
220.0	26.173984435527704	23.869089605568984	23.73610934446513	26.220816614438185	0.0
221.0	26.245967229038264	23.715005955202997	23.91042912152083	26.12859769423791	0.0
222.0	26.22284022710716	23.782074260803203	23.699684316423642	26.295401195666003	0.0
223.0	26.230067415210627	23.897131095410444	23.705755154430555	26.167046334948367	0.0
224.0	26.281676948605725	23.744919257387675	23.792618974658442	26.180784819348162	0.0
225.0	26.18772296004209	23.76978092820759	23.814589753522554	26.227906358227767	0.0
226.0	26.218655503969195	23.725261192088208	23.82904421330157	26.227039090641025	0.0
227.0	26.249298958700717	23.694039558965525	23.722659389327983	26.334002093005775	0.0
228.0	26.22935180420567	23.752724665668346	23.78481356637777	26.233109963748213	0.0
229.0	26.211717363275266	23.765733679469463	23.8787675549414	26.14378140231387	0.0
230.0	26.340362055308546	23.830489659279475	23.759373717166696	26.069774568245286	0.0
231.0	26.339205698526225	23.716877605416375	23.754459200841826	26.189457495215574	0.0
232.0	26.203622865799016	23.71283035667825	23.76139734153576	26.32214943598698	0.0
233.0	26.355683782674305	23.689414131836237	23.694617737356687	26.260284348132775	0.0
234.0	26.28803691090849	23.766600947056205	23.678717831599762	26.266644310435545	0.0
235.0	26.254502564221166	23.773828176945717	23.701555878050616	26.270113380782504	0.0
236.0	26.267298424748418	23.724173419327983	23.73400248039247	26.27452567553113	0.0
237.0	26.356916334454038	23.65334636165741	23.744698811550883	26.24503849233767	0.0
238.0	26.238541127631095	23.742523365836878	23.857870955245712	26.161064551286312	0.0
239.0	26.213390149489317	23.76651797716754	23.658686772030958	26.361405101312187	0.0
240.0	26.285022073555393	23.57808429872011	23.684187701834983	26.452705925889518	0.0
241.0	26.27683411637152	23.73024936754608	23.762341886519696	26.230574629562703	0.0
242.0	26.1336070432105	23.85237014442051	23.743657207291864	26.270365605077124	0.0
243.0	26.267868708364173	23.707843726868987	23.75063610288675	26.27365146188009	0.0
244.0	26.083826102042885	23.71419896771582	23.936270186649704	26.265704743591595	0.0
245.0	26.17368346476275	23.86376452013082	23.72698539384002	26.23556662126641	0.0
246.0	26.24113270077763	23.70001706223087	23.907655736235263	26.15119450075623	0.0
247.0	26.231840885230636	23.778715478521413	23.708146909877577	26.281296726370375	0.0
248.0	26.22976424276256	23.895909318354704	23.692864807642806	26.181461631239934	0.0
249.0	26.27141439880603	23.747530637449856	23.79380858860926	26.18724637513486	0.0
