# Position (bp)	A	C	G	T	N
0.0	26.30543752489709	23.77865931925818	23.768977116806088	26.146926039038643	0.0
1.0	26.262559199752133	23.845051564643917	23.71226707387244	26.18012216173151	0.0
2.0	26.22309143517878	23.81757224026423	23.69613446122013	26.263201863336853	0.0
3.0	26.15755275685514	23.74217533338681	23.79777437852162	26.30249753123643	0.0
4.0	26.318555480566037	23.695827755219455	23.6919553455849	26.29366141862961	0.0
5.0	26.2217501818554	23.775898835848885	23.731921637611293	26.27042934468443	0.0
6.0	26.152552638929993	23.801674378469272	23.86307378715425	26.182699195446485	0.0
7.0	26.32985049034521	23.80151666841823	23.658533887195713	26.210098954040856	0.0
8.0	26.14720889392829	23.808404430370995	23.813382375309395	26.23100430039132	0.0
9.0	26.288179417336117	23.707257718844627	23.786347358378386	26.218215505440867	0.0
10.0	26.31737586691296	23.74511929385999	23.774431183426064	26.16307365580099	0.0
11.0	26.230269779994913	23.72465627661575	23.647781698319818	26.39729224506952	0.0
12.0	26.111916112690388	23.796553364230647	23.683453714867213	26.408076808211757	0.0
13.0	26.247967524638575	23.807337927372878	23.754797747961995	26.189896800026546	0.0
14.0	26.205935381109867	23.812315418053913	23.738206112358558	26.24354308847766	0.0
15.0	26.164179764841215	23.814804163394427	23.750926366321192	26.270089705443162	0.0
16.0	26.308803521851182	23.759498711382967	23.816739854214827	26.114957912551017	0.0
17.0	26.264835687502075	23.749267202760848	23.701981041291052	26.28391606844603	0.0
18.0	26.208424126450385	23.814804163394427	23.756733438782398	26.220038271372793	0.0
19.0	26.177729600584026	23.7359938942781	23.78383311026801	26.30244339486987	0.0
20.0	26.244096142997776	23.724103222095636	23.8117623635338	26.220038271372793	0.0
21.0	26.315993230612673	23.677646642406007	23.683730242127268	26.32262988485405	0.0
22.0	26.225292289313877	23.74677845742033	23.799595164091276	26.22833408917451	0.0
23.0	26.22439018994605	23.68034643239342	23.808654726252595	26.286608651407935	0.0
24.0	26.324696513010537	23.78619030500788	23.7217598097503	26.167353372231283	0.0
25.0	26.30782844343666	23.78231894477781	23.76876918397257	26.141083427812955	0.0
26.0	26.263860852252304	23.84785554295827	23.709039626137212	26.17924397865221	0.0
27.0	26.21380969499212	23.8152255067334	23.710422254790807	26.260542543483673	0.0
28.0	26.152144457041725	23.727843375826122	23.806929734811824	26.31308243232033	0.0
29.0	26.303127506014434	23.688853247794707	23.70489174017642	26.303127506014434	0.0
30.0	26.23233691895031	23.77098138981832	23.725907695711086	26.270773995520287	0.0
31.0	26.156845394463957	23.78619030500788	23.85946962364848	26.197494676879685	0.0
32.0	26.3155711638968	23.789508613776512	23.676133064181624	26.218787158145062	0.0
33.0	26.14716699388878	23.819649918424908	23.806929734811824	26.226253352874483	0.0
34.0	26.289024693747752	23.715399717943754	23.777064955894144	26.218510632414343	0.0
35.0	26.306445814783064	23.75660205182092	23.776511904432706	26.160440228963306	0.0
36.0	26.223764621298013	23.73143821032547	23.642396925033875	26.402400243342644	0.0
37.0	26.109006443049527	23.79780438569809	23.690788927909743	26.402400243342644	0.0
38.0	26.25915991483008	23.809418466388298	23.74581754832287	26.18560407045876	0.0
39.0	26.19085805934242	23.821309072809225	23.742499239554242	26.245333628294116	0.0
40.0	26.155186240079644	23.821862124270663	23.7563255260902	26.266626109559493	0.0
41.0	26.314465060973923	23.75715510328236	23.808588889196137	26.119790946547578	0.0
42.0	26.26800873821309	23.740287033708487	23.707103946022176	26.284600282056246	0.0
43.0	26.2207228382601	23.8080358377347	23.75383679451373	26.217404529491468	0.0
44.0	26.18035008157509	23.729226004479717	23.790614716699388	26.299809197245803	0.0
45.0	26.249481514254903	23.726460747172524	23.810248043580458	26.21380969499212	0.0
46.0	26.313358958051047	23.678345270027375	23.68747061914111	26.320825152780465	0.0
47.0	26.2279125072588	23.74941238282222	23.799463540082407	26.223211569836575	0.0
48.0	26.212354582433473	23.68823469226919	23.80105687842027	26.298353846877063	0.0
49.0	26.31293690823821	23.784123086452528	23.72660605256172	26.176333952747544	0.0
50.0	26.301875940182285	23.78357003804973	23.778592602424563	26.135961419343424	0.0
51.0	26.255143350146003	23.848829749579682	23.717204229714184	26.178822670560127	0.0
52.0	26.214770816741883	23.80845721617556	23.710014600477834	26.266757366604725	0.0
53.0	26.151999823024514	23.71637465710999	23.818135563224494	26.313489956641007	0.0
54.0	26.293580214140345	23.67849084151845	23.711120697283423	26.316808247057782	0.0
55.0	26.22915007521458	23.76006548093089	23.74070878683302	26.2700756570215	0.0
56.0	26.15697725864968	23.77029687638262	23.86790991947615	26.20481594549155	0.0
57.0	26.31127776302982	23.792695336695868	23.677937793115653	26.21808910715866	0.0
58.0	26.155041589239893	23.805968498362976	23.811775506592337	26.227214405804794	0.0
59.0	26.295792407751527	23.71222679408902	23.766425537563045	26.225555260596405	0.0
60.0	26.31127776302982	23.746239270860986	23.780251747632953	26.16223121847624	0.0
61.0	26.225831784797805	23.729371294575703	23.632864348287764	26.41193257233873	0.0
62.0	26.1249004512875	23.788270949473496	23.683744801345014	26.403083797893988	0.0
63.0	26.263162551986554	23.807627643571365	23.746239270860986	26.182970533581102	0.0
64.0	26.202327227678968	23.809286788779755	23.737667020617646	26.250718962923635	0.0
65.0	26.158912928059465	23.80707459516857	23.7589593841253	26.275053092646665	0.0
66.0	26.317914343863375	23.75730023891691	23.80818069197416	26.11660472524555	0.0
67.0	26.264545172993543	23.7443036014512	23.705866737456862	26.285284488098398	0.0
68.0	26.223343066985223	23.8170294664189	23.753705424298737	26.205922042297143	0.0
69.0	26.192372356428635	23.728541721971506	23.785505707459517	26.293580214140345	0.0
70.0	26.252101583930624	23.717204229714184	23.81619989381471	26.214494292540486	0.0
71.0	26.317914343863375	23.681256083532432	23.6856804707548	26.315149101849393	0.0
72.0	26.226661357401998	23.747898416069376	23.804585877355986	26.22085434917264	0.0
73.0	26.22022879549156	23.6809140758725	23.811433138015612	26.287423990620322	0.0
74.0	26.313067908437816	23.787033298860173	23.72536874298324	26.174530049718776	0.0
75.0	26.311961817749435	23.772930642583383	23.761593213027535	26.153514326639645	0.0
76.0	26.26301730478882	23.84233783327895	23.704629542576196	26.190015319356036	0.0
77.0	26.212690178467735	23.809431635299777	23.707118246625043	26.270759939607448	0.0
78.0	26.146601259837293	23.719838289541357	23.816897747446315	26.31666270317503	0.0
79.0	26.28569216390052	23.674212048645867	23.720667857557643	26.319427929895973	0.0
80.0	26.231217197498026	23.76021059966707	23.74693751140656	26.26163469142835	0.0
81.0	26.152961281295457	23.777355005336887	23.87413794056975	26.195545772797914	0.0
82.0	26.306707886979652	23.78952200290902	23.682507728808684	26.221262381302644	0.0
83.0	26.146601259837293	23.80251856849743	23.82159863287191	26.229281538793366	0.0
84.0	26.2956469800959	23.71762610816461	23.7768019599927	26.209924951746792	0.0
85.0	26.3091965910285	23.746107943390278	23.78675677618808	26.157938689393145	0.0
86.0	26.220156290614266	23.72758092435999	23.639923237306228	26.412339547719515	0.0
87.0	26.12862728615119	23.781226322746203	23.689697318283127	26.40044907281948	0.0
88.0	26.28043823313073	23.811090771332342	23.730346151080926	26.178124844455997	0.0
89.0	26.203564930288636	23.81606817943003	23.74113053529259	26.239236354988744	0.0
90.0	26.15627955336058	23.803624659185807	23.76021059966707	26.279885187786544	0.0
91.0	26.317492271191316	23.75772189561822	23.808325544611403	26.116460288579063	0.0
92.0	26.268271235558604	23.738088785899556	23.709606950673887	26.284033027867952	0.0
93.0	26.21628497320495	23.821045587527724	23.756062759585657	26.206606679681666	0.0
94.0	26.193610114093254	23.72841049237627	23.79366984299043	26.284309550540048	0.0
95.0	26.25776337401904	23.70988347334598	23.81247338469281	26.21987976794217	0.0
96.0	26.31638618050294	23.676700752694714	23.690250363627314	26.31666270317503	0.0
97.0	26.241448536365496	23.737259217883274	23.794775933678803	26.22651631207243	0.0
98.0	26.224508136657125	23.67359354044824	23.80632405602334	26.29557426687129	0.0
99.0	26.31928237233019	23.77362873165282	23.7349157716599	26.17217312435709	0.0
100.0	26.307668484332314	23.780541760222988	23.759526153369688	26.152263602075017	0.0
101.0	26.26867900319658	23.846906834496565	23.70588105166521	26.178533110641638	0.0
102.0	26.21973476091982	23.80791735336084	23.703945403665564	26.268402482053776	0.0
103.0	26.140926235219947	23.72440796823325	23.82091384707275	26.313751949474057	0.0
104.0	26.279186806623233	23.678781979670166	23.726620137375704	26.315411076330896	0.0
105.0	26.225265183775953	23.761738322512137	23.763673970511785	26.249322523200124	0.0
106.0	26.15419925007466	23.77943567565176	23.86626331449303	26.20010175978055	0.0
107.0	26.30517979404705	23.792985211649285	23.688460219668393	26.213374774635266	0.0
108.0	26.15336968664624	23.808193874503644	23.816489508787843	26.221946930062273	0.0
109.0	26.293012863763565	23.71334712252099	23.776393943080887	26.21724607063456	0.0
110.0	26.30407370947583	23.746806180800583	23.78690174650754	26.16221836321605	0.0
111.0	26.23604950834541	23.715835812806247	23.644493357962148	26.403621320886195	0.0
112.0	26.133736685506975	23.783030450508246	23.689842825382428	26.393390038602348	0.0
113.0	26.271720735767456	23.805705184218382	23.739616631087614	26.182957448926548	0.0
114.0	26.19401829463881	23.81731907221626	23.746253138514973	26.24240949462996	0.0
115.0	26.163047926644474	23.80155736707629	23.75759050537004	26.2778042009092	0.0
116.0	26.32260062604387	23.746253138514973	23.817042551073456	26.114103684367706	0.0
117.0	26.27614507405236	23.737680983087966	23.71168799566415	26.274485947195526	0.0
118.0	26.21586346492053	23.817042551073456	23.75371920937075	26.213374774635266	0.0
119.0	26.18240440664093	23.72938534880377	23.79934519793383	26.288865046621464	0.0
120.0	26.26204249576923	23.70836974195047	23.817042551073456	26.21254521120685	0.0
121.0	26.32370671061509	23.66495592252984	23.689566304239623	26.321771062615447	0.0
122.0	26.241579931201542	23.72855578537535	23.81012952250329	26.21973476091982	0.0
123.0	26.224508136657125	23.673317018540793	23.807153621745684	26.2950212230564	0.0
124.0	26.31666270317503	23.77818457335317	23.735876604522804	26.169276118948993	0.0
125.0	26.31057920438897	23.783715026795047	23.75689232760194	26.148813441214045	0.0
126.0	26.273248643656295	23.844273491983607	23.702970406543635	26.179507457816463	0.0
127.0	26.225133698711957	23.808049021939308	23.698269521118036	26.2685477582307	0.0
128.0	26.138858625018663	23.720114812213453	23.827682131657973	26.313344431109908	0.0
129.0	26.293507506228693	23.682020169619474	23.721009974200364	26.303462349951467	0.0
130.0	26.237649772006428	23.76580677095287	23.757234544413812	26.23930891262689	0.0
131.0	26.164647584706042	23.768295481883566	23.869779583168572	26.19727735024182	0.0
132.0	26.318118092098896	23.78765212245564	23.689762825848305	26.204466959597163	0.0
133.0	26.160499733154886	23.801754817729577	23.817516653623976	26.22022879549156	0.0
134.0	26.295996217159384	23.717968216396184	23.78129208341053	26.204743483033905	0.0
135.0	26.31618242804169	23.736218763221277	23.780462513100296	26.167136295636737	0.0
136.0	26.231566256398057	23.71879778670641	23.646901693153	26.402734263742524	0.0
137.0	26.13837785821537	23.779079895916578	23.689209778974817	26.39333246689323	0.0
138.0	26.2727682484729	23.79650087243144	23.750321458495215	26.18040942060044	0.0
139.0	26.19091731119671	23.817516653623976	23.74313184913987	26.24843418603944	0.0
140.0	26.161329303465113	23.80037220054586	23.762211966275203	26.276086529713826	0.0
141.0	26.32779641238493	23.73926052102546	23.82415321610583	26.108789850483777	0.0
142.0	26.27415086565662	23.73428309916407	23.71547950546549	26.276086529713826	0.0
143.0	26.212209615825987	23.81917579424444	23.75944673190776	26.209167858021807	0.0
144.0	26.19672430336833	23.72073345076362	23.802307864603065	26.280234381264982	0.0
145.0	26.261430787566397	23.712714271098047	23.819452317681186	26.20640262365437	0.0
146.0	26.325860748327724	23.670682708712974	23.683955833676684	26.319500709282618	0.0
147.0	26.249336341916646	23.73103043978409	23.81288160339793	26.206751614901336	0.0
148.0	26.233923529785883	23.678279793491157	23.796632478963364	26.291164197759592	0.0
149.0	26.321378204241903	23.77568232724055	23.732267787517628	26.17067168099992	0.0
150.0	26.310317175013136	23.777618007355585	23.759090783397397	26.152974034233882	0.0
151.0	26.269391366866685	23.835411885075906	23.71761192378951	26.177584824267896	0.0
152.0	26.227082930066643	23.797251334236652	23.708486574675774	26.26717916102093	0.0
153.0	26.139147747697923	23.718718026712384	23.835688410806625	26.306445814783064	0.0
154.0	26.296010552251065	23.68034643239342	23.723761092169045	26.29988192318647	0.0
155.0	26.23711040873381	23.7586034305877	23.760815642550792	26.243470518127694	0.0
156.0	26.164660466942642	23.773259334843168	23.872255820191413	26.18982437802278	0.0
157.0	26.321450989826587	23.787085659612476	23.68394127683344	26.207522073727496	0.0
158.0	26.161895201988777	23.797317139941764	23.820268839058816	26.220518819010643	0.0
159.0	26.304582873608034	23.71048782039051	23.783490815172456	26.201438490829	0.0
160.0	26.321727516321975	23.734822151984492	23.78404386816323	26.159406463530306	0.0
161.0	26.236557355743038	23.712146979362828	23.6507580973871	26.400537567507033	0.0
162.0	26.13313644646862	23.77823681176012	23.702192025528927	26.386434716242334	0.0
163.0	26.28024854201405	23.795657980969448	23.75279637418459	26.171297102831907	0.0
164.0	26.206139441250563	23.808654726252595	23.74201184086453	26.243193991632307	0.0
165.0	26.161618675493393	23.79897629891408	23.764133960495425	26.2752710650971	0.0
166.0	26.329746784688172	23.748371950258417	23.812526097188	26.10935516786541	0.0
167.0	26.27969548902328	23.725143724645978	23.720719300719797	26.274441485610943	0.0
168.0	26.211669971158287	23.818333153591112	23.765516592972354	26.204480282278247	0.0
169.0	26.19839669937975	23.716571403289006	23.802847669849488	26.282184227481757	0.0
170.0	26.272229273647856	23.702745078519698	23.825246315975765	26.199779331856682	0.0
171.0	26.31979183085427	23.669008846082587	23.695002336648884	26.316196986414255	0.0
172.0	26.24575530655812	23.732122512637297	23.81148583627374	26.210636344530847	0.0
173.0	26.23283106626441	23.687390598600217	23.80076708874061	26.279011246394766	0.0
174.0	26.31918058989121	23.774562669719547	23.736954754359477	26.169301986029765	0.0
175.0	26.3173904386877	23.77026967236688	23.76695130854147	26.145388580403957	0.0
176.0	26.264849678118708	23.833318585049664	23.7210472756233	26.18078446120833	0.0
177.0	26.219498705838106	23.797922704245295	23.715516669247616	26.267061920668983	0.0
178.0	26.14234674689733	23.709433002234366	23.838572661106564	26.30964758976174	0.0
179.0	26.29672338319189	23.68018627133783	23.728302679862733	26.294787665607554	0.0
180.0	26.234780420493166	23.760656816629474	23.768952749133767	26.235610013743592	0.0
181.0	26.173113988877923	23.775312964053725	23.861314131014897	26.19025891605346	0.0
182.0	26.322717305038672	23.77171805996853	23.688482203842124	26.217082431150672	0.0
183.0	26.159563965787573	23.794117077730125	23.825918152329912	26.220400804152387	0.0
184.0	26.29838256969275	23.714476125688908	23.781673178973683	26.205468125644664	0.0
185.0	26.319675463120433	23.733833301532258	23.7849915519754	26.161499683371908	0.0
186.0	26.231738578574927	23.71751796760715	23.65695766032581	26.39378579349212	0.0
187.0	26.143801694029417	23.767017031549432	23.696778136346417	26.392403138074734	0.0
188.0	26.269346805927718	23.789416049311026	23.756785381460805	26.184451763300455	0.0
189.0	26.203532408060326	23.806284445403087	23.74240576512003	26.247777381416558	0.0
190.0	26.16841296045882	23.79107523581188	23.762316003130334	26.27819580059897	0.0
191.0	26.324099960456053	23.733556770448782	23.819004875243003	26.123338393852162	0.0
192.0	26.27764273843201	23.725813900111444	23.72055980952539	26.275983551931155	0.0
193.0	26.2183335591683	23.811946761941368	23.751386119722028	26.2183335591683	0.0
194.0	26.204783461137488	23.714607282209826	23.80088545742642	26.27972379922626	0.0
195.0	26.27281048390442	23.698844923276027	23.827432588262294	26.20091200455726	0.0
196.0	26.317885299802835	23.655429303054856	23.703822510307752	26.322862886834557	0.0
197.0	26.244953265859188	23.726287262872628	23.80980034290139	26.21895912836679	0.0
198.0	26.22539191801316	23.694551447794503	23.801017092575336	26.279039541617006	0.0
199.0	26.318656704035746	23.78476735118274	23.737756416992518	26.15881952778899	0.0
200.0	26.311335781602587	23.787387726206806	23.7602871554356	26.14098933675501	0.0
201.0	26.27538604486527	23.83025087385514	23.717147471350824	26.177215609928766	0.0
202.0	26.23252289721694	23.79291845493562	23.710234060439802	26.26432458740764	0.0
203.0	26.16034688730587	23.710234060439802	23.831080483164463	26.298338569089864	0.0
204.0	26.3058777982108	23.67186095709525	23.728827620535654	26.29343362415829	0.0
205.0	26.243103853545897	23.76035286146869	23.76588360549203	26.230659679493385	0.0
206.0	26.186137190105498	23.784411597970216	23.855205121468966	26.174246090455316	0.0
207.0	26.32468232789016	23.78413506076905	23.682369370739597	26.20881324060119	0.0
208.0	26.1639547360154	23.79013970775306	23.831897171554044	26.214008384677502	0.0
209.0	26.298352930765574	23.715750583498334	23.785161996836386	26.20073448889971	0.0
210.0	26.304989878654467	23.746446467484486	23.79650011614659	26.152063537714454	0.0
211.0	26.228388438436777	23.715474044002967	23.665143855845493	26.390993661714766	0.0
212.0	26.148745063770008	23.77520657500304	23.693350884373306	26.382697476853643	0.0
213.0	26.25991394090904	23.806732077475303	23.761379600234505	26.171974381381148	0.0
214.0	26.213178766191387	23.812815946373462	23.745063770007633	26.22894151742752	0.0
215.0	26.16561397298762	23.796776655641956	23.768293087618776	26.26931628375165	0.0
216.0	26.313839142506335	23.738703361614107	23.83908719843368	26.10837029744588	0.0
217.0	26.263508954348858	23.734278729688175	23.72238753138723	26.279824784575734	0.0
218.0	26.20440196786049	23.809563315275252	23.764210712616595	26.221824004247658	0.0
219.0	26.190298414594686	23.715539626836573	23.80790407371457	26.286257884854162	0.0
220.0	26.261237966975383	23.704609122007472	23.827946760174665	26.206206150842487	0.0
221.0	26.309909321947185	23.655937767035663	23.70792762348282	26.326225287534328	0.0
222.0	26.243335324439727	23.718225260503086	23.826906484369815	26.211532930687376	0.0
223.0	26.23206962254602	23.685105653375075	23.80567854051498	26.277146183563925	0.0
224.0	26.32035972854433	23.766198569713996	23.74711702792542	26.166324673816256	0.0
225.0	26.298658200683622	23.782922755279255	23.763011471112044	26.15540757292508	0.0
226.0	26.279023462129842	23.820809504319644	23.717934536122385	26.182232497428124	0.0
227.0	26.230627979778987	23.785135120186723	23.708808530879082	26.275428369155208	0.0
228.0	26.146281567681772	23.70300107299698	23.84044424287342	26.310273116447824	0.0
229.0	26.302616987325738	23.674844233529406	23.722963835630075	26.299574943514774	0.0
230.0	26.24288230885594	23.75946836136162	23.769424141106583	26.228225188675854	0.0
231.0	26.168226883668193	23.78766299312767	23.86813976963177	26.175970353572364	0.0
232.0	26.318118336813285	23.783238153182428	23.68727443686998	26.211369073134307	0.0
233.0	26.161938527741057	23.78911154499245	23.83142419398552	26.217525733280972	0.0
234.0	26.30021515843736	23.70974075897277	23.780538393889277	26.209505688700585	0.0
235.0	26.313766268245605	23.737949191634815	23.782197713457634	26.16608682666195	0.0
236.0	26.230800289827815	23.717760803553155	23.661343938229063	26.39009496838996	0.0
237.0	26.14617499184168	23.764221751467115	23.704209693744918	26.385393562946284	0.0
238.0	26.2576259561829	23.808470273289934	23.75647826014812	26.17742551037904	0.0
239.0	26.203974623472735	23.816766871131712	23.739055404680386	26.240203100715163	0.0
240.0	26.17130783250319	23.791494622258234	23.75803065962725	26.27916688561133	0.0
241.0	26.322951440843678	23.74162999676401	23.82460400653835	26.110814555853956	0.0
242.0	26.265070904821307	23.735067392080015	23.725939796592918	26.273921906505766	0.0
243.0	26.211551228147822	23.81030095153795	23.76493693294977	26.213210887364465	0.0
244.0	26.19260357566688	23.714865048036092	23.815003637631087	26.277527738665945	0.0
245.0	26.26333042864849	23.69503575528722	23.841099907326722	26.200533908737565	0.0
246.0	26.301039392908226	23.656217406580517	23.71486827071247	26.32787492979879	0.0
247.0	26.249273758472818	23.713376677272098	23.82210540877023	26.21524415548485	0.0
248.0	26.23127256629823	23.69029009365446	23.807600260074427	26.270837079972885	0.0
249.0	26.320434712838303	23.769484885207255	23.751500965598147	26.158579436356295	0.0
