# Position (bp)	A	C	G	T	N
0.0	26.28545817229082	23.799893207026205	23.753136697773115	26.16151192290986	0.0
1.0	26.250598289652427	23.827283114813515	23.73155677042554	26.19056182510852	0.0
2.0	26.21555299188571	23.824700313450137	23.741703807603034	26.21804288706112	0.0
3.0	26.278704987011693	23.71866692117661	23.71092096636319	26.291707125448504	0.0
4.0	26.269097668860326	23.69065303446502	23.750681195141315	26.289568101533344	0.0
5.0	26.25832614131758	23.737248002832548	23.712075947686383	26.292349908163494	0.0
6.0	26.182816964520335	23.750660385969667	23.82340656817811	26.24311608133189	0.0
7.0	26.350814983639477	23.786790433173554	23.678642256341604	26.183752326845365	0.0
8.0	26.320753412343905	23.66417280911618	23.783933288158096	26.231140490381822	0.0
9.0	26.264609734106987	23.623933136785276	23.79761819157351	26.31383893753422	0.0
10.0	26.262282659498265	23.82414190775664	23.629444642644785	26.284130790100306	0.0
11.0	26.210566198452934	23.787359611932953	23.703285792907376	26.29878839670674	0.0
12.0	26.186782157544382	23.736472826733262	23.71656060643773	26.360184409284628	0.0
13.0	26.21333178460509	23.864519465578134	23.714901254746437	26.20724749507034	0.0
14.0	26.218033281063757	23.776020708709108	23.72624015797028	26.279705852256857	0.0
15.0	26.109898862514413	23.92149054031257	23.700520206755222	26.268090390417797	0.0
16.0	26.282471438409015	23.79455013592856	23.8111436528415	26.111834772820924	0.0
17.0	26.288002610713328	23.714348137516005	23.804506246076322	26.193143005694342	0.0
18.0	26.20558814337905	23.785147143011226	23.753066343646204	26.256198369963524	0.0
19.0	26.138107841266418	23.778509736246047	23.79316734285248	26.290215079635054	0.0
20.0	26.218033281063757	23.74366335072887	23.825524700832716	26.212778667374657	0.0
21.0	26.309297624084937	23.71158255136385	23.812249887302364	26.166869937248848	0.0
22.0	26.246518818430975	23.67231122800322	23.747258612726675	26.333911340839133	0.0
23.0	26.205792227618176	23.73861964445723	23.808588780601127	26.246999347323474	0.0
24.0	26.253564129439777	23.82954127476223	23.721407454319685	26.195487141478306	0.0
25.0	26.29006966472984	23.801055894952555	23.7485100487017	26.160364391615897	0.0
26.0	26.25162822984106	23.83341307395966	23.72389646808946	26.191062228109814	0.0
27.0	26.21235712369569	23.819861776768654	23.7485100487017	26.21927105083396	0.0
28.0	26.26490296994654	23.714770084266945	23.720577783063092	26.299749162723423	0.0
29.0	26.253564129439777	23.686284704457268	23.763997245491428	26.296153920611527	0.0
30.0	26.257435928637207	23.73385252316857	23.715046641352476	26.293664906841745	0.0
31.0	26.19023255685322	23.739383664879185	23.816819648827813	26.253564129439777	0.0
32.0	26.335978140927956	23.782250013136462	23.694304859937667	26.187466985997915	0.0
33.0	26.320490944138236	23.66609603721352	23.774229857656067	26.239183160992173	0.0
34.0	26.26490296994654	23.632909186949824	23.786398369419423	26.31578947368421	0.0
35.0	26.252181344012126	23.82954127476223	23.64120589951575	26.277071481709896	0.0
36.0	26.20986810992591	23.794418524899818	23.692922074510008	26.302791290664263	0.0
37.0	26.190509113938752	23.734958751510693	23.722513682661805	26.352018451888746	0.0
38.0	26.213186794952282	23.87379040844716	23.712004513411635	26.201018283188926	0.0
39.0	26.20986810992591	23.7852921410773	23.72721515311583	26.277624595880962	0.0
40.0	26.099245275713585	23.921634784243988	23.705643700444426	26.273476239597997	0.0
41.0	26.285091637190288	23.793035739472163	23.81156506420273	26.11030755913482	0.0
42.0	26.279560495479675	23.711451399240573	23.811841621288256	26.197146483991496	0.0
43.0	26.216505479978654	23.783632798564117	23.74989283412936	26.249968887327878	0.0
44.0	26.140728838543208	23.772293958057354	23.800226223695965	26.286750979703477	0.0
45.0	26.222313178774797	23.741596121563433	23.82649914682139	26.20959155284038	0.0
46.0	26.309152103631472	23.707303042957612	23.81598997757122	26.1675548758397	0.0
47.0	26.23973627516324	23.67605209229263	23.754870861668913	26.32934077087522	0.0
48.0	26.195691252523577	23.74125390635803	23.805138416438506	26.257916424679884	0.0
49.0	26.249270584721412	23.825261137583624	23.725148026361275	26.200320251333693	0.0
50.0	26.285775918095304	23.808667804231852	23.754462915282737	26.151093362390103	0.0
51.0	26.24705814027451	23.83355780425951	23.729019804143356	26.190364251322627	0.0
52.0	26.211935584679928	23.81198647090221	23.750314581944796	26.22576336247307	0.0
53.0	26.265587362517316	23.703576693003974	23.732891581925436	26.29794436255327	0.0
54.0	26.250100251389004	23.68587713742875	23.765248581961387	26.298774029220862	0.0
55.0	26.263098362514555	23.724041804137823	23.7234886930261	26.28937114032152	0.0
56.0	26.18262069575847	23.729019804143356	23.817517582019466	26.270841918078712	0.0
57.0	26.33859802926511	23.780459137533843	23.69721591521913	26.18372691798192	0.0
58.0	26.330024807033357	23.656838804063156	23.776587359751762	26.236549029151725	0.0
59.0	26.268906029187672	23.631395692923775	23.78018258197798	26.31951569591057	0.0
60.0	26.251759584724176	23.82304869313672	23.6438406929376	26.2813510292015	0.0
61.0	26.21580736246201	23.789032359765592	23.686706804096342	26.308453473676057	0.0
62.0	26.209446584677167	23.727083915252315	23.71408580412676	26.34938369594376	0.0
63.0	26.21580736246201	23.868956915409953	23.707725026341915	26.207510695786123	0.0
64.0	26.217466695797185	23.774651470860725	23.722935581914374	26.284946251427716	0.0
65.0	26.101866473446517	23.902420137669356	23.71104369301227	26.284669695871855	0.0
66.0	26.280244806978047	23.79456347088285	23.816687915351874	26.108503806787226	0.0
67.0	26.280797918089778	23.716298248573665	23.807285026452536	26.19561880688402	0.0
68.0	26.21912602913236	23.791244804212493	23.74699591527444	26.242633251380703	0.0
69.0	26.148880917943202	23.772162470857957	23.793733804215258	26.285222806983583	0.0
70.0	26.221891584690994	23.74229447082477	23.82968602647743	26.20612791800681	0.0
71.0	26.315643918128494	23.709384359677095	23.814475470904974	26.160496251289437	0.0
72.0	26.243186362492427	23.675921137417692	23.755292581950325	26.325599918139552	0.0
73.0	26.206331998495543	23.73420872143189	23.812197172503815	26.24726210756875	0.0
74.0	26.246359857629987	23.828724560486513	23.725846462735728	26.199069119147772	0.0
75.0	26.294756812217052	23.801622265917757	23.739121055993895	26.1644998658713	0.0
76.0	26.259634450888154	23.825959020224396	23.713124977529983	26.201281551357464	0.0
77.0	26.20791884798655	23.810195440730325	23.749906663016155	26.23197904826697	0.0
78.0	26.25880478880952	23.704828356743633	23.736632069757988	26.299734784688862	0.0
79.0	26.246083303603772	23.678002616201088	23.773690309270368	26.30222377092477	0.0
80.0	26.262123437124057	23.72474024663088	23.731654097286174	26.281482218958885	0.0
81.0	26.184964863810972	23.736078961705566	23.822916925936067	26.256039248547403	0.0
82.0	26.34315376680411	23.77286064719173	23.69348964166895	26.190495944335208	0.0
83.0	26.318817012497476	23.653665861894453	23.787794564607168	26.239722561000907	0.0
84.0	26.266271747517234	23.632924309928566	23.788347672659594	26.312456269894607	0.0
85.0	26.24442397944651	23.821534155805008	23.651176875658546	26.282864989089944	0.0
86.0	26.215385806694268	23.787241456554746	23.68795856114471	26.30941417560628	0.0
87.0	26.204600199672008	23.72639957078815	23.719209166106644	26.349791063433198	0.0
88.0	26.227554183847584	23.869378002339648	23.70012693829803	26.202940875514734	0.0
89.0	26.220087225139864	23.774796525375212	23.725569908709517	26.2795463407754	0.0
90.0	26.099233115685315	23.906436241852028	23.707317342979536	26.28701329948312	0.0
91.0	26.286183637404488	23.79443186123625	23.815173413202135	26.104211088157125	0.0
92.0	26.286183637404488	23.707870451031962	23.811578210861384	26.19436770070217	0.0
93.0	26.212620266432147	23.79692084747216	23.7463114606754	26.244147425420294	0.0
94.0	26.15896878534706	23.763734364326744	23.799962941760487	26.27733390856571	0.0
95.0	26.223129319428196	23.742163150282224	23.827065236329243	26.207642293960337	0.0
96.0	26.313009377947026	23.709806329215443	23.81379064307108	26.163393649766448	0.0
97.0	26.245530195551353	23.678279170227302	23.745205244570553	26.330985389650795	0.0
98.0	26.20646360282527	23.72771672096329	23.810406146119682	26.255413530091758	0.0
99.0	26.247320897689402	23.81642445277175	23.73318215130187	26.203072498236978	0.0
100.0	26.29378171711445	23.80425614292233	23.743691146171823	26.158270993791394	0.0
101.0	26.26087197002171	23.826103790151965	23.715206239024322	26.197818000802002	0.0
102.0	26.208326995671953	23.81144650783335	23.751434616075997	26.2287918804187	0.0
103.0	26.256723682573046	23.70469724415437	23.737606991247112	26.30097208202547	0.0
104.0	26.242896057744165	23.68229649193158	23.777707103250876	26.297100347073382	0.0
105.0	26.254234710103848	23.72599178639085	23.74286148868209	26.27691201482321	0.0
106.0	26.19201039837387	23.732352493812137	23.81863687274437	26.257000235069622	0.0
107.0	26.35075153140945	23.76664500338777	23.69916619422282	26.183437270979965	0.0
108.0	26.317288679323553	23.66266126467457	23.785174020658474	26.234876035343408	0.0
109.0	26.26640301995326	23.634176357527068	23.78683333563794	26.312587286881733	0.0
110.0	26.243725715233897	23.820296187723837	23.65408813728066	26.28188995976161	0.0
111.0	26.2263029079495	23.775218130781674	23.695017906774154	26.30346105449467	0.0
112.0	26.208326995671953	23.72709799637716	23.721843498942185	26.3427315090087	0.0
113.0	26.220495305521368	23.86675700714888	23.706909664126993	26.205838023202755	0.0
114.0	26.215793913079548	23.782685048189272	23.72516212890112	26.276358909830062	0.0
115.0	26.10904464940057	23.906580566656068	23.705250349147526	26.279124434795836	0.0
116.0	26.293228612121293	23.78683333563794	23.81836032024779	26.101577731992975	0.0
117.0	26.29129274464525	23.71188760906539	23.813382375309395	26.183437270979965	0.0
118.0	26.212475283120618	23.78655678314136	23.749222196103375	26.251745737634646	0.0
119.0	26.156058573818775	23.76166705844937	23.805915457901797	26.276358909830062	0.0
120.0	26.22298427799057	23.74037251621289	23.831634840083517	26.205008365713024	0.0
121.0	26.317288679323553	23.704420691657795	23.813935480302547	26.164355148716105	0.0
122.0	26.244831925220204	23.66902197209585	23.760560848463058	26.325585254220883	0.0
123.0	26.21005879522337	23.72550429487215	23.808746826551324	26.25569008335315	0.0
124.0	26.247742627761045	23.81710929138562	23.74022727209874	26.194920808754595	0.0
125.0	26.298628568584014	23.801069157865335	23.742992812360857	26.157309461189794	0.0
126.0	26.25880478880952	23.835361857115597	23.70897666713681	26.196856686938077	0.0
127.0	26.215109252668057	23.812407872940017	23.74658801470161	26.225894859690314	0.0
128.0	26.254103370363918	23.705104910769844	23.741056934177376	26.299734784688862	0.0
129.0	26.248091771941855	23.675855660523464	23.777074714042346	26.29897785349233	0.0
130.0	26.262749175866723	23.717062324387708	23.74222881037191	26.27795968937366	0.0
131.0	26.195822916436207	23.730336954357398	23.81717515874245	26.25666497046395	0.0
132.0	26.3529060377442	23.76601252240094	23.699915927343525	26.18116551251134	0.0
133.0	26.326080223013783	23.651518838912367	23.792838337131354	26.229562600942497	0.0
134.0	26.271322374388813	23.637137989778534	23.78371202902719	26.30782760680546	0.0
135.0	26.258324299210162	23.804730193145865	23.653454722449613	26.283490785194363	0.0
136.0	26.21601141618177	23.778180933206485	23.698809708179386	26.306997942432353	0.0
137.0	26.21130998473418	23.728124516029116	23.71872165313392	26.34184384610279	0.0
138.0	26.21601141618177	23.863359808845328	23.71346711210425	26.20716166286865	0.0
139.0	26.21905351888316	23.774862275714064	23.729783844775326	26.276300360627445	0.0
140.0	26.1109205955884	23.9040133631275	23.70378769441802	26.28127834686608	0.0
141.0	26.292063983716453	23.78371202902719	23.826854576428683	26.097369410827675	0.0
142.0	26.286532887895746	23.70876568065665	23.816898603951415	26.18780282749618	0.0
143.0	26.20716166286865	23.794497665877564	23.75660965950574	26.241731011748048	0.0
144.0	26.15821146485542	23.754673775968495	23.813856501250026	26.27325825792606	0.0
145.0	26.222372176375586	23.750802008894002	23.83155600787628	26.19526980685413	0.0
146.0	26.32220845593929	23.70102214650767	23.810537843757608	26.166231553795438	0.0
147.0	26.247611251386232	23.66790102629767	23.76635480418484	26.31813291813126	0.0
148.0	26.215603307613595	23.73019165353024	23.80347907851434	26.250725960341825	0.0
149.0	26.251904786926595	23.815160306314628	23.73744776528047	26.195487141478306	0.0
150.0	26.290346221815376	23.796077867413	23.738000879451533	26.175575031320093	0.0
151.0	26.26020149949252	23.82871160350564	23.718641883464375	26.19244501353747	0.0
152.0	26.226184977972228	23.79746065284066	23.755423975839975	26.220930393347142	0.0
153.0	26.257989042808273	23.69596420245085	23.746021034931925	26.300025719808957	0.0
154.0	26.240085401064196	23.67335199176964	23.781486111264755	26.305076495901414	0.0
155.0	26.259444450590173	23.716218458577167	23.74359768576391	26.280739405068754	0.0
156.0	26.198325165658154	23.73474783455203	23.83154308218193	26.235383917607884	0.0
157.0	26.361494297377124	23.765169198092856	23.68828611568968	26.185050388840338	0.0
158.0	26.329413586734074	23.64929145878735	23.793931214531455	26.227363739947123	0.0
159.0	26.276314479462815	23.631591756363594	23.78784694182329	26.304246822350297	0.0
160.0	26.268294301802054	23.805546644247045	23.65150392159032	26.274655132360586	0.0
161.0	26.224598161443414	23.767658218746195	23.70294368175935	26.304799938051044	0.0
162.0	26.208004690421145	23.72894011969424	23.726174541190524	26.336880648694095	0.0
163.0	26.23178866555306	23.85781607796719	23.71760124782902	26.192794008650726	0.0
164.0	26.217684215184136	23.767105103045456	23.73668373950463	26.278526942265785	0.0
165.0	26.114251579145325	23.9017887761762	23.70792172306603	26.276037921612446	0.0
166.0	26.297332876091023	23.78784694182329	23.82103388386783	26.093786298217864	0.0
167.0	26.298162549642136	23.703773355310464	23.81965109461597	26.178413000431426	0.0
168.0	26.203303206964833	23.784251689768464	23.769870681549165	26.242574421717535	0.0
169.0	26.160160182306935	23.755213115479496	23.817715189663375	26.266911512550195	0.0
170.0	26.237872938261226	23.740278991559453	23.83154308218193	26.190304987997386	0.0
171.0	26.318074714868857	23.698518756153412	23.8213104417182	26.162096087259535	0.0
172.0	26.245689142585327	23.671481552157573	23.757767840104872	26.32506146515223	0.0
173.0	26.218382348874126	23.72713545325317	23.80429552029116	26.250186677581546	0.0
174.0	26.24583431281718	23.80768007522436	23.745177482473	26.20130812948546	0.0
175.0	26.290782475946052	23.79647273240169	23.745308822593984	26.16743596905828	0.0
176.0	26.25980756838679	23.82219296814286	23.719865148527447	26.198134314942905	0.0
177.0	26.20947334360299	23.802557089243688	23.761349399722885	26.226620167430436	0.0
178.0	26.262849746807788	23.692762104413095	23.744202575895436	26.300185572883684	0.0
179.0	26.24743488337362	23.66544794818326	23.78741198400363	26.299705184439492	0.0
180.0	26.2584973809537	23.720483873644152	23.743715118562317	26.27730362683983	0.0
181.0	26.206227079887828	23.734865120498256	23.823918226017888	26.234989573596028	0.0
182.0	26.361378608448426	23.760308864932437	23.692551067254456	26.18576145936468	0.0
183.0	26.32376611667616	23.654385450603183	23.788518233761636	26.23333019895902	0.0
184.0	26.269836440973275	23.630601080806013	23.788241671322137	26.311320806898575	0.0
185.0	26.25739113119569	23.80704791720827	23.654938575482188	26.280622376113854	0.0
186.0	26.219778639423424	23.773860424468033	23.70720887654806	26.299152059560488	0.0
187.0	26.213141140875372	23.725738559994692	23.72435574779718	26.336764551332752	0.0
188.0	26.221714576499938	23.858488530955636	23.715229187293616	26.204567705250813	0.0
189.0	26.214392388959567	23.769290336854915	23.740527684053323	26.2757895901322	0.0
190.0	26.12284971513911	23.89595663476962	23.703744676143593	26.277448973947674	0.0
191.0	26.29708501576415	23.77924663974777	23.819624979257704	26.10404336523038	0.0
192.0	26.292106864317716	23.703191548205098	23.822943746888654	26.181757840588528	0.0
193.0	26.208307981636153	23.781459151501743	23.758227778085068	26.252005088777036	0.0
194.0	26.169865589910945	23.74771834725372	23.814370263842026	26.268045798993306	0.0
195.0	26.232369046960564	23.73444327672991	23.846451684274573	26.18673599203496	0.0
196.0	26.319210133303834	23.69406493721998	23.819348415288456	26.16737651418773	0.0
197.0	26.242951056339002	23.661219263286863	23.755527837623312	26.340301842750826	0.0
198.0	26.212324864897752	23.7354042557899	23.80675815453374	26.245512724778607	0.0
199.0	26.243998495475363	23.82127132331792	23.74853419474744	26.186195986459275	0.0
200.0	26.293023577404412	23.79976491737537	23.738643434971998	26.16856807024822	0.0
201.0	26.268409043766855	23.821890340869807	23.716794579271244	26.192906036092094	0.0
202.0	26.22139251884118	23.79976491737537	23.755790638180184	26.223051925603265	0.0
203.0	26.275323238608866	23.691350342252644	23.7414091129088	26.29191730622969	0.0
204.0	26.252440717529467	23.664312146337956	23.78876799769895	26.294479138433623	0.0
205.0	26.269864536720007	23.717966446702473	23.740921637064613	26.271247379512907	0.0
206.0	26.21040229662531	23.743410754091833	23.81504201076405	26.231144938518806	0.0
207.0	26.3638978466372	23.76304712175101	23.690862727961633	26.182192303650154	0.0
208.0	26.32622638430626	23.650956520296152	23.795049934867567	26.227767160530018	0.0
209.0	26.26455108401946	23.634638839951215	23.790624801214697	26.31018527481463	0.0
210.0	26.24823340367452	23.818281886545105	23.65953021674858	26.2739544930318	0.0
211.0	26.213108905304907	23.780668250495754	23.705717549250355	26.30050529494899	0.0
212.0	26.22832030223663	23.731715209460937	23.72175865874199	26.318205829560448	0.0
213.0	26.219746605784206	23.862533223073754	23.717056954235822	26.20066321690622	0.0
214.0	26.220372265398122	23.775202588710346	23.736759133777692	26.26766601211384	0.0
215.0	26.125231628730262	23.893851812926957	23.71573969079293	26.26517686754985	0.0
216.0	26.28840888348038	23.784882595348066	23.8352186298642	26.091489891307358	0.0
217.0	26.281218021406644	23.7085488287192	23.821113477334958	26.189119672539203	0.0
218.0	26.189949387393867	23.784882595348066	23.767458583400174	26.257709433857894	0.0
219.0	26.148463644660787	23.750587714688717	23.82858091102691	26.272367729623586	0.0
220.0	26.217329977597696	23.744779710706087	23.847664352684127	26.190225959012086	0.0
221.0	26.312470614265564	23.698315678845034	23.819730619243852	26.169483087645546	0.0
222.0	26.243953436273575	23.658831371052276	23.76807746239307	26.329137730281083	0.0
223.0	26.21056066908576	23.73357155500487	23.805757146650148	26.250110629259225	0.0
224.0	26.248043234153656	23.80118705851767	23.754445937947704	26.196323769380967	0.0
225.0	26.285176939139575	23.798210556884655	23.739853138439837	26.176759365535933	0.0
226.0	26.26968871433905	23.813145630799443	23.71551449946759	26.20165115539391	0.0
227.0	26.2157565029801	23.795168227013125	23.75672424045469	26.23235102955209	0.0
228.0	26.261668026495926	23.68536777619515	23.75202245792596	26.30094173938296	0.0
229.0	26.246542759154774	23.661909503263637	23.795773868790796	26.295773868790796	0.0
230.0	26.270473893538522	23.721228682535028	23.74363172713645	26.26466569679	0.0
231.0	26.198022978586877	23.75080900778307	23.823827146152443	26.22734086747761	0.0
232.0	26.357888448198608	23.76380844908368	23.691343478429225	26.186959624288487	0.0
233.0	26.32809021084046	23.646049126960637	23.804808700245882	26.22105196195302	0.0
234.0	26.271943532483483	23.6291774649913	23.790979469123474	26.30789953340174	0.0
235.0	26.26005039371821	23.81393599278667	23.638581342154538	26.287432271340577	0.0
236.0	26.21773294648364	23.774384391776586	23.706897743899237	26.300984917840537	0.0
237.0	26.22077537733057	23.721556728888988	23.73649229850119	26.321175595279257	0.0
238.0	26.212201254034678	23.863168055582445	23.711876267103303	26.212754423279577	0.0
239.0	26.218082046289332	23.769471611275833	23.731855998583885	26.280590343850953	0.0
240.0	26.12844605116489	23.892990205705086	23.703244757797957	26.27531898533207	0.0
241.0	26.2906616508077	23.789831821199382	23.823025005532198	26.096481522460724	0.0
242.0	26.288927862086513	23.703050052281867	23.819508605761516	26.188513479870096	0.0
243.0	26.190252242183483	23.787063113107852	23.771294518615242	26.251390126093426	0.0
244.0	26.15518262149406	23.7493706046069	23.832091141986066	26.263355631912976	0.0
245.0	26.22571193798192	23.727392700923797	23.858257041912555	26.188638319181724	0.0
246.0	26.305668688299615	23.697374828456326	23.82132896542565	26.175627517818405	0.0
247.0	26.24518899535432	23.654786378942532	23.763526843399895	26.336497782303248	0.0
248.0	26.213686258124675	23.74134958868176	23.803884349430962	26.241079803762602	0.0
249.0	26.249802848391106	23.805676306112115	23.75365595176496	26.190864893731824	0.0
