# Position (bp)	A	C	G	T	N
0.0	25.890735582412027	24.09631233390152	24.142364187008898	25.87058789667755	0.0
1.0	25.829013307066724	24.095352920295117	24.167628745310864	25.908005027327295	0.0
2.0	25.761834863558885	24.241203201801092	24.190355581565658	25.80660635307436	0.0
3.0	25.866424492040853	24.15436074212879	24.131337098125492	25.84787766770486	0.0
4.0	25.84224393737849	24.229062212217332	24.03560830860534	25.893085541798833	0.0
5.0	25.88351904845646	24.11696056018289	24.16811881504692	25.831401576313727	0.0
6.0	25.847499624328186	24.239624264242757	24.097028835609212	25.81584727581984	0.0
7.0	25.7404281439423	24.22120770352183	24.085334663290624	25.95302948924525	0.0
8.0	25.87577123493495	24.162910392890254	24.10121159809469	25.860106774080112	0.0
9.0	25.74898345395494	24.22959875201391	24.16118967854129	25.860228115489857	0.0
10.0	25.997493878542617	24.159778029242347	24.044381365196877	25.798346727018163	0.0
11.0	25.902555348843155	24.008579630091358	24.189506255713894	25.899358765351593	0.0
12.0	25.89424423176509	24.13260706956405	23.996752271172568	25.976396427498287	0.0
13.0	25.85045103793066	24.106075426584066	24.180555821937514	25.862917713547763	0.0
14.0	25.9396357173453	24.127492535977545	24.036389906467967	25.896481840209184	0.0
15.0	25.88337584789377	24.09872328455347	24.168728463018727	25.84917240453403	0.0
16.0	26.032656296949817	24.04118478170531	24.19781737279196	25.72834154855291	0.0
17.0	25.86323737189692	24.243208858372174	23.994834321077633	25.898719448653278	0.0
18.0	25.76893815889577	24.053971115671573	24.338467046420785	25.838623679011874	0.0
19.0	25.977035744196602	24.045659998593504	24.045340340244348	25.931963916965543	0.0
20.0	25.861639080151132	24.104477134838284	24.14858998702187	25.885293797988712	0.0
21.0	25.81017408593695	24.170326754764506	23.982687303809687	26.036811855488857	0.0
22.0	25.813370669428515	24.022964255803398	24.148270328672712	26.01539474609537	0.0
23.0	25.931324600267235	24.231381499453384	23.96222916946368	25.875064730815705	0.0
24.0	25.96201180178625	24.03862751491206	24.098403626204313	25.900957057097372	0.0
25.0	25.915661341158568	24.092969434268653	24.09872328455347	25.89264594001931	0.0
26.0	25.841500604154277	24.072511299922642	24.140598528292962	25.945389567630116	0.0
27.0	25.783003126258652	24.205169514822558	24.196858397744492	25.814968961174294	0.0
28.0	25.881138239449676	24.14443442848284	24.10831303502816	25.86611429703932	0.0
29.0	25.86068010510367	24.18439172212739	24.038307856562906	25.91662031620604	0.0
30.0	25.899039107002437	24.087854900682153	24.14795067032356	25.865155321991857	0.0
31.0	25.872744417983924	24.22650918215673	24.075630923649847	25.825115476209504	0.0
32.0	25.752233605574826	24.19070756149408	24.101203509837454	25.955855323093648	0.0
33.0	25.900791469012518	24.14012453809664	24.067242900433452	25.89184109245739	0.0
34.0	25.792747637739904	24.213965144676443	24.15323044662379	25.840056770959862	0.0
35.0	26.023539490339985	24.126698973263945	24.04902249101766	25.800739045378407	0.0
36.0	25.91293840862305	23.992762981242567	24.168254292984184	25.9260443171502	0.0
37.0	25.905586313595624	24.123822066514084	24.01609789154701	25.954493728343287	0.0
38.0	25.87553862087483	24.104323031876127	24.149394570957305	25.870743776291732	0.0
39.0	25.942986101343834	24.122863097597463	24.03751486401821	25.896635937040497	0.0
40.0	25.887046247874284	24.07619327698858	24.15163216509609	25.885128310041043	0.0
41.0	26.04527611911673	24.025687580713218	24.201818205065916	25.727218095104142	0.0
42.0	25.852203710570393	24.2548811517856	23.98796813665946	25.904947000984542	0.0
43.0	25.76877341482438	24.03016276899078	24.342466979503637	25.8585968366812	0.0
44.0	25.980705545397587	24.04039177076807	24.035916582490508	25.942986101343834	0.0
45.0	25.878095871319157	24.077471902210743	24.14268178854096	25.901750437929138	0.0
46.0	25.83590123898784	24.168893605595265	23.985091229909603	26.010113925507294	0.0
47.0	25.8307867380992	24.01513892263039	24.148115945735146	26.005958393535273	0.0
48.0	25.947461289621398	24.238898336508583	23.92787275121789	25.88576762265212	0.0
49.0	25.972074825148	24.033998644657263	24.099847843598564	25.894078686596174	0.0
50.0	25.907184595123322	24.079389840043987	24.116469971486655	25.896955593346032	0.0
51.0	25.851244741653773	24.067562556738995	24.15323044662379	25.927962254983445	0.0
52.0	25.765257195463438	24.18487642087228	24.19670370417727	25.853162679487014	0.0
53.0	25.89248040506847	24.13149381784705	24.10496234448721	25.871063432597268	0.0
54.0	25.883849684818884	24.201178892454834	24.002991983019857	25.91197943970643	0.0
55.0	25.897594905957117	24.09473334270992	24.138206600263395	25.86946515106957	0.0
56.0	25.878013150618372	24.1860777337719	24.07643597144839	25.85947314416134	0.0
57.0	25.759740695633827	24.189913597176805	24.05725665442387	25.9930890527655	0.0
58.0	25.907338622545854	24.146043639199842	24.07348212173713	25.873135616517175	0.0
59.0	25.787468274314502	24.21668723109085	24.151477761652995	25.844366732941648	0.0
60.0	26.043830992398618	24.125905420696974	24.040557732756252	25.789705854148153	0.0
61.0	25.918526521714114	23.96160313005453	24.194950741278234	25.924919606953118	0.0
62.0	25.909256548117554	24.11088167038531	24.020099859991433	25.9597619215057	0.0
63.0	25.868660456849874	24.116955101362368	24.159788772463703	25.85459566932406	0.0
64.0	25.959442267243748	24.103849276622405	24.0370415358748	25.899666920259044	0.0
65.0	25.885602132733236	24.068687307807878	24.18088595375242	25.864824605706467	0.0
66.0	26.038716524207416	24.034803956041145	24.189836273087028	25.73664324666441	0.0
67.0	25.873774925041076	24.255365396786836	23.973110683484744	25.897748994687348	0.0
68.0	25.769887289907235	24.029689487849943	24.340073776203656	25.860349446039166	0.0
69.0	25.994604236058276	24.0370415358748	24.024575019658737	25.943779208408184	0.0
70.0	25.87729112192253	24.08626829221514	24.127823346268677	25.908617239593656	0.0
71.0	25.857792211943565	24.161067389511505	23.975987571842296	26.005152826702638	0.0
72.0	25.80984407265102	24.02713225375434	24.126544729220875	26.036478944373766	0.0
73.0	25.938984394478933	24.24737404023808	23.944022145647267	25.86961941963572	0.0
74.0	25.955926070362295	24.02617329096849	24.115356830052615	25.902543808616603	0.0
75.0	25.92396064416727	24.058458371425466	24.118553372672118	25.89902761173515	0.0
76.0	25.850120509656755	24.091702414668294	24.159788772463703	25.898388303211245	0.0
77.0	25.79290239676766	24.196868666849937	24.187279038991427	25.822949897390984	0.0
78.0	25.89615072337759	24.11088167038531	24.121110606767722	25.871856999469372	0.0
79.0	25.888159366828837	24.19015592734898	24.001879567060268	25.919805138761916	0.0
80.0	25.895511414853694	24.08307174959564	24.140929171008636	25.88048766454203	0.0
81.0	25.88743730800827	24.18720172357027	24.064454879346883	25.86090608907457	0.0
82.0	25.76245289110373	24.188799989771095	24.077560662193655	25.971186456931523	0.0
83.0	25.90269786472318	24.14780718578187	24.07940161104718	25.87009333844777	0.0
84.0	25.798810893747604	24.21429484720624	24.139176575885436	25.84771768316072	0.0
85.0	26.041426927502876	24.11232578954098	24.047116736990155	25.799130545965987	0.0
86.0	25.915483953458633	23.9592123769339	24.203107019562715	25.92219665004475	0.0
87.0	25.919319780079274	24.11680092059839	24.012594297404423	25.951285001917913	0.0
88.0	25.87904360056259	24.116481268380003	24.148126838000255	25.856348293057152	0.0
89.0	25.963431786216596	24.09378596087457	24.020265950645697	25.922516302263137	0.0
90.0	25.87265055619486	24.082598133231045	24.17369901547117	25.871052295102924	0.0
91.0	26.043984145249965	24.0225035161744	24.197353279631763	25.73615905894387	0.0
92.0	25.873289860631633	24.24689937348165	23.97839151003708	25.901419255849632	0.0
93.0	25.77515662958701	24.0084388185654	24.34727017005498	25.86913438179261	0.0
94.0	25.986446745940416	24.03337169159954	24.035928909346634	25.944252653113413	0.0
95.0	25.879363252780973	24.071729957805907	24.1494054468738	25.899501342539317	0.0
96.0	25.832054724459784	24.1682649277586	23.995652729829946	26.00402761795167	0.0
97.0	25.793057153816644	24.044559519243062	24.140774836977368	26.021608489962922	0.0
98.0	25.95096534969953	24.24721902570004	23.932361590589437	25.869454034010996	0.0
99.0	25.979094744917532	24.02474108170311	24.081639176575887	25.91452499680348	0.0
100.0	25.92315560669991	24.07588543664493	24.10785065848357	25.89310829817159	0.0
101.0	25.840365682137833	24.087073264288456	24.138217619230275	25.934343434343432	0.0
102.0	25.764927758598645	24.191599539700807	24.198951540723694	25.844521160976857	0.0
103.0	25.92219665004475	24.113604398414527	24.0953842219665	25.868814729574225	0.0
104.0	25.917721518987342	24.166027362229894	24.012594297404423	25.90365682137834	0.0
105.0	25.94553126198696	24.049034650300474	24.12383326940289	25.88160081830968	0.0
106.0	25.860101457289808	24.208463724383954	24.04895777727344	25.882477041052805	0.0
107.0	25.74758423608159	24.191522210963395	24.093708944799435	25.96718460815558	0.0
108.0	25.918195127252737	24.130072049149412	24.080845922222718	25.870886901375133	0.0
109.0	25.79193330818752	24.19591998516823	24.176421324502464	25.83572538214178	0.0
110.0	26.043178345618557	24.10513933551122	24.065183063655134	25.786499255215094	0.0
111.0	25.891664162740298	23.964812908752663	24.19911648691672	25.944406441590324	0.0
112.0	25.893262413614544	24.130072049149412	24.02586609214875	25.9507994450873	0.0
113.0	25.863854597528462	24.09267297869212	24.188568031146712	25.854904392632704	0.0
114.0	25.960388950332757	24.10226248393758	24.032578745820572	25.90476981990909	0.0
115.0	25.88942661151636	24.077010120124537	24.169389020655792	25.864174247703314	0.0
116.0	26.036785342121583	24.01947308865178	24.216057946183696	25.727683623042942	0.0
117.0	25.883672908369082	24.249940864717654	23.96960766137539	25.896778565537875	0.0
118.0	25.788097506089336	24.00796568235723	24.353507521368613	25.850429290184824	0.0
119.0	25.989157466069134	24.056872159109073	24.01627658690329	25.937693787918505	0.0
120.0	25.88079605679544	24.080845922222718	24.117286042155463	25.921071978826372	0.0
121.0	25.834127131267543	24.16427461785822	23.99390107466389	26.007697176210353	0.0
122.0	25.774991848920543	24.05207740648634	24.1450956073673	26.027835137225818	0.0
123.0	25.94984049456275	24.25058016506735	23.92453698672173	25.87504235364817	0.0
124.0	25.95719244858427	24.03545559739421	24.098426681839396	25.908925272182127	0.0
125.0	25.90061436763606	24.077969070649083	24.14701350841639	25.874403053298472	0.0
126.0	25.856502643506946	24.065502713829982	24.171626571879735	25.906368070783337	0.0
127.0	25.77115604682236	24.178978525901254	24.210304243036422	25.83956118423997	0.0
128.0	25.91435932515455	24.096508780790305	24.12335939547759	25.865772498577556	0.0
129.0	25.91691652655334	24.170987271530038	24.020112389001476	25.891983812915147	0.0
130.0	25.948881544038205	24.034176996694818	24.13966155439487	25.877279904872108	0.0
131.0	25.88160081830968	24.177854494310193	24.07620508886332	25.86433959851681	0.0
132.0	25.76077227975962	24.18584579976985	24.08931082981716	25.964071090653366	0.0
133.0	25.894150026051737	24.166743916199707	24.07116759739035	25.867938460358204	0.0
134.0	25.755740173060264	24.20733987770067	24.191357215692417	25.84556273354665	0.0
135.0	26.046624621610476	24.103772227887188	24.074364129792002	25.775239020710334	0.0
136.0	25.866340194157377	23.967280294336703	24.21565086194496	25.950728649560954	0.0
137.0	25.88839626772877	24.127746220899567	24.033128861810706	25.950728649560954	0.0
138.0	25.890633840409922	24.083953726996953	24.178571086085814	25.84684134650731	0.0
139.0	25.95328587548228	24.099297082524878	24.06221730666573	25.88519973532712	0.0
140.0	25.88935522744926	24.044636378456648	24.161629464357066	25.90437892973702	0.0
141.0	26.05693681713858	24.008911960823173	24.20038486373139	25.733766358306852	0.0
142.0	25.870258728159623	24.264315716121445	23.97151241217499	25.893913143543944	0.0
143.0	25.79801686495886	24.008272652299272	24.349024095538265	25.844686387203602	0.0
144.0	26.0090718169526	24.03168423172451	24.044790098357932	25.914453852964964	0.0
145.0	25.870980734376047	24.0780342478671	24.13173633553576	25.91924868222109	0.0
146.0	25.83454003202946	24.15890703465383	24.003554566755213	26.002998366561503	0.0
147.0	25.77892001265835	24.02241422849599	24.149956686709054	26.048709072136607	0.0
148.0	25.94578007077168	24.24425499541295	23.943779028695456	25.86618590511992	0.0
149.0	25.978467951258803	24.002033014103237	24.10496234448721	25.91453669015075	0.0
150.0	25.91389737753967	24.039432801851447	24.134690380902455	25.91197943970643	0.0
151.0	25.86978480737511	24.081947090488306	24.154828728151493	25.89343937398509	0.0
152.0	25.770052040046544	24.17816363845593	24.190949890677544	25.860834430819985	0.0
153.0	25.907184595123322	24.099528187293025	24.124141722819626	25.86914549476403	0.0
154.0	25.911020470789808	24.172090168650666	24.032080706824022	25.884808653735504	0.0
155.0	25.964722730120577	24.047424209489957	24.12797759848611	25.859875461903357	0.0
156.0	25.882097214497147	24.182154113683296	24.063880524495417	25.87186814732414	0.0
157.0	25.766380892102518	24.172564363208604	24.092649775919497	25.96840496876938	0.0
158.0	25.9019988300467	24.136520124155698	24.091448152848326	25.870032892949276	0.0
159.0	25.78436418152816	24.20300927331835	24.179993798608205	25.83263274654528	0.0
160.0	26.04456690950124	24.118299540010167	24.054367665815306	25.782765884673292	0.0
161.0	25.87227050854609	23.931298807990206	24.216754626270244	25.97967605719346	0.0
162.0	25.896564620740136	24.113184990074576	24.030393212992234	25.959857176193047	0.0
163.0	25.886335520868965	24.0805797342352	24.163371511317543	25.869713233578302	0.0
164.0	25.943874207644335	24.08217803109007	24.08665326228371	25.887294498981884	0.0
165.0	25.914145886143725	24.01441024444352	24.17967413923723	25.891769730175522	0.0
166.0	26.052002352700494	24.017683612929623	24.22354490589198	25.70676912847791	0.0
167.0	25.86436170212766	24.262223813420622	23.964939648117838	25.908474836333877	0.0
168.0	25.787643207855975	24.009692103109657	24.344696194762683	25.857968494271688	0.0
169.0	26.005415064363824	24.040456348635526	24.041095671464785	25.913032915535865	0.0
170.0	25.867321333243826	24.06986519878145	24.13795308009756	25.924860387877157	0.0
171.0	25.83727316026864	24.152337843755895	24.022555309416266	25.9878336865592	0.0
172.0	25.775898168659754	24.033423797513674	24.134117143122005	26.056560890704567	0.0
173.0	25.946597364071977	24.246318299657002	23.932091129076085	25.87499320719494	0.0
174.0	25.97832688680753	24.023910750247737	24.095515136016367	25.902247226928367	0.0
175.0	25.875715244701595	24.080171339065945	24.14346450148643	25.90064891474603	0.0
176.0	25.848543937601892	24.090400537032895	24.170635808586134	25.890419716779085	0.0
177.0	25.776939551833266	24.162324585237986	24.18086500655308	25.87987085637567	0.0
178.0	25.914714061950576	24.103506696928044	24.116612856823195	25.86516638429818	0.0
179.0	25.94348368123262	24.150497075088705	24.03701691014289	25.869002333535786	0.0
180.0	25.95850781574657	24.02934501166768	24.13675159032062	25.875395582265128	0.0
181.0	25.841037247305227	24.185175240068023	24.093111869781477	25.88067564284527	0.0
182.0	25.77678468679274	24.171110002940914	24.093111869781477	25.958993440484868	0.0
183.0	25.91240525913684	24.130270085382655	24.098623200682805	25.8587014547977	0.0
184.0	25.781342403309175	24.2114651228954	24.15360566703002	25.8535868067654	0.0
185.0	26.025886512353473	24.127393095864488	24.069853305501123	25.776867086280912	0.0
186.0	25.88715168447736	23.94422476320778	24.19548184779447	25.97314170452039	0.0
187.0	25.88683201897534	24.109172162249422	24.025419800720528	25.978576018054707	0.0
188.0	25.903774290582334	24.053230699396153	24.169269276628935	25.87372573339258	0.0
189.0	25.91783957267116	24.094467549156562	24.093828218152524	25.893864660019755	0.0
190.0	25.903454625080315	24.036608093291182	24.176301917673346	25.88363536395516	0.0
191.0	26.06401002474219	23.997046281319328	24.201952523127872	25.736991170810608	0.0
192.0	25.877324774794936	24.255336832616216	23.973390958552038	25.89394743403681	0.0
193.0	25.793572145537773	24.018144271895558	24.35635145416302	25.83193212840365	0.0
194.0	26.015823543514742	24.00895069128107	24.04123711340206	25.933988651802125	0.0
195.0	25.878366498841203	24.084072564532885	24.129145688483977	25.90841524814193	0.0
196.0	25.836809717893388	24.150243746503637	24.014385039558857	25.998561496044115	0.0
197.0	25.79589227203708	24.04379445376808	24.134899704307518	26.025413569887316	0.0
198.0	25.975545432749943	24.235914648765284	23.922001118836413	25.866538799648364	0.0
199.0	25.96412039996931	24.028527222975217	24.107805027747233	25.89954734930824	0.0
200.0	25.888216151244492	24.06255394510546	24.14758741504645	25.9016424886036	0.0
201.0	25.86648935149961	24.071492963869904	24.168675315043444	25.893342369587042	0.0
202.0	25.75381703792742	24.1640239380067	24.191836525920053	25.890322498145828	0.0
203.0	25.93748201760836	24.095765426494374	24.14435784479837	25.82239471109889	0.0
204.0	25.914464556306466	24.152989392786584	24.052287999590803	25.88025805131615	0.0
205.0	25.950269496109406	24.03822177323964	24.154268140636688	25.857240590014257	0.0
206.0	25.85677749360614	24.192774936061383	24.08759590792839	25.86285166240409	0.0
207.0	25.78660988881003	24.19005236606372	24.085831750842395	25.93750599428385	0.0
208.0	25.905796522278457	24.159582596685965	24.09372392428171	25.840896956753873	0.0
209.0	25.798232012404686	24.203206675511932	24.164521955976152	25.83403935610723	0.0
210.0	26.02092851502179	24.117667746236158	24.078982284616295	25.78242145412576	0.0
211.0	25.888412511150115	23.951889045550022	24.196152530397054	25.963545912902802	0.0
212.0	25.884895628514887	24.100876982642585	24.051640625749336	25.962586763093192	0.0
213.0	25.903462299652457	24.046500772135346	24.18398242792604	25.866054500286157	0.0
214.0	25.92616275909697	24.12035719652523	24.084228296282557	25.86925174809524	0.0
215.0	25.902029306160816	24.0265117483622	24.180939805030583	25.890519140446404	0.0
216.0	26.050952155618933	24.00244273637631	24.219859063063524	25.726746044941233	0.0
217.0	25.846644754511388	24.28380504150094	23.991252190149762	25.87829801383791	0.0
218.0	25.77662390812242	24.013953012495044	24.374608330882072	25.834814748500467	0.0
219.0	26.00276890513143	24.03416048778772	24.03096313775143	25.93210746932942	0.0
220.0	25.877598263188357	24.102418171295923	24.117126075515497	25.902857490000226	0.0
221.0	25.828523924477626	24.150852904030312	24.040223177886844	25.980399993605218	0.0
222.0	25.774652841059876	24.042934839953574	24.143653298289706	26.038759020696844	0.0
223.0	25.95259487579576	24.241968850619184	23.94236948882657	25.86306678475848	0.0
224.0	25.947893817986483	24.02780531165866	24.118613827195233	25.905687043159624	0.0
225.0	25.90408830168891	24.083121766545375	24.141315956079374	25.87147397568634	0.0
226.0	25.85501240631315	24.09063003606784	24.174084874529967	25.880272683089046	0.0
227.0	25.749194208533716	24.170546403356184	24.20348153074798	25.87677785736212	0.0
228.0	25.941534978608015	24.076371612936235	24.16270696502459	25.819386443431156	0.0
229.0	25.91069555652196	24.15869381699112	24.0659614745082	25.864649151978714	0.0
230.0	25.9414052007521	24.04260625983295	24.16763663805784	25.84835190135711	0.0
231.0	25.843091859119077	24.182490294770368	24.117575579275897	25.856842266834658	0.0
232.0	25.780900241752903	24.200232799089267	24.088629938986173	25.93023702017166	0.0
233.0	25.90555436524053	24.15664403646841	24.108356331285634	25.829445267005426	0.0
234.0	25.761970394200358	24.205891100032296	24.190221579807424	25.841916925959918	0.0
235.0	25.987112454230026	24.14799891271326	24.087878351801216	25.777010281255496	0.0
236.0	25.865272381317855	23.97755072672327	24.21067779536624	25.946499096592635	0.0
237.0	25.881758496189626	24.097614638997886	24.069472559873873	25.95115430493862	0.0
238.0	25.890238793464597	24.081459048216004	24.1764391727455	25.85186298557389	0.0
239.0	25.920785429891747	24.12318713123011	24.110395113449208	25.84563232542893	0.0
240.0	25.924741430590824	24.032723341925664	24.19838685949303	25.84414836799048	0.0
241.0	26.034990085076444	24.026418473741444	24.25446171560161	25.6841297255805	0.0
242.0	25.842028160364382	24.26384508601002	24.020752435724386	25.873374317901217	0.0
243.0	25.788012359974665	24.039574949939542	24.374164326247033	25.798248363838756	0.0
244.0	25.990722968650033	24.0489443378119	24.057581573896353	25.902751119641714	0.0
245.0	25.854882000850964	24.094092204730202	24.16159341239399	25.889432382024847	0.0
246.0	25.812014487003932	24.163989813025506	24.056809019823646	25.96718668014692	0.0
247.0	25.761924417097827	24.057773468871886	24.174881851720308	26.00542026230998	0.0
248.0	25.921458078017157	24.263329504257314	23.971829093084946	25.843383324640584	0.0
249.0	25.92330681752731	24.05653434362181	24.145169238251878	25.874989600599008	0.0
