# Position (bp)	A	C	G	T	N
0.0	29.16918378012825	21.724813442608067	20.623452629961623	28.481618960819166	9.311864828970142E-4
1.0	29.723472534072698	18.564832112897047	22.47965648530646	29.232038867723798	0.0
2.0	29.86722444736992	19.69831885920344	21.37480372334915	28.903097242640424	0.15655572743706053
3.0	30.366072259986964	20.15550796163516	20.57535617841512	28.900270043765712	0.0027935561970388306
4.0	29.735543346680327	20.461984356085296	20.9423596238011	28.85976347890865	3.491945246298538E-4
5.0	28.93507309805382	20.958771766458703	21.743644659651736	28.362394077660863	1.1639817487661793E-4
6.0	28.477628270788713	21.202276748300587	22.030216966197973	28.289878014712727	0.0
7.0	27.77955608115737	21.978277797888772	22.135531549106588	28.106634571847273	0.0
8.0	27.488793778757593	22.24692447280418	22.23458628062869	28.02969546780954	0.0
9.0	27.601699876967274	22.156948788354608	22.196407723708305	28.04494361096982	0.0
10.0	27.515332531738835	22.12354255104927	22.380665820064927	27.98045909714697	0.0
11.0	27.868251387173636	21.910534138962966	22.23959139632252	27.981157485383317	4.65592157565698E-4
12.0	28.050996309018174	21.67075417781663	22.015874364612202	28.26225875051361	1.163980393914245E-4
13.0	27.78351361449668	21.961982072373974	22.08676077060158	28.167627144488378	1.163980393914245E-4
14.0	27.794804224317645	22.219570933547196	22.321768412132865	27.663740031962902	1.163980393914245E-4
15.0	27.758604434066914	22.24459651201635	22.6361595165291	27.360639537387634	0.0
16.0	27.379961611926607	22.53361284382526	22.866511236484733	27.2199143077634	0.0
17.0	27.289171141201297	22.72660079313624	22.952529387594993	27.031698678067468	0.0
18.0	27.275901764710675	22.65641277538321	22.760356224559754	27.307329235346362	0.0
19.0	27.204433368524338	22.72008250293032	22.7543035265114	27.32118060203394	0.0
20.0	27.430711157101268	22.59588579489967	22.598679347845067	27.374723700153996	0.0
21.0	27.578769463207166	22.259495461058453	22.38171340241945	27.780021673314938	0.0
22.0	27.38938985311731	22.307335055248327	22.378221461237708	27.92505363039665	0.0
23.0	27.42721921591953	22.47483183393259	22.53466042617978	27.563288523968104	0.0
24.0	27.578769463207166	22.381131412222494	22.72334164803328	27.316757476537067	0.0
25.0	27.422214100225695	22.642910602813807	22.707511514676046	27.227014588166277	3.4919411817427347E-4
26.0	27.50555509642996	22.638836671435104	22.84602518155184	27.009466652543708	1.163980393914245E-4
27.0	27.541172896483733	22.58343120468479	22.694358536224815	27.181037362606663	0.0
28.0	27.293710664737564	22.73137311275129	22.66153428911643	27.313381933394716	0.0
29.0	27.497058039554386	22.64593695183798	22.561664771318593	27.295340237289047	0.0
30.0	27.529183898426414	22.40219945735234	22.320255237620778	27.748128610521682	2.32796078782849E-4
31.0	27.42070092571361	22.394284390673725	22.273696021864207	27.911318661748464	0.0
32.0	27.4941480885696	22.394400788713114	22.27637317677021	27.835077945947077	0.0
33.0	27.685739261407882	22.175456076617845	22.191751802132647	27.946936461802235	1.163980393914245E-4
34.0	27.535818586671727	22.430251384845672	22.191519006053863	27.842411022428738	0.0
35.0	27.781053860750255	22.239556269157788	22.286731863961464	27.692658006130493	0.0
36.0	27.853154118753505	22.170299193909642	22.158103471324807	27.818443216012046	0.0
37.0	27.75020127377123	22.286163562787397	22.239248797956495	27.724386365484875	0.0
38.0	27.838652743050446	22.23465025691634	22.218281625855795	27.70841537417742	0.0
39.0	27.874777181471057	22.174804421484247	21.916143769922247	28.034274627122453	0.0
40.0	27.87403548174103	22.189101003918317	21.890287102324482	28.046576412016172	0.0
41.0	27.897936663012622	22.238146975195914	21.87473005313163	27.989186308659836	0.0
42.0	27.977227537601383	21.94611780455154	21.76783112843531	28.308823529411764	0.0
43.0	27.782970545789	22.050902419996063	21.870069466773348	28.296057567441597	0.0
44.0	28.08008719864245	21.9778260528705	21.73201085430897	28.210075894178075	0.0
45.0	28.275769005866742	21.706046021474975	21.55902405171472	28.45916092094356	0.0
46.0	27.997047997519065	21.881849241128617	21.76526084527241	28.35584191607991	0.0
47.0	28.181103402797152	21.840722235052105	21.737934827443972	28.24010604456702	1.334901397508273E-4
48.0	28.28539629888268	21.739154155027933	21.513153587639664	28.46229595844972	0.0
49.0	28.162281840593913	21.911007993477902	21.542744027227524	28.38396613870066	0.0
50.0	28.23079697285415	21.908166653309365	21.469093115647507	28.391943258188977	0.0
51.0	28.393778269231902	21.722974761347395	21.323014757347796	28.56023221207291	0.0
52.0	28.241619754640396	21.773584734390436	21.415333689365482	28.569461821603685	0.0
53.0	28.474363232888418	21.70240172663576	21.334992600355246	28.488242440120576	0.0
54.0	28.41453950609731	21.55744541083958	21.23913610500182	28.788878978061295	0.0
55.0	28.40444447404171	21.65032897365547	21.233950880370795	28.710609733358194	6.659385738259503E-4
56.0	28.52984465560408	21.63657728137817	21.257490712637885	28.575742255642727	3.450947371327113E-4
57.0	28.62785613376044	21.437409018229477	21.116186294855243	28.818548553154837	0.0
58.0	28.567281172884307	21.572480840879738	21.100900357686537	28.759337628549414	0.0
59.0	28.722227495772014	21.545593497131943	21.091121128703243	28.6410578783928	0.0
60.0	28.72843282753329	21.505688988500875	20.913670735277787	28.85220744868805	0.0
61.0	28.66699817529783	21.566673268745337	21.070042435914186	28.696286120042647	0.0
62.0	28.80371993125257	21.520101580706708	21.058191044789258	28.617987443251465	0.0
63.0	28.939038417299283	21.37543133195307	20.84771106510237	28.837819185645273	0.0
64.0	28.69755101647743	21.516482246554762	20.98031568100617	28.805651055961633	0.0
65.0	28.85528743861489	21.51680464661336	20.863374643285702	28.764533271486048	0.0
66.0	28.887607733827696	21.33757877560951	20.83695862016074	28.937854870402056	0.0
67.0	28.77302180443196	21.331364067939656	21.020982670834698	28.874631456793686	0.0
68.0	29.0271485953147	21.382545206334573	20.825688341009926	28.764617857340795	0.0
69.0	28.98684089445109	21.281862519554615	20.738627649458603	28.992668936535686	0.0
70.0	28.6439940012578	21.449696031477274	20.771451147340073	29.13485881992485	0.0
71.0	28.9672732210755	21.418726235741445	20.853136882129277	28.760863661053776	0.0
72.0	29.15816299176856	21.339190295266654	20.621843513319345	28.880803199645438	0.0
73.0	28.87475858641759	21.3829374715292	20.7847212026067	28.957582739446508	0.0
74.0	29.102104498410014	21.34233729936599	20.686492859950217	28.86906534227378	0.0
75.0	28.968280551322202	21.205473028420226	20.721475105089514	29.10477131516806	0.0
76.0	28.99786874467738	21.271516633057843	20.880565863732038	28.850048758532743	0.0
77.0	29.09024894334072	21.242575455713407	20.817118811328132	28.85005678961774	0.0
78.0	29.091891626341777	21.348529881358846	20.57920463756724	28.98037385473214	0.0
79.0	29.04669643689713	21.179688552275767	20.787011614534226	28.98660339629288	0.0
80.0	28.97855746228713	21.398844309480374	20.722688892044523	28.899909336187967	0.0
81.0	29.053419726421886	21.33218142548596	20.599568034557237	29.01483081353492	0.0
82.0	28.905149380616958	21.252125333981052	20.808234151080885	29.034491134321105	0.0
83.0	29.023964389186286	21.43556092787659	20.67512167667581	28.865353006261312	0.0
84.0	29.230769230769234	21.08089895212103	20.657030223390276	29.031301593719466	0.0
85.0	28.95618593293012	21.31144049748701	20.896867989891245	28.835505579691628	0.0
86.0	29.095186526756038	21.424997199297955	20.740879047014452	28.738937226931547	0.0
87.0	29.170367459225783	21.242680290823344	20.554136372568284	29.03281587738259	0.0
88.0	29.07473309608541	21.339071422659934	20.62318960523049	28.963005876024166	0.0
89.0	28.886411926573548	21.4627817060852	20.610261590442022	29.040544776899228	0.0
90.0	29.107435444451564	21.011103279723926	20.91865222843648	28.962809047388028	0.0
91.0	28.812743635401127	21.258000866259206	20.733432792723423	29.195822705616248	0.0
92.0	28.835013294780154	21.323209754223495	20.990587497851603	28.851189453144748	0.0
93.0	29.0789850689249	21.199579765050462	20.76448802436514	28.956947141659505	0.0
94.0	29.042333649394834	21.116626694182607	20.43728038373585	29.40375927268671	0.0
95.0	29.056346792847165	21.37632237081567	20.528596085430145	29.038734750907018	0.0
96.0	29.392677317088335	21.154969851432835	20.431404239448	29.02094859203083	0.0
97.0	29.054842473745623	20.91598599766628	20.717089211838335	29.31208231674976	0.0
98.0	29.04878432719415	21.75904062737017	20.63853232015341	28.553642725282273	0.0
99.0	29.734854324032682	21.0174194542932	20.57345460151071	28.674271620163406	0.0
100.0	29.78501045088086	20.931621379516272	20.783981951494642	28.499386218108224	0.0
101.0	28.945376309813142	21.355432487350093	20.698035778317863	28.98322642336348	0.01792900115542452
102.0	29.517426836698252	20.971028803126117	20.742032395638564	28.765310195592342	0.00420176894472573
103.0	28.930288195290522	21.241388476618745	20.678732029329023	29.145160933035026	0.004430365726690738
104.0	29.47506316084963	21.477028165060354	20.37288294189202	28.670347150743897	0.0046785814541031165
105.0	28.971593573385324	21.27643821417113	20.955601076038402	28.791431180433868	0.004935955971272736
106.0	28.978869574268764	21.18507338399084	20.695846778390756	29.13500572499219	0.005204538357447695
107.0	29.239637661268187	21.59758440845457	20.359593741421904	28.800439198462808	0.0027449903925336264
108.0	29.357347286866524	20.83779017663554	20.83779017663554	28.964181434477176	0.0028909253852158075
109.0	28.611475060178552	21.655138791553675	21.04573570188001	28.678509400042657	0.009141046345104969
110.0	28.842937998456392	21.710187805505534	20.944816053511705	28.49241059943401	0.009647543092359146
111.0	29.231656042316562	21.331208463312084	20.998914959989147	28.428048284280482	0.010172250101722501
112.0	28.83805581328956	21.269002926272215	20.787238598244237	29.094996788237815	0.01070587395617729
113.0	28.64114114114114	21.764264264264263	20.28153153153153	29.3018018018018	0.01126126126126126
114.0	29.532036295914725	20.933549946507114	20.75920275785553	28.767286127511195	0.00792487221143559
115.0	29.160935350756535	21.695635863448793	20.661914884748448	28.477345671293403	0.004168229752823976
116.0	28.498091351849414	21.56991795006801	20.87666184020008	29.0509411609846	0.004387696897898293
117.0	29.271676300578036	21.179190751445088	20.957225433526013	28.58265895953757	0.009248554913294798
118.0	28.628560280920794	21.030042918454935	21.08856808427624	29.243074522044477	0.009754194303550527
119.0	29.571845107166606	21.065016113356183	21.146861732057907	28.20093099391273	0.015346053506573226
120.0	28.726200053633683	21.491016358272997	20.8259587020649	28.946098149637972	0.010726736390453205
121.0	28.80315404111518	21.334835257673895	21.120811039143902	28.73556744578992	0.005632216277105041
122.0	29.5678499347026	21.72622581028137	20.289683010803753	28.416241244212276	0.0
123.0	28.722807454964784	21.186810446923893	21.24290968023437	28.84123916973135	0.006233248145608676
124.0	28.392880513021858	21.594032194738908	21.07054050516948	28.942546787069755	0.0
125.0	28.811236724905793	21.569030489893798	20.78108941418294	28.83864337101747	0.0
126.0	29.21541885004666	21.283468523436937	20.917378508362646	28.583734118153757	0.0
127.0	29.523737867730045	21.375366789556843	20.638025731698143	28.462869611014973	0.0
128.0	28.82199573358616	21.466382239077188	21.18195464960101	28.52966737773564	0.0
129.0	29.171169673289548	20.916119378169423	21.256962341009228	28.6557486075318	0.0
130.0	29.003232287935703	20.91377653533677	21.184589848868697	28.89840132785883	0.0
131.0	28.71776111212731	21.61148710444485	20.678617157490397	28.992134625937442	0.0
132.0	28.55090508571976	21.72205727420745	20.649363087826835	29.077674552245952	0.0
133.0	28.88308032572635	21.75530310646426	20.428269830099527	28.933346737709865	0.0
134.0	27.40145831131776	21.85353481982458	21.578780513579204	29.16622635527845	0.0
135.0	28.414390406395736	21.09704641350211	21.940928270042196	28.547634910059962	0.0
136.0	28.568102444703143	21.664726426076832	20.186263096623982	29.580908032596042	0.0
137.0	28.71177698636866	21.84698514061157	20.41016824266241	29.031069630357365	0.0
138.0	29.566782362771566	21.056691091399923	20.375369584779534	29.00115696104898	0.0
139.0	28.57336037863421	21.000676132521974	21.839080459770116	28.5868830290737	0.0
140.0	28.151200795793663	20.90379423049595	21.031689640471793	29.899104732130173	0.014210601108426887
141.0	28.75816993464052	20.008912655971482	21.776589423648247	29.441473559120617	0.014854426619132503
142.0	29.269056190327124	20.738769760525905	20.58225074346533	29.40992330568164	0.0
143.0	30.20287958115183	20.876963350785342	20.418848167539267	28.501308900523558	0.0
144.0	28.287884017949604	21.47048671039006	20.900931998619264	29.340697273041076	0.0
145.0	28.42278203723987	21.705001825483752	20.700985761226725	29.17123037604965	0.0
146.0	28.87310424265694	21.30927241313112	21.501247840276445	28.297177961220964	0.01919754271453254
147.0	30.066815144766146	20.732941891071064	20.489977728285076	28.690018222312208	0.020247013565499086
148.0	28.9002557544757	20.609548167092925	20.012787723785166	30.477408354646208	0.0
149.0	28.555456171735244	21.310375670840788	21.153846153846153	28.980322003577818	0.0
150.0	28.601645123384255	21.64512338425382	20.65804935370153	29.0716803760282	0.023501762632197415
151.0	29.055390702274973	21.266073194856578	20.252225519287833	29.426310583580612	0.0
152.0	28.332462101411394	21.223209618400418	21.144798745426034	29.273392577104023	0.026136957658128592
153.0	28.634240175872495	21.214619400934325	21.984061555372357	28.13959879087661	0.02748007694421544
154.0	28.625072212593878	22.67475447718082	21.143847487001732	27.55632582322357	0.0
155.0	29.978652028057333	19.79261970112839	20.250076242756936	29.978652028057333	0.0
156.0	28.20019249278152	20.532563362207252	21.07795957651588	30.18928456849535	0.0
157.0	29.0736984448952	20.892494929006087	20.824881676808655	29.20892494929006	0.0
158.0	29.359430604982208	22.313167259786475	19.537366548042705	28.790035587188612	0.0
159.0	28.78103837471783	20.993227990970656	21.93378480060196	28.291948833709558	0.0
160.0	29.614926558158	21.437078205637157	20.404922588328702	28.543072647876137	0.0
161.0	29.140461215932913	21.970649895178195	21.635220125786166	27.253668763102723	0.0
162.0	28.8135593220339	21.141837644959857	21.855486173059766	28.189116859946477	0.0
163.0	30.422535211267604	22.065727699530516	19.671361502347416	27.84037558685446	0.0
164.0	29.099999999999998	20.7	19.7	30.5	0.0
165.0	30.90812533191715	21.083377588953798	19.38396176314392	28.624535315985128	0.0
166.0	28.852643419572555	21.25984251968504	21.316085489313835	28.57142857142857	0.0
167.0	27.365883062085594	22.06148282097649	21.277878239903554	29.294755877034355	0.0
168.0	28.617571059431523	20.348837209302324	22.157622739018088	28.875968992248062	0.0
169.0	28.4435261707989	22.107438016528928	19.903581267217632	29.545454545454547	0.0
170.0	26.646928201332347	22.501850481125093	21.317542561065878	29.533678756476682	0.0
171.0	29.333333333333332	22.823529411764707	18.11764705882353	29.72549019607843	0.0
172.0	31.354515050167226	20.819397993311036	19.063545150501675	28.762541806020064	0.0
173.0	27.22371967654987	20.934411500449237	20.21563342318059	31.626235399820306	0.0
174.0	29.560975609756095	21.365853658536587	20.975609756097562	28.09756097560976	0.0
175.0	27.73645058448459	22.848034006376196	19.02231668437832	30.28692879914984	0.10626992561105207
176.0	28.47141190198366	22.403733955659277	22.170361726954493	26.954492415402566	0.0
177.0	29.7680412371134	22.036082474226802	18.556701030927837	29.63917525773196	0.0
178.0	28.28854314002829	22.772277227722775	20.792079207920793	28.147100424328148	0.0
179.0	27.48447204968944	22.82608695652174	21.428571428571427	28.26086956521739	0.0
180.0	32.70547945205479	18.15068493150685	22.43150684931507	26.71232876712329	0.0
181.0	32.28346456692913	21.062992125984252	20.47244094488189	26.181102362204722	0.0
182.0	26.666666666666668	20.666666666666668	21.555555555555557	31.11111111111111	0.0
183.0	26.633165829145728	20.35175879396985	19.849246231155778	33.165829145728644	0.0
184.0	30.447761194029848	21.791044776119403	21.492537313432834	26.268656716417908	0.0
185.0	26.223776223776223	23.776223776223777	19.93006993006993	30.069930069930066	0.0
186.0	26.582278481012654	21.940928270042196	20.675105485232066	30.801687763713083	0.0
187.0	27.127659574468083	23.404255319148938	20.74468085106383	28.723404255319153	0.0
188.0	32.16783216783217	25.874125874125873	20.27972027972028	21.678321678321677	0.0
189.0	32.323232323232325	23.232323232323232	23.232323232323232	21.21212121212121	0.0
190.0	37.28813559322034	23.728813559322035	18.64406779661017	20.33898305084746	0.0
191.0	13.636363636363635	40.909090909090914	22.727272727272727	22.727272727272727	0.0
