# Position (bp)	A	C	G	T	N
0.0	26.205149334198275	23.89580940859508	23.901069198378817	25.997972058827827	0.0
1.0	26.237584704531308	23.8744780389166	23.88119888141804	26.006738375134052	0.0
2.0	26.060976179901353	23.825358236517918	23.906881881296897	26.206783702283833	0.0
3.0	26.156714128348153	24.015240722181154	23.866515116540686	25.961530032930014	0.0
4.0	26.115781200237254	23.898097583922816	23.79261882430628	26.193502391533652	0.0
5.0	26.21389858735191	23.809913371218208	23.84555826625568	26.130629775174206	0.0
6.0	26.015350409470855	23.919934788515533	23.890426007461922	26.174288794551686	0.0
7.0	26.04549518227873	23.861305722249167	23.74590245356114	26.34729664191096	0.0
8.0	26.17035946337587	23.951175618192867	23.67830598793998	26.20015893049128	0.0
9.0	26.137040889065478	23.92489453449102	23.865004148504784	26.07306042793872	0.0
10.0	26.08296815658779	23.8737949167397	23.85276073619632	26.190476190476193	0.0
11.0	26.089395267309378	23.8004674262343	23.92725679228747	26.18288051416886	0.0
12.0	26.14928425357873	23.826760151913525	23.78323108384458	26.24072451066316	0.0
13.0	26.150452819164478	23.87730061349693	23.873210633946833	26.09903593339176	0.0
14.0	26.245106631609698	23.860940695296524	23.77680397312299	26.117148699970787	0.0
15.0	26.086473853345023	23.884896289804267	23.810108092316682	26.218521764534035	0.0
16.0	26.118609406952963	23.832310838445807	23.952965235173824	26.096114519427406	0.0
17.0	26.157756354075374	23.847210049664035	23.828513000292144	26.16652059596845	0.0
18.0	26.018404907975462	23.98159509202454	23.849255039439086	26.150744960560914	0.0
19.0	26.250365176745543	23.75927548933684	23.85334501898919	26.137014314928425	0.0
20.0	26.146210071807936	23.849407832849355	23.897610881619155	26.106771213723555	0.0
21.0	26.15322142435627	23.96714012772347	23.69398951802794	26.18564892989232	0.0
22.0	26.112906147203347	23.784260682087748	24.005118287360283	26.097714883348623	0.0
23.0	25.99079175698652	23.903745815098947	23.914554983610962	26.19090744430357	0.0
24.0	26.107939772481608	23.836261546821227	23.91367856454242	26.14212011615474	0.0
25.0	26.222166391081558	23.88300389714346	23.902577256340894	25.99225245543409	0.0
26.0	26.250211801274897	23.871610449252415	23.873947566768525	26.004230182704163	0.0
27.0	26.076388686014106	23.815227489176223	23.896734462550615	26.21164936225906	0.0
28.0	26.165491291315856	23.998399074501464	23.868689052357276	25.967420581825408	0.0
29.0	26.117580382235573	23.891768087828876	23.807923996938378	26.18272753299718	0.0
30.0	26.22041355294448	23.8125982319706	23.82749735613581	26.139490858949117	0.0
31.0	26.020297865627427	23.931791225292287	23.881251059006374	26.16665985007391	0.0
32.0	26.052725371163476	23.85349778850255	23.750372478104133	26.343404362229844	0.0
33.0	26.176008320138354	23.95078030511069	23.667696945971688	26.205514428779264	0.0
34.0	26.15789565938849	23.933836203118883	23.859632721982344	26.04863541551028	0.0
35.0	26.089534972042234	23.867228353909706	23.858172023534774	26.18506465051329	0.0
36.0	26.090995670489804	23.80324976190615	23.92390345367541	26.181851113928634	0.0
37.0	26.15701924031995	23.823991679861642	23.78601352022483	26.232975559593573	0.0
38.0	26.148255049634532	23.88534101465957	23.84853141378081	26.117872521925083	0.0
39.0	26.229469883319407	23.865183376083106	23.786889939293374	26.118456801304113	0.0
40.0	26.086613575147094	23.875992544595125	23.81493534948671	26.222458530771075	0.0
41.0	26.125176014162932	23.833632289615604	23.962173753001736	26.07901794321973	0.0
42.0	26.15497426249335	23.84005936278491	23.84298075968005	26.16198561504169	0.0
43.0	26.01825288780083	23.971230083376668	23.862846258566996	26.147670770255505	0.0
44.0	26.24173975027899	23.767608719785454	23.85349778850255	26.137153741433007	0.0
45.0	26.15073151350846	23.851897728335047	23.881403664578855	26.11596709357764	0.0
46.0	26.159203515004208	23.965539403571096	23.713716462559596	26.161540618865104	0.0
47.0	26.10603440216883	23.787335234177807	24.011989342806395	26.094641020846964	0.0
48.0	25.998235486585024	23.9021454613443	23.906527531083483	26.193091520987196	0.0
49.0	26.10223660839488	23.83232448350005	23.91412311863139	26.151315789473685	0.0
50.0	26.226687388987568	23.889291390109378	23.89250490791811	25.991516312984945	0.0
51.0	26.242754978031225	23.845762830700195	23.89162849397027	26.019853697298306	0.0
52.0	26.077404879872862	23.81450406656072	23.90594325511826	26.20214779844816	0.0
53.0	26.1811138637001	23.99913527157147	23.866212489483033	25.953538375245394	0.0
54.0	26.11947274936898	23.903021875292136	23.789964476021314	26.18754089931756	0.0
55.0	26.224642423109284	23.816256894456387	23.82063896419557	26.13846171823876	0.0
56.0	26.02189866317659	23.9094489109096	23.88695428624848	26.181698139665325	0.0
57.0	26.067764326446667	23.85218986631766	23.72481770589885	26.355228101336824	0.0
58.0	26.172641862204355	23.950348228475274	23.684210526315788	26.192799383004576	0.0
59.0	26.142259512012718	23.945674020753483	23.850437038421987	26.061629428811816	0.0
60.0	26.08909039917734	23.862122557726465	23.857156212022062	26.191630831074132	0.0
61.0	26.080618397681594	23.789964476021314	23.9363256053099	26.193091520987196	0.0
62.0	26.15073151350846	23.83232448350005	23.792885855847434	26.224058147144056	0.0
63.0	26.163293446760772	23.884032906422362	23.850437038421987	26.10223660839488	0.0
64.0	26.234575114518087	23.85978545386557	23.800481443395345	26.105157988220995	0.0
65.0	26.088506123212113	23.869718145274376	23.833493035430493	26.208282696083014	0.0
66.0	26.12034916331682	23.836122277274	23.956775264092737	26.086753295316445	0.0
67.0	26.16241703281294	23.836414415256613	23.82969524165654	26.171473310273907	0.0
68.0	26.02160652519398	23.956775264092737	23.86445966158736	26.157158549125924	0.0
69.0	26.260867532953164	23.755784332055715	23.858032625969898	26.12531550902122	0.0
70.0	26.13421909052135	23.858185366309677	23.887398993882666	26.120196549286312	0.0
71.0	26.167814762230286	23.951961110818974	23.712117228444725	26.168106898506018	0.0
72.0	26.097994192330837	23.78748838758304	24.015062546376633	26.099454873709487	0.0
73.0	25.986105998726284	23.912230577319708	23.91252271359544	26.189140710358565	0.0
74.0	26.104129054121167	23.826926784806577	23.919533984212958	26.1494101768593	0.0
75.0	26.231792606615134	23.88535403995256	23.892365310570074	25.990488042862236	0.0
76.0	26.259545552809477	23.859353911412594	23.873668588923362	26.00743194685457	0.0
77.0	26.089522240334674	23.81903910536187	23.90755639690803	26.18388225739543	0.0
78.0	26.16138776416423	23.99987146003868	23.87805063305931	25.960690142737786	0.0
79.0	26.123994320870803	23.917489030282844	23.79128615916753	26.16723048967883	0.0
80.0	26.22156783696459	23.81699415143176	23.83948864466296	26.12194936694069	0.0
81.0	26.038690528357666	23.913983394974085	23.88418549484964	26.163140581818606	0.0
82.0	26.050668115662596	23.862859546721353	23.73315104029728	26.35332129731877	0.0
83.0	26.173657487744883	23.949039748061676	23.69809468720969	26.179208076983752	0.0
84.0	26.139477543484485	23.946994794131566	23.864904500651463	26.048623161732486	0.0
85.0	26.09185933054051	23.863443819272813	23.864028091824274	26.1806687583624	0.0
86.0	26.079589606959853	23.773757982623735	23.96802860598412	26.178623804432295	0.0
87.0	26.164893399472987	23.828095329909495	23.78894906896169	26.21806220165583	0.0
88.0	26.145028132723354	23.891196765467154	23.870162953614603	26.09361214819489	0.0
89.0	26.247275829228816	23.855556139828106	23.78865693268596	26.108511098257114	0.0
90.0	26.073162608893796	23.87454499775055	23.839196508387232	26.213095884968418	0.0
91.0	26.12224150321642	23.826342512255117	23.971534241292876	26.079881743235582	0.0
92.0	26.169275443608935	23.820791923016248	23.846499915280482	26.163432718094338	0.0
93.0	26.00860049195749	23.949039748061676	23.866073045754383	26.176286714226453	0.0
94.0	26.25136573708904	23.75769048745859	23.868994408511682	26.12194936694069	0.0
95.0	26.14078549142877	23.839349357888217	23.908293116141017	26.11157203454199	0.0
96.0	26.15188660504575	23.95328183974666	23.733012374820337	26.16181918038725	0.0
97.0	26.09988665178728	23.787349404629747	24.016675041190975	26.096088902391994	0.0
98.0	25.977482267431668	23.91501221122498	23.9202706334646	26.187234887878752	0.0
99.0	26.10368440118256	23.829416782546712	23.913551538380638	26.153347277890088	0.0
100.0	26.233100015190995	23.88696729261367	23.87498977529009	26.004942916905243	0.0
101.0	26.247998878203255	23.855708893744815	23.876742582703297	26.019549645348633	0.0
102.0	26.090830480152377	23.813057246690114	23.896899867955174	26.19921240520233	0.0
103.0	26.179639389088187	23.98132675835797	23.88813583088914	25.9508980216647	0.0
104.0	26.139909087722167	23.88842796545801	23.801079729366535	26.170583217453284	0.0
105.0	26.22871799665798	23.832045993666522	23.82445049487596	26.11478551479954	0.0
106.0	26.02334739474392	23.92143917174007	23.882585274080654	26.172628159435362	0.0
107.0	26.046133891115602	23.855416759175945	23.74469775757505	26.3537515921334	0.0
108.0	26.183729273052336	23.93487736190799	23.699124764831673	26.182268600207998	0.0
109.0	26.143414702548583	23.931371747081577	23.87352910244575	26.05168444792409	0.0
110.0	26.079729366535403	23.861843719691038	23.881708870374048	26.17671804339951	0.0
111.0	26.084695654206154	23.77128200334202	23.970225644740996	26.173796697710834	0.0
112.0	26.162987718662723	23.837304415906143	23.790562884887294	26.209144980543837	0.0
113.0	26.13435853091368	23.892809983991025	23.871484160463677	26.101347324631618	0.0
114.0	26.269616836299477	23.830585320822184	23.801956133073137	26.097841709805202	0.0
115.0	26.08119003937974	23.871484160463677	23.83876508875048	26.208560711406104	0.0
116.0	26.11215630367973	23.827663975133508	23.992427871974947	26.067751849211824	0.0
117.0	26.172628159435362	23.822697687462753	23.84168643443916	26.162987718662723	0.0
118.0	26.003190109492035	23.960877338537223	23.8776189864099	26.158313565560842	0.0
119.0	26.2503359547542	23.775371887306168	23.855416759175945	26.118875398763684	0.0
120.0	26.146780950377735	23.825466103427928	23.893533855672995	26.13421909052135	0.0
121.0	26.158758537682658	23.946118385304377	23.7343195854002	26.160803491612768	0.0
122.0	26.101207691363864	23.789241205237417	24.020613135615502	26.08893796778321	0.0
123.0	25.996915040928293	23.90667998808084	23.921578938143064	26.174826032847804	0.0
124.0	26.09887060115803	23.830432420115336	23.926545254830472	26.144151723896165	0.0
125.0	26.225657744824804	23.891781038018614	23.89762376353321	25.984937453623363	0.0
126.0	26.26597255087553	23.84533137017756	23.87250004382044	26.016196035126466	0.0
127.0	26.100331282536676	23.803263746472457	23.909601350838138	26.186803620152727	0.0
128.0	26.179208076983752	23.990815235491052	23.88155626836807	25.94842041915713	0.0
129.0	26.143275315068976	23.885061903676828	23.802387337645264	26.169275443608935	0.0
130.0	26.23500610564816	23.811151425917163	23.84562350645329	26.108218961981382	0.0
131.0	26.030294620294764	23.92515446750705	23.897693577365214	26.14685733483297	0.0
132.0	26.046070025269863	23.850659499569097	23.743737310293454	26.35953316486759	0.0
133.0	26.154237169299805	23.958235954005797	23.698817425446386	26.188709451248016	0.0
134.0	26.137369523492342	23.92412570149838	23.89257470720385	26.045930067805422	0.0
135.0	26.091795865066914	23.855765213860238	23.87913632074507	26.17330260032778	0.0
136.0	26.071346146542684	23.77571917277967	23.972912887120476	26.180021793557167	0.0
137.0	26.155189992492033	23.83151769046722	23.79383178061542	26.21946053642533	0.0
138.0	26.150223632279	23.881473431433555	23.867742906138716	26.100560030148728	0.0
139.0	26.25305650257228	23.83823688369661	23.827135607926312	26.0815710058048	0.0
140.0	26.078649617444192	23.85284382549963	23.853135964335692	26.215370592720483	0.0
141.0	26.106110668033878	23.82771988559843	23.981677052202286	26.084492394165405	0.0
142.0	26.17271832265566	23.83151769046722	23.836191911844185	26.159572075032937	0.0
143.0	26.025480349281192	23.95509241812079	23.868911461482956	26.150515771115064	0.0
144.0	26.262404945326217	23.751763788222714	23.87183284984356	26.113998416607508	0.0
145.0	26.134600833769113	23.83311763623244	23.90965845849121	26.12262307150724	0.0
146.0	26.164107028609322	23.946468166905735	23.73992480302424	26.1495000014607	0.0
147.0	26.115027417389957	23.773520965466066	24.011907648531555	26.09954396861242	0.0
148.0	25.984440594681292	23.916085550436602	23.926894750526586	26.172579104355524	0.0
149.0	26.092900964066608	23.812153082091733	23.94069529652352	26.15425065731814	0.0
150.0	26.223488168273445	23.88577271399357	23.89775051124744	25.99298860648554	0.0
151.0	26.289804265264387	23.8428279287175	23.872334209757522	25.99503359626059	0.0
152.0	26.101080923166815	23.792871749926963	23.904761904761905	26.201285422144316	0.0
153.0	26.16622845457201	23.993865030674847	23.885480572597135	25.954425942156	0.0
154.0	26.146362839614373	23.87963774466842	23.82354659655273	26.150452819164478	0.0
155.0	26.235173824130882	23.817119485831142	23.83494011101373	26.11276657902425	0.0
156.0	26.03425660022378	23.903955313921454	23.89898889567308	26.162799190181683	0.0
157.0	26.04097587197158	23.84757185968992	23.74619849897312	26.36525376936538	0.0
158.0	26.17222420230326	23.939666606290423	23.696895687383506	26.19121350402281	0.0
159.0	26.152434873808417	23.918702179686065	23.88627420047503	26.042588746030493	0.0
160.0	26.08582605164521	23.847126910256296	23.89971282249041	26.167334215608086	0.0
161.0	26.06040952739872	23.766203034207138	23.965445212783052	26.20794222561109	0.0
162.0	26.18106498158032	23.81586750687269	23.788698118885062	26.21436939266193	0.0
163.0	26.164997063953233	23.85852052457369	23.8731277224165	26.10335468905658	0.0
164.0	26.24913452352781	23.815283218958974	23.83485686406834	26.100725393444872	0.0
165.0	26.091084642868616	23.84625047838573	23.851509069609143	26.21115580913651	0.0
166.0	26.117669742942535	23.83690187176633	23.99290674472753	26.052521640563604	0.0
167.0	26.183402133235173	23.826092545362656	23.83631758385262	26.154187737549556	0.0
168.0	26.024183676748553	23.947332287457968	23.866408411408806	26.162075624384673	0.0
169.0	26.278056775256577	23.766787322120848	23.85238550147971	26.102770401142866	0.0
170.0	26.134766794723852	23.837333294380578	23.90365036006953	26.12424955082604	0.0
171.0	26.172745731021486	23.933449217779984	23.760206839129992	26.133598212068538	0.0
172.0	26.103215063030426	23.778027724623495	24.001227011788078	26.117530200557997	0.0
173.0	25.989278254137517	23.914167603967336	23.92263982821835	26.1739143136768	0.0
174.0	26.094819073661824	23.821919168901587	23.94053065493406	26.142731102502527	0.0
175.0	26.215475585315545	23.902259461164963	23.898169409922467	25.984095543597025	0.0
176.0	26.278871379574287	23.83798722735426	23.872168369880864	26.01097302319059	0.0
177.0	26.10124629704289	23.781310802993918	23.913361028823175	26.204081871140012	0.0
178.0	26.172237900751988	23.980262581289768	23.882393497987113	25.965106019971135	0.0
179.0	26.15441696319538	23.868370465155685	23.835942201733012	26.14127036991592	0.0
180.0	26.242353064909114	23.78627729378838	23.84207727859676	26.12929236270574	0.0
181.0	26.00374532929391	23.91985813323673	23.90875653314558	26.167640004323783	0.0
182.0	26.03558939271326	23.838349016778025	23.759177079285877	26.366884511222842	0.0
183.0	26.156614820095125	23.933074684772066	23.722143666810794	26.188166828322018	0.0
184.0	26.148218913147005	23.90977267880254	23.880849920097226	26.061158487953236	0.0
185.0	26.083361817868422	23.85251145954758	23.89428877767747	26.169837944906526	0.0
186.0	26.070799407521672	23.752596474929227	23.959730171111715	26.216873946437385	0.0
187.0	26.181816057097617	23.798463880148763	23.80868909787286	26.21103096488076	0.0
188.0	26.173635882918333	23.83848830381167	23.874714789462768	26.11316102380723	0.0
189.0	26.243167363442215	23.819206464674796	23.827094489776243	26.110531682106746	0.0
190.0	26.096508526370837	23.846084179835287	23.84637632891312	26.21103096488076	0.0
191.0	26.126599881387474	23.82446514807576	23.98134920287124	26.067585767665523	0.0
192.0	26.196423510989185	23.83030812963239	23.825925893464916	26.14734246591351	0.0
193.0	26.04216879789419	23.941324779208333	23.870624702373128	26.14588172052435	0.0
194.0	26.286405426961267	23.754057220318384	23.84842137245794	26.111115980262404	0.0
195.0	26.15713622114646	23.838335441688162	23.87952870235386	26.12499963481152	0.0
196.0	26.162979236843718	23.93941961325079	23.74426288896225	26.153338260943237	0.0
197.0	26.13376415835741	23.76880355489075	23.990253849816966	26.10717843693487	0.0
198.0	25.99645328947176	23.92159841537414	23.921890566159007	26.16005772899509	0.0
199.0	26.081545365306408	23.815032954704808	23.954389286215118	26.149032393773663	0.0
200.0	26.207615853409138	23.896098584224887	23.905447491279222	25.990838071086753	0.0
201.0	26.295261857043524	23.81984656106297	23.878277230152563	26.006614351740943	0.0
202.0	26.10581979665771	23.772057964239803	23.914339137548208	26.207783101554284	0.0
203.0	26.187485026791084	23.988103237719045	23.87971181320447	25.94469992228539	0.0
204.0	26.160606290792863	23.854001717901824	23.835595626946517	26.149796364358796	0.0
205.0	26.25029946417824	23.782714635471752	23.849619315293417	26.11736658505659	0.0
206.0	26.02424352205962	23.90870552213558	23.922144929399288	26.14490602640551	0.0
207.0	26.043233988845294	23.84238496889946	23.75765827093261	26.356722771322644	0.0
208.0	26.16807685115931	23.94002430815258	23.71155104712042	26.180347793567687	0.0
209.0	26.1797007616816	23.883261411346048	23.87566504708285	26.061372779889503	0.0
210.0	26.08489863176993	23.837238179549882	23.89830161832721	26.179561570352973	0.0
211.0	26.095416736056936	23.74199090183979	23.966669296192737	26.19592306591053	0.0
212.0	26.17926940078944	23.788445862440728	23.804807357998286	26.227477378771546	0.0
213.0	26.170086571359285	23.84408390088266	23.878560513759968	26.107269013998092	0.0
214.0	26.243714592080313	23.830936040039617	23.835610835006033	26.089738532874033	0.0
215.0	26.10173057088679	23.84260950104746	23.845531282048285	26.210128646017466	0.0
216.0	26.124812640793323	23.821280499741423	23.999216962691776	26.054689896773475	0.0
217.0	26.1893840009116	23.85049830974969	23.82946148654374	26.130656202794977	0.0
218.0	26.029130326803113	23.941797782355263	23.881316562212383	26.14775532862924	0.0
219.0	26.272516106411885	23.775255292106763	23.843041007435975	26.109187594045373	0.0
220.0	26.15084339179954	23.85105581024342	23.873554049829217	26.124546748127823	0.0
221.0	26.178753940867267	23.941188673677196	23.75272829272426	26.127329092731273	0.0
222.0	26.12806615144122	23.784423439349002	23.992169352364535	26.095341056845246	0.0
223.0	25.977881342313253	23.917953512834373	23.928180104895617	26.175985039956757	0.0
224.0	26.08286582515194	23.828015427769987	23.947522206638617	26.14159654043946	0.0
225.0	26.205002337540904	23.88937587657784	23.905738662926602	25.999883122954653	0.0
226.0	26.280541611393243	23.812960571298337	23.88805451177251	26.018443305535914	0.0
227.0	26.08449189735678	23.764441873104367	23.919306673211896	26.231759556326956	0.0
228.0	26.191589331213915	23.96269197503448	23.89548610299446	25.95023259075715	0.0
229.0	26.142499824680332	23.86685055751654	23.83324762149653	26.1574019963066	0.0
230.0	26.25441221159915	23.785034713293907	23.85019518922836	26.11035788587859	0.0
231.0	26.032720971752667	23.892913183354906	23.928269832596495	26.14609601229593	0.0
232.0	26.048359997077945	23.837533786251736	23.746657900504054	26.367448316166264	0.0
233.0	26.180234936590494	23.923791712933202	23.70317339722985	26.19279995324645	0.0
234.0	26.180895859084387	23.875939091634304	23.89259509261613	26.050569956665175	0.0
235.0	26.09703143308817	23.839997194778782	23.886166460658234	26.176804911474814	0.0
236.0	26.084758590259455	23.761684769109838	23.966816570675505	26.186740069955206	0.0
237.0	26.183539587686106	23.78943062110077	23.816022091375306	26.211007699837825	0.0
238.0	26.167912966485783	23.859701414031612	23.865545727368627	26.106839892113975	0.0
239.0	26.251778862871955	23.825804396676922	23.829895416012832	26.092521324438287	0.0
240.0	26.116509110036386	23.836296956502682	23.843018073961513	26.204175859499422	0.0
241.0	26.116179710924214	23.84173889664927	23.999251886356863	26.04282950606966	0.0
242.0	26.200182946252966	23.842923399293348	23.83883194954658	26.11806170490711	0.0
243.0	26.033550574275942	23.95183680626589	23.876727942250927	26.137884677207236	0.0
244.0	26.273365988239554	23.784500999520695	23.839445412141547	26.1026876000982	0.0
245.0	26.16850018120813	23.833837988239008	23.87271005529771	26.124951775255152	0.0
246.0	26.165694828064943	23.944641734987652	23.760503894661465	26.12915954228594	0.0
247.0	26.122781839067695	23.786167970793787	24.00305156977543	26.08799862036309	0.0
248.0	25.98878148448027	23.924843545845963	23.92572044909138	26.160654520582383	0.0
249.0	26.10607052661117	23.813838742867834	23.95297446450285	26.127116266018145	0.0
