# Position (bp)	A	C	G	T	N
0.0	26.366096163778934	23.787974832135983	23.632436493402828	26.213492510682258	0.0
1.0	26.31649997652252	23.834636333755927	23.709031788514814	26.139831901206744	0.0
2.0	26.257916082192263	23.704227584061602	23.83804532195491	26.19981101179122	0.0
3.0	26.22693445393934	23.904533289510752	23.715254953516762	26.15327730303315	0.0
4.0	26.112614225263663	23.82840240159167	23.731564027772073	26.327419345372594	0.0
5.0	26.29958829864341	23.61927454875712	23.788884943702847	26.29225220889662	0.0
6.0	26.26412901862742	23.73411035599845	23.710928788572367	26.290831836801765	0.0
7.0	26.195296865555147	23.780054813171596	23.70699014654014	26.317658174733122	0.0
8.0	26.243621606870914	23.71925973961191	23.728062582343256	26.30905607117392	0.0
9.0	26.357517179861855	23.705275141869567	23.606978750374115	26.33022892789446	0.0
10.0	26.09313107009771	23.766614829377072	23.744901851471496	26.395352249053726	0.0
11.0	26.2994043602007	23.710278454270707	23.696194360494115	26.294122825034478	0.0
12.0	26.32287784982835	23.634283031601186	23.779818667292627	26.263020451277836	0.0
13.0	26.385962853202667	23.717907338399694	23.6131568909363	26.282972917461343	0.0
14.0	26.367770898741234	23.64954079985916	23.71614682667762	26.26654147472199	0.0
15.0	26.1747014465538	23.710278454270707	23.724949385287992	26.390070713887503	0.0
16.0	26.253337636806435	23.761626712831195	23.753704410081863	26.231331240280507	0.0
17.0	26.194067075496612	23.818256506557905	23.766321410756728	26.221355007188755	0.0
18.0	26.1444793286582	23.784513365218157	23.781285760394354	26.289721545729293	0.0
19.0	26.25597840438954	23.818256506557905	23.609635867492152	26.316129221560402	0.0
20.0	26.313781872597637	23.670666940524047	23.781872597635044	26.233678589243276	0.0
21.0	26.22516944925325	23.86725741615563	23.688858894985476	26.218714239605646	0.0
22.0	26.21167219271735	23.79771720313371	23.769255596960186	26.221355007188755	0.0
23.0	26.22722337959567	23.706170593585867	23.74196766526804	26.324638361550424	0.0
24.0	26.174994865174146	23.759572782488778	23.74372817699011	26.321704175346966	0.0
25.0	26.416184971098268	23.68445761568029	23.668613010181627	26.230744403039818	0.0
26.0	26.333440920160793	23.782752853496085	23.724655966667648	26.159150259675478	0.0
27.0	26.28444001056307	23.689445732226165	23.822364367242745	26.20374988996802	0.0
28.0	26.257445497491272	23.85962853202664	23.72553622252868	26.15738974795341	0.0
29.0	26.15122795692615	23.77629764384848	23.740207153545963	26.332267245679407	0.0
30.0	26.30850033743141	23.60758193714973	23.77072269006191	26.313195035356944	0.0
31.0	26.279451894017193	23.721134943223497	23.720548105982804	26.278865056776503	0.0
32.0	26.198174936181452	23.772776620404333	23.73023092045421	26.298817522960004	0.0
33.0	26.244828496816407	23.712038965992782	23.710278454270707	26.332854082920104	0.0
34.0	26.356914409788445	23.707050849446905	23.616091077139757	26.319943663624894	0.0
35.0	26.116897978345705	23.74988996801737	23.737566385962854	26.395645667674074	0.0
36.0	26.322584431208007	23.688858894985476	23.687098383263404	26.301458290543117	0.0
37.0	26.31583580294005	23.62782782195358	23.78568703969954	26.270649335406826	0.0
38.0	26.380387899416096	23.734045362518703	23.604060913705585	26.281505824359613	0.0
39.0	26.350165781520495	23.658636777089875	23.723188873565917	26.268008567823713	0.0
40.0	26.165898887943428	23.688858894985476	23.73111117631525	26.414131040755844	0.0
41.0	26.252457380945394	23.756345177664976	23.758105689387047	26.23309175200258	0.0
42.0	26.183797423784515	23.839089228602447	23.76954901558053	26.20756433203251	0.0
43.0	26.159737096916167	23.78979490038438	23.767495085238107	26.282972917461343	0.0
44.0	26.259206009213344	23.803585575540623	23.608755611631114	26.328452803614915	0.0
45.0	26.324638361550424	23.669493266042664	23.738153223203547	26.26771514920337	0.0
46.0	26.24072063613157	23.86402981133183	23.674774801208883	26.22047475132772	0.0
47.0	26.228983891317743	23.765734573516035	23.766614829377072	26.23866670578915	0.0
48.0	26.229864147178777	23.70822452392829	23.71937443150142	26.34253689739151	0.0
49.0	26.153281887268566	23.773656876265367	23.735512455620434	26.337548780845633	0.0
50.0	26.43408350693935	23.690325988087206	23.67184061500543	26.20374988996802	0.0
51.0	26.333440920160793	23.767788503858455	23.731404594935597	26.167365981045158	0.0
52.0	26.295003080895512	23.703529826002757	23.815615738974795	26.18585135412693	0.0
53.0	26.268301986444058	23.842610252046594	23.74607552595288	26.14301223555647	0.0
54.0	26.16032393415686	23.779525248672282	23.724949385287992	26.335201431882865	0.0
55.0	26.297643848478625	23.62724098471289	23.75869252662774	26.316422640180747	0.0
56.0	26.285907103664798	23.7108652915114	23.710571872891055	26.292655731932747	0.0
57.0	26.208151169273204	23.753117572841173	23.71761391977935	26.321117338106276	0.0
58.0	26.243361403714683	23.711745547372438	23.718494175640387	26.3263988732725	0.0
59.0	26.3431237346322	23.696781197734808	23.629001496434967	26.33109357119803	0.0
60.0	26.131275490742645	23.757812270766703	23.733458525278014	26.37745371321264	0.0
61.0	26.310260849153487	23.704996919104488	23.690032569466858	26.294709662275167	0.0
62.0	26.3129016167366	23.642498752970866	23.791848830726796	26.25275079956574	0.0
63.0	26.390657551128193	23.744021595610455	23.599953053020744	26.265367800240604	0.0
64.0	26.343417153252545	23.674774801208883	23.737566385962854	26.244241659575717	0.0
65.0	26.15650949209237	23.70206273290103	23.762506968692232	26.378920806314373	0.0
66.0	26.236612775446726	23.78363310935712	23.732871688037324	26.24688242715883	0.0
67.0	26.197881517561108	23.808867110706846	23.778351574190896	26.214899797541154	0.0
68.0	26.173234353452067	23.775710806607787	23.7848067838385	26.266248056101638	0.0
69.0	26.27827821953581	23.80710659898477	23.598192541298673	26.316422640180747	0.0
70.0	26.31202136087556	23.676828731551307	23.756932014905665	26.25421789266747	0.0
71.0	26.255391567148852	23.85493383410111	23.677415568791996	26.21225902995804	0.0
72.0	26.209324843754583	23.779818667292627	23.77395029488571	26.23690619406708	0.0
73.0	26.229277309938087	23.721134943223497	23.70939819840967	26.340189548428743	0.0
74.0	26.181156656201406	23.764267480414308	23.728176990111795	26.3263988732725	0.0
75.0	26.419705994542415	23.685631290161673	23.690325988087206	26.20433672720871	0.0
76.0	26.327279129133537	23.78568703969954	23.734925618379744	26.152108212787184	0.0
77.0	26.31348845397729	23.703236407382413	23.819723599659635	26.163551538980663	0.0
78.0	26.263607288518532	23.849945717555237	23.741674246647694	26.144772747278545	0.0
79.0	26.165312050702738	23.7815791790147	23.732578269416976	26.320530500865587	0.0
80.0	26.29353598779379	23.621372612305976	23.78011208591297	26.304979313987264	0.0
81.0	26.287667615386873	23.717320501159005	23.708517942548635	26.28649394090549	0.0
82.0	26.199055192042486	23.772483201783988	23.724949385287992	26.303512220885537	0.0
83.0	26.230450984419473	23.71497315219624	23.74372817699011	26.31084768639418	0.0
84.0	26.34781843255773	23.705877174965522	23.633696194360493	26.312608198116255	0.0
85.0	26.12335318799331	23.75605175904463	23.73228485079663	26.388310202165428	0.0
86.0	26.3090871746721	23.675948475690266	23.713212640474165	26.30175170916346	0.0
87.0	26.316422640180747	23.641031659869135	23.773070039024677	26.26947566092544	0.0
88.0	26.369824829083655	23.74607552595288	23.606114844048005	26.277984800915466	0.0
89.0	26.361609107713974	23.657463102608492	23.736686130101816	26.244241659575717	0.0
90.0	26.17147384173	23.691499662568585	23.759279363868433	26.377747131832983	0.0
91.0	26.22399577477187	23.777177899709514	23.76280038731258	26.236025938206037	0.0
92.0	26.187318447228662	23.81062762242892	23.783339690736774	26.218714239605646	0.0
93.0	26.16853965552654	23.78774097004196	23.770429271441564	26.27329010298994	0.0
94.0	26.27329010298994	23.80270531967959	23.60171356474282	26.322291012587655	0.0
95.0	26.313195035356944	23.67242745224612	23.771896364543295	26.242481147853642	0.0
96.0	26.237493031307768	23.854640415480766	23.695607523253425	26.21225902995804	0.0
97.0	26.221355007188755	23.78891464452334	23.75722543352601	26.23250491476189	0.0
98.0	26.21431296030046	23.72553622252868	23.72700331563041	26.33314750154045	0.0
99.0	26.169419911387575	23.776591062468825	23.713212640474165	26.340776385669436	0.0
100.0	26.43877820486488	23.68445761568029	23.66773275432059	26.20903142513424	0.0
101.0	26.31583580294005	23.7848067838385	23.749009712156333	26.150347701065108	0.0
102.0	26.310554267773835	23.71614682667762	23.81620257621549	26.157096329333058	0.0
103.0	26.27827821953581	23.833220856195535	23.757812270766703	26.13068865350195	0.0
104.0	26.183504005164167	23.757812270766703	23.7378598045832	26.32082391948593	0.0
105.0	26.28678735952584	23.622252868167017	23.779525248672282	26.31143452363487	0.0
106.0	26.278865056776503	23.721428361843845	23.690325988087206	26.309380593292452	0.0
107.0	26.20668407617147	23.766321410756728	23.73580587424078	26.29118863883102	0.0
108.0	26.251577125084356	23.710278454270707	23.749009712156333	26.2891347084886	0.0
109.0	26.331680408438718	23.690032569466858	23.646019776415013	26.332267245679407	0.0
110.0	26.131862327983335	23.751357061119098	23.74519527009184	26.371585340805726	0.0
111.0	26.326692291892844	23.65628942812711	23.71497315219624	26.302045127783806	0.0
112.0	26.313195035356944	23.64543293917432	23.77893841143159	26.262433614037146	0.0
113.0	26.355447316686714	23.74607552595288	23.603767495085236	26.294709662275167	0.0
114.0	26.367477480120886	23.658636777089875	23.756932014905665	26.216953727883574	0.0
115.0	26.16707256242481	23.687098383263404	23.781872597635044	26.36395645667674	0.0
116.0	26.22047475132772	23.766614829377072	23.776591062468825	26.23631935682638	0.0
117.0	26.182330330682785	23.8118012969103	23.786567295560577	26.219301076846335	0.0
118.0	26.1579765851941	23.79977113347613	23.793902761069216	26.248349520260554	0.0
119.0	26.273583521610284	23.808573692086497	23.602887239224202	26.314955547079016	0.0
120.0	26.33490801326252	23.643085590211555	23.772776620404333	26.24922977612159	0.0
121.0	26.245708752677444	23.851999647897657	23.69326017429066	26.20903142513424	0.0
122.0	26.235732519585692	23.779818667292627	23.766908247997417	26.217540565124263	0.0
123.0	26.220768169948066	23.71937443150142	23.72025468736246	26.339602711188054	0.0
124.0	26.186731609987966	23.76544115489569	23.72700331563041	26.32082391948593	0.0
125.0	26.43114932073589	23.690325988087206	23.690912825327896	26.187611865849007	0.0
126.0	26.32874622223526	23.785100202458846	23.74871629353599	26.1374372817699	0.0
127.0	26.298817522960004	23.712625803233472	23.83615504239899	26.15240163140753	0.0
128.0	26.268008567823713	23.83703529826003	23.760746456970157	26.134209676946096	0.0
129.0	26.185264516886242	23.759866201109123	23.736686130101816	26.31818315190282	0.0
130.0	26.31143452363487	23.619025263343215	23.77629764384848	26.29324256917344	0.0
131.0	26.29009210437518	23.71680325343521	23.70624015210866	26.28686449008095	0.0
132.0	26.21673723405192	23.75553462496589	23.740276811938653	26.28745132904354	0.0
133.0	26.225539818490706	23.728833452168224	23.737049197644428	26.308577531696642	0.0
134.0	26.32794321746198	23.69567705078211	23.64638257792488	26.32999715383103	0.0
135.0	26.152184948167452	23.7382228755696	23.736755778163136	26.372836398099814	0.0
136.0	26.320314310948362	23.661640390952115	23.723845320986243	26.29419997711328	0.0
137.0	26.314739340803794	23.631418184378933	23.791918640646227	26.261923834171046	0.0
138.0	26.37635743187533	23.734408422312793	23.614986693426523	26.274247452385353	0.0
139.0	26.367848266917832	23.66780220005927	23.75670830289106	26.207641230131834	0.0
140.0	26.157173079349434	23.666335102652805	23.789864704277175	26.38662711372059	0.0
141.0	26.203826776875022	23.77108585747442	23.781355539319676	26.24373182633088	0.0
142.0	26.200012323618218	23.78810418738942	23.80482909782312	26.207054391169248	0.0
143.0	26.173017731339254	23.792505479608813	23.794559415977865	26.239917373074068	0.0
144.0	26.291049505880142	23.81135419356353	23.60331917091148	26.294277129644843	0.0
145.0	26.32860730968757	23.65144010703974	23.77966479660102	26.240287786671672	0.0
146.0	26.256425905495178	23.823384427595595	23.700441304194737	26.21974836271449	0.0
147.0	26.235299640853498	23.78142531865449	23.754137226825662	26.229137813666348	0.0
148.0	26.228041090705297	23.712247694442894	23.723104278961408	26.3366069358904	0.0
149.0	26.199362687276633	23.751048983879393	23.72757521874615	26.322013110097824	0.0
150.0	26.434393760673224	23.68737639595547	23.694125103431276	26.18410473994002	0.0
151.0	26.332576304407784	23.77804381378262	23.762785866446013	26.12659401536358	0.0
152.0	26.298539344964585	23.716718602372026	23.836728226615726	26.148013826047663	0.0
153.0	26.28181428730715	23.840836135514046	23.761318756125185	26.11603082105362	0.0
154.0	26.191146869479997	23.75192925007189	23.761318756125185	26.29560512432293	0.0
155.0	26.30910253927454	23.60844586069494	23.79066096254174	26.291790637488777	0.0
156.0	26.29304147533047	23.714147386335295	23.69214066695031	26.30067047138393	0.0
157.0	26.22408708792418	23.747891022725607	23.726471149190886	26.30155074015933	0.0
158.0	26.249028036560496	23.714147386335295	23.733806722319216	26.303017854784994	0.0
159.0	26.351432637431966	23.675708983142854	23.646366690629538	26.326491688795645	0.0
160.0	26.165695925822686	23.724417188714956	23.746130485174806	26.363756400287553	0.0
161.0	26.31915611566732	23.649007496955736	23.725297457490356	26.306538929886592	0.0
162.0	26.319742961517584	23.61761124396649	23.792784730270977	26.26986106424495	0.0
163.0	26.380481507020143	23.714440809260427	23.615850706415692	26.289226977303738	0.0
164.0	26.381361775795543	23.655169378383533	23.761681900206863	26.20178694561406	0.0
165.0	26.157480083918955	23.6566364930092	23.82124675400889	26.364636669062953	0.0
166.0	26.219392321122047	23.74730417687534	23.809509837003564	26.223793664999047	0.0
167.0	26.210002787517787	23.78750311761858	23.801880840950105	26.20061325391353	0.0
168.0	26.16188142779595	23.797186074147973	23.79219788442071	26.248734613635367	0.0
169.0	26.285196183143388	23.79901644346897	23.603302778136406	26.312484595251227	0.0
170.0	26.33537165056748	23.655825635849347	23.780530744944308	26.228271968638868	0.0
171.0	26.260842008896606	23.816328446849216	23.715977512001032	26.206852032253142	0.0
172.0	26.235314139505405	23.785812373094213	23.750014671189305	26.228858816211076	0.0
173.0	26.23128317532416	23.708124635053096	23.71604710052435	26.344545089098393	0.0
174.0	26.17883697865623	23.77890974818223	23.72462602918997	26.317627243971575	0.0
175.0	26.42120644831897	23.697337456939806	23.689121542713952	26.192334552027276	0.0
176.0	26.341688135633007	23.770693833956376	23.743698687214277	26.14391934319634	0.0
177.0	26.301782266535994	23.712008732343122	23.836127722255153	26.150081278865734	0.0
178.0	26.280068778939093	23.829672361077694	23.757489686093393	26.132769173889827	0.0
179.0	26.20319129582573	23.725799731222235	23.75925023914179	26.311758733810247	0.0
180.0	26.30706392568119	23.59962676275374	23.78976649198068	26.30354281958439	0.0
181.0	26.27867875974542	23.710611177784102	23.70034125486721	26.31036880760326	0.0
182.0	26.226448866053797	23.761960792368566	23.715892852427075	26.29569748915056	0.0
183.0	26.249336122840017	23.70826376683167	23.740247241058565	26.30215286926975	0.0
184.0	26.350861646532724	23.68361595183113	23.648991640282745	26.316530761353402	0.0
185.0	26.15602653748082	23.737606403737075	23.746409194808702	26.359957863973406	0.0
186.0	26.334136343496645	23.64429681837788	23.717359984272345	26.30420685385313	0.0
187.0	26.31066223397232	23.631679484508556	23.778979521773707	26.27867875974542	0.0
188.0	26.380497709807187	23.70239523945059	23.622583267067878	26.294523783674347	0.0
189.0	26.37609631427138	23.65368646218761	23.742594652010997	26.227622571530013	0.0
190.0	26.162188491230953	23.64429681837788	23.80978929052438	26.383725399866787	0.0
191.0	26.227622571530013	23.733205008201267	23.801279925821813	26.237892494446907	0.0
192.0	26.22468830783947	23.794237692964515	23.780446653618974	26.200627345577036	0.0
193.0	26.17862036789798	23.799519367607488	23.779566374511813	26.242293889982715	0.0
194.0	26.30663145539906	23.784917840375584	23.602406103286384	26.306044600938964	0.0
195.0	26.34037558685446	23.65786384976526	23.765845070422536	26.235915492957744	0.0
196.0	26.267172929418596	23.81322660344251	23.70289731747252	26.21670314966637	0.0
197.0	26.267172929418596	23.779482273957004	23.748378805039934	26.204965991584455	0.0
198.0	26.24172161139916	23.711769763231484	23.70560773715731	26.340900888212044	0.0
199.0	26.18223218582378	23.761135694080917	23.725924013192643	26.330708106902662	0.0
200.0	26.434150835988895	23.68674331120853	23.693198823922955	26.18590702887962	0.0
201.0	26.3490712755656	23.76947680389683	23.746295372516798	26.135156548020777	0.0
202.0	26.2978743382983	23.708287850511166	23.837106940385226	26.156730870805312	0.0
203.0	26.298461213423007	23.832411939387537	23.757585360986887	26.111541486202565	0.0
204.0	26.212777445215206	23.70946160076059	23.74643473361738	26.33132622040682	0.0
205.0	26.32310996866087	23.610866579809148	23.788396305034215	26.277627146495767	0.0
206.0	26.299125260059803	23.700141143881662	23.718921202980162	26.281812393078376	0.0
207.0	26.246181565286797	23.745748735991736	23.721979805212147	26.286089893509324	0.0
208.0	26.24046669542431	23.733856839770056	23.722705917911608	26.302970546894027	0.0
209.0	26.36989215758198	23.656078057369232	23.640525273274154	26.33350451177463	0.0
210.0	26.160956642946225	23.725625412662314	23.733548529088107	26.379869415303354	0.0
211.0	26.361536858847384	23.638316415913234	23.703462422198943	26.29668430304044	0.0
212.0	26.315619580304663	23.621141470371597	23.789289581566507	26.273949367757233	0.0
213.0	26.401324071873155	23.686272438352304	23.614082349523283	26.298321140251257	0.0
214.0	26.36816358391511	23.668958555259163	23.75406069249663	26.20881716832909	0.0
215.0	26.15967015391839	23.641512479274574	23.81729344269511	26.381523924111928	0.0
216.0	26.213372852258885	23.750091705427494	23.80320748903203	26.233327953281588	0.0
217.0	26.22070928645841	23.796457969568472	23.796751426936453	26.18608131703667	0.0
218.0	26.16055052602233	23.785306589585197	23.806142062711842	26.248000821680627	0.0
219.0	26.30647603620101	23.802983883274052	23.589052834219576	26.30148724630536	0.0
220.0	26.33728915026235	23.66652580671667	23.75456327546337	26.241621767557604	0.0
221.0	26.28931629700495	23.797547848645095	23.719194041589144	26.193941812760812	0.0
222.0	26.277732128184063	23.77391712642329	23.743690574011033	26.204660171381615	0.0
223.0	26.22909446265542	23.71206629905593	23.702382035397452	26.356457202891193	0.0
224.0	26.202340705263655	23.759801850025823	23.707857914260224	26.329999530450298	0.0
225.0	26.402054292002937	23.70741012472487	23.697432134996333	26.193103448275863	0.0
226.0	26.337938887388923	23.780917276110205	23.73865730686607	26.1424865296348	0.0
227.0	26.279398731019587	23.70827537227143	23.865870765907744	26.146455130801243	0.0
228.0	26.293052849059706	23.845467565092857	23.763000962599488	26.09847862324795	0.0
229.0	26.171847486676214	23.750088042636115	23.75067499354354	26.32738947714413	0.0
230.0	26.32020707749558	23.604662765376734	23.800705519131775	26.274424637995903	0.0
231.0	26.30296911730611	23.704808050689525	23.713318913779087	26.27890391822528	0.0
232.0	26.257047182741044	23.76305618083049	23.683816645585036	26.29607999084343	0.0
233.0	26.232409350374926	23.736041205042042	23.73105199054984	26.300497454033195	0.0
234.0	26.345987350873845	23.669127034205466	23.66355085330242	26.321334761618264	0.0
235.0	26.149940569650905	23.736334688247464	23.74337828517763	26.370346456924004	0.0
236.0	26.341585102792493	23.656507256372254	23.702584119623754	26.299323521211498	0.0
237.0	26.294195161607476	23.62964549955537	23.790475240144044	26.285684098693114	0.0
238.0	26.404700482198567	23.687894556116117	23.63653439223317	26.27087056945215	0.0
239.0	26.359210051330816	23.680263903196362	23.762440165409078	26.198085880063744	0.0
240.0	26.16657030238817	23.650141904960364	23.817434205699094	26.365853586952376	0.0
241.0	26.201880745254115	23.764953803167447	23.81837072517874	26.2147947263997	0.0
242.0	26.242475294311014	23.777042713619462	23.794652946338683	26.18582904573084	0.0
243.0	26.170440703834696	23.78362513024464	23.815617616413025	26.230316549507638	0.0
244.0	26.27885270152864	23.820062460375233	23.61049146453143	26.290593373564704	0.0
245.0	26.330929339004292	23.639277568883685	23.820384345564648	26.209408746547375	0.0
246.0	26.247486533691454	23.793462786021458	23.76909867465105	26.189952005636037	0.0
247.0	26.26044684767197	23.789604083921176	23.779036145285673	26.170912923121183	0.0
248.0	26.212702997851128	23.71067742276394	23.761463580747055	26.315155998637874	0.0
249.0	26.170660607501738	23.722335244436223	23.82655053267223	26.28045361538981	0.0
