# Position (bp)	A	C	G	T	N
0.0	26.345004987726828	23.74578284894473	23.712998352368892	26.196213810959552	0.0
1.0	26.20349925464307	23.714399399231105	23.764276667525973	26.317824678599848	0.0
2.0	26.143129733561597	23.84608271947054	23.659752362752982	26.351035184214876	0.0
3.0	26.250921082492567	23.67749364698235	23.767150345878736	26.304434924646348	0.0
4.0	26.296650127893002	23.772409291223433	23.722540826303653	26.208399754579915	0.0
5.0	26.368235861002475	23.66762290030144	23.813299118098588	26.150842120597495	0.0
6.0	26.274270314789238	23.761727208805247	23.732593026285194	26.231409450120317	0.0
7.0	26.17659664465815	23.749870442009843	23.736984674340235	26.336548238991774	0.0
8.0	26.32078722027546	23.728652140178095	23.711845558720796	26.238715080825653	0.0
9.0	26.342221724273152	23.726121785894346	23.788303176292644	26.14335331353986	0.0
10.0	26.300782836416598	23.744450824148895	23.750892769616424	26.203873569818086	0.0
11.0	26.37276457490162	23.61841276065372	23.7195232960354	26.289299368409257	0.0
12.0	26.172784180822607	23.731847017799375	23.864607111347627	26.23076169003039	0.0
13.0	26.246446426820903	23.76293640679485	23.657624602629994	26.332992563754253	0.0
14.0	26.203593485232542	23.745851247076615	23.782262243197447	26.268293024493396	0.0
15.0	26.334112902096436	23.728205918187292	23.5895640483426	26.348117131373677	0.0
16.0	26.285378184211634	23.705238982172617	23.716162281008867	26.29322055260689	0.0
17.0	26.35651966894002	23.563796266472476	23.74473090873444	26.334953155853068	0.0
18.0	26.278936238744098	23.796266472474688	23.749772431274245	26.17502485750697	0.0
19.0	26.331312056240986	23.67470976234823	23.788424104079432	26.205554077331357	0.0
20.0	26.28425784586945	23.829596538154522	23.741089809122354	26.14505580685367	0.0
21.0	26.30918537398294	23.729606341115016	23.61169073060064	26.3495175543014	0.0
22.0	26.207234584844624	23.74361057039226	23.770498690604562	26.278656154158558	0.0
23.0	26.137493523043958	23.787863934908344	23.703558474659346	26.371084067388352	0.0
24.0	26.233282451300294	23.710000420126878	23.761535983867127	26.295181144705705	0.0
25.0	26.348323418366775	23.742983900783116	23.72029711289618	26.188395567953933	0.0
26.0	26.202679841808667	23.714695436874713	23.7620295992561	26.32059512206052	0.0
27.0	26.147503332997236	23.844374236771642	23.651956665434298	26.35616576479683	0.0
28.0	26.252534758399715	23.674083285719085	23.76903169428293	26.30435026159827	0.0
29.0	26.29678799896929	23.775473621707615	23.709653928455392	26.2180844508677	0.0
30.0	26.374931379468734	23.666240939289036	23.80908367783641	26.149744003405818	0.0
31.0	26.27438129488343	23.760909264051804	23.734861470551987	26.229847970512775	0.0
32.0	26.176071880706708	23.74270381698204	23.742983900783116	26.338240401528136	0.0
33.0	26.316600240311228	23.73087383100351	23.711268019841082	26.24125790884418	0.0
34.0	26.333125138290992	23.72947341592048	23.784089604158673	26.15331184162986	0.0
35.0	26.30035542534807	23.74319748373418	23.742637317700964	26.213809773216784	0.0
36.0	26.368695681399966	23.61744020927803	23.71546926509017	26.298394844231833	0.0
37.0	26.16199441514465	23.740676736584724	23.86223276579178	26.235096082478847	0.0
38.0	26.244618905043453	23.758882132664123	23.660572993835373	26.33592596845705	0.0
39.0	26.199525539369866	23.75047964216594	23.785490019241703	26.264504799222486	0.0
40.0	26.338726798623114	23.721631091455507	23.59139248873366	26.34824962118772	0.0
41.0	26.284670776418128	23.699504533143624	23.712388351907503	26.303436338530737	0.0
42.0	26.353291115486634	23.567305349305535	23.73283441211975	26.34656912308808	0.0
43.0	26.286351274517767	23.786050185274917	23.750759725182544	26.176838815024773	0.0
44.0	26.333965387340807	23.67653772578192	23.784649770191884	26.204847116685386	0.0
45.0	26.279069116086006	23.8311435509485	23.73591532530242	26.15387200766307	0.0
46.0	26.301755840431102	23.741236902617935	23.619120707377668	26.33788654957329	0.0
47.0	26.210168694000902	23.74907922708291	23.768685038245334	26.272067040670855	0.0
48.0	26.134266196500644	23.792772177673463	23.70482611045914	26.368135515366752	0.0
49.0	26.227813924047087	23.717429846206414	23.762803294896607	26.29195293484989	0.0
50.0	26.341173768618464	23.746772052274547	23.717363417899495	26.19469076120749	0.0
51.0	26.19441067897535	23.72184473361379	23.76721805522101	26.316526532189847	0.0
52.0	26.13027184781452	23.851802889328308	23.658266066917246	26.359659195939926	0.0
53.0	26.24650597415401	23.680672645488716	23.768338384149587	26.304482996207685	0.0
54.0	26.288798391207656	23.785143318078187	23.71204185548877	26.214016435225385	0.0
55.0	26.360779524868498	23.67339050745299	23.817072692542528	26.14875727513598	0.0
56.0	26.273393868439776	23.754894437006705	23.743130983256684	26.22858071129684	0.0
57.0	26.178726073975316	23.74425131218526	23.742570818792398	26.334451795047027	0.0
58.0	26.306649973812384	23.736062446959576	23.715336419830887	26.241951159397154	0.0
59.0	26.331857304104034	23.721218130232273	23.787317351885928	26.159607213777768	0.0
60.0	26.29292598287582	23.745025053285495	23.745025053285495	26.217023910553188	0.0
61.0	26.367987810855396	23.624309949333266	23.717016908516996	26.290685331294338	0.0
62.0	26.15820680653934	23.73858317998874	23.86041860973171	26.242791403740206	0.0
63.0	26.241390996501785	23.763510428832703	23.655679071473983	26.33941950319153	0.0
64.0	26.202739756721254	23.74418480894244	23.78843767767667	26.26463775665964	0.0
65.0	26.329896733970237	23.725979514842916	23.586218872448107	26.357904878738736	0.0
66.0	26.280882480625365	23.709454709429505	23.706093732057283	26.30356907788785	0.0
67.0	26.354263819918835	23.56437251952868	23.73298155103504	26.34838210951745	0.0
68.0	26.292645901428134	23.788717759124353	23.741103913017906	26.177532426429607	0.0
69.0	26.33297762989477	23.67164371399203	23.784796618856763	26.210582037256437	0.0
70.0	26.27107962995639	23.834931197992375	23.74474497183781	26.149244200213424	0.0
71.0	26.301048344858685	23.74810594921003	23.61394693576892	26.336898770162364	0.0
72.0	26.209741792913377	23.747825867762344	23.76267018448965	26.279762154834625	0.0
73.0	26.132439313352325	23.793479143735	23.698811614417473	26.375269928495204	0.0
74.0	26.218144236343928	23.718697397203105	23.755668148297527	26.307490218155436	0.0
75.0	26.339345731570692	23.752520725969077	23.715830159085815	26.19230338337441	0.0
76.0	26.197904996639032	23.71947120770782	23.76120322652924	26.32142056912391	0.0
77.0	26.13096571812682	23.847748151467624	23.657853461797	26.36343266860856	0.0
78.0	26.239917096123683	23.690622899395024	23.769885727089402	26.29957427739189	0.0
79.0	26.28529016356711	23.787250728209724	23.709388303831503	26.21807080439166	0.0
80.0	26.35783105534394	23.67269773694824	23.817499439838674	26.15197176786915	0.0
81.0	26.272406453058483	23.753360967958773	23.742717902755995	26.23151467622675	0.0
82.0	26.178299350212864	23.74439838673538	23.745518709388303	26.331783553663456	0.0
83.0	26.31042373284861	23.740410765150223	23.71128245775695	26.23788304424422	0.0
84.0	26.33787156096919	23.723605972423336	23.79334586223991	26.145176604367563	0.0
85.0	26.30034085721248	23.741811164544128	23.749093241392444	26.20875473685095	0.0
86.0	26.358317392120235	23.63005929291034	23.713523096787203	26.298100218182224	0.0
87.0	26.156659879397605	23.734809167574593	23.870927988662366	26.237602964365436	0.0
88.0	26.245165121092533	23.762817155452733	23.66030791981873	26.331709803635995	0.0
89.0	26.1989519410936	23.74657252248341	23.788024344543064	26.266451191879923	0.0
90.0	26.335630921938936	23.722205573029427	23.58160547388115	26.360558031150482	0.0
91.0	26.275133668122148	23.703160141272292	23.71296293702964	26.308743253575923	0.0
92.0	26.348794676241667	23.5642405213967	23.734809167574593	26.35215563478704	0.0
93.0	26.296419738909538	23.789704823815754	23.73228844866556	26.18158698860915	0.0
94.0	26.33198988351478	23.670110715576083	23.784103226240124	26.213796174669014	0.0
95.0	26.27373326872824	23.841519601390317	23.741531084665347	26.143216045216093	0.0
96.0	26.309583493212262	23.738450205998753	23.61689553860761	26.335070762181374	0.0
97.0	26.211835615517547	23.742651404180474	23.768418753028364	26.27709422727362	0.0
98.0	26.135653888488996	23.801468178724573	23.6969983839391	26.36587954884733	0.0
99.0	26.22864040824443	23.71128245775695	23.752454199937823	26.30762293406079	0.0
100.0	26.345920087832802	23.756308781599923	23.717657866581522	26.18011326398575	0.0
101.0	26.199718800589288	23.721018815713556	23.76471115443001	26.314551229267146	0.0
102.0	26.126898236061862	23.854056385523272	23.657440861299232	26.361604517115634	0.0
103.0	26.2554545403622	23.677046397902767	23.776474476392135	26.2910245853429	0.0
104.0	26.284582766173166	23.78571708650523	23.709255493751435	26.22044465357017	0.0
105.0	26.369166652662713	23.672565132393387	23.809803888618145	26.148464326325755	0.0
106.0	26.273659681494056	23.759109572543284	23.744265380543467	26.222965365419192	0.0
107.0	26.186555083155483	23.74538569692081	23.742304826883114	26.325754393040597	0.0
108.0	26.315037684536595	23.739997703357858	23.70554807124072	26.239416540864823	0.0
109.0	26.33436308791938	23.7251535529334	23.79573328702705	26.144750072120164	0.0
110.0	26.303274395520987	23.74307856476671	23.749520365894302	26.204126673818003	0.0
111.0	26.365171702007885	23.625725752920516	23.71815159518601	26.290950949885588	0.0
112.0	26.16295516226337	23.725713709553194	23.867993490980076	26.24333763720336	0.0
113.0	26.24781889016169	23.76408443800887	23.661295698277236	26.326800973552206	0.0
114.0	26.207487613536745	23.74167817321723	23.78481023294113	26.266023980304894	0.0
115.0	26.34108496735687	23.721792613214653	23.58623471122526	26.350887708203214	0.0
116.0	26.284509148757994	23.707508619409985	23.70190705321208	26.306075178619942	0.0
117.0	26.353408412992273	23.569149934321636	23.729074649271936	26.348367003414154	0.0
118.0	26.293191576364748	23.79097195575883	23.729914884201623	26.185921583674794	0.0
119.0	26.32400019045325	23.671378517433475	23.785930546180712	26.21869074593256	0.0
120.0	26.271625546502804	23.8419462081598	23.75148091406357	26.13494733127382	0.0
121.0	26.314477527916807	23.73187543237089	23.60752066277731	26.346126376934993	0.0
122.0	26.208327848466435	23.74167817321723	23.771086395756253	26.278907582560084	0.0
123.0	26.141109054091523	23.808616889282245	23.69014376419647	26.360130292429762	0.0
124.0	26.233534896357018	23.706948462790194	23.748680130964615	26.310836509888162	0.0
125.0	26.342279059606433	23.76107012620364	23.71989849933621	26.17675231485371	0.0
126.0	26.199158642400615	23.70813517737409	23.77199321088275	26.32071296934254	0.0
127.0	26.12661815696753	23.856016939183625	23.651279121223833	26.366085782625014	0.0
128.0	26.25181351213583	23.67452568605374	23.772833448165763	26.300827353644667	0.0
129.0	26.277860867909098	23.791038589297617	23.71177620560046	26.219324337192823	0.0
130.0	26.36636586171935	23.668083866884007	23.82072697329726	26.144823298099386	0.0
131.0	26.268618257796	23.76107012620364	23.74090443141143	26.229407184588926	0.0
132.0	26.181793738551768	23.738663798656738	23.743425143260456	26.336117319531038	0.0
133.0	26.301534842034506	23.735155724848756	23.70882814250504	26.254481290611697	0.0
134.0	26.332137385551718	23.727099840633656	23.791238492153518	26.149524281661108	0.0
135.0	26.28788451681749	23.75202708947762	23.748946193553085	26.211142200151805	0.0
136.0	26.35902520452948	23.622069297751786	23.722058374575326	26.296847123143408	0.0
137.0	26.160167376673137	23.72681975918597	23.861819016970134	26.251193847170757	0.0
138.0	26.24447189242632	23.764630754623443	23.66492175924759	26.32597559370265	0.0
139.0	26.200499105139773	23.733821795378095	23.78927792201972	26.276401177462404	0.0
140.0	26.342500399116066	23.723178700366066	23.58565870955274	26.348662190965133	0.0
141.0	26.271359711404074	23.71085511666793	23.706093732057283	26.311691439870717	0.0
142.0	26.356784552948	23.564652600976363	23.731020980901246	26.347541865174396	0.0
143.0	26.28284305075916	23.790118166362777	23.734942121168835	26.192096661709225	0.0
144.0	26.322894697778114	23.66772257372444	23.78563686319982	26.223745865297627	0.0
145.0	26.26323734942121	23.852856410644215	23.746985623419288	26.13692061651528	0.0
146.0	26.31309184710914	23.72737992208134	23.61114612129207	26.34838210951745	0.0
147.0	26.199172076921784	23.742290736560253	23.763576986203148	26.29496020031481	0.0
148.0	26.14070810588258	23.805655996437345	23.69474312186132	26.358892775818752	0.0
149.0	26.22676704870097	23.70685309044466	23.74662499019707	26.319754870657302	0.0
150.0	26.340628623604474	23.762442792563174	23.719869816320013	26.17705876751234	0.0
151.0	26.193023633603524	23.715388450399683	23.7655237316334	26.326064184363396	0.0
152.0	26.129164169238784	23.85066968411972	23.659651461765545	26.36051468487595	0.0
153.0	26.254362329638077	23.67617649859677	23.77140552440384	26.298055647361316	0.0
154.0	26.28041026905001	23.78933098808517	23.714828279659642	26.215430463205188	0.0
155.0	26.36359562394618	23.67169513267644	23.81509884212708	26.1496104012503	0.0
156.0	26.26332506147874	23.755440658312654	23.74983895091224	26.23139532929637	0.0
157.0	26.19218337749346	23.734994426301135	23.73947579222147	26.33334640398393	0.0
158.0	26.302964440162224	23.738208339868695	23.718042080261714	26.240785139707366	0.0
159.0	26.343090655993457	23.731832810036103	23.789250793348476	26.135825740621964	0.0
160.0	26.283151883169808	23.753679652467152	23.751999126126304	26.211169338236733	0.0
161.0	26.351493287697707	23.63296184364943	23.72931202052483	26.286232848128034	0.0
162.0	26.17083670605634	23.724550529225755	23.8584324610468	26.246180303671107	0.0
163.0	26.24449977733026	23.761522108724453	23.665171931849056	26.32880618209623	0.0
164.0	26.196324688892563	23.741635880357727	23.786169828390253	26.275869602359457	0.0
165.0	26.340569866482184	23.73043237141873	23.582826141147407	26.34617162095168	0.0
166.0	26.279230655041157	23.713907195733704	23.70186342362428	26.30499872560086	0.0
167.0	26.361576445742806	23.563780175951106	23.733793424100426	26.34084995420566	0.0
168.0	26.282591707722858	23.794292372371025	23.741075704910777	26.18204021499534	0.0
169.0	26.333567673395308	23.661810879167355	23.78953088107195	26.215090566365383	0.0
170.0	26.267466970655207	23.8539510574712	23.748918161168078	26.129663810705512	0.0
171.0	26.309200041452986	23.731552722312628	23.615316317070505	26.34393091916388	0.0
172.0	26.210962664201887	23.74030193541159	23.762709016049072	26.28602638433745	0.0
173.0	26.14521509457215	23.797506645118464	23.69555414266068	26.361724117648706	0.0
174.0	26.230435708123736	23.709064835251016	23.74715708571877	26.313342370906483	0.0
175.0	26.34598040478845	23.760174329040463	23.723202231770234	26.170643034400854	0.0
176.0	26.196971649123597	23.714239299098665	23.762415062208355	26.326373989569383	0.0
177.0	26.124988096105046	23.85876658842773	23.656260328379446	26.359984987087774	0.0
178.0	26.257191353010708	23.67474637701456	23.764935887022233	26.303126382952502	0.0
179.0	26.286600975839296	23.78006083590551	23.724882781646155	26.208455406609044	0.0
180.0	26.363346086839613	23.673626010430613	23.808350092150153	26.154677810579624	0.0
181.0	26.269235293788128	23.752891946244812	23.750091029784944	26.227781730182116	0.0
182.0	26.197531832415567	23.737206814069562	23.73580635583963	26.32945499767524	0.0
183.0	26.297671865196737	23.746582862776734	23.71801335484449	26.23773191718204	0.0
184.0	26.34396103332278	23.732084487554022	23.782781501471895	26.1411729776513	0.0
185.0	26.28430101141943	23.7488901275268	23.75701285351364	26.20979600754013	0.0
186.0	26.347042067317794	23.63293121171465	23.732644675553118	26.287382045414443	0.0
187.0	26.17562453959549	23.720040445573535	23.851964719359817	26.25237029547116	0.0
188.0	26.2417267234884	23.75561238351591	23.66738277365884	26.33527811933685	0.0
189.0	26.200832999554653	23.747769751528615	23.78166112547371	26.269736123443028	0.0
190.0	26.339479529330045	23.726202513563553	23.581954103797234	26.352363853309168	0.0
191.0	26.271976875439396	23.70743621559395	23.70715612159441	26.313430787372244	0.0
192.0	26.358806015298736	23.566268839822644	23.734045145550848	26.340879999327775	0.0
193.0	26.285701481417163	23.786422723465993	23.743288247535872	26.184587547580968	0.0
194.0	26.334157743338665	23.666262397660656	23.780260655475978	26.219319203524705	0.0
195.0	26.260773115457546	23.847483215367077	23.75757304151273	26.134170627662645	0.0
196.0	26.306148343384038	23.731804393554476	23.617245947740063	26.34480131532142	0.0
197.0	26.212950462436492	23.743074656463747	23.75904005915602	26.284934821943747	0.0
198.0	26.14776161626347	23.800280655759746	23.696365199806174	26.35559252817061	0.0
199.0	26.236065206431014	23.710996582824492	23.73956641084533	26.313371799899166	0.0
200.0	26.34180909646012	23.758746057621742	23.72261342565361	26.176831420264524	0.0
201.0	26.190276120531735	23.715891075520002	23.75930625346621	26.334526550482046	0.0
202.0	26.125013304651308	23.85846091793691	23.65679041392871	26.359735363483072	0.0
203.0	26.252457859267597	23.67723756225176	23.75846595969951	26.311838618781124	0.0
204.0	26.288590491235738	23.786755849845107	23.718692054742338	26.20596160417682	0.0
205.0	26.359735363483072	23.674436583029426	23.81112436907943	26.15470368440807	0.0
206.0	26.26478216784588	23.758746057621742	23.750343119954735	26.22612865457764	0.0
207.0	26.199519351965446	23.735778027998588	23.739139203065392	26.32556341697057	0.0
208.0	26.291258655074284	23.74459407981715	23.71546373271786	26.248683532390704	0.0
209.0	26.34427124910718	23.73541727938602	23.78079352408162	26.13951794742518	0.0
210.0	26.28769099337563	23.753063596767642	23.750542694284555	26.208702715572173	0.0
211.0	26.354354859039535	23.62841897399269	23.730095374143943	26.28713079282383	0.0
212.0	26.173410080808928	23.7174908617285	23.848017590297328	26.261081467165244	0.0
213.0	26.233631640127165	23.760346203941012	23.672394717308798	26.333627438623026	0.0
214.0	26.19861910563982	23.750262594008657	23.786675629875496	26.26444267047603	0.0
215.0	26.33530804027842	23.729535173592144	23.58500343122838	26.350153354901057	0.0
216.0	26.2717252776494	23.71188885621052	23.69900424351918	26.3173816226209	0.0
217.0	26.351833956556447	23.569597916053947	23.732056076075235	26.34651205131437	0.0
218.0	26.28264918840945	23.784154727392405	23.746901390697868	26.186294693500273	0.0
219.0	26.336708541657917	23.665952410963126	23.77855272187443	26.218786325504528	0.0
220.0	26.259400865509853	23.843535985882948	23.757265100906125	26.139798047701078	0.0
221.0	26.312339817654724	23.730095374143943	23.6029298488859	26.354634959315437	0.0
222.0	26.220820472026308	23.7326827519369	23.754810735713445	26.29168604032335	0.0
223.0	26.146947029940087	23.795772142751105	23.695495682230057	26.361785145078752	0.0
224.0	26.233571980773757	23.708446774898324	23.7386978588955	26.319283385432424	0.0
225.0	26.34295958096412	23.75927845158399	23.725105739335035	26.172656228116857	0.0
226.0	26.201506960589338	23.70437802862665	23.765440743956752	26.328674266827264	0.0
227.0	26.131200806700093	23.85031231618162	23.653118960253213	26.365367916865072	0.0
228.0	26.25892832133554	23.680289067533124	23.7489145962298	26.311868014901545	0.0
229.0	26.293381137783257	23.780566370689897	23.712501050390745	26.2135514411361	0.0
230.0	26.359485728691073	23.666003753396264	23.80689616537352	26.167614352539143	0.0
231.0	26.266771238900873	23.75703761799389	23.74359261645332	26.232598526651913	0.0
232.0	26.196184980812866	23.74471303324837	23.727906781322652	26.331195204616115	0.0
233.0	26.287646215210863	23.744565948102004	23.718516111683773	26.24927172500336	0.0
234.0	26.33645838877109	23.737069581268713	23.782726949331526	26.143745080628673	0.0
235.0	26.287159635525352	23.755556613735866	23.754156080973203	26.20312766976558	0.0
236.0	26.354105101580643	23.630629091306332	23.72054329466929	26.294722512443734	0.0
237.0	26.165873498278746	23.731187343665532	23.842389645020965	26.26054951303476	0.0
238.0	26.235339923306828	23.761158744786517	23.675726246264077	26.32777508564258	0.0
239.0	26.193884153532004	23.75359586786814	23.784687695199253	26.267832283400605	0.0
240.0	26.328660065267023	23.737027129231503	23.582122998921555	26.352189806579922	0.0
241.0	26.26582367128783	23.706863950742477	23.708824839417225	26.31848753855247	0.0
242.0	26.349715937741617	23.577447585750942	23.729843905828037	26.342992570679396	0.0
243.0	26.29188740933325	23.78053392876654	23.745233779441303	26.182344882458906	0.0
244.0	26.33342579128598	23.663072013538088	23.784668230046595	26.218833965129345	0.0
245.0	26.25341126234919	23.84773581839476	23.749110410023928	26.14974250923212	0.0
246.0	26.308165192368584	23.73624587761598	23.6048339418257	26.35075498818974	0.0
247.0	26.214119994171774	23.736284058685737	23.754217056522567	26.29537889061992	0.0
248.0	26.139382390853555	23.793924788432438	23.698929552205346	26.36776326850866	0.0
249.0	26.219038892111453	23.71356754348356	23.74130959286441	26.32608397154058	0.0
