# Position (bp)	A	C	G	T	N
0.0	26.30505957991016	23.786724511427337	23.818334198491435	26.08988171017107	0.0
1.0	26.05885201736503	23.96768271994107	23.799484385104588	26.173980877589315	0.0
2.0	26.042210390785396	23.969389057080885	23.805546855969656	26.18285369616406	0.0
3.0	26.135773793471422	23.929616387272258	23.893949015957524	26.0406608032988	0.0
4.0	26.198443444372277	23.852011227614366	23.811705483900898	26.13783984411246	0.0
5.0	26.234889189808303	23.80208137002746	23.710742339844984	26.25228710031925	0.0
6.0	26.146284885828198	23.759913011960858	23.910692279811528	26.18310982239942	0.0
7.0	26.030264985343027	23.880865326904175	23.796199914754688	26.29266977299811	0.0
8.0	26.19144957160875	23.928731932907116	23.690398527087954	26.189419968396177	0.0
9.0	26.206698597886973	23.87622206501444	23.861145580850547	26.055933756248045	0.0
10.0	26.126638060999653	23.853357300243534	23.801171286095325	26.218833352661484	0.0
11.0	26.01095906297112	23.84436970891801	23.90525339209092	26.239417836019946	0.0
12.0	26.17128609532645	23.85480691174765	23.723182187173837	26.250724805752057	0.0
13.0	26.215934129653252	23.794792995477213	23.902934013684334	26.086338861185205	0.0
14.0	26.30986895512003	23.821755769453787	23.739997680621595	26.12837759480459	0.0
15.0	26.075031891453094	23.935405311376552	23.881479763423403	26.108083033746954	0.0
16.0	26.186651977270092	23.724631798677954	23.826394526266963	26.262321697784998	0.0
17.0	26.192740345587385	23.877130928911054	23.825814681665314	26.10431404383625	0.0
18.0	25.990954424214312	23.88118984112258	23.894526266960455	26.233329467702653	0.0
19.0	26.158529514090223	23.81508755653485	23.804940276006032	26.221442653368896	0.0
20.0	26.13460434533025	23.76653272334035	23.935556444645457	26.163306486683947	0.0
21.0	26.247093545787166	23.91758136622193	23.736670899507715	26.098654188483195	0.0
22.0	26.13402450409078	23.73841042322612	24.033839534735392	26.09372553794771	0.0
23.0	26.013127605661566	23.954981126167656	23.83785319579499	26.194038072375786	0.0
24.0	26.227668864264963	23.802482880187405	23.748847565536558	26.221000690011074	0.0
25.0	26.313485367706324	23.774070659453443	23.822197482329337	26.0902464905109	0.0
26.0	26.08299847501754	23.953531523068982	23.79668446779272	26.166785534120756	0.0
27.0	26.061544349157202	23.95440128492819	23.807991371962355	26.176062993952254	0.0
28.0	26.152289503134043	23.914102318785115	23.88482033619195	26.048787841888892	0.0
29.0	26.208534103362503	23.8497399412041	23.807991371962355	26.133734583471046	0.0
30.0	26.249992751984507	23.789726372919095	23.68651463229368	26.273766242802722	0.0
31.0	26.157218153669525	23.763633517143006	23.904534938333885	26.174613390853587	0.0
32.0	26.028783319127225	23.88221105061434	23.80480224514528	26.28420338511316	0.0
33.0	26.193748151756047	23.929178191011303	23.68593479105421	26.19113886617844	0.0
34.0	26.226799102405764	23.87380335264205	23.860756924754003	26.03864062019819	0.0
35.0	26.130255536034237	23.848870179344893	23.80973089568076	26.211143388940105	0.0
36.0	26.014577208760244	23.844811290668616	23.895837319741855	26.24477418082929	0.0
37.0	26.176062993952254	23.858727480415862	23.72420431285914	26.241005212772745	0.0
38.0	26.213172833278247	23.77754970689025	23.901345811516805	26.107931648314693	0.0
39.0	26.286232829451293	23.832634624639773	23.74507859748001	26.136053948428923	0.0
40.0	26.074010935805774	23.92511930233502	23.880471526895935	26.120398234963265	0.0
41.0	26.187079977502158	23.730002725253826	23.822777323568804	26.260139973675205	0.0
42.0	26.180701723868005	23.879891685656467	23.826836212245087	26.112570378230444	0.0
43.0	26.001240860252462	23.881631209374873	23.892938113544513	26.224189816828154	0.0
44.0	26.154608868091916	23.823937006047743	23.797264309032187	26.224189816828154	0.0
45.0	26.132133455485846	23.75885702357621	23.92845960269509	26.180549918242857	0.0
46.0	26.24665143625842	23.90903503380455	23.751898969048256	26.092414560888777	0.0
47.0	26.133293131240503	23.73218448121905	24.04036831301968	26.094154074520766	0.0
48.0	26.025153367118552	23.944984982198978	23.830177082487737	26.19968456819473	0.0
49.0	26.22113856965592	23.799735593927938	23.750449374354933	26.228676462061205	0.0
50.0	26.318841251985948	23.772193294754786	23.817710568125154	26.09125488513412	0.0
51.0	26.073859748814233	23.943825306444317	23.808143243149217	26.174171701592236	0.0
52.0	26.046897287518412	23.962380118518862	23.80292470225325	26.18779789170948	0.0
53.0	26.162864862984307	23.913673736823185	23.884971761895375	26.03848963829713	0.0
54.0	26.21563010982129	23.864967355127504	23.78871867425868	26.130683860792526	0.0
55.0	26.243752246871775	23.809302918903875	23.690726072989992	26.256218761234358	0.0
56.0	26.1744616205309	23.737982859992346	23.905266087601905	26.18228943187485	0.0
57.0	26.05385534204636	23.861198408924864	23.785529565933363	26.299416683095405	0.0
58.0	26.209541812109332	23.926720089063096	23.697104289640617	26.16663380918695	0.0
59.0	26.219978893901263	23.86322784149552	23.86032865210887	26.056464612494345	0.0
60.0	26.130683860792526	23.8510512460716	23.821479514327795	26.196785378808084	0.0
61.0	26.01558604214262	23.844093191543646	23.90352657396992	26.236794192343822	0.0
62.0	26.183449107629507	23.853080678642254	23.735953427421695	26.22751678630655	0.0
63.0	26.219109137085272	23.786109403810695	23.89308949217799	26.10169196692605	0.0
64.0	26.283471141468844	23.8353956233837	23.755377996312234	26.125755238835225	0.0
65.0	26.083716992728835	23.924400737553782	23.896278600503297	26.09560366921409	0.0
66.0	26.18982732428013	23.729285291832404	23.81684081130916	26.26404657257831	0.0
67.0	26.190987000034788	23.859168976354212	23.82611821734643	26.12372580626457	0.0
68.0	26.012686852755966	23.869606058146143	23.896278600503297	26.22142848859459	0.0
69.0	26.16895316069627	23.815391216615833	23.800895269682595	26.2147603530053	0.0
70.0	26.126473504461828	23.76219826861414	23.929480526257805	26.18184770066623	0.0
71.0	26.2682430434354	23.888022358418905	23.753790668143314	26.08994393000238	0.0
72.0	26.13459118767504	23.73987463977781	24.04457767753083	26.080956495016324	0.0
73.0	26.007317511582194	23.957022665731202	23.843375100746247	26.192284721940357	0.0
74.0	26.223595785762743	23.79205974614845	23.751181412824778	26.233163055264026	0.0
75.0	26.322167653351734	23.7772739660101	23.81322370595432	26.08733467468384	0.0
76.0	26.08124641227394	23.949194899775602	23.80452618822588	26.16503249972458	0.0
77.0	26.073708563575952	23.95586299670074	23.80945478160533	26.160973658117975	0.0
78.0	26.158944237314667	23.917593918695605	23.885992937615605	26.037468906374123	0.0
79.0	26.213448681746232	23.873526495538172	23.787710987284232	26.125313835431367	0.0
80.0	26.252297594266594	23.794379084209368	23.71088291401634	26.2424404075077	0.0
81.0	26.175179603741093	23.74045447429304	23.912665325316155	26.171700596649718	0.0
82.0	26.033699982025134	23.8720769092501	23.79350933243652	26.300713776288248	0.0
83.0	26.210839426427697	23.926291436424044	23.69290804404423	26.16996109310403	0.0
84.0	26.207070502078704	23.874396247311015	23.871786991992487	26.04674625861779	0.0
85.0	26.13488110493265	23.849753280413772	23.823950644486064	26.191414970167514	0.0
86.0	26.016594863825866	23.836996921078722	23.91962333949891	26.226784875596504	0.0
87.0	26.190545218394668	23.8622197224912	23.730887204791753	26.216347854322375	0.0
88.0	26.219826861413754	23.787710987284232	23.901358552269183	26.091103599032834	0.0
89.0	26.303612948864398	23.825690148031754	23.74190406058111	26.128792842522746	0.0
90.0	26.0844355021077	23.921362843044594	23.89614004163212	26.098061613215588	0.0
91.0	26.18677629404568	23.71726109368386	23.844534769776708	26.25142784249375	0.0
92.0	26.207070502078704	23.848303694125697	23.846854107837622	26.097771695957974	0.0
93.0	26.006157842551737	23.861060053460744	23.894690455344044	26.238091648643476	0.0
94.0	26.166482086012653	23.815832961272854	23.811484202408632	26.206200750305864	0.0
95.0	26.149515261155955	23.751623527228872	23.93600983393636	26.16285137767882	0.0
96.0	26.240548752203356	23.898030893403842	23.771917617589757	26.089502736803045	0.0
97.0	26.13443965117358	23.741476482048427	24.044728175155395	26.079355691622602	0.0
98.0	26.003977641710733	23.944997216810464	23.859182206141572	26.191842935337228	0.0
99.0	26.214746265887374	23.798589850635494	23.741186566471846	26.24547731700529	0.0
100.0	26.32056545134057	23.779455422580945	23.799169681788662	26.100809444289823	0.0
101.0	26.07790611373968	23.94934595045923	23.810766304852027	26.161981630949064	0.0
102.0	26.074717042397253	23.940648483161702	23.812215882734947	26.17241859170609	0.0
103.0	26.166620280174413	23.907598107431117	23.894841822061416	26.030939790333058	0.0
104.0	26.2434479079692	23.855703219222562	23.79743018832916	26.10341868447908	0.0
105.0	26.260263011411077	23.804098246590595	23.700308470173486	26.235330271824846	0.0
106.0	26.159082475183226	23.749304202616198	23.90353928935894	26.188074032841634	0.0
107.0	26.038187679747658	23.86324102421375	23.799459597365246	26.299111698673343	0.0
108.0	26.22373364876148	23.918035068188143	23.688421931533536	26.169809351516836	0.0
109.0	26.19561183783282	23.85744271268207	23.884114945727806	26.062830503757304	0.0
110.0	26.12951108637165	23.846136005195287	23.835988960014845	26.18836394841822	0.0
111.0	26.02862046572038	23.820333518879302	23.918035068188143	26.233010947212172	0.0
112.0	26.186334539382134	23.864400686520085	23.73596808609333	26.21329668800445	0.0
113.0	26.22054457741906	23.794820948139904	23.899190555710177	26.085443918730867	0.0
114.0	26.322304944800074	23.807287317933017	23.75452268299471	26.115885054272198	0.0
115.0	26.078775860469435	23.920934223953985	23.911077094350127	26.08921282122646	0.0
116.0	26.181985805733373	23.723791631876797	23.855123388069394	26.23909917432044	0.0
117.0	26.20575888301327	23.84787549865479	23.854253641339643	26.0921119769923	0.0
118.0	25.986002875962523	23.88179562111513	23.907018276277945	26.2251832266444	0.0
119.0	26.168939604787084	23.8185940254198	23.809026811392524	26.203439558400593	0.0
120.0	26.15285597490476	23.746542736702946	23.923972098363127	26.176629190029168	0.0
121.0	26.244179911053383	23.891501365510283	23.76857644828166	26.09574227515467	0.0
122.0	26.1279230907499	23.747702405733403	24.05559453332019	26.068779970196506	0.0
123.0	26.017174698341094	23.931799864318723	23.865118895067347	26.185906542272836	0.0
124.0	26.207940253851554	23.8068455262868	23.752630999112853	26.2325832207488	0.0
125.0	26.314339887396137	23.77785380052533	23.812353954181475	26.09545235789706	0.0
126.0	26.087914509199074	23.934699036894873	23.815253126757625	26.162133327148428	0.0
127.0	26.083565750334852	23.931799864318723	23.820761554652304	26.163872830694118	0.0
128.0	26.178658610832468	23.895270289859276	23.89063161373744	26.035439485570816	0.0
129.0	26.23577231058256	23.847144025095236	23.797278256785514	26.11980540753669	0.0
130.0	26.25867577393412	23.787421070026614	23.7218997698057	26.232003386233572	0.0
131.0	26.17090671885192	23.742262810755964	23.92954990215264	26.15728056823947	0.0
132.0	26.035225048923678	23.859969558599694	23.805754874248024	26.2990505182286	0.0
133.0	26.206276726824672	23.92868014785823	23.68717837210988	26.17786475320722	0.0
134.0	26.188011886642027	23.863158657679207	23.890990795100382	26.057838660578387	0.0
135.0	26.145973762412115	23.840834964122635	23.841414800318912	26.171776473146334	0.0
136.0	26.004493730521126	23.82662897731391	23.931579328839604	26.23729796332536	0.0
137.0	26.173515981735164	23.857650213814598	23.74110313836341	26.227730666086828	0.0
138.0	26.231209683264478	23.768935275784592	23.899398419946365	26.100456621004565	0.0
139.0	26.314126259331736	23.80314561136479	23.775893310139885	26.106834819163588	0.0
140.0	26.08393128941074	23.896209320866856	23.91157498006813	26.108284409654274	0.0
141.0	26.172066391244474	23.722548380082625	23.854751032833224	26.250634195839673	0.0
142.0	26.196129593389866	23.84170471841705	23.87127636442705	26.090889323766035	0.0
143.0	26.005653402913676	23.859679640501557	23.91476407914764	26.219902877437125	0.0
144.0	26.175835326520257	23.80749438283685	23.817351598173516	26.199318692469376	0.0
145.0	26.136558014397416	23.74703919425495	23.934327371616273	26.18207541973136	0.0
146.0	26.236580338220417	23.886200688269557	23.78385900621298	26.093359967297047	0.0
147.0	26.138297533072596	23.732543205295094	24.05087512285351	26.078284138778802	0.0
148.0	26.011892509342665	23.941575366096203	23.86387686527138	26.182655259289756	0.0
149.0	26.200706246629675	23.790596134778298	23.770301691396895	26.238395927195135	0.0
150.0	26.319573700720746	23.765373040861412	23.803062721426873	26.11199053699097	0.0
151.0	26.089086808031958	23.934396762166518	23.826836212245087	26.14968021755643	0.0
152.0	26.081838792538605	23.925989064194223	23.812920022497842	26.17925212076933	0.0
153.0	26.175483152712786	23.905984541432556	23.88540017743142	26.033132128423237	0.0
154.0	26.231147911701775	23.83785319579499	23.817848673033325	26.11315021946991	0.0
155.0	26.258690370576538	23.79262557911644	23.720725265422328	26.2279587848847	0.0
156.0	26.165991632866657	23.738479245972265	23.920549923025852	26.174979198135222	0.0
157.0	26.034657211361445	23.84893932233758	23.81501851148524	26.30138495481574	0.0
158.0	26.230064275587743	23.915041415280598	23.682814325599193	26.17207998353246	0.0
159.0	26.202231815401205	23.846040107734815	23.88488958341185	26.06683849345212	0.0
160.0	26.142507994584268	23.83995175706901	23.853288144241724	26.164252104104996	0.0
161.0	26.00885420139684	23.808640239359157	23.921129765946407	26.2613757932976	0.0
162.0	26.17961794149965	23.84227112875122	23.73905908889282	26.239051840856316	0.0
163.0	26.2416611339988	23.760223355492997	23.904894164170926	26.093221346337277	0.0
164.0	26.310952363004862	23.78660620837815	23.782547307934284	26.11989412068271	0.0
165.0	26.09148181757562	23.89068801261738	23.919390237184746	26.098439932622252	0.0
166.0	26.1801977844202	23.718764586673473	23.867494295795268	26.233543333111058	0.0
167.0	26.203101579782036	23.842561050211497	23.87532217522273	26.079015194783732	0.0
168.0	25.996967421525508	23.863725316811678	23.91185227921756	26.227454982445252	0.0
169.0	26.181357470261307	23.80516118183584	23.814728590024963	26.19875275787789	0.0
170.0	26.14642858178297	23.754852588578768	23.934025089948655	26.16469373968961	0.0
171.0	26.24268306471954	23.867922613715102	23.798051136643675	26.091343184921676	0.0
172.0	26.134541732986584	23.734847891823875	24.05579280932625	26.074817565863288	0.0
173.0	26.008425166488365	23.94098324534166	23.87893969308736	26.171651895082615	0.0
174.0	26.203619410990438	23.791451881316718	23.77463629036467	26.230292417328176	0.0
175.0	26.289726833624222	23.78420378176842	23.80681785235911	26.119251532248246	0.0
176.0	26.094318069802096	23.919308357348704	23.83059161887753	26.15578195397167	0.0
177.0	26.083590882470613	23.91582926956552	23.82131405145571	26.179265796508155	0.0
178.0	26.196661235424074	23.889156263227783	23.865672420691293	26.04851008065685	0.0
179.0	26.24884755217182	23.82276367136537	23.822473747383434	26.105915029079373	0.0
180.0	26.266532915069668	23.75898039534034	23.725059289454308	26.249427400135684	0.0
181.0	26.151218988916174	23.746292586332366	23.932134397550715	26.170354027200748	0.0
182.0	26.040177781901154	23.84486702598016	23.821383115358188	26.293572076760498	0.0
183.0	26.221380795959607	23.90720086281627	23.70077438920088	26.17064395202324	0.0
184.0	26.202825607320023	23.846606574915125	23.882267328081827	26.068300489683025	0.0
185.0	26.12715522864921	23.854144620299955	23.853274845832477	26.16542530521836	0.0
186.0	26.014084547876738	23.7984790543812	23.92285680323092	26.264579594511144	0.0
187.0	26.188329366195344	23.836749130950345	23.73962431541501	26.2352971874393	0.0
188.0	26.257041549126313	23.745712736687377	23.899952742253934	26.09729297193238	0.0
189.0	26.30371944554777	23.79181078346385	23.790071234528888	26.1143985364595	0.0
190.0	26.108020190364638	23.879658004679385	23.91531875784609	26.097003047109883	0.0
191.0	26.192388313710257	23.71643032961553	23.849215898317567	26.24196545835665	0.0
192.0	26.223410269717064	23.841967777755226	23.86429198908723	26.070329963440482	0.0
193.0	26.00364725426697	23.854144620299955	23.92285680323092	26.219351322202154	0.0
194.0	26.187749516550358	23.79760927991372	23.81993349124572	26.194707712290207	0.0
195.0	26.16557702622385	23.752228809996666	23.927924271197252	26.15426989258223	0.0
196.0	26.247046373744254	23.869649043967353	23.779481901338013	26.10382268095038	0.0
197.0	26.170215850281952	23.72903468970616	24.043604946146154	26.057144513865737	0.0
198.0	26.01945406839366	23.951408317991387	23.865590072916515	26.163547540698435	0.0
199.0	26.203633369477608	23.791147938326656	23.780420626590974	26.22479806560476	0.0
200.0	26.28511785683222	23.787654750514626	23.807080107854222	26.120147284798932	0.0
201.0	26.099272273926534	23.925661766837724	23.820126989649474	26.154938969586265	0.0
202.0	26.0978353522409	23.91492174679478	23.817213965544234	26.170028935420085	0.0
203.0	26.20889412064876	23.89171416808253	23.877217296507414	26.022174414761295	0.0
204.0	26.24020736325101	23.803283251474333	23.825898371131508	26.130611014143145	0.0
205.0	26.273550167873772	23.76269201106401	23.72558001983172	26.238177801230496	0.0
206.0	26.1725896566821	23.745792246425765	23.942661474808567	26.138956622083565	0.0
207.0	26.052264576006305	23.83451387217707	23.82001687450529	26.293204677311326	0.0
208.0	26.2171024972673	23.92192451659481	23.697509691299143	26.163463294838753	0.0
209.0	26.22798242943504	23.83247075196799	23.881471172385798	26.058075646211165	0.0
210.0	26.134620681656735	23.842038881398686	23.853346670725873	26.169993766218703	0.0
211.0	26.034300294292468	23.79506806419345	23.92032357674075	26.250308064773336	0.0
212.0	26.187100421867527	23.82928137549109	23.748387190304296	26.23523101233709	0.0
213.0	26.258151126007927	23.741993847331475	23.91219254779046	26.08766247887014	0.0
214.0	26.303535340355882	23.79026295416786	23.79838150825338	26.107820197222875	0.0
215.0	26.10768164645232	23.882605027153822	23.9226181328957	26.08709519349816	0.0
216.0	26.197566159350743	23.70747520202269	23.858249223658763	26.2367094149678	0.0
217.0	26.2219219628458	23.862018574199663	23.872456775697547	26.043602687256985	0.0
218.0	25.99547098035009	23.85361002299304	23.93508598468484	26.21583301197204	0.0
219.0	26.199885759683607	23.81040746679347	23.798519515087552	26.191187258435374	0.0
220.0	26.16379372834423	23.75922408918915	23.917827681690998	26.15915450077562	0.0
221.0	26.248611848076013	23.870703977870754	23.792416558659024	26.088267615394205	0.0
222.0	26.14857792352769	23.739355085637737	24.045255927372473	26.066811063462104	0.0
223.0	25.995053366233574	23.952609740751157	23.876931463316332	26.17540542969894	0.0
224.0	26.196247861513033	23.803752138486967	23.77852524139531	26.22147475860469	0.0
225.0	26.289616377185602	23.767796561022994	23.821439962884565	26.12114709890683	0.0
226.0	26.07751371539256	23.930315367038983	23.836366377860514	26.155804539707944	0.0
227.0	26.074777737181833	23.91130365189554	23.82808195742065	26.18583665350198	0.0
228.0	26.208896363741808	23.87548570434379	23.878385431769413	26.037232500144984	0.0
229.0	26.235726008966008	23.826328517824727	23.81298969430896	26.1249557789003	0.0
230.0	26.28502166108949	23.753834911760784	23.729187085699042	26.231956341450687	0.0
231.0	26.177227082529857	23.73534537503951	23.945577442244176	26.141850100186453	0.0
232.0	26.04630931840919	23.8419045685868	23.80942715054153	26.302358962462485	0.0
233.0	26.225805048498646	23.916138666975975	23.683287178669296	26.174769105856083	0.0
234.0	26.217913771704964	23.8279029844687	23.89778803660701	26.056395207219328	0.0
235.0	26.138169417605233	23.837182327491213	23.84820154733045	26.176446707573103	0.0
236.0	26.01638982972208	23.799181088479564	23.935473019997218	26.24895606180114	0.0
237.0	26.17501043938199	23.831079200111354	23.75075395536584	26.243156405140816	0.0
238.0	26.261577631754463	23.760171206857553	23.902843588152393	26.075407573235587	0.0
239.0	26.306601516623413	23.802577969812525	23.792718467717382	26.098102045846684	0.0
240.0	26.13322970829358	23.873875180159672	23.918824474455754	26.074070637090998	0.0
241.0	26.18328823773356	23.719995475939832	23.864707400608427	26.232008885718177	0.0
242.0	26.232936106285543	23.857404287035937	23.86581478914291	26.043844817535604	0.0
243.0	25.998283022807954	23.860762430682847	23.93646024269705	26.204494303812154	0.0
244.0	26.193224665003772	23.82011717617031	23.80996577527699	26.17669238354893	0.0
245.0	26.172548018633147	23.756968575423045	23.920849745621616	26.14963366032219	0.0
246.0	26.229793504334985	23.876804552824776	23.802548491238653	26.090853451601582	0.0
247.0	26.15139164865766	23.742874961927278	24.063991181632268	26.041742207782793	0.0
248.0	26.0123404144221	23.96459745707398	23.876990377725754	26.146071750778166	0.0
249.0	26.21476105106203	23.789880423998746	23.788429963042255	26.20692856189697	0.0
