# Position (bp)	A	C	G	T	N
0.0	26.237470917090278	23.783755471997704	23.813803217589786	26.164970393322236	0.0
1.0	26.177375425906117	23.664942826583157	23.81132221107301	26.346359536437713	0.0
2.0	26.2730342498794	23.747501895114052	23.681896492316174	26.297567362690373	0.0
3.0	26.16016891221416	23.857472050100334	23.705043110101656	26.27731592758385	0.0
4.0	26.3529418250175	23.766682653348106	23.760618739698238	26.119756781936154	0.0
5.0	26.106273961804437	23.830746629843695	23.714985791735227	26.347993616616645	0.0
6.0	26.28911299324471	23.69917343527356	23.71791514964432	26.293798421837405	0.0
7.0	26.343277000584276	23.71570151359813	23.669951825026732	26.271069660790864	0.0
8.0	26.231053298792922	23.843906740891804	23.715758143636663	26.209281816678608	0.0
9.0	26.126962780879527	23.76556308180711	23.831149863039368	26.276324274274	0.0
10.0	26.371119077865067	23.81502189326448	23.725189241024314	26.088669787846136	0.0
11.0	26.219836482528102	23.861040460516346	23.72959820555144	26.189524851404116	0.0
12.0	26.217080879698646	23.7287715247026	23.77479009195447	26.279357503644285	0.0
13.0	26.061389319834554	23.849466928632644	23.80207055996605	26.28707319156675	0.0
14.0	26.20991631234207	23.78333246072577	23.769003326012612	26.237747900919544	0.0
15.0	26.370843517582127	23.626538659729896	23.731802687814998	26.270815134872983	0.0
16.0	26.31490478014423	23.730149326117328	23.664014858210454	26.290931035527986	0.0
17.0	26.231410014411804	23.77396341110563	23.738691694888633	26.255934879593934	0.0
18.0	26.25979272355517	23.747234063659935	23.762665439504875	26.23030777328002	0.0
19.0	26.175471276973905	23.718300233950682	23.82439094288462	26.281837546190793	0.0
20.0	26.177052505111632	23.808067280613283	23.7562620901741	26.258618124100984	0.0
21.0	26.31400558834714	23.739728518757335	23.777204613968664	26.169061278926858	0.0
22.0	26.205986255090963	23.722092709246123	23.84940120915519	26.222519826507725	0.0
23.0	26.190003802721424	23.846094494871835	23.73421732828508	26.229684374121653	0.0
24.0	26.3065654812096	23.742484113993463	23.778582411586726	26.172367993210216	0.0
25.0	26.23216440983417	23.779409090157564	23.82928536393146	26.1591411360768	0.0
26.0	26.18669708843807	23.660642935480496	23.81468070917999	26.337979266901446	0.0
27.0	26.272671659805237	23.749648661607395	23.688474447365376	26.289205231221995	0.0
28.0	26.16272340988377	23.8626280662886	23.709968090207166	26.26468043362047	0.0
29.0	26.34376601689731	23.774449018732536	23.758466566363	26.123318398007157	0.0
30.0	26.110367100397358	23.83121428059675	23.720439352104446	26.337979266901446	0.0
31.0	26.298574255024825	23.704732459258523	23.711897006872455	26.28479627884419	0.0
32.0	26.349552766893176	23.724297185435024	23.66780748309442	26.258342564577376	0.0
33.0	26.231888850310554	23.839756625828745	23.715754840203033	26.21259968365767	0.0
34.0	26.129033146963753	23.75977889164754	23.835006434297146	26.27618152709156	0.0
35.0	26.36628924301252	23.814339526975825	23.72753851622628	26.09183271378538	0.0
36.0	26.22272312682041	23.848508813747078	23.737458631740513	26.191309427692	0.0
37.0	26.20977186489905	23.729191868811984	23.776312417504595	26.284723848784374	0.0
38.0	26.049121105321316	23.856775576675602	23.804694970225874	26.289408347777204	0.0
39.0	26.19323833904199	23.78623253301883	23.780170240204576	26.240358887734605	0.0
40.0	26.36628924301252	23.636604124012468	23.733876367804815	26.2632302651702	0.0
41.0	26.305390756105695	23.736907514211943	23.664986676733747	26.29271505294862	0.0
42.0	26.234296594920348	23.76363671434752	23.740214219383354	26.261852471348778	0.0
43.0	26.261025795055925	23.74241868949763	23.765290066933222	26.231265448513224	0.0
44.0	26.16954028531355	23.71541393059777	23.8113083805687	26.30373740351999	0.0
45.0	26.170294847065307	23.81069165059245	23.756682281620282	26.26233122072196	0.0
46.0	26.31358500964453	23.7475888674566	23.781482502066684	26.157343620832187	0.0
47.0	26.204188481675395	23.723890879030034	23.83797189308349	26.233948746211077	0.0
48.0	26.18269495728851	23.843483053182695	23.74593551942684	26.227886470101957	0.0
49.0	26.315238357674293	23.74014880132268	23.774869109947645	26.16974373105539	0.0
50.0	26.235050978230916	23.784513640121247	23.82502066685037	26.155414714797466	0.0
51.0	26.17966381923395	23.663819233948747	23.823367318820612	26.333149627996693	0.0
52.0	26.270046844860843	23.750620005511163	23.69936621658859	26.279966933039407	0.0
53.0	26.161476990906586	23.86580325158446	23.70239735464315	26.270322402865805	0.0
54.0	26.345549738219898	23.773215761917886	23.761091209699643	26.120143290162577	0.0
55.0	26.109396527969135	23.83246073298429	23.717277486910994	26.340865252135576	0.0
56.0	26.305042711490767	23.707632956737392	23.70267291264811	26.284651419123726	0.0
57.0	26.344998622209975	23.730504271149076	23.667125930008268	26.25737117663268	0.0
58.0	26.233948746211077	23.839074125103334	23.715073022871312	26.211904105814277	0.0
59.0	26.13054248954949	23.75220790243069	23.839283992052927	26.27796561596689	0.0
60.0	26.370001736010646	23.80676823706741	23.73402112421845	26.089208902703493	0.0
61.0	26.228640868997328	23.84562180870265	23.738430040148693	26.18730728215133	0.0
62.0	26.20411627413537	23.728785536551293	23.78003918424033	26.28705900507301	0.0
63.0	26.055039804244135	23.85609298403697	23.80401266461101	26.284854547107887	0.0
64.0	26.197778457485647	23.786928115381333	23.775354711064452	26.23993871606857	0.0
65.0	26.360908346904527	23.632340500577293	23.735950024937928	26.270801127580253	0.0
66.0	26.31075692819805	23.73374556697281	23.66733627077357	26.28816123405557	0.0
67.0	26.24572541822701	23.76157684878245	23.74201228434201	26.250685448648532	0.0
68.0	26.27107668482589	23.74283895607893	23.75964794806297	26.22643641103221	0.0
69.0	26.16774271771089	23.71500767426929	23.81751496964737	26.299734638372446	0.0
70.0	26.17373285349764	23.814418217590426	23.764542493565756	26.24730643534618	0.0
71.0	26.322257799626346	23.74497798303674	23.78272922166315	26.150034995673764	0.0
72.0	26.201288502130048	23.720453455753894	23.849689447839914	26.22856859427614	0.0
73.0	26.191368468622382	23.847209439462997	23.749111330331605	26.21231076158302	0.0
74.0	26.310408870714408	23.7422224181735	23.773635857614455	26.17373285349764	0.0
75.0	26.23463083697527	23.77887143085461	23.828747154879277	26.15775057729084	0.0
76.0	26.180070652683096	23.65459545552243	23.83288050217414	26.332453389620337	0.0
77.0	26.276790979382863	23.748835773845283	23.69813338036164	26.27623986641022	0.0
78.0	26.160506142154077	23.86815173242363	23.7102578657599	26.261084259662386	0.0
79.0	26.345680100963897	23.770329179778564	23.76481805005208	26.119172669205458	0.0
80.0	26.109252635697793	23.835636067037385	23.71880011683595	26.33631118042888	0.0
81.0	26.293599925048632	23.70144005819753	23.7102578657599	26.29470215099393	0.0
82.0	26.342097866641684	23.730924602234214	23.668924392811284	26.25805313831282	0.0
83.0	26.243448644537644	23.848587221894615	23.705848961978717	26.202115171589025	0.0
84.0	26.125162922323597	23.75841478301364	23.84549039274958	26.270931901913187	0.0
85.0	26.361865291827293	23.81077037114601	23.740228105030823	26.087136231995878	0.0
86.0	26.22408742832107	23.855134843195014	23.73416587903655	26.186611849447374	0.0
87.0	26.205625194611233	23.73003254313136	23.781010352628666	26.283331909628743	0.0
88.0	26.05296732184633	23.85568595464904	23.81297481696211	26.278371906542517	0.0
89.0	26.20397186024916	23.789277024439038	23.771917013637253	26.234834101674554	0.0
90.0	26.359936401738203	23.62669914550169	23.736370324852647	26.276994127907454	0.0
91.0	26.310887482329985	23.73251254467447	23.67492139772887	26.28167857526667	0.0
92.0	26.24778522084414	23.763099230372855	23.73995254930381	26.249162999479196	0.0
93.0	26.262389674375797	23.740228105030823	23.767783677732066	26.229598542861314	0.0
94.0	26.173385174550774	23.70826364069738	23.817108152867295	26.301243031884553	0.0
95.0	26.170281947842955	23.805469214999007	23.766340409584906	26.257908427573135	0.0
96.0	26.3174283005974	23.74429601216851	23.780669267905562	26.157606419328527	0.0
97.0	26.20500187377378	23.721976059784406	23.85286466944426	26.22015739699755	0.0
98.0	26.191224125388533	23.84211802570377	23.755318210876705	26.211339638030996	0.0
99.0	26.297863897890352	23.742642682362277	23.777913718228515	26.18157970151886	0.0
100.0	26.234486255318213	23.783700372550317	23.83385137667262	26.14796199545885	0.0
101.0	26.1840596962282	23.647025108568656	23.829166942221637	26.339748252981504	0.0
102.0	26.269757291184447	23.75008266649031	23.699104997464897	26.281055044860345	0.0
103.0	26.154575314683775	23.8716024072482	23.71894495513965	26.254877322928376	0.0
104.0	26.345810462271015	23.76661596455261	23.771300399003593	26.116273174172782	0.0
105.0	26.109108745012456	23.832473601834096	23.71536274055949	26.343054912593967	0.0
106.0	26.297588342922644	23.69497167294932	23.72225161475211	26.285188369375923	0.0
107.0	26.350770451689705	23.727487159138505	23.669069505985053	26.25267288318674	0.0
108.0	26.239721799704608	23.834402486608028	23.70682053656063	26.219055177126734	0.0
109.0	26.128601149061048	23.765999366225323	23.83791901461815	26.267480470095478	0.0
110.0	26.372191069288103	23.803750292776346	23.73568840330114	26.088370234634407	0.0
111.0	26.22449401358482	23.85142117082983	23.743128366927984	26.180956448657362	0.0
112.0	26.19914302641187	23.721635138672656	23.796861437566307	26.28236039734917	0.0
113.0	26.057232609085023	23.849492291371018	23.807056943277168	26.286218156266795	0.0
114.0	26.204929664788306	23.78225706452102	23.77619487193618	26.236618398754498	0.0
115.0	26.368884418787285	23.63042669569171	23.736515065926344	26.26417381959466	0.0
116.0	26.322315757567406	23.726595114423883	23.67065761011835	26.280431517890356	0.0
117.0	26.243782808172938	23.7626927157245	23.743403921136384	26.250120554966177	0.0
118.0	26.25893828963503	23.73458618646753	23.78060373927061	26.225871784626833	0.0
119.0	26.17902756919855	23.70620410300216	23.81780355740483	26.296964770394453	0.0
120.0	26.171384167713775	23.80602032493442	23.76771818442343	26.254877322928376	0.0
121.0	26.317152745629695	23.74429601216851	23.77598483345458	26.162566408747217	0.0
122.0	26.207206313515417	23.71701607036572	23.850660229702623	26.22511738641624	0.0
123.0	26.187917465776074	23.836882481317375	23.761380420166216	26.213819632740336	0.0
124.0	26.297037232987236	23.73878491281441	23.781771487776382	26.182406366421972	0.0
125.0	26.240824019575427	23.778464828163923	23.834402486608028	26.146308665652622	0.0
126.0	26.183508586292792	23.65611842250292	23.82282917796442	26.337543813239865	0.0
127.0	26.279126160086413	23.748704891651787	23.6993805524326	26.2727883958292	0.0
128.0	26.158433084231643	23.868020192668034	23.72032272997818	26.25322399312215	0.0
129.0	26.344157132464787	23.771300399003593	23.770198179132773	26.11434428939885	0.0
130.0	26.110762074818684	23.830820272027864	23.721976059784406	26.33644159336905	0.0
131.0	26.308059431695437	23.69111390340145	23.71508718559178	26.28573947931133	0.0
132.0	26.350843062746794	23.72314364995605	23.670788061823682	26.25522522547347	0.0
133.0	26.241171883395836	23.83336594076103	23.71212142087555	26.21334075496758	0.0
134.0	26.116417104342222	23.7593069203256	23.847209439462997	26.27706653586919	0.0
135.0	26.365520167979234	23.80284484516481	23.740569079255557	26.091065907600395	0.0
136.0	26.223884134008628	23.836462736496355	23.75434690357176	26.18530622592325	0.0
137.0	26.20514629293859	23.721831238185516	23.791822585711845	26.281199883164053	0.0
138.0	26.056417590472332	23.83873287756165	23.81503495443661	26.28981457752941	0.0
139.0	26.212658548750213	23.775630268310092	23.782794756696727	26.22891642624297	0.0
140.0	26.36697060630861	23.61938931003221	23.74035894086817	26.27328114279101	0.0
141.0	26.313512500654447	23.73016332277949	23.67394964466893	26.28237453189713	0.0
142.0	26.243245403016253	23.76102573429117	23.75193234518505	26.24379651750753	0.0
143.0	26.258401051526448	23.73484779595537	23.78637700089005	26.22037415162813	0.0
144.0	26.17608156516947	23.710112978782032	23.81950950675117	26.294295949297325	0.0
145.0	26.177255930713507	23.793948178418788	23.77135235974748	26.257443531120227	0.0
146.0	26.315035312855645	23.744347600847618	23.780721357733142	26.159895728563594	0.0
147.0	26.20784295354906	23.712107225426358	23.855397782854183	26.224652038170397	0.0
148.0	26.195442809156265	23.834730875532863	23.75674774524041	26.213078570070458	0.0
149.0	26.301532933405714	23.73883642556193	23.779619122676007	26.18001151835635	0.0
150.0	26.23374547739178	23.7779657700903	23.83583311059	26.15245564192792	0.0
151.0	26.18697264796169	23.64190488787483	23.828734244884238	26.342388219279243	0.0
152.0	26.279836207419166	23.7411063163754	23.7019768640224	26.277080612183042	0.0
153.0	26.161896731312932	23.8670370186664	23.71823487591555	26.252831374105117	0.0
154.0	26.32943692166945	23.771968983020024	23.78271580444092	26.11587829086961	0.0
155.0	26.116704969440445	23.828458685360623	23.72484830448225	26.329988040716675	0.0
156.0	26.309596635969335	23.687647768794537	23.709968090207166	26.292787505028965	0.0
157.0	26.347420893531776	23.728495964419658	23.670352744718198	26.253730397330372	0.0
158.0	26.240227943466053	23.835137793919486	23.706451141784033	26.218183120830428	0.0
159.0	26.11767558749614	23.77044662933733	23.8478792822186	26.26399850094793	0.0
160.0	26.37256955160707	23.805167320664875	23.740961597813147	26.081301529914906	0.0
161.0	26.22018429522508	23.84264362241524	23.750055112208457	26.187116970151227	0.0
162.0	26.20585512102641	23.719467836515147	23.793593756889024	26.281083285569416	0.0
163.0	26.06318632111217	23.83995370561733	23.812948649058267	26.28391132421224	0.0
164.0	26.21116300858375	23.76885876079858	23.785116907094338	26.234861323523333	0.0
165.0	26.358037448848844	23.623637691343227	23.747916063875227	26.27040879593271	0.0
166.0	26.303200650325852	23.725595557943755	23.685639096708414	26.285564695021975	0.0
167.0	26.24009699775417	23.755080670717422	23.756734041527164	26.24808829000124	0.0
168.0	26.257457391256423	23.721462130919413	23.7942104465479	26.226870031276267	0.0
169.0	26.17486097868799	23.710229433388264	23.820178895214582	26.294730692709166	0.0
170.0	26.184577823215104	23.78745249977266	23.77174539051456	26.25622428649767	0.0
171.0	26.31436814708468	23.74005560867804	23.781665670045992	26.16391057419129	0.0
172.0	26.207449578801466	23.72076617625581	23.85524107657078	26.216543168371942	0.0
173.0	26.197253735949715	23.819968971570134	23.765131870826938	26.217645421653213	0.0
174.0	26.304172304232925	23.731237582427877	23.78276792332726	26.181822190011932	0.0
175.0	26.23610816411449	23.77064313723329	23.846974176961254	26.146274521690966	0.0
176.0	26.202561643684625	23.64257134354023	23.824443636123142	26.330423376652007	0.0
177.0	26.284404175346936	23.73929433550478	23.700715364350827	26.275586124797464	0.0
178.0	26.160124775415277	23.869911709268873	23.72772064415859	26.242242871157256	0.0
179.0	26.335383530086087	23.764370666754846	23.783660152331823	26.116585650827247	0.0
180.0	26.107216472118427	23.82747484099953	23.735712002469054	26.32959668441299	0.0
181.0	26.30837825027832	23.68583490404859	23.711462363458	26.294324482215092	0.0
182.0	26.358327982782708	23.724479251345446	23.674050885803176	26.24314188006867	0.0
183.0	26.239559537161295	23.83112284404959	23.71152770391109	26.21778991487802	0.0
184.0	26.118934112265425	23.774422001157376	23.846620187935738	26.26002369864146	0.0
185.0	26.380170299539806	23.806112044972306	23.732536030201988	26.0811816252859	0.0
186.0	26.221444514866764	23.828983989638733	23.750447794097383	26.19912370139712	0.0
187.0	26.19554134861804	23.72151340626636	23.805560913775526	26.277384331340077	0.0
188.0	26.06582178021378	23.840899007685547	23.805075381177165	26.288203830923507	0.0
189.0	26.212147516182633	23.76208702936711	23.779447709905785	26.246317744544474	0.0
190.0	26.359299951224756	23.622099319626663	23.745277481543944	26.27332324760464	0.0
191.0	26.31162697133283	23.72240547385013	23.681621652902127	26.284345901914914	0.0
192.0	26.24356208096691	23.748584277837022	23.753820038634405	26.254033602561666	0.0
193.0	26.250175673553073	23.719925376630318	23.79350159415138	26.236397355665233	0.0
194.0	26.16840457661868	23.71392826436807	23.821123872930492	26.29654328608276	0.0
195.0	26.18142837853106	23.789774778374536	23.77213843427844	26.25665840881597	0.0
196.0	26.3181100452758	23.740448128480768	23.780129902696984	26.16131192354645	0.0
197.0	26.21449652371124	23.718402698360645	23.8564622044879	26.210638573440214	0.0
198.0	26.199340290503653	23.813749183630165	23.764422533736397	26.222487992129786	0.0
199.0	26.30322937994472	23.72997654917371	23.778476495437975	26.18831757544359	0.0
200.0	26.250595915532937	23.767178212501413	23.842408242786323	26.13981762917933	0.0
201.0	26.210435233103507	23.64268668397238	23.82318414047387	26.323693942450245	0.0
202.0	26.27546943117122	23.738309000622785	23.704689627045408	26.281531941160587	0.0
203.0	26.166068682726806	23.860110337681807	23.72756182382346	26.246259155767927	0.0
204.0	26.342983746961856	23.755945393319113	23.777164178281886	26.12390668143715	0.0
205.0	26.11012824964314	23.819877316843304	23.74519821651979	26.324796216993768	0.0
206.0	26.312946765650917	23.69284017570256	23.712129980214172	26.282083078432343	0.0
207.0	26.364826322388634	23.725422654559985	23.673064469460023	26.23668655359136	0.0
208.0	26.240820094520302	23.832619149317278	23.72046240544525	26.206098350717173	0.0
209.0	26.117161406950984	23.77040596995183	23.85197473572822	26.260457887368965	0.0
210.0	26.38005533448705	23.799891976499378	23.731275007991535	26.088777681022034	0.0
211.0	26.21884679401682	23.840676359387572	23.748084787425185	26.192392059170423	0.0
212.0	26.21416210138777	23.713087377784635	23.794931713715677	26.277818807111913	0.0
213.0	26.07038632286439	23.839364202787124	23.80767354767239	26.282575926676095	0.0
214.0	26.207896208970936	23.76275548868368	23.788108012775467	26.241240289569916	0.0
215.0	26.35587778981104	23.619183042468233	23.75090593937991	26.274033228340816	0.0
216.0	26.313991010876787	23.72031756792134	23.688351341892567	26.277340079309308	0.0
217.0	26.25364098070177	23.747047946583333	23.75779521223094	26.241515860483954	0.0
218.0	26.251711984303483	23.72693126985833	23.794721714712455	26.226635031125735	0.0
219.0	26.171041826268592	23.717902789336478	23.81958873683456	26.291466647560362	0.0
220.0	26.186546002684075	23.79319942350247	23.763713173189007	26.256541400624446	0.0
221.0	26.312758176923012	23.73532921260689	23.78768797484575	26.16422463562435	0.0
222.0	26.22595286057964	23.70970097635313	23.853274213860743	26.211071949206488	0.0
223.0	26.202529203788572	23.809182624606965	23.768949049412893	26.21933912219157	0.0
224.0	26.311931459624503	23.725684177457623	23.775287215368124	26.18709714754975	0.0
225.0	26.251856669266232	23.76619332508453	23.843078033845806	26.13887197180343	0.0
226.0	26.205908289241624	23.642802028218696	23.818342151675484	26.3329475308642	0.0
227.0	26.273699294532626	23.743386243386244	23.703152557319225	26.279761904761905	0.0
228.0	26.16898148148148	23.854166666666668	23.730158730158728	26.24669312169312	0.0
229.0	26.337356701940035	23.759920634920633	23.774250440917108	26.12847222222222	0.0
230.0	26.094852292768962	23.83184523809524	23.73567019400353	26.33763227513228	0.0
231.0	26.308697089947092	23.685240299823633	23.714451058201057	26.291611552028222	0.0
232.0	26.356168309546707	23.728019532681692	23.675109333965317	26.240702823806284	0.0
233.0	26.23464019687003	23.836595669630924	23.71451640905095	26.214247724448093	0.0
234.0	26.134678872789202	23.76115388643015	23.83693693197163	26.26723030880902	0.0
235.0	26.378286917366168	23.801387794244896	23.73221854176886	26.088106746620078	0.0
236.0	26.225067378016853	23.83142543775043	23.749028599143514	26.194478585089204	0.0
237.0	26.21170868285585	23.709752091623585	23.79545629912146	26.2830829263991	0.0
238.0	26.067378573889084	23.831071305545986	23.814536686186706	26.28701343437823	0.0
239.0	26.202411298656564	23.765208405098175	23.78753014123321	26.244850155012056	0.0
240.0	26.35084673363372	23.621181431110745	23.751532939247376	26.27643889600816	0.0
241.0	26.31638418079096	23.719994488080474	23.69463965826099	26.268981672867575	0.0
242.0	26.252921462274553	23.75369316929047	23.754795607884642	26.238589760550333	0.0
243.0	26.25609477110672	23.734396145651594	23.78318187706547	26.22632720617622	0.0
244.0	26.181439309369654	23.706790812543584	23.820903585732044	26.29086629235472	0.0
245.0	26.17979138642027	23.785200785057445	23.761219044258716	26.27378878426357	0.0
246.0	26.329659666668505	23.72657555091217	23.781156791505172	26.162607990914154	0.0
247.0	26.232201684378836	23.713352354960097	23.845401039297577	26.209044921363496	0.0
248.0	26.219791247387835	23.806675010889762	23.760083368713573	26.21345037300883	0.0
249.0	26.320693857071177	23.711286205014254	23.78296565451608	26.18505428339849	0.0
