# Position (bp)	A	C	G	T	N
0.0	26.2459982036687	23.899471570026616	23.688154682859363	26.16637554344532	0.0
1.0	26.338018855968393	23.786787597599748	23.690634281274626	26.184559265157237	0.0
2.0	26.184651326809487	23.783390637397513	23.865765229657057	26.16619280613594	0.0
3.0	26.289023328594887	23.796378943656542	23.74926994831785	26.165327779430726	0.0
4.0	26.192096309866525	23.749362938883458	23.693163817683438	26.365376933566576	0.0
5.0	26.196464530987008	23.730120906759375	23.78934841476886	26.284066147484758	0.0
6.0	26.289562846045783	23.791973115169547	23.76580447896868	26.152659559815994	0.0
7.0	26.306801122732015	23.715648008638095	23.709863569880152	26.26768729874974	0.0
8.0	26.189453157277185	23.71552279750789	23.745544887155503	26.349479158059413	0.0
9.0	26.369582880041865	23.79277579630114	23.744577715961825	26.093063607695164	0.0
10.0	26.31291947463943	23.811976216114985	23.71696185379906	26.158142455446526	0.0
11.0	26.307686799613332	23.67317262594911	23.822992374064658	26.1961482003729	0.0
12.0	26.248199546685104	23.74698088421192	23.759924869802784	26.244894699300197	0.0
13.0	26.196423604321637	23.799583038421606	23.70429327215694	26.29970008509982	0.0
14.0	26.17108644103739	23.713106198516673	23.81720889114108	26.298598469304853	0.0
15.0	26.074144251080273	23.787465264676968	23.796553594985443	26.34183688925732	0.0
16.0	26.344315524796	23.770665623803712	23.716135641952835	26.168883209447458	0.0
17.0	26.242966871659007	23.74835790395563	23.720817509081446	26.287857715303918	0.0
18.0	26.162273514677654	23.764055929033912	23.790494708113126	26.28317584817531	0.0
19.0	26.317325937819298	23.746154672365694	23.720266701183963	26.216252688631048	0.0
20.0	26.389757176338396	23.64535682712619	23.746154672365694	26.218731324169724	0.0
21.0	26.17686992396097	23.69740817343839	23.82051373852598	26.305208164074656	0.0
22.0	26.18292881083329	23.859070291349838	23.783058801497095	26.174942096319775	0.0
23.0	26.1658537660113	23.71696185379906	23.781406377804647	26.335778002384995	0.0
24.0	26.15208356857421	23.73651553415973	23.881102607249183	26.230298290016883	0.0
25.0	26.25095358617252	23.896525228378724	23.68804443918117	26.16447674626759	0.0
26.0	26.344590928744736	23.773419663291133	23.69162469051481	26.19036471744932	0.0
27.0	26.184030426628258	23.775622894881067	23.86512917822216	26.175217500268516	0.0
28.0	26.292539582432532	23.794901171292995	23.749734923699336	26.162824322575133	0.0
29.0	26.202207087245217	23.7442268447245	23.687493631283687	26.366072436746595	0.0
30.0	26.201656279347734	23.725223972261315	23.783058801497095	26.290060946893856	0.0
31.0	26.291988774535046	23.79242253575432	23.761301889546495	26.15428680016414	0.0
32.0	26.305483568023398	23.718889681440253	23.708424331388063	26.267202419148283	0.0
33.0	26.187191032896823	23.71462800016524	23.74382065793641	26.354360309001528	0.0
34.0	26.36262238195563	23.798350339433497	23.74519767009543	26.093829608515446	0.0
35.0	26.31552856611724	23.817077704796134	23.70664132964294	26.160752399443687	0.0
36.0	26.302584651822475	23.682956720507843	23.821759546136793	26.19269908153289	0.0
37.0	26.242822324121125	23.740240426322963	23.76447584032167	26.252461409234247	0.0
38.0	26.200961154486997	23.797248729706283	23.70168408587048	26.300106029936245	0.0
39.0	26.16873906996599	23.71517880502885	23.81129425372826	26.3047878712769	0.0
40.0	26.07978408449347	23.78347860811611	23.791740681070213	26.34499662632021	0.0
41.0	26.348852260365458	23.765577450048884	23.7113231709836	26.174247118602057	0.0
42.0	26.244474738711943	23.744922267663622	23.71738202448328	26.293220969141156	0.0
43.0	26.158273777557454	23.77163630354856	23.788160449456768	26.281929469437216	0.0
44.0	26.309745115049367	23.760069401412814	23.716280414756064	26.213905068781756	0.0
45.0	26.38520538136352	23.6479806116688	23.74161743848198	26.2251965684857	0.0
46.0	26.178653557510913	23.700031671279657	23.81928092425056	26.302033846958867	0.0
47.0	26.186640228033216	23.866374740088954	23.780449181366272	26.166535850511558	0.0
48.0	26.166535850511558	23.72261467068754	23.7826524008207	26.3281970779802	0.0
49.0	26.147257680285318	23.742994450641	23.887029922474216	26.222717946599467	0.0
50.0	26.23373404387161	23.905206482973245	23.698654659120642	26.162404814034506	0.0
51.0	26.346373638479225	23.776868949752828	23.692045000757357	26.18471241101059	0.0
52.0	26.179479764806324	23.773564120571184	23.870505776566006	26.176450338056483	0.0
53.0	26.29184395698214	23.797248729706283	23.74712548711805	26.163781826193528	0.0
54.0	26.19903333746437	23.748777901708873	23.681028903485217	26.371159857341542	0.0
55.0	26.191872874237482	23.726470304732793	23.789537461615787	26.292119359413945	0.0
56.0	26.277798432960164	23.788711254320376	23.773288718139383	26.16020159458008	0.0
57.0	26.294322578868375	23.723440877982952	23.7113231709836	26.27091337216508	0.0
58.0	26.17878476592299	23.716425185964468	23.753053507643752	26.35173654046879	0.0
59.0	26.364680383468237	23.79133423481233	23.7569091204521	26.087076261267338	0.0
60.0	26.313455813300212	23.814743312577285	23.71091716766683	26.160883706455675	0.0
61.0	26.297482560237068	23.690262099050692	23.82438234459815	26.18787299611409	0.0
62.0	26.24157617451605	23.73790645732525	23.76764975613249	26.252867612026208	0.0
63.0	26.19778742904984	23.802625672322485	23.69577011734833	26.303816781279348	0.0
64.0	26.155100287243155	23.720556199687696	23.813917109832637	26.310426403236516	0.0
65.0	26.074683220097654	23.78472461285516	23.788855626578393	26.35173654046879	0.0
66.0	26.348707130405085	23.761040134175325	23.71229417224124	26.17795856317835	0.0
67.0	26.246808791898808	23.742588272878244	23.716149785049588	26.294453150173364	0.0
68.0	26.15124467443481	23.774259378089653	23.786101617429573	26.288394330045968	0.0
69.0	26.3151082187895	23.76737435521761	23.702104338390612	26.21541308760228	0.0
70.0	26.3864370557439	23.6552861828607	23.734877047261552	26.223399714133848	0.0
71.0	26.17795856317835	23.70182893747573	23.820526731789805	26.29968576755612	0.0
72.0	26.180437171412287	23.870098896468534	23.781970603706345	26.16749332841284	0.0
73.0	26.16473931926402	23.716425185964468	23.78527541468493	26.33356008008659	0.0
74.0	26.148766066200874	23.737080254580604	23.888275356850734	26.225878322367784	0.0
75.0	26.237720561707707	23.902045402594826	23.70017653198644	26.160057503711027	0.0
76.0	26.34016970204375	23.786101617429573	23.686681887157228	26.187046793369444	0.0
77.0	26.17685695951882	23.773708576259892	23.86954809463877	26.179886369582523	0.0
78.0	26.300787371215645	23.80345187506713	23.734601646346672	26.16115910737056	0.0
79.0	26.193105613496847	23.751401102154464	23.675390449647075	26.380102834701617	0.0
80.0	26.19448261807126	23.721107001517456	23.78692782017422	26.297482560237068	0.0
81.0	26.280958505344152	23.787754022918865	23.77343317534501	26.157854296391974	0.0
82.0	26.295554753832896	23.723310208836516	23.710641766751948	26.270493270578644	0.0
83.0	26.178915972889683	23.709409571230676	23.768069642999762	26.343604812879878	0.0
84.0	26.35517158759491	23.797261979185315	23.7556766700908	26.09188976312898	0.0
85.0	26.307802891142877	23.821772525605258	23.70775717484282	26.162667408409046	0.0
86.0	26.285220140508773	23.691784009760156	23.82810671175873	26.194889137972343	0.0
87.0	26.24170703562842	23.736949511028367	23.77495462794918	26.24638882539403	0.0
88.0	26.194062939778412	23.798914375573172	23.701422988689348	26.305599695959064	0.0
89.0	26.156608621653554	23.71904855015987	23.815438339451788	26.308904488734786	0.0
90.0	26.085004778179556	23.78046261590872	23.788173799052075	26.346358806859648	0.0
91.0	26.3469096056556	23.771374435775485	23.70582937905698	26.175886579511936	0.0
92.0	26.24693962418998	23.74300829778386	23.724005739323452	26.2860463387027	0.0
93.0	26.148071240316266	23.769997438785598	23.793681787011614	26.28824953388652	0.0
94.0	26.322949858031606	23.76256165504022	23.712989763404376	26.20149872352379	0.0
95.0	26.39069810993393	23.6446907127061	23.742457498987907	26.222153678372056	0.0
96.0	26.17836517409373	23.699770592301487	23.830309906942542	26.291554326662244	0.0
97.0	26.191584345196624	23.862256237107864	23.784593606878378	26.161565810817137	0.0
98.0	26.166522999980725	23.708583373036745	23.793681787011614	26.33121183997092	0.0
99.0	26.149172837908175	23.744109895375768	23.883737390150063	26.222979876565987	0.0
100.0	26.231517257903274	23.911552729345733	23.701422988689348	26.15550702406165	0.0
101.0	26.351040596625257	23.78872459784803	23.682145030830963	26.17808977469575	0.0
102.0	26.18883035121685	23.772751432765368	23.861430038913937	26.176988177103844	0.0
103.0	26.30725209234693	23.8022191683489	23.72510733691536	26.165421402388816	0.0
104.0	26.197092333156156	23.747965486947447	23.666722664544253	26.38821951535214	0.0
105.0	26.200947924727835	23.71712075437403	23.782115012296583	26.29981630860155	0.0
106.0	26.284118542916868	23.792580189419706	23.772751432765368	26.15054983489806	0.0
107.0	26.294308320642013	23.725658135711317	23.709134171832698	26.27089937181397	0.0
108.0	26.18262735086516	23.71010517445079	23.765184750668528	26.34208272401552	0.0
109.0	26.359432790524114	23.78583959175018	23.75802440576022	26.09670321196549	0.0
110.0	26.30820878464161	23.81558256290776	23.71451154054821	26.16169711190242	0.0
111.0	26.286727749916693	23.69055192489349	23.82825086543784	26.19446945975198	0.0
112.0	26.244591874110117	23.73296319858115	23.773446687101192	26.248998240207538	0.0
113.0	26.20465918135226	23.802638862496593	23.697987667682884	26.294714288468263	0.0
114.0	26.162523305545687	23.71616392783474	23.813930175621227	26.307382590998348	0.0
115.0	26.090093662819356	23.778403848960785	23.791898345134133	26.339604143085722	0.0
116.0	26.347039885875116	23.770141912528125	23.70900358292643	26.17381461867032	0.0
117.0	26.25505699359149	23.748385479922117	23.711757561737322	26.284799964749073	0.0
118.0	26.154261369113023	23.77096810617139	23.791898345134133	26.282872179581453	0.0
119.0	26.319224699885158	23.76243077185764	23.711482163856232	26.20686236440097	0.0
120.0	26.38945115956278	23.65254701730325	23.74342831806252	26.214573505071453	0.0
121.0	26.184279738151695	23.695233688871998	23.82384449934042	26.296642073635883	0.0
122.0	26.185932125438228	23.85468906202236	23.787767376917802	26.171611435621617	0.0
123.0	26.167205069524197	23.70514801259119	23.786941183274536	26.340705734610076	0.0
124.0	26.14297005598839	23.750864060851914	23.883055043774494	26.2231108393852	0.0
125.0	26.228618797006973	23.91389960645643	23.705974206234455	26.151507390302136	0.0
126.0	26.349793864686006	23.791898345134133	23.680912999055383	26.177394791124474	0.0
127.0	26.184004340270604	23.77675146167425	23.86047241752522	26.17877178052992	0.0
128.0	26.300773041852217	23.802363464615503	23.730484617651353	26.16637887588093	0.0
129.0	26.196397244919602	23.74315292018143	23.666592309238773	26.3938575256602	0.0
130.0	26.185932125438228	23.719744100288892	23.78583959175018	26.3084841825227	0.0
131.0	26.277915017721853	23.791347549371956	23.779505440485142	26.15123199242105	0.0
132.0	26.29774366516024	23.720019498169982	23.71120676597514	26.271030070694636	0.0
133.0	26.177814375297775	23.714917559190216	23.76118465805034	26.346083407461673	0.0
134.0	26.353591768840122	23.78906551218921	23.759046895138635	26.09829582383203	0.0
135.0	26.312281745376033	23.81550392720623	23.711402668076715	26.16081165934102	0.0
136.0	26.288597331923285	23.68165945118257	23.832854137061148	26.196889079832996	0.0
137.0	26.23434350110711	23.73839188340659	23.7667580995186	26.260506515967702	0.0
138.0	26.203020046432595	23.80069786591831	23.704032144794784	26.292249942854312	0.0
139.0	26.16308691377473	23.718903794198404	23.81529411440705	26.302715177619817	0.0
140.0	26.08659730216521	23.78065909128464	23.788645739811514	26.344097866738636	0.0
141.0	26.34196719957037	23.7746657302984	23.703061098029497	26.180305972101735	0.0
142.0	26.254664628688673	23.74629927982264	23.715729609892456	26.28330648159623	0.0
143.0	26.15331653378499	23.761446413571832	23.79366849809284	26.291568554550338	0.0
144.0	26.31064378249758	23.758482418260332	23.709736053582446	26.221137745659647	0.0
145.0	26.382799418348462	23.651625980435355	23.750771128932758	26.21480347228342	0.0
146.0	26.181479686260683	23.690182427073236	23.825956199876618	26.30238168678946	0.0
147.0	26.18285670221204	23.859555389089625	23.78271789900414	26.17487000969419	0.0
148.0	26.16991275226932	23.70753282806028	23.782167092623602	26.3403873270468	0.0
149.0	26.14925751299903	23.744712258746805	23.882138450691812	26.223891777562354	0.0
150.0	26.230501454128845	23.914636027143736	23.699546135542434	26.155316383184985	0.0
151.0	26.34073527346235	23.797930614729154	23.685841207591235	26.17549290421726	0.0
152.0	26.173840480524806	23.77149183564994	23.867883217709576	26.186784466115675	0.0
153.0	26.295844429817432	23.807569752935116	23.7356893223135	26.160896494933944	0.0
154.0	26.205236530681375	23.740371189442115	23.65802540876831	26.396366871108196	0.0
155.0	26.183755022679517	23.718614277491508	23.78388501334332	26.31374568648565	0.0
156.0	26.28124802053412	23.793799555498026	23.780029358060936	26.144923065906916	0.0
157.0	26.29914927720234	23.73321068677483	23.704844080054418	26.262795955968414	0.0
158.0	26.177840325419098	23.71323681289779	23.762809796723225	26.346113064959887	0.0
159.0	26.35665106031396	23.786009363811623	23.761773616083723	26.09556595979069	0.0
160.0	26.314789314238503	23.819884329385843	23.712751308179563	26.15257504819609	0.0
161.0	26.299366565684384	23.68548609198568	23.828972734783807	26.186174607546132	0.0
162.0	26.233544478105202	23.741118149270175	23.767557146791518	26.257780225833105	0.0
163.0	26.20442358695562	23.801222256189085	23.703728184324387	26.290625972530908	0.0
164.0	26.162010911624655	23.712265800787115	23.822704000837234	26.303019286750995	0.0
165.0	26.080837680185514	23.776501109893196	23.80238943756231	26.340271772358975	0.0
166.0	26.342547583703528	23.775464958399546	23.705235790986983	26.176751666909944	0.0
167.0	26.251938187316338	23.746822474435206	23.716527539472924	26.284711798775533	0.0
168.0	26.16215501642812	23.762796167415317	23.787032115385145	26.288016700771422	0.0
169.0	26.307918566990544	23.76451406790491	23.713563355145748	26.214004009958796	0.0
170.0	26.374292198206533	23.661235596095796	23.752671469804127	26.211800735893537	0.0
171.0	26.17902703417278	23.701996166303125	23.823727058408796	26.295249741115295	0.0
172.0	26.18370899156146	23.8672417211977	23.785445171524884	26.163604115715955	0.0
173.0	26.178476215656467	23.712186308854957	23.778284530812787	26.331052944675786	0.0
174.0	26.153138563905966	23.742481327252296	23.87412695265164	26.2302531561901	0.0
175.0	26.232181020997203	23.916539978407915	23.695937162623657	26.155341837971225	0.0
176.0	26.34269268373291	23.787713959156694	23.692422093391535	26.17717126371886	0.0
177.0	26.17964995386882	23.766231977857036	23.877222214571944	26.1768958537022	0.0
178.0	26.30496151145017	23.7979041297732	23.736763106074168	26.160371252702465	0.0
179.0	26.207466365551713	23.73208113579091	23.6692876519919	26.391164846665472	0.0
180.0	26.197551604951876	23.70839587435795	23.787438549140035	26.306613971550146	0.0
181.0	26.280725429983885	23.78854018920668	23.783858218923424	26.146876161886006	0.0
182.0	26.306338561533483	23.726572935457664	23.703713904074693	26.263374598934163	0.0
183.0	26.181171215088145	23.720093750086065	23.752041487993434	26.346693546832356	0.0
184.0	26.364667907858063	23.78515637909951	23.76505128176881	26.085124431273616	0.0
185.0	26.315093695261805	23.81572714353387	23.71712954292576	26.15204961827856	0.0
186.0	26.29967060689853	23.681325944939573	23.831701056481553	26.187302391680344	0.0
187.0	26.239355314906415	23.733378868165644	23.768631641567424	26.258634175360513	0.0
188.0	26.19563690645045	23.798992539060457	23.70452586266253	26.30084469182657	0.0
189.0	26.16148568816082	23.71719486299578	23.813038604647318	26.308280844196087	0.0
190.0	26.076179459638105	23.776474152414	23.796579360489133	26.350767027458755	0.0
191.0	26.351665845013205	23.76029017678861	23.713194285698545	26.174849692499635	0.0
192.0	26.253342844316407	23.746519448399702	23.71567301680855	26.28446469047534	0.0
193.0	26.164934768059624	23.761942664195278	23.788933291837537	26.28418927590756	0.0
194.0	26.30216366280351	23.766965584100824	23.718217071343588	26.21265368175208	0.0
195.0	26.365233772528974	23.66588815934429	23.7504406645221	26.218437403604632	0.0
196.0	26.18208258053144	23.71436125677522	23.816815758163308	26.28674040453003	0.0
197.0	26.1787775966157	23.86721676287842	23.78596924161636	26.168036398889527	0.0
198.0	26.17684968933151	23.71711541003834	23.77192305997444	26.334111840655712	0.0
199.0	26.155642709205484	23.741902789406424	23.87520380734147	26.22725069404662	0.0
200.0	26.22725069404662	23.918994844225093	23.7003150751333	26.153439386594986	0.0
201.0	26.33831561030827	23.78796266459554	23.695147444001023	26.178574281095162	0.0
202.0	26.180226777604265	23.765929377807524	23.873066234814246	26.180777609773966	0.0
203.0	26.306918176635353	23.799530140159245	23.7339811119649	26.159570571240504	0.0
204.0	26.208319218258985	23.7361844406437	23.662923762073554	26.39257257902376	0.0
205.0	26.195374662271025	23.72076113989209	23.779975598134882	26.303888599702002	0.0
206.0	26.27469449470788	23.79154307369859	23.77859851771063	26.1551639138829	0.0
207.0	26.306091928380802	23.727646542013346	23.705613255225334	26.26064827438052	0.0
208.0	26.17568888827685	23.718963878981505	23.759174848864593	26.346172383877054	0.0
209.0	26.358638772295116	23.786782122043384	23.766401163367153	26.088177942294344	0.0
210.0	26.30851263068601	23.813497703010874	23.711317491269238	26.166672175033877	0.0
211.0	26.29611880446398	23.686529838825177	23.826166947593393	26.19118440911745	0.0
212.0	26.241035132366065	23.72977052142204	23.76943076533254	26.25976358087936	0.0
213.0	26.199794537337194	23.79731356191284	23.696510164342588	26.30638173640738	0.0
214.0	26.161235860670978	23.711382796770984	23.81659290024595	26.310788442312088	0.0
215.0	26.08419034818581	23.76570581852033	23.802061242363983	26.34804259092987	0.0
216.0	26.353623571599726	23.753101924914827	23.709585464400508	26.18368903908494	0.0
217.0	26.250340833037257	23.742635940740495	23.711513408853673	26.29550981736858	0.0
218.0	26.156973237376786	23.751449401097826	23.79166081397815	26.29991654754724	0.0
219.0	26.300815247328412	23.760328302302522	23.713782086592484	26.225074363776578	0.0
220.0	26.360857111380415	23.670265506224524	23.747108075355293	26.22176930703977	0.0
221.0	26.182384047592816	23.719015093092434	23.81238294590724	26.286217913407512	0.0
222.0	26.18045609782968	23.85920458301201	23.790624655723256	26.169714663435055	0.0
223.0	26.18183320480335	23.71543461496089	23.770794315302414	26.331937864933348	0.0
224.0	26.159248650435167	23.73140905585546	23.864713010906687	26.24462928280269	0.0
225.0	26.236366640960668	23.91236091219566	23.694778010355844	26.156494436487826	0.0
226.0	26.345506074435594	23.787109692380998	23.6865806064245	26.180803626758912	0.0
227.0	26.187413758438243	23.76810556380292	23.86367705099992	26.180803626758912	0.0
228.0	26.308599505892655	23.8022579108128	23.73285152817982	26.15629105511473	0.0
229.0	26.19953233318369	23.742766725698814	23.659864657553868	26.39783628356363	0.0
230.0	26.196502689497326	23.725690552193875	23.76783014164961	26.309976616659185	0.0
231.0	26.276099691802614	23.79371982406033	23.771410629642585	26.15876985449448	0.0
232.0	26.30143852990671	23.728720195880236	23.709716067302157	26.260125206910896	0.0
233.0	26.171032590882927	23.724719549847553	23.764105134723486	26.340142724546034	0.0
234.0	26.35618988861836	23.790060483204616	23.770780773171456	26.08296885500556	0.0
235.0	26.305236369245005	23.820357170399586	23.709911974352476	26.16449448600293	0.0
236.0	26.297524485231744	23.68925514217409	23.827793629983805	26.185426742610364	0.0
237.0	26.233075168835175	23.72671286452423	23.77518756403618	26.265024402604414	0.0
238.0	26.202299800316737	23.800041313778145	23.687116986848448	26.310541899056666	0.0
239.0	26.156303793981962	23.721820560490254	23.812160022034014	26.30971562349377	0.0
240.0	26.08317220027875	23.76368253758394	23.798663559690844	26.35448170244647	0.0
241.0	26.350409598995146	23.75343627939775	23.71046557109724	26.185688550509862	0.0
242.0	26.252403435604453	23.740709929425766	23.70875594316598	26.2981306918038	0.0
243.0	26.157406132062476	23.756645822429135	23.791080135533456	26.294867909974933	0.0
244.0	26.29428731208626	23.763701828379695	23.71714522629539	26.224865633238657	0.0
245.0	26.36029026872448	23.679106492476045	23.748257450946898	26.212345787852577	0.0
246.0	26.18525457350672	23.721622217324224	23.805102490632578	26.288020718536476	0.0
247.0	26.173183741844475	23.857123964027508	23.798161699876566	26.17153059425145	0.0
248.0	26.173392629821286	23.71583976722271	23.783347385939678	26.32742021701633	0.0
249.0	26.158237858272575	23.734025493081155	23.865458693603582	26.24227795504268	0.0
