# Position (bp)	A	C	G	T	N
0.0	26.309316928816912	23.82226713230028	23.69151588169649	26.17690005718632	0.0
1.0	26.22179903227687	23.76890127613977	23.665077853686704	26.344221837896658	0.0
2.0	26.280798569858206	23.673676730216187	23.755010492888154	26.290514207037454	0.0
3.0	26.225649395710853	23.728827673500657	23.814321958152213	26.231200972636277	0.0
4.0	26.23610131950728	23.892130141054608	23.6795212692139	26.19224727022421	0.0
5.0	26.223484123085296	23.75001040790668	23.76777323530473	26.258732233703302	0.0
6.0	26.167897493110427	23.87525775198639	23.849447862635884	26.107396892267303	0.0
7.0	26.248251670625844	23.811413538174634	23.721776968674376	26.218557822525142	0.0
8.0	26.19817349824204	23.8050177460935	23.802797750033992	26.194011005630465	0.0
9.0	26.238269391923012	23.75368359130034	23.757845841357224	26.25020117541942	0.0
10.0	26.260002885714602	23.741939422191145	23.803260857501193	26.19479683459306	0.0
11.0	26.194241889477134	23.833227893761308	23.807145473312687	26.16538474344887	0.0
12.0	26.187027602970065	23.78772239425521	23.764137226828268	26.26111277594646	0.0
13.0	26.253066071765502	23.770796568219403	23.793271845414488	26.182865514600607	0.0
14.0	26.210335297839045	23.81879932074718	23.809642726334364	26.161222655079413	0.0
15.0	26.222821562947424	23.72168392545977	23.815192177493646	26.24030233409916	0.0
16.0	26.150401225318813	23.824071299348496	23.86791196350681	26.15761551182588	0.0
17.0	26.270546842917238	23.769686677987547	23.74970865381414	26.21005782528108	0.0
18.0	26.198126505288627	23.65037347806302	23.909810319759377	26.241689696888976	0.0
19.0	26.210612770397006	23.828233387717955	23.737222388705757	26.223931453179283	0.0
20.0	26.304398494988845	23.72556854127127	23.685889965482414	26.28414299825747	0.0
21.0	26.347406741473268	23.65647787433823	23.765247117060124	26.230868267128383	0.0
22.0	26.175373755535574	23.696433922685046	23.799376241689696	26.32881608008968	0.0
23.0	26.170101776934263	23.808255363544546	23.738332278937612	26.28331058058358	0.0
24.0	26.301550789823448	23.718843386598667	23.813738738113802	26.165867085464082	0.0
25.0	26.31625679459041	23.819010702086864	23.67944239269472	26.185290110628003	0.0
26.0	26.21795903417888	23.764560291677533	23.669387732451344	26.34809294169224	0.0
27.0	26.281499897335724	23.673272326705476	23.750964211788077	26.294263564170723	0.0
28.0	26.21407443992475	23.736535718844166	23.806735886436662	26.24265395479442	0.0
29.0	26.239046831558444	23.89386178613644	23.668555319396887	26.19853606290823	0.0
30.0	26.222676041487468	23.755403748078514	23.762340523532316	26.259579686901702	0.0
31.0	26.159412649348774	23.875271227920244	23.8436395318509	26.12167659088008	0.0
32.0	26.249035788211923	23.810897951708945	23.71655780553721	26.22350845454192	0.0
33.0	26.199368475962686	23.80923312560003	23.796746929783183	26.1946514686541	0.0
34.0	26.219901331305945	23.76511523371384	23.75346145095145	26.261521984028768	0.0
35.0	26.25514015061127	23.741807668189058	23.81062048069079	26.192431700508884	0.0
36.0	26.193264113563338	23.82171932141688	23.80756829949112	26.177448265528664	0.0
37.0	26.189656990327357	23.79785681385579	23.75124168280623	26.261244513010617	0.0
38.0	26.253197853484206	23.764560291677533	23.79730187181949	26.184939983018772	0.0
39.0	26.209079961598007	23.82060943734427	23.8117303647634	26.15858023629432	0.0
40.0	26.22600569370529	23.72044239979134	23.8117303647634	26.241821541739963	0.0
41.0	26.145539098441166	23.82976598094329	23.862507561085245	26.162187359530297	0.0
42.0	26.26818128846442	23.764837762695688	23.757900987241882	26.209079961598007	0.0
43.0	26.191876758472578	23.662450956997542	23.90607051093513	26.23960177359475	0.0
44.0	26.2074151354891	23.834482988251875	23.73292859560819	26.225173280650836	0.0
45.0	26.30036792657007	23.732373653571884	23.69075300084906	26.276505419008984	0.0
46.0	26.339768811147675	23.66633555125167	23.76511523371384	26.228780403886816	0.0
47.0	26.164407127675517	23.7021293125933	23.811175422727096	26.32228813700409	0.0
48.0	26.17134390312932	23.80895565458188	23.741530197170903	26.2781702451179	0.0
49.0	26.29890759963263	23.72981057106152	23.808612121565265	26.162669707740587	0.0
50.0	26.310561350059242	23.824427925715668	23.687080152830614	26.17793057139448	0.0
51.0	26.21198668146504	23.77192008879023	23.677302996670367	26.33879023307436	0.0
52.0	26.27136514983352	23.67785793562708	23.75	26.300776914539405	0.0
53.0	26.21753607103219	23.73945615982242	23.809933407325197	26.2330743618202	0.0
54.0	26.239733629300776	23.895671476137625	23.669256381798	26.195338512763595	0.0
55.0	26.218091009988903	23.76276359600444	23.763041065482795	26.25610432852386	0.0
56.0	26.156770255271923	23.88429522752497	23.83990011098779	26.11903440621532	0.0
57.0	26.24750277469478	23.805493895671475	23.721975582685907	26.225027746947838	0.0
58.0	26.194228634850163	23.807991120976695	23.80493895671476	26.19284128745838	0.0
59.0	26.212541620421753	23.7669256381798	23.75305216426193	26.267480577136514	0.0
60.0	26.26054384017758	23.735571587125417	23.811598224195336	26.192286348501664	0.0
61.0	26.200887902330745	23.825749167591564	23.803829078801332	26.169533851276363	0.0
62.0	26.194228634850163	23.78940066592675	23.74583795782464	26.270532741398444	0.0
63.0	26.240011098779135	23.77330743618202	23.79217536071032	26.194506104328525	0.0
64.0	26.1992230854606	23.826304106548278	23.809100998890123	26.165371809101	0.0
65.0	26.222253052164262	23.716703662597112	23.8177025527192	26.24334073251942	0.0
66.0	26.14178690344062	23.830188679245285	23.871254162042174	26.156770255271923	0.0
67.0	26.270810210876803	23.77219755826859	23.751387347391788	26.20560488346282	0.0
68.0	26.185904550499444	23.666204217536073	23.89927857935627	26.248612652608212	0.0
69.0	26.211431742508324	23.826859045504996	23.738068812430633	26.223640399556047	0.0
70.0	26.296337402885683	23.724195338512764	23.690066592674803	26.28940066592675	0.0
71.0	26.339622641509436	23.66509433962264	23.770810210876803	26.224472807991123	0.0
72.0	26.167869034406216	23.700887902330745	23.804384017758046	26.326859045504996	0.0
73.0	26.16842397336293	23.82214206437292	23.73085460599334	26.27857935627081	0.0
74.0	26.29987153198798	23.73689307188382	23.793774157119433	26.169461239008772	0.0
75.0	26.31235762386897	23.81930127829834	23.68445148598367	26.183889611849025	0.0
76.0	26.206291862975235	23.773175509569867	23.67245464786544	26.34807797958946	0.0
77.0	26.270109488848565	23.682443493654308	23.743486440141844	26.303960577355284	0.0
78.0	26.215170837009783	23.739046953124564	23.814240764479663	26.231541445385986	0.0
79.0	26.228766766000188	23.897758613992153	23.67134477611112	26.202129843896536	0.0
80.0	26.217668048457	23.761799324088102	23.757359837070826	26.263172790384072	0.0
81.0	26.15329548670651	23.881110537677372	23.844484769784852	26.121109205831267	0.0
82.0	26.241530291174854	23.814795700356825	23.71657205009961	26.22710195836871	0.0
83.0	26.195470613370624	23.802864578997895	23.812575956848185	26.189088850783293	0.0
84.0	26.21655817670268	23.774285381324187	23.75514009356219	26.254016348410943	0.0
85.0	26.25568115604242	23.73710467755451	23.80924634158523	26.19796782481784	0.0
86.0	26.193805805739146	23.834773391934565	23.81063368127813	26.160787121048163	0.0
87.0	26.190476190476193	23.793708137024765	23.746261119527638	26.269554552971403	0.0
88.0	26.240420419420534	23.77178816987697	23.800367367550677	26.187424043151815	0.0
89.0	26.199910100387903	23.81590557211114	23.812021020971027	26.17216330652993	0.0
90.0	26.2135060293783	23.725728492072744	23.814240764479663	26.24652471406929	0.0
91.0	26.14330664091764	23.82700428965433	23.878613326230155	26.15107574319787	0.0
92.0	26.279543398760275	23.77206563781555	23.745983651589057	26.202407311835117	0.0
93.0	26.192973401923407	23.65996859062935	23.89997835750079	26.247079649946446	0.0
94.0	26.202962247712275	23.836993135443198	23.730722914967174	26.22932170187735	0.0
95.0	26.29730134682937	23.720456601239725	23.694929550890397	26.287312501040503	0.0
96.0	26.3489103834052	23.658303782997876	23.771510701938393	26.22127513165854	0.0
97.0	26.170775966837034	23.69909156996909	23.80647166219943	26.323660800994446	0.0
98.0	26.17160837065277	23.81118861715529	23.736827209615928	26.28037580257601	0.0
99.0	26.302222789488432	23.74397549409966	23.796416788983443	26.157384927428463	0.0
100.0	26.329969506358157	23.81195495043049	23.68099044680538	26.177085096405968	0.0
101.0	26.21225069644066	23.78109010998768	23.668161285668305	26.338497907903353	0.0
102.0	26.280229964151342	23.690358597573834	23.737250418974263	26.292161019300565	0.0
103.0	26.220574688405236	23.73669548617662	23.816605809036524	26.22612401638162	0.0
104.0	26.2375001387332	23.897071064694064	23.67565287843642	26.189775918136316	0.0
105.0	26.227788814774534	23.755840667695143	23.752233604510494	26.264136913019833	0.0
106.0	26.16313914384968	23.872376555199164	23.838525654543236	26.12595864640792	0.0
107.0	26.237222672334383	23.819657939423536	23.7189376366522	26.22418175158988	0.0
108.0	26.193382981320962	23.801622623500293	23.81244381305424	26.192550582124507	0.0
109.0	26.220574688405236	23.77110131963019	23.75917026448097	26.249153727483606	0.0
110.0	26.260529849835184	23.73142362459906	23.80633955228022	26.20170697328554	0.0
111.0	26.189498451737496	23.82465233460228	23.810501548262504	26.17534766539772	0.0
112.0	26.192828048523324	23.788026769958158	23.744742011742378	26.27440316977614	0.0
113.0	26.240552269120208	23.7624998612668	23.804952220286125	26.191995649326866	0.0
114.0	26.201984439684356	23.82465233460228	23.800790224303835	26.17257300140953	0.0
115.0	26.213360562035938	23.727816561414414	23.816605809036524	26.242217067513124	0.0
116.0	26.139277033551238	23.84019045293615	23.876261084782634	26.144271428729983	0.0
117.0	26.276345434567872	23.77110131963019	23.745851877337653	26.20670136846428	0.0
118.0	26.200874574089077	23.653733032929715	23.894573867104693	26.250818525876518	0.0
119.0	26.204481637273723	23.832143927370396	23.73170109099788	26.231673344357997	0.0
120.0	26.30520194004506	23.723932031830948	23.700347387931323	26.270518640192677	0.0
121.0	26.34543456787383	23.665941554477754	23.7697139876361	26.21890989001232	0.0
122.0	26.170908203016612	23.697572723943132	23.801345157101476	26.330173915938783	0.0
123.0	26.175625131796536	23.79968035870856	23.735585620581347	26.289108888913553	0.0
124.0	26.301945322319735	23.744530428437056	23.79475198597126	26.158772263271953	0.0
125.0	26.328582170514675	23.811677483261793	23.681822848311473	26.177917497912063	0.0
126.0	26.201852375957955	23.778724868341463	23.673009583742598	26.346413171957977	0.0
127.0	26.279543398760275	23.691877403566018	23.732665190537233	26.295914007136474	0.0
128.0	26.224604746921493	23.736549741677347	23.816737975926884	26.222107535474276	0.0
129.0	26.234593592710365	23.8902669796505	23.674951859312657	26.200187568326477	0.0
130.0	26.21822298433416	23.7604119843952	23.759024644702304	26.262340386568333	0.0
131.0	26.156347634030887	23.87500624302862	23.83754807132036	26.131098051620132	0.0
132.0	26.23709080415758	23.81146608509387	23.72683836382706	26.224604746921493	0.0
133.0	26.18992125459903	23.795095476717666	23.816460507988303	26.198522760695003	0.0
134.0	26.219128137824256	23.769079442065923	23.761865255645795	26.249927164464026	0.0
135.0	26.25825122571802	23.728569010629826	23.808202529959686	26.20497723369247	0.0
136.0	26.181392393472823	23.8279028082608	23.809034936085084	26.181669862181295	0.0
137.0	26.195411197034396	23.785304620712044	23.745348904963663	26.273935277289894	0.0
138.0	26.23460729526801	23.7606756974234	23.804793589309597	26.19992341799899	0.0
139.0	26.19139448996523	23.82539255321215	23.805414584472125	26.17779837235049	0.0
140.0	26.214147176585822	23.719120858386724	23.82150794817937	26.245224016848084	0.0
141.0	26.13673254771821	23.83843372725078	23.873950116121943	26.150883608909066	0.0
142.0	26.27186130850146	23.767678421296516	23.74353837573565	26.21692189446638	0.0
143.0	26.1897296592369	23.653914988193574	23.901974766715593	26.25438058585393	0.0
144.0	26.20332577685164	23.830664517185216	23.73160708884924	26.234402617113904	0.0
145.0	26.29572388227427	23.732716976001463	23.698865417858638	26.272693723865626	0.0
146.0	26.337067178694607	23.66168419825914	23.77073061096513	26.230518012081124	0.0
147.0	26.169196746920758	23.69747805891836	23.799587676922947	26.33373751723794	0.0
148.0	26.17252640837743	23.803749753743787	23.736879052822303	26.28684478505648	0.0
149.0	26.299199489449077	23.7450575063472	23.798054911971587	26.157688092232135	0.0
150.0	26.32250724899069	23.813593418332662	23.685955687509537	26.177943645167108	0.0
151.0	26.199104313612327	23.780640077248787	23.66937296403381	26.350882645105077	0.0
152.0	26.292613084568554	23.687686254488145	23.729584843254884	26.29011581768842	0.0
153.0	26.219637396849006	23.729029895059295	23.825313406993455	26.22601930109824	0.0
154.0	26.227961619782793	23.894404457343907	23.680194453847733	26.197439469025568	0.0
155.0	26.210758225719626	23.764269105479002	23.7564998307408	26.268472838060568	0.0
156.0	26.159702991725727	23.87803348557412	23.826700777482422	26.135562745217733	0.0
157.0	26.24072542828127	23.811994650299397	23.726255154081365	26.22102476733797	0.0
158.0	26.186063031016054	23.805612746050155	23.808387487028085	26.199936735905705	0.0
159.0	26.211108428854057	23.76599989455955	23.768497168368974	26.254394508217416	0.0
160.0	26.259111580968554	23.73020563662446	23.81400304667405	26.196679735732936	0.0
161.0	26.171706997638687	23.826211940853455	23.81788769482204	26.184193366685815	0.0
162.0	26.197935020574874	23.78444522754453	23.748928247375765	26.268691504504833	0.0
163.0	26.240461722023362	23.758428369266625	23.805599489441995	26.195510419268015	0.0
164.0	26.189478591188966	23.82370161131444	23.804833110888513	26.181986686608084	0.0
165.0	26.215838996195778	23.71493025591791	23.819539442102837	26.24969130578347	0.0
166.0	26.12871092069958	23.84395750147757	23.883636847961508	26.143694729861345	0.0
167.0	26.27077962978892	23.770148367458496	23.745452830136323	26.213619172616255	0.0
168.0	26.194750672190324	23.649445460322042	23.90666751759904	26.24913634988859	0.0
169.0	26.206404745982816	23.829528648210683	23.7349086681336	26.229157937672902	0.0
170.0	26.309626542430543	23.73740596966056	23.691067152438062	26.261900335470838	0.0
171.0	26.34375632996568	23.66775900485309	23.764598808509692	26.22388585667154	0.0
172.0	26.178101995343923	23.704386093915186	23.807330412415475	26.31018149832542	0.0
173.0	26.188091201451762	23.79872859604483	23.73102397686944	26.28215622563397	0.0
174.0	26.297008493647105	23.74058997688596	23.813567082053456	26.148834447413478	0.0
175.0	26.330306032126575	23.812457164104146	23.683706681983534	26.17353012178575	0.0
176.0	26.205790458008916	23.778948127840703	23.67295066955986	26.342310744590524	0.0
177.0	26.30096618625585	23.679610195734575	23.731776484103158	26.28764713390642	0.0
178.0	26.214114865727307	23.73677112873419	23.817517883602584	26.231596121935922	0.0
179.0	26.232151082450482	23.894934875383615	23.687102162681125	26.185811879484778	0.0
180.0	26.213837385470022	23.76507411497672	23.758692069059286	26.262396430493972	0.0
181.0	26.1636134589024	23.87440133634492	23.832779297752964	26.12920590699972	0.0
182.0	26.23686824682424	23.816407962573464	23.718179951496452	26.22854383910585	0.0
183.0	26.17942983356734	23.80142402868036	23.813910640257944	26.205235497494357	0.0
184.0	26.21696241519486	23.759312956976565	23.77041219806596	26.253312429762616	0.0
185.0	26.261636860579657	23.72795760089904	23.812866795232875	26.19753874328843	0.0
186.0	26.18005743857264	23.816751529614162	23.81508664345075	26.188104388362444	0.0
187.0	26.186862310375354	23.791632790669926	23.75001040559627	26.271494493358453	0.0
188.0	26.254640908813425	23.76145312473986	23.799745825263194	26.184160141183522	0.0
189.0	26.1953321623504	23.813686071130277	23.812298650594787	26.178683115924535	0.0
190.0	26.21392359752595	23.720728895252524	23.808413873095418	26.256933634126106	0.0
191.0	26.127071072004348	23.84171196594715	23.882502129690522	26.148714832357978	0.0
192.0	26.266645577874527	23.775393264350782	23.742095171499052	26.215865986275638	0.0
193.0	26.197552035207185	23.646085670443227	23.90026111254478	26.256101181804816	0.0
194.0	26.2080964312769	23.82450795130709	23.737932909892585	26.229462707523428	0.0
195.0	26.309100646260486	23.741540203284856	23.68410099311562	26.265258157339037	0.0
196.0	26.340456350362533	23.670504271867827	23.762074027210094	26.226965350559546	0.0
197.0	26.16952614039031	23.70269242829117	23.813408587023176	26.31437284429534	0.0
198.0	26.18173544110261	23.811743682380595	23.724336188644795	26.282184687872	0.0
199.0	26.293707457981736	23.747499160605916	23.80410623260512	26.154687148807227	0.0
200.0	26.32339842221661	23.817425543663752	23.686729803900892	26.172446230218743	0.0
201.0	26.206094711663862	23.774203752726304	23.674863615426027	26.344837920183807	0.0
202.0	26.28684325902247	23.684020667188342	23.73563314075776	26.293502933031426	0.0
203.0	26.21414181775802	23.73563314075776	23.820543984371962	26.229681057112252	0.0
204.0	26.226351220107773	23.90046007247945	23.68318820793722	26.190000499475552	0.0
205.0	26.2160842226773	23.775868671228544	23.752559812197195	26.255487293896962	0.0
206.0	26.16780158611236	23.86549678393243	23.83164344105356	26.135058188901656	0.0
207.0	26.23301089411673	23.811109446192606	23.724256197659123	26.231623462031532	0.0
208.0	26.173628800870198	23.804449772183652	23.809444527690367	26.212476899255783	0.0
209.0	26.20616743021891	23.764002697175457	23.764002697175457	26.26582717543017	0.0
210.0	26.250010405769515	23.73458905535037	23.81839018583317	26.197010353046945	0.0
211.0	26.18591086556578	23.820055108955344	23.80479331366874	26.18924071181013	0.0
212.0	26.184946236559142	23.78910856746445	23.75553243149497	26.270412764481442	0.0
213.0	26.250506418332066	23.758373245572656	23.79611181716772	26.19500851892756	0.0
214.0	26.19397124645853	23.810884833214473	23.813659735884766	26.181484184442233	0.0
215.0	26.21145313328135	23.720700496430087	23.815879658020993	26.251966712267567	0.0
216.0	26.12654111157051	23.843351194456854	23.877205007034377	26.152902686938255	0.0
217.0	26.266673696420096	23.770926234762317	23.74206724699131	26.220332821826275	0.0
218.0	26.194803717259617	23.647165575667433	23.900791679731835	26.257239027341118	0.0
219.0	26.2167254483549	23.815879658020993	23.738737363786967	26.22865752983714	0.0
220.0	26.2955326841911	23.74761705233189	23.6804644077109	26.27638585576611	0.0
221.0	26.34575842252333	23.66520244302431	23.75483179927464	26.234207335177718	0.0
222.0	26.181206694175202	23.696281352931546	23.806722479209043	26.31578947368421	0.0
223.0	26.186201518981722	23.81920954122534	23.707103473345672	26.287485466447265	0.0
224.0	26.304280866107426	23.74275399518829	23.79880734021328	26.154157798491003	0.0
225.0	26.331475063198763	23.806577110810803	23.679763354986942	26.182184471003495	0.0
226.0	26.20501151594195	23.77917140716486	23.66567694314177	26.35014013375142	0.0
227.0	26.29380914060549	23.679274079418374	23.72866775813747	26.298249021838664	0.0
228.0	26.20723145655854	23.740044953797486	23.81663290506979	26.236090684574187	0.0
229.0	26.223603518605877	23.907650470349918	23.67261425756861	26.196131753475594	0.0
230.0	26.220273607680994	23.764741793157032	23.753919582651164	26.26106501651081	0.0
231.0	26.169769958653603	23.867969031828398	23.82690013042151	26.135360879096485	0.0
232.0	26.238310625190774	23.813857979299055	23.720065488248192	26.22776590726198	0.0
233.0	26.17726225823459	23.799428365291227	23.812470516413686	26.21083886006049	0.0
234.0	26.201754312940345	23.760367845180912	23.770357605676402	26.267520236202337	0.0
235.0	26.248373195252643	23.744273231049284	23.812536594435148	26.194816979262924	0.0
236.0	26.175669938313227	23.819473928112572	23.8169764879887	26.1878796455855	0.0
237.0	26.1863600163167	23.784641767975426	23.755227309936814	26.27377090577106	0.0
238.0	26.24165431810992	23.76223062109078	23.78470776932341	26.21140729147589	0.0
239.0	26.191222788006602	23.813355903042748	23.81224591733381	26.18317539161683	0.0
240.0	26.207926204873612	23.72311287113326	23.814413249377687	26.25454767461544	0.0
241.0	26.117013010079482	23.848297144886995	23.876049020913815	26.15864082411971	0.0
242.0	26.266228540028084	23.77623348005395	23.734326519057955	26.223211460860007	0.0
243.0	26.19078016152757	23.654908273431214	23.89775471122089	26.256556853820324	0.0
244.0	26.208332176857528	23.824696772044742	23.727275250492657	26.239695800605066	0.0
245.0	26.294709027018325	23.750811882067538	23.68058755280703	26.273891538107108	0.0
246.0	26.340655039652688	23.661704413287328	23.758303192478618	26.239337354581366	0.0
247.0	26.171573553333594	23.714614064989643	23.80594156150588	26.307870820170887	0.0
248.0	26.187098690547906	23.821923398301625	23.71476874304258	26.27620916810789	0.0
249.0	26.301339440627387	23.733777500173503	23.810951488652925	26.153931570546185	0.0
