# Position (bp)	A	C	G	T	N
0.0	26.26550060917603	23.81238491023694	23.793748018091694	26.12836646249534	0.0
1.0	26.185389789208408	23.755361583523875	23.803205545448982	26.256043081818735	0.0
2.0	26.14227105208261	23.835060148807454	23.743272373270287	26.27939642583965	0.0
3.0	26.240168211198505	23.895835882830667	23.78708823300366	26.07690767296717	0.0
4.0	26.255892536815317	23.691126778190313	23.828793125026074	26.224187559968293	0.0
5.0	26.1023369125389	23.851358679782077	23.739560650430924	26.306743757248103	0.0
6.0	26.187556141419364	23.674089153269204	23.810080009344155	26.328274695967274	0.0
7.0	26.104705810377144	23.74790738546933	23.868041535269942	26.279345268883585	0.0
8.0	26.352568879792663	23.656607677163162	23.694148137437015	26.296675305607152	0.0
9.0	26.251293002769525	23.709221751365302	23.8076568009165	26.23182844494867	0.0
10.0	26.084768337138076	23.842241803586376	23.700710990743495	26.372278868532057	0.0
11.0	26.18431260235959	23.83362204877669	23.72823859481313	26.253826754050593	0.0
12.0	26.257441489938522	23.81221169005586	23.679578688629434	26.250768131376184	0.0
13.0	26.225464980160663	23.6898667830797	23.781347406705056	26.303320830054584	0.0
14.0	26.33752179268655	23.70098904735026	23.824724237360243	26.136764922602946	0.0
15.0	26.1587313945373	23.828338973248172	23.664563631864173	26.348366000350353	0.0
16.0	26.356985755160032	23.78218157652535	23.699320707709674	26.161511960604937	0.0
17.0	26.21295243285628	23.734355840161943	23.75381980263542	26.298871924346358	0.0
18.0	26.20655713090071	23.82667063360759	23.756600368703058	26.210171866788638	0.0
19.0	26.269954037242904	23.85141767160959	23.793859954009434	26.084768337138076	0.0
20.0	26.284969094008158	23.762161500838342	23.793581897402674	26.15928750775083	0.0
21.0	26.304433056481642	23.70321350020437	23.76355178387216	26.22880165944183	0.0
22.0	26.26717347117526	23.679856745236194	23.758268708343643	26.294701075244898	0.0
23.0	26.245690134579025	23.935324213101993	23.612779446112782	26.206206206206208	0.0
24.0	26.27572016460905	23.74124124124124	23.70870870870871	26.274329885440995	0.0
25.0	26.269046824602384	23.79518407296185	23.799911022133244	26.135858080302526	0.0
26.0	26.163663663663662	23.764041819597377	23.823823823823822	26.248470692915138	0.0
27.0	26.14336558781003	23.828550772995214	23.750417083750417	26.277666555444334	0.0
28.0	26.242631520409297	23.89111333555778	23.7865643421199	26.079690801913024	0.0
29.0	26.24652430207986	23.699810922033144	23.83466800133467	26.218996774552327	0.0
30.0	26.100544989433878	23.83883883883884	23.750139027916806	26.31047714381048	0.0
31.0	26.181737292848407	23.669780892003114	23.819374930486042	26.32910688466244	0.0
32.0	26.120286953620287	23.75125125125125	23.85913691469247	26.269324880435992	0.0
33.0	26.35274163051941	23.655878100322543	23.697864531197865	26.29351573796018	0.0
34.0	26.259519910132607	23.705028069658354	23.806240111666913	26.229211908542126	0.0
35.0	26.07072052407818	23.8485044808573	23.70725251014206	26.37352248492246	0.0
36.0	26.182776713444795	23.831821177229514	23.729774970039568	26.25562713928612	0.0
37.0	26.262578515797696	23.806240111666913	23.67777867373297	26.253402698802418	0.0
38.0	26.23254856926769	23.686120325546863	23.783161541648475	26.298169563536973	0.0
39.0	26.32597506958328	23.69390586723983	23.830430901927198	26.14968816124969	0.0
40.0	26.149966216310155	23.823757580476084	23.67221757252371	26.354058630690048	0.0
41.0	26.361844172383016	23.785664037192646	23.69557419760261	26.15691759282173	0.0
42.0	26.213640825156197	23.741453282579016	23.750351044513835	26.294554847750952	0.0
43.0	26.214196935277123	23.819030644448212	23.760917136811432	26.20585528346323	0.0
44.0	26.270364057490664	23.863797509182767	23.777600440439215	26.088237992887354	0.0
45.0	26.28704736111845	23.76453185259745	23.791225138401906	26.15719564788219	0.0
46.0	26.318745638011237	23.691681426756126	23.76230741211375	26.227265523118888	0.0
47.0	26.27286655303483	23.6677686915563	23.753965760299856	26.305398995109012	0.0
48.0	26.250827211504774	23.92963002096529	23.613204241996208	26.206338525533724	0.0
49.0	26.29114508316604	23.743055594174205	23.70996713398324	26.255832188676514	0.0
50.0	26.277520423087402	23.79811034306338	23.794217583040915	26.130151650808305	0.0
51.0	26.165186491010505	23.76224133999922	23.83036464039239	26.242207528597884	0.0
52.0	26.155454590954335	23.82814020609384	23.74472391989812	26.271681283053706	0.0
53.0	26.24026114858665	23.891258529315262	23.781149031536916	26.087331290561167	0.0
54.0	26.246934451482307	23.69439609389337	23.838150160437323	26.220519294186996	0.0
55.0	26.099843733490523	23.838428214724644	23.751397222793777	26.310330828991052	0.0
56.0	26.17575255392863	23.681049488102058	23.826749934657244	26.316448023312073	0.0
57.0	26.108741470684738	23.760851068562626	23.861784774859444	26.268622685893195	0.0
58.0	26.349814537790355	23.661307633702407	23.69801079962852	26.29086702887872	0.0
59.0	26.261598307210203	23.699335174047597	23.803883295379027	26.23518322336317	0.0
60.0	26.080307415965276	23.842532733849957	23.70795483298716	26.36920501719761	0.0
61.0	26.19792405246314	23.822234827314865	23.734369916834194	26.245471203387805	0.0
62.0	26.257149450983334	23.798600278609623	23.684320284281913	26.25992998612513	0.0
63.0	26.22044638711166	23.683764177253554	23.784141495872298	26.31164793976249	0.0
64.0	26.319711491673687	23.684042230767734	23.83780582410891	26.15844045344967	0.0
65.0	26.15232327613772	23.817507917573817	23.684042230767734	26.346126575520724	0.0
66.0	26.36030730474387	23.78775619155663	23.707120672444617	26.14481583125488	0.0
67.0	26.224617189824357	23.738818773061062	23.747716485514804	26.28884755159978	0.0
68.0	26.216275584398975	23.82001039920143	23.755501983911824	26.208212032487772	0.0
69.0	26.269661859121406	23.85726957010146	23.793317261840212	26.079751308936917	0.0
70.0	26.28578896294381	23.75772641202526	23.792205047783497	26.164279577247434	0.0
71.0	26.31748706356025	23.699613227561777	23.766624124478998	26.216275584398975	0.0
72.0	26.286623123486347	23.66819318045951	23.749384806599878	26.295798889454264	0.0
73.0	26.255964231295394	23.9319994216503	23.614185138637097	26.197851208417212	0.0
74.0	26.302955144531815	23.733191711803894	23.709835281556206	26.254017862108086	0.0
75.0	26.274593764945337	23.796865789502952	23.79658773676191	26.1319527087898	0.0
76.0	26.1686556706076	23.758772563979935	23.824114958125257	26.24845680728721	0.0
77.0	26.148079767770348	23.826061327312566	23.74931877078444	26.27654013413264	0.0
78.0	26.24567627987677	23.898911145466073	23.78407536341493	26.07133721124223	0.0
79.0	26.235388328458143	23.692317958870436	23.849139704819212	26.223154007852212	0.0
80.0	26.09691806341827	23.8427444917752	23.75321150915906	26.307125935647473	0.0
81.0	26.177553358321003	23.670907897810057	23.83217848761553	26.319360256253404	0.0
82.0	26.114991491586125	23.755992036569495	23.857203234309484	26.271813237534897	0.0
83.0	26.363292589338343	23.65478083882951	23.698435119173407	26.28349145265874	0.0
84.0	26.26673525281875	23.69697896536863	23.815707155667397	26.220578626145226	0.0
85.0	26.079606278413436	23.844902612298238	23.713940135411306	26.36155097387702	0.0
86.0	26.184153818348648	23.82126819502565	23.74285754007424	26.251720446551463	0.0
87.0	26.252832654423113	23.814872999763654	23.67946169139012	26.252832654423113	0.0
88.0	26.217798106466102	23.682242211069248	23.782340919517857	26.317618762946793	0.0
89.0	26.325960321984176	23.680851951229684	23.839897676875808	26.15329004991033	0.0
90.0	26.16524628453058	23.807087544662096	23.67946169139012	26.348204479417202	0.0
91.0	26.352931362871722	23.792072738394808	23.71115961573218	26.143836283001292	0.0
92.0	26.226417717471396	23.729232993646512	23.748418579432496	26.295930709449593	0.0
93.0	26.21001265136454	23.816541311571132	23.762321177828134	26.21112485923619	0.0
94.0	26.275910967759874	23.863532094148397	23.784843387229074	26.075713550862655	0.0
95.0	26.278969539406916	23.760096762084835	23.79457520610602	26.16635849240223	0.0
96.0	26.312613827524366	23.694476497657412	23.773999360480474	26.21891031433775	0.0
97.0	26.283140318925607	23.67529091187143	23.758706502245268	26.282862266957697	0.0
98.0	26.255818221250898	23.92658336252871	23.61961484348498	26.19798357273541	0.0
99.0	26.29557954210529	23.725274297503656	23.72082547838708	26.258320682003973	0.0
100.0	26.27973062400249	23.787835816330503	23.79701150575844	26.135422053908563	0.0
101.0	26.171290658035957	23.75752823609883	23.82592883001618	26.24525227584903	0.0
102.0	26.144319692141714	23.82342636926311	23.751133058618752	26.28112087997642	0.0
103.0	26.256096272445685	23.896275782297035	23.77977233168171	26.06785561357557	0.0
104.0	26.246364480628177	23.68495687425969	23.843168004092913	26.225510641019223	0.0
105.0	26.109285241598684	23.835382570638906	23.74918670025525	26.30614548750716	0.0
106.0	26.179632193879538	23.673000672883894	23.834826468249336	26.31254066498724	0.0
107.0	26.10483642248211	23.744181778749105	23.86207548533836	26.288906313430427	0.0
108.0	26.35341419062078	23.658263959560234	23.707479021037354	26.280842828781637	0.0
109.0	26.26992578834246	23.69601303500377	23.817243018849037	26.216818157804738	0.0
110.0	26.09586622438113	23.834760195413836	23.707969203135296	26.361404377069736	0.0
111.0	26.184842359313436	23.817243018849037	23.74050110246992	26.2574135193676	0.0
112.0	26.26297452780087	23.805564901139174	23.68322271560725	26.248237855452704	0.0
113.0	26.213481552744778	23.67460315253568	23.795277035537623	26.316638259181918	0.0
114.0	26.332487133216738	23.68544711898056	23.844213909750394	26.137851838052313	0.0
115.0	26.175944745820207	23.803896598609192	23.687115421510537	26.333043234060067	0.0
116.0	26.360292175383083	23.791106279212674	23.704632598075335	26.14396894732891	0.0
117.0	26.226271872141293	23.72020342168849	23.759130480721375	26.29439422544884	0.0
118.0	26.210144947684817	23.81418446421074	23.76608174126296	26.209588846841488	0.0
119.0	26.282438057317314	23.858950582098558	23.784989169936075	26.073622190648056	0.0
120.0	26.2863307632206	23.759964631986364	23.79750143891093	26.156203165882104	0.0
121.0	26.324979771831824	23.691564228257153	23.77080859843124	26.21264740147978	0.0
122.0	26.274652645510738	23.661256732295836	23.7658036908413	26.298286931352134	0.0
123.0	26.257764579614403	23.923246748191275	23.622951457822413	26.19603721437191	0.0
124.0	26.28862826223564	23.729167014230658	23.724718195114082	26.25748652841961	0.0
125.0	26.282511135950354	23.790894379473148	23.78950412349922	26.13709036107728	0.0
126.0	26.16100276382888	23.75780628729362	23.831211802717117	26.249979146160392	0.0
127.0	26.145153845726078	23.814250679835173	23.762811208799764	26.27778426563899	0.0
128.0	26.24719863421253	23.890158656011746	23.785889457967002	26.07675325180872	0.0
129.0	26.240247354342884	23.681898311117042	23.850675386352137	26.22717894818794	0.0
130.0	26.128470774038913	23.814806782224743	23.755859928930114	26.300862514806226	0.0
131.0	26.172680914009888	23.669942109741246	23.832045956301474	26.32533101994739	0.0
132.0	26.105670576066466	23.746406188307393	23.86680235564972	26.28112087997642	0.0
133.0	26.343960449998054	23.652424884469728	23.709703430595642	26.29391123493658	0.0
134.0	26.26200836936423	23.69836922520819	23.813760791892005	26.225861613535567	0.0
135.0	26.094621084680725	23.838507417036244	23.710603511796354	26.356267986486674	0.0
136.0	26.18582213015613	23.823492610768955	23.742579488106326	26.248105770968593	0.0
137.0	26.259505901653018	23.81515105173157	23.682520263037162	26.24282278357825	0.0
138.0	26.21418343088323	23.67529091187143	23.79540936200976	26.31511629523558	0.0
139.0	26.33847266054026	23.685022730748376	23.838507417036244	26.137997191675122	0.0
140.0	26.174978103407526	23.800136245464277	23.68835935436333	26.336526296764866	0.0
141.0	26.354599674679196	23.77928234787082	23.717276759026262	26.148841218423723	0.0
142.0	26.225861613535567	23.725340266095735	23.75954065814901	26.28925746221969	0.0
143.0	26.205563819877938	23.81348273992409	23.75981871011692	26.221134730081054	0.0
144.0	26.279598714284123	23.860261814460966	23.794919420315647	26.065220050939264	0.0
145.0	26.293501351336324	23.745426032409828	23.807431793662623	26.15364082259123	0.0
146.0	26.322213973301302	23.69405215727819	23.776634050989454	26.207099818431058	0.0
147.0	26.27835458594936	23.661307633702407	23.764187720010455	26.29615006033778	0.0
148.0	26.265359066402326	23.912179089703343	23.623001826821746	26.199460017072578	0.0
149.0	26.2934426275091	23.73116524534188	23.71726249231873	26.25812963483029	0.0
150.0	26.28100322544767	23.790457123790457	23.793237682126573	26.1353019686353	0.0
151.0	26.155321988655324	23.75125125125125	23.837448559670783	26.255978200422646	0.0
152.0	26.13446780113447	23.81909687465243	23.764041819597377	26.282393504615726	0.0
153.0	26.244577911244576	23.886108330552773	23.789901012123234	26.079412746079413	0.0
154.0	26.248748748748753	23.692581470359247	23.839394950506062	26.21927483038594	0.0
155.0	26.124457791124456	23.817984651317985	23.760427093760427	26.29713046379713	0.0
156.0	26.17228339450562	23.667834501167835	23.831609387164942	26.328272717161603	0.0
157.0	26.110554999443885	23.74124124124124	23.875820264709155	26.272383494605716	0.0
158.0	26.339673006339677	23.66088310532755	23.70481592703815	26.294627961294626	0.0
159.0	26.26717347117526	23.699876820923205	23.819997275045253	26.21295243285628	0.0
160.0	26.100895620330387	23.841685690372845	23.710999085193762	26.346419604103005	0.0
161.0	26.188205394854286	23.815826425943794	23.745756161039264	26.250212018162657	0.0
162.0	26.266339301354968	23.814436142909972	23.690979009506755	26.2282455462283	0.0
163.0	26.217679395171267	23.66484168847094	23.796918576683844	26.32056033967395	0.0
164.0	26.330570377517454	23.68208119809031	23.850583501789295	26.136764922602946	0.0
165.0	26.176527017370194	23.800533312571773	23.692925405754103	26.330014264303927	0.0
166.0	26.36616162318325	23.772171538681842	23.72351163249814	26.138155205636764	0.0
167.0	26.220738017845672	23.731853330701064	23.76549818011951	26.281910471333752	0.0
168.0	26.210171866788638	23.8080408409544	23.765220123512744	26.216567168744216	0.0
169.0	26.286988582963982	23.85565485293545	23.79420417197293	26.06315239212764	0.0
170.0	26.29560836174153	23.74610024524661	23.808385098348893	26.149906294662966	0.0
171.0	26.33099486426591	23.70028667795583	23.770079274379444	26.198639183398814	0.0
172.0	26.276290471476717	23.660034034412572	23.761525542492965	26.30214995161775	0.0
173.0	26.254118759297622	23.914246388699652	23.628957137097334	26.20267771490539	0.0
174.0	26.298330251504996	23.720994897604516	23.720160718506264	26.260514132384223	0.0
175.0	26.283388111246435	23.77583876941557	23.80225451431177	26.138518605026224	0.0
176.0	26.15130938676543	23.750535266409738	23.846466129453834	26.251689217370995	0.0
177.0	26.15269968912839	23.80725960281842	23.76082350389563	26.27921720415756	0.0
178.0	26.248908612645078	23.883170111835923	23.788073430209604	26.079847845309395	0.0
179.0	26.244737705556204	23.67990790637148	23.841182980474592	26.234171407597724	0.0
180.0	26.117664069581853	23.81615753794135	23.763882169094135	26.30229622338266	0.0
181.0	26.169105257011292	23.665448761796714	23.844519706145693	26.320926275046297	0.0
182.0	26.10848807398633	23.74413987554013	23.889009381760346	26.258362668713193	0.0
183.0	26.350400685141008	23.654882463838238	23.702430804651396	26.292286046369362	0.0
184.0	26.268167826645495	23.70305283441731	23.818448251411855	26.21033108752534	0.0
185.0	26.111063222785454	23.832073252454585	23.713897223002338	26.342966301757624	0.0
186.0	26.19197904530452	23.816779883937237	23.74170334757934	26.249537723178907	0.0
187.0	26.26761170415396	23.815389577708387	23.68247630223033	26.23452241590733	0.0
188.0	26.213945883720346	23.655226300144868	23.799818147945267	26.331009668189516	0.0
189.0	26.326282627011427	23.67691507731493	23.849313049692324	26.14748924598132	0.0
190.0	26.17529537055832	23.795091106767178	23.70527732438347	26.324336198291036	0.0
191.0	26.376611712495794	23.77117783963096	23.71918038667197	26.13303006120128	0.0
192.0	26.22256578233922	23.726131917816218	23.764782430978247	26.286519868866314	0.0
193.0	26.21033108752534	23.804545189123356	23.77229008461404	26.21283363873727	0.0
194.0	26.283812341504646	23.857165102104375	23.793488899764203	26.065533656626773	0.0
195.0	26.295490946300664	23.740100992125285	23.81156293099613	26.152845130577923	0.0
196.0	26.338385734266513	23.70012596244484	23.766861032558374	26.194627270730276	0.0
197.0	26.279787559436084	23.659316519756416	23.766649055974195	26.294246864833298	0.0
198.0	26.263454838180454	23.9129769846147	23.625736522916675	26.197831654288166	0.0
199.0	26.295988365788077	23.72222484838542	23.72750807081743	26.25427871500908	0.0
200.0	26.285495011511895	23.779850289743845	23.796812261559168	26.137842437185093	0.0
201.0	26.15841925545286	23.75287797390637	23.84019041898851	26.248512351652266	0.0
202.0	26.16147797168185	23.805154214910964	23.767893489939603	26.265474323467586	0.0
203.0	26.25296139343989	23.885236967088215	23.78513352686665	26.07666811260525	0.0
204.0	26.23905813785356	23.68002491463401	23.844639460776136	26.23627748673629	0.0
205.0	26.118934009587687	23.807378735804775	23.769561880609963	26.30412537399758	0.0
206.0	26.17593735749163	23.665565528824228	23.84269300499405	26.315804108690088	0.0
207.0	26.109201730677256	23.740365043878676	23.88384664152958	26.266586583914492	0.0
208.0	26.35890420100771	23.65110614301445	23.69698688644933	26.293002769528513	0.0
209.0	26.275001598878838	23.69427212083631	23.818011439630506	26.212714840654343	0.0
210.0	26.10593754084093	23.83052440445239	23.712902535126673	26.350635519580006	0.0
211.0	26.186867914454858	23.81493953390078	23.74848104820882	26.24971150343554	0.0
212.0	26.261390400502748	23.820222844478803	23.689530424917205	26.228856330101248	0.0
213.0	26.218289708945203	23.653659526782214	23.799923809100086	26.328126955172497	0.0
214.0	26.329517300061454	23.677295389894418	23.855815673636002	26.13737163640813	0.0
215.0	26.172130258631952	23.793528222610902	23.712888219051617	26.321453299705528	0.0
216.0	26.375676750374698	23.772951118254394	23.71761539167406	26.13375673969685	0.0
217.0	26.230246674990198	23.72734780589673	23.759047669364865	26.283357849748207	0.0
218.0	26.22746598521229	23.799089602166713	23.76294063505393	26.210503777567062	0.0
219.0	26.284543214820005	23.84420307990056	23.80110226849303	26.070151436786404	0.0
220.0	26.29831488793727	23.734219453867972	23.80818641899783	26.15927923919693	0.0
221.0	26.32508293499509	23.699804515334286	23.77265939786274	26.202453151807887	0.0
222.0	26.289284741030762	23.657047200084534	23.764383317853945	26.289284741030762	0.0
223.0	26.26878039692228	23.911828417455236	23.620407266619765	26.198983919002718	0.0
224.0	26.30242730460462	23.721904136901202	23.729134050948648	26.246534507545526	0.0
225.0	26.297773180281187	23.77397001245773	23.790098327104467	26.13815848015661	0.0
226.0	26.1645755472504	23.741991457554725	23.844322833244348	26.249110161950522	0.0
227.0	26.16179480334579	23.809285460046272	23.761178590496527	26.267741146111405	0.0
228.0	26.252168980245592	23.879916355223347	23.795103666132764	26.072810998398293	0.0
229.0	26.240357716885327	23.682337172635105	23.841674684522847	26.235630425956717	0.0
230.0	26.115368786358633	23.81538992024738	23.771731755336305	26.297509538057685	0.0
231.0	26.180584522121187	23.664803537165263	23.845832985734546	26.308778954979005	0.0
232.0	26.114123633936764	23.741553349461917	23.87948054837185	26.26484246822947	0.0
233.0	26.363282444870833	23.64672840021134	23.70290036428353	26.2870887906343	0.0
234.0	26.268530542895203	23.68934036689849	23.82226251289595	26.21986657731036	0.0
235.0	26.11141545400699	23.833941864636312	23.721041464479477	26.333601216877216	0.0
236.0	26.196229794026287	23.810027001548907	23.747737125600306	26.2460060788245	0.0
237.0	26.25879774977823	23.81781323604248	23.694623883161988	26.2287651310173	0.0
238.0	26.22125697632707	23.648184556003883	23.79362029315173	26.33693817451732	0.0
239.0	26.33054233904046	23.675158296928053	23.846455455786703	26.147843908244788	0.0
240.0	26.178690411964606	23.78849480247168	23.712853940833273	26.319960844730446	0.0
241.0	26.38320712162211	23.76682861441511	23.721219975471453	26.12874428849133	0.0
242.0	26.234053736855717	23.737161641641197	23.751623480464	26.277161141039084	0.0
243.0	26.212004483394473	23.80009400665834	23.77617515276082	26.211726357186365	0.0
244.0	26.285296277341402	23.832636122916714	23.815669433256936	26.066398166484944	0.0
245.0	26.293259308296108	23.73455571070155	23.80826551104534	26.163919469956998	0.0
246.0	26.32684283727399	23.70403337969402	23.775521557719053	26.193602225312933	0.0
247.0	26.293198174013916	23.641846349001465	23.774539122113513	26.290416354871105	0.0
248.0	26.263047784380493	23.900258173644033	23.617880750484073	26.2188132914914	0.0
249.0	26.280574658921456	23.721372771583095	23.74808038993123	26.249972179564217	0.0
