# Position (bp)	A	C	G	T	N
0.0	29.61944480201037	21.916183762811144	22.866688918025766	25.592214606384466	0.005467910768252855
1.0	27.06034864766036	19.44332111786879	23.419517479657664	30.076812754813187	0.0
2.0	27.294215747810842	20.939136457408964	22.207008266797594	28.973889586933517	0.585749941049087
3.0	28.834457862343065	20.952578404714252	21.992392769143667	28.218064838030234	0.002506125768782558
4.0	28.270351734751646	21.589817838831053	22.103915365854494	28.035687230947463	2.278296153438689E-4
5.0	27.45153209720578	22.184111390455534	23.00361451684743	27.36074199549125	0.0
6.0	27.80737027966053	21.968901292931594	22.870080309847925	27.35364811755995	0.0
7.0	27.38232342390679	22.282141274544312	22.678449987526356	27.657085314022538	0.0
8.0	27.02223953723354	22.722876661301292	22.676969098400527	27.577914703064643	0.0
9.0	27.434951945147866	22.44515299293388	22.870851659336267	27.249043402581986	0.0
10.0	27.08762648786639	22.627188440862973	23.11178092865418	27.17340414261646	0.0
11.0	26.80523232302521	23.044343516154793	23.130918572741844	27.018936015337452	5.69572740704288E-4
12.0	27.23617105864207	22.55291615547513	23.162586817125003	27.048325968757798	0.0
13.0	26.981913787191676	22.692347562399544	23.07715090601936	27.248587744389425	0.0
14.0	26.788372969900358	23.11986886157218	23.03477469411096	27.0569834744165	0.0
15.0	27.218628218228382	22.758190171224957	23.13843693291914	26.884744677627527	0.0
16.0	27.026682204611035	22.938972559124498	22.970412974411374	27.06393226185309	0.0
17.0	26.6527007430646	23.348837103335303	23.16999126275416	26.82847089084594	0.0
18.0	27.005152355012413	23.01210569903093	23.25645240479307	26.726289541163588	0.0
19.0	26.7218468737861	23.10790783401739	23.235947786127713	26.9342975060688	0.0
20.0	26.49994133400771	23.515494087265377	23.35214062523139	26.632423953495525	0.0
21.0	26.98441990725077	23.14128479662266	23.24847838642321	26.625816909703353	0.0
22.0	26.79509392824067	23.082163146137557	23.143449173037336	26.97929375258444	0.0
23.0	26.524774705502413	23.446234041995737	23.286298016405972	26.742693236095878	0.0
24.0	26.97086407602201	23.050494901754398	23.207696978188782	26.770944044034806	0.0
25.0	26.724352993845198	23.103465166639896	23.192546343286047	26.97929375258444	3.4174364442257285E-4
26.0	26.596882614475575	23.372986987541168	23.167029484502496	26.86298699893262	1.1391454814085762E-4
27.0	27.07031147654898	23.054140167294907	23.16121984254731	26.71421459906066	1.1391454814085762E-4
28.0	26.838381456534194	23.117704485157503	23.053114936361638	26.99079912194666	0.0
29.0	26.646549357464995	23.42105892685661	23.176028733805623	26.756362981872776	0.0
30.0	27.012215056997146	23.08763104444832	23.09868075561798	26.801359228388417	1.1391454814085762E-4
31.0	26.831660498193884	23.107566090372966	22.996157662291207	27.06461574914194	0.0
32.0	26.674914079952067	23.292791145650003	23.125906332623646	26.906388441774286	0.0
33.0	27.085234282355437	22.99353762768397	23.03078768492603	26.890326490486427	1.1391454814085762E-4
34.0	26.86663226447313	23.04821661079158	22.884293576016887	27.200857548718403	0.0
35.0	26.718663461593362	23.264264384289053	23.005270099749342	27.011802054368246	0.0
36.0	27.14833078469442	22.968104786286606	22.888037433491977	26.995526995526998	0.0
37.0	27.030469251999236	22.87981387628612	22.80187916901831	27.287837702696333	0.0
38.0	26.83433605599856	23.111872451830067	22.990899310637786	27.062892181533588	0.0
39.0	27.196723574189914	22.867939672380615	22.87072338165002	27.06461337177945	0.0
40.0	27.015116140754337	23.082260633893647	22.66056672116656	27.242056504185452	0.0
41.0	26.868483976713026	23.204258484469484	22.81590760299511	27.111349935822375	0.0
42.0	27.23849303191452	22.7345748865427	22.875495821983666	27.15143625955912	0.0
43.0	27.098598256004287	22.83741555310854	22.71468111068123	27.349305080205948	0.0
44.0	27.013088376561	23.043347742555234	22.7935878962536	27.149975984630164	0.0
45.0	27.37577321649577	22.71774612922034	22.6470762931186	27.25940436116529	0.0
46.0	27.114060090421027	22.650455718560565	22.661969639993973	27.57351455102443	0.0
47.0	27.119173140954494	23.019066117012844	22.67272475027747	27.189035991755194	0.0
48.0	27.434596987041648	22.602829898878447	22.555184281961747	27.407388832118162	0.0
49.0	27.22199290018988	22.722567616483243	22.435145965237602	27.620293518089273	0.0
50.0	27.09825342408439	23.075348523450103	22.621550329116335	27.204847723349175	0.0
51.0	27.51927960124142	22.667769104569633	22.434611325328902	27.37820934825543	1.3062060461665467E-4
52.0	27.282133320598987	22.715147366843222	22.434461251122546	27.56825806143524	0.0
53.0	27.162262320266283	22.97815569959707	22.492756748015687	27.366825232120963	0.0
54.0	27.572996976128266	22.658897129445553	22.34500088373234	27.42310501069385	0.0
55.0	27.378632114008163	22.658312909009286	22.38115552878784	27.58078412674513	0.001115321449583288
56.0	27.27973383825337	22.957586149142553	22.3929576145367	27.36887077131835	8.516267490284359E-4
57.0	27.66473092406645	22.45326454120587	22.319218222201656	27.562641710240154	1.4460228587293507E-4
58.0	27.585632344918093	22.455064215042984	22.240375116117903	27.718928323921027	0.0
59.0	27.301076320203382	22.757515813859033	22.322023572239814	27.619384293697774	0.0
60.0	27.653682736940343	22.507644227226955	22.33081391065157	27.507859125181128	0.0
61.0	27.515376599362213	22.558822838069716	22.18382969387835	27.74197086868972	0.0
62.0	27.286337137157012	22.79924489269823	22.417848456561316	27.496569513583445	0.0
63.0	27.71582707326691	22.43397273005437	22.33301535304811	27.517184843630606	0.0
64.0	27.62977387859442	22.389130914858164	22.264493117316793	27.716602089230623	0.0
65.0	27.3266093076353	22.718660626111422	22.387308672487006	27.567421393766274	0.0
66.0	27.86750577573508	22.396890649001705	22.301431191246454	27.434172384016758	0.0
67.0	27.725101487527432	22.444881155595084	22.097384992756012	27.732632364121468	0.0
68.0	27.38055680493469	22.76548286718743	22.20427195873071	27.649688369147167	0.0
69.0	27.957399680723245	22.35125332109878	22.125616036793918	27.565730961384062	0.0
70.0	27.59628312651932	22.448213026778593	22.08280522242298	27.872698624279103	0.0
71.0	27.422674715771734	22.79687324238292	22.128066024238095	27.652386017607256	0.0
72.0	27.797935425414007	22.3444490287924	22.165254957163313	27.692360588630276	0.0
73.0	27.59204436302832	22.533364590486347	22.05081500260361	27.823776043881725	0.0
74.0	27.45929468963066	22.777944522850106	22.175533601970287	27.58722718554895	0.0
75.0	27.910657256805816	22.44068447787715	22.137912818352284	27.51074544696475	0.0
76.0	27.633744717730284	22.470724972622893	22.093603946782043	27.801926362864776	0.0
77.0	27.43782312549855	22.722978145279754	22.20436818548582	27.634830543735877	0.0
78.0	27.81356815806793	22.484484064172637	22.174519188807295	27.527428588952134	0.0
79.0	27.723218068045654	22.43497415911209	22.109391074908316	27.732416697933935	0.0
80.0	27.499440674174064	22.681532304173814	22.09287294603127	27.72615407562085	0.0
81.0	27.79776393205048	22.41451454056509	22.101199679541153	27.68652184784328	0.0
82.0	27.721021147703777	22.477459655337757	21.98171618424259	27.819803012715873	0.0
83.0	27.61214913035991	22.609296969175134	22.077880144653005	27.70067375581195	0.0
84.0	27.96432942242506	22.35240165865976	21.99077847057426	27.69249044834093	0.0
85.0	27.63254676659444	22.388894726528665	22.021407413928735	27.957151092948163	0.0
86.0	27.557303390468853	22.75873747149793	22.042280866170927	27.64167827186229	0.0
87.0	27.901410816257975	22.352020250491865	22.0631988099237	27.683370123326455	0.0
88.0	27.755421486279126	22.530519932705165	21.8036494506104	27.910101003876232	3.081265290779005E-4
89.0	27.524659018200477	22.70910277283295	21.977092611480302	27.78914559748627	0.0
90.0	27.982750983610828	22.525339378305844	21.88306104901118	27.60884858907215	0.0
91.0	27.668107243165075	22.48035805746461	21.902230494471468	27.94930420489885	0.0
92.0	27.547230855541905	22.772345383267766	21.884346787544615	27.796076973645718	0.0
93.0	27.885878591081475	22.346238150714765	21.849072772405197	27.918810485798563	0.0
94.0	27.79182638352451	22.401291338123624	21.859468598329716	27.947413680022155	0.0
95.0	27.751257272273154	22.764233749356812	21.839917972139073	27.64459100623096	0.0
96.0	27.853872412145975	22.456611818983227	21.775837763736842	27.913678005133963	0.0
97.0	27.794906517384664	22.26454028478041	21.695060071497373	28.24549312633755	0.0
98.0	27.74016090179253	22.651968663384505	21.900615510527803	27.70725492429516	0.0
99.0	28.048306103684844	22.369863498125753	21.787697149727702	27.7941332484617	0.0
100.0	27.758250978929706	22.396979302629124	21.749953384299832	28.09481633414134	0.0
101.0	27.597082702628317	22.583184257602863	22.028897756983625	27.775423145727263	0.015412137057933123
102.0	28.19403817480281	22.110426934064808	21.973275361659024	27.712015843567535	0.010243685905826382
103.0	27.833783537249225	22.386021904038888	21.820471625383263	27.950306903715212	0.009416029613413134
104.0	27.787111776665814	22.610394828152963	22.027831549727892	27.566748237700427	0.007913607752900642
105.0	28.099506749903934	22.226491876807167	21.994040682108817	27.67303125177173	0.006929439408351864
106.0	27.856030139289928	22.42000769125478	21.828823954999642	27.89122740693908	0.003910807516572047
107.0	27.737236123288593	22.65191879678964	22.05301139812504	27.553112564915356	0.004721116881365077
108.0	27.779406427115617	22.34693022866237	21.968618253901777	27.90155512745344	0.0034899628667950976
109.0	27.862297357879363	22.390056255332688	21.854979826172467	27.889051179337372	0.0036153812781095896
110.0	27.513798087364172	22.52252252252252	22.01927613398935	27.943654377569587	7.488785543648387E-4
111.0	27.944744614382834	22.298276757544517	22.037813660359223	27.716064216556465	0.0031007511569677757
112.0	28.018033194554747	22.414747430991746	21.60132842394051	27.961077820293763	0.004813130219238081
113.0	27.65856619083646	22.42083122022597	22.208827661891736	27.709280767536022	0.0024941595098145176
114.0	28.122388856825363	22.400055130115685	21.637708999129977	27.838124197813745	0.0017228161152219419
115.0	27.96732726298875	22.36743438671666	21.798785931083735	27.863774326013214	0.002678093197643278
116.0	27.93741662961316	22.414591670372015	21.99403438565288	27.64747295094116	0.006484363420779606
117.0	28.184138804652413	22.114314229780046	22.04234002533492	27.65440865993628	0.004798280296341792
118.0	28.119808608632507	22.167178966844727	21.73545415659475	27.971589722164197	0.005968545763824644
119.0	27.59891408693498	22.604952671944837	21.874129050238963	27.91477853360447	0.007225657276752996
120.0	28.316575112167648	22.204375341321597	21.89919367792091	27.574501804319656	0.0053540642701874995
121.0	27.74111111111111	22.02	22.108888888888888	28.123333333333335	0.006666666666666667
122.0	27.50054754412053	22.5645813881108	21.921361137047413	28.00544085947136	0.008069071249899137
123.0	28.374968609114713	21.949702832952656	21.92219843822872	27.74117168721524	0.011958432488669386
124.0	27.935247782670718	22.10258636730137	21.984742293617813	27.968740308875518	0.008683247534577932
125.0	27.63738880807405	22.466240135940577	22.24353445501474	27.64897465274649	0.003861948224147475
126.0	27.849031396125586	22.292585170340683	21.77822311289245	28.074816299265198	0.005344021376085504
127.0	27.926829268292686	22.357261640798225	21.801552106430155	27.911585365853657	0.0027716186252771616
128.0	28.031883515819462	22.269542321914162	22.135735148123103	27.55996144051336	0.0028775736299152554
129.0	28.271468309753832	22.247480034696256	21.902012981186253	27.574552089253135	0.004486585110519547
130.0	27.895080539834566	22.05361029914796	21.870141177933952	28.17650351390012	0.004664469183406929
131.0	27.52944217379364	22.92531623075556	21.851020177380008	27.690990452496727	0.003230965574061808
132.0	27.89347384672182	22.422849087949523	22.062056350791227	27.618264503028982	0.0033562115084492623
133.0	27.844206698832245	22.587581288021816	21.69079085378645	27.87567302985805	0.001748129501433466
134.0	27.618079137082567	22.39009242949754	21.874375783108462	28.11563674662696	0.0018159036844685756
135.0	27.856063468077068	22.183604080090667	21.769928220627126	28.182848507744616	0.007555723460521345
136.0	28.00935020036144	22.06332992849847	21.79421701893612	28.12917419658993	0.003928655614048872
137.0	27.442848679237574	22.592902817217922	22.110768350732396	27.85143721015751	0.0020429426545996855
138.0	27.85036387623952	22.066646805975232	21.99004128186577	28.09294803591948	0.0
139.0	27.703256989557236	22.628206549453473	21.75465046670953	27.909451699443494	0.0044342948362636634
140.0	28.022726747811628	22.27867981615354	21.860636995634803	27.835646811557385	0.002309628842644987
141.0	28.201359101643455	22.14564557328064	21.579353221842016	28.07123234854692	0.0024097546869728662
142.0	28.207257536866475	22.150083043937794	21.46308319492677	28.17957622426896	0.0
143.0	27.76888982139579	22.50780246006976	21.768207925725825	27.955099792808625	0.0
144.0	27.889838141769253	22.485465513005977	21.663891694188937	27.960804651035836	0.0
145.0	27.354081167350664	22.52906976744186	22.204172366621066	27.912676698586413	0.0
146.0	27.813011761202915	22.60830728003573	21.795444394819118	27.78323656394224	0.0
147.0	27.978131892026216	22.38374801975585	21.722113502935418	27.916006585282517	0.0
148.0	28.133424274903373	22.332651271558024	21.67982071519049	27.854103738348112	0.0
149.0	27.752075112260172	22.203701183834536	21.924751666893457	28.116070213634508	0.003401823377330249
150.0	28.004410143329654	22.132517693921827	21.89422769143223	27.96528790411495	0.0035565672013372694
151.0	27.628988521971692	22.083132127335535	21.938263808922404	28.34590096950336	0.0037145722670034543
152.0	27.58862758862759	22.744822744822745	22.33922233922234	27.323427323427325	0.0039000039000038995
153.0	27.956198414644113	22.77518999754842	21.651548582168832	27.61297703685544	0.004085968783198496
154.0	28.069122250332317	21.954461644011836	21.933021740062607	28.039106384803397	0.004287980789846061
155.0	27.52285315441077	22.938713018417616	21.547259873013015	27.991173954158597	0.0
156.0	27.833246581176358	22.410448114323568	22.041357119197464	27.710216249467656	0.004731935834950078
157.0	27.559212166542007	21.899775617053105	22.014460234355525	28.516579406631763	0.009972575417601597
158.0	27.363132000418716	22.171045744792213	22.05066471265571	28.404689626295404	0.010467915837956664
159.0	27.76370843426558	22.67672318872495	21.8233869191808	27.736181457828675	0.0
160.0	27.51015670342426	22.61752756819501	21.897852582704587	27.968659315148	0.005803830528148578
161.0	27.085889570552148	22.570552147239265	22.085889570552148	28.257668711656443	0.0
162.0	27.348710638849294	22.353246080082933	22.022806790203447	28.275236490864327	0.0
163.0	27.408626482891034	22.81423575396009	21.922786806555578	27.854350956593294	0.0
164.0	27.671949978188167	22.313508797440747	21.833648393194707	28.17362221899084	0.007270612185546023
165.0	27.8826961461692	22.109626900046063	21.94073391678182	28.059266083218183	0.007676953784738216
166.0	28.193400849395623	22.5171512577589	21.34106501143417	27.948382881411305	0.0
167.0	28.17429193899782	22.335511982570804	21.934640522875817	27.555555555555557	0.0
168.0	28.31168831168831	22.30983302411874	21.474953617810762	27.90352504638219	0.0
169.0	28.517712250148424	22.11557490599644	20.79952503463289	28.567187809222244	0.0
170.0	27.902542372881356	22.64830508474576	21.716101694915256	27.73305084745763	0.0
171.0	28.28603859250851	22.440408626560725	22.06583427922815	27.20771850170261	0.0
172.0	27.76962582538518	22.218146246025924	22.05918317437026	27.953044754218638	0.0
173.0	28.53385930309007	22.2353714661407	21.617357001972387	27.613412228796847	0.0
174.0	27.53991804436908	22.891055532005087	21.068249258160236	28.50077716546559	0.0
175.0	28.929068150208625	22.330397156544585	21.21774068922887	27.522794004017925	0.0
176.0	27.521540800810946	22.774117249535394	21.52390606521372	28.18043588443994	0.0
177.0	27.425925925925927	22.12962962962963	21.685185185185183	28.759259259259256	0.0
178.0	29.100529100529098	22.54782254782255	20.43142043142043	27.92022792022792	0.0
179.0	27.436012572968117	22.945666816344858	20.969914683430623	28.6484059272564	0.0
180.0	27.695771828871653	23.267450587940957	20.640480360270203	28.396297222917187	0.0
181.0	27.694905713481567	23.304249929636928	21.024486349563748	27.94821277793414	0.028145229383619477
182.0	28.328521013795317	22.649983958934875	21.591273660571062	27.43022136669875	0.0
183.0	28.841951930080118	21.704297159504733	20.35688273852877	29.09686817188638	0.0
184.0	28.6321155480034	23.364485981308412	20.518266779949023	27.485131690739166	0.0
185.0	27.02970297029703	21.683168316831683	19.851485148514854	31.435643564356436	0.0
186.0	27.84125075165364	23.331328923631993	20.74564040889958	28.081779915814792	0.0
187.0	27.16678805535324	24.544792425345957	19.737800436999272	28.55061908230153	0.0
188.0	29.93262752646776	21.751684311838307	19.345524542829644	28.97016361886429	0.0
189.0	29.443690637720486	23.202170963364992	20.21709633649932	27.137042062415194	0.0
190.0	28.153153153153156	20.945945945945947	20.945945945945947	29.954954954954953	0.0
191.0	20.47244094488189	24.409448818897637	17.322834645669293	37.79527559055118	0.0
