# Position (bp)	A	C	G	T	N
0.0	26.2303083112507	23.717989372761288	23.751354600678887	26.300347715309126	0.0
1.0	26.20348872479002	23.847799831244107	23.768385292868686	26.180326151097187	0.0
2.0	26.36398479053903	23.677237370715446	23.746997951299946	26.21177988744558	0.0
3.0	26.214411364100076	23.75057212023624	23.842938519821555	26.192077995842133	0.0
4.0	26.107802591673558	23.82189137027847	23.740005514199062	26.33030052384891	0.0
5.0	26.242438946387516	23.743224689424725	23.800570146175776	26.213766218011987	0.0
6.0	26.202120562175036	23.768932606262442	23.656729173443903	26.372217658118625	0.0
7.0	26.168783373627498	23.7332149778497	23.785041447392	26.312960201130807	0.0
8.0	26.25370764463949	23.69474369011258	23.83229868454422	26.219249980703708	0.0
9.0	26.30125280813705	23.683724520032527	23.723693096462092	26.291329575368334	0.0
10.0	26.11364544715335	23.782025661875164	23.915985611709093	26.188343279262394	0.0
11.0	26.19495858542703	23.897242244242616	23.76438484543613	26.143414324894227	0.0
12.0	26.273790983888972	23.787262779255503	23.724417370691437	26.214528866164088	0.0
13.0	26.401411265315122	23.59734836477901	23.764936120949848	26.23630424895602	0.0
14.0	26.194131672156452	23.743712013671633	23.798839565043618	26.263316749128297	0.0
15.0	26.153888559654902	23.82833280502763	23.63759147728056	26.380187158036904	0.0
16.0	26.25449634090878	23.647514436527516	23.79222425887898	26.305764963684723	0.0
17.0	26.210945575324907	23.79635882523188	23.796634462988738	26.196061136454475	0.0
18.0	26.22141981008558	23.820339310078694	23.790294794580962	26.167946085254755	0.0
19.0	26.247881034744143	23.775961631224245	23.75253242189115	26.223624912140465	0.0
20.0	26.19936878953679	23.83467247343541	23.85451839192933	26.11144034509847	0.0
21.0	26.20047134056423	23.850383825576426	23.792775534392703	26.156369299466643	0.0
22.0	26.341525264887157	23.839016968213542	23.65323763216794	26.166220134731365	0.0
23.0	26.267654549664275	23.750261855147244	23.723525066428515	26.258558528759963	0.0
24.0	26.160431757792256	23.843151523170043	23.732345450335725	26.264071268701972	0.0
25.0	26.235405021003537	23.712775223541605	23.756050232086352	26.295769523368506	0.0
26.0	26.206666538036423	23.84060507666822	23.76563202011042	26.187096365184935	0.0
27.0	26.371497007968642	23.671640063175825	23.748818209632383	26.208044719223146	0.0
28.0	26.22348034851446	23.7532283894299	23.83150908083584	26.191782181219804	0.0
29.0	26.1143283985259	23.824893811139564	23.729523673018242	26.331254117316295	0.0
30.0	26.25435160709708	23.741376031224075	23.800637822253215	26.20363453942563	0.0
31.0	26.211076717833944	23.77059347238263	23.65813388754593	26.360195922237505	0.0
32.0	26.176346551928486	23.734209489053107	23.785753465436592	26.30369049358181	0.0
33.0	26.254627243334426	23.698376778198277	23.84639343765246	26.200602540814838	0.0
34.0	26.296799587648188	23.695620415824827	23.726216038170104	26.28136395835688	0.0
35.0	26.11267458110183	23.786856010385975	23.91337304332726	26.187096365184935	0.0
36.0	26.199499995865455	23.89821305027329	23.750747663293797	26.151539290567456	0.0
37.0	26.267306510252293	23.787682919098007	23.726767310644796	26.218243260004908	0.0
38.0	26.404297720212682	23.601628458890232	23.752401480717865	26.241672340179218	0.0
39.0	26.200051268340147	23.738068396375937	23.792093098895524	26.269787236388392	0.0
40.0	26.14905856443135	23.814695270357802	23.642698258254615	26.393547906956233	0.0
41.0	26.25765924194522	23.646005893102753	23.78327273930049	26.313062125651538	0.0
42.0	26.217691987530216	23.787958555335354	23.79347128008225	26.20087817705218	0.0
43.0	26.227063619599946	23.81690036025656	23.789061100284734	26.166974919858767	0.0
44.0	26.2452556112647	23.781343285639075	23.74358112112283	26.22981998197339	0.0
45.0	26.208595991697837	23.83150908083584	23.847495982601842	26.112398944864484	0.0
46.0	26.205012720612352	23.83950253171884	23.79512509750632	26.16035965016249	0.0
47.0	26.342482593619586	23.840814998980147	23.65062651944057	26.16607588795969	0.0
48.0	26.255106147222424	23.741586227046454	23.73193898533068	26.271368640400443	0.0
49.0	26.15863373006466	23.829789579876405	23.73882987227052	26.272746817788413	0.0
50.0	26.2217542544336	23.714573950242286	23.75950253309004	26.30416926223408	0.0
51.0	26.214239840793386	23.828896992549595	23.762469025548583	26.19439414110844	0.0
52.0	26.365838935608977	23.654695850870592	23.764674103291355	26.21479111022908	0.0
53.0	26.230777923864178	23.760539582523656	23.817320334400037	26.19136215921213	0.0
54.0	26.11804332426495	23.825038106499743	23.72691214694638	26.330006422288925	0.0
55.0	26.258065760930982	23.736283727353165	23.799404077740014	26.20624643397584	0.0
56.0	26.207624607565073	23.774321318415982	23.653042042563513	26.365012031455432	0.0
57.0	26.17454844142349	23.73021976356054	23.789205593179695	26.30602620183628	0.0
58.0	26.255585048470365	23.69604105854757	23.847915788081004	26.20045810490106	0.0
59.0	26.291141927072566	23.69769486685465	23.72911722468915	26.282045981383632	0.0
60.0	26.1100499174474	23.79196194035816	23.914068120364167	26.18392002183027	0.0
61.0	26.20156064377245	23.890639169347214	23.751719271552567	26.156080915327774	0.0
62.0	26.270469323234074	23.79058376676893	23.726636512228534	26.212310397768462	0.0
63.0	26.40828668215734	23.59571002125144	23.762744660266428	26.2332586363248	0.0
64.0	26.203214452079525	23.735732457917468	23.80381423322556	26.25723885677744	0.0
65.0	26.15194639456007	23.81180764004311	23.64201665384965	26.394229311547164	0.0
66.0	26.255585048470365	23.652215138409975	23.78617361128338	26.30602620183628	0.0
67.0	26.21479111022908	23.79361574866524	23.79775026943294	26.193842871672746	0.0
68.0	26.2327073668891	23.81897414270712	23.78010964749076	26.168208842913014	0.0
69.0	26.255585048470365	23.764674103291355	23.740969517556554	26.238771330681725	0.0
70.0	26.201009374336753	23.825313741217588	23.855909194898555	26.117767689547104	0.0
71.0	26.20734897284722	23.84047365069915	23.78644924600123	26.165728130452397	0.0
72.0	26.32883131201764	23.837100330760748	23.652701212789413	26.181367144432194	0.0
73.0	26.245314222712242	23.740352811466373	23.750275633958104	26.264057331863285	0.0
74.0	26.14305402425579	23.83434399117971	23.73787210584344	26.28472987872106	0.0
75.0	26.224641675854464	23.711135611907387	23.75523704520397	26.30898566703418	0.0
76.0	26.208307033332325	23.827663099054302	23.77060702699276	26.193422840620617	0.0
77.0	26.36155909162323	23.65759741566313	23.7584791662647	26.222364326448933	0.0
78.0	26.238075418755734	23.744697506346455	23.822150435087003	26.195076639810804	0.0
79.0	26.129751571798316	23.803407377598187	23.73780667638733	26.32903437421617	0.0
80.0	26.25985044142657	23.737531043188966	23.793760215655414	26.208858299729055	0.0
81.0	26.200038037381372	23.773087725778044	23.656494882869673	26.370379353970907	0.0
82.0	26.182121879487653	23.745800039139915	23.777497856951882	26.29458022442055	0.0
83.0	26.263158039806946	23.69535916383913	23.84309855816274	26.198384238191185	0.0
84.0	26.296509656809103	23.69701296302932	23.723749383270718	26.28272799689086	0.0
85.0	26.113213579896417	23.786869385696292	23.91173122455561	26.18818580985168	0.0
86.0	26.20251873616666	23.890783101479872	23.75462030148759	26.152077860865873	0.0
87.0	26.27859349891538	23.791555150068493	23.720717418088704	26.20913393292742	0.0
88.0	26.411999966924014	23.603848941981965	23.757652266669606	26.22649882442441	0.0
89.0	26.209685199324145	23.736979776792236	23.79734344723416	26.255991576649457	0.0
90.0	26.158693057626632	23.811676373549137	23.64739898732363	26.382231581500605	0.0
91.0	26.260952974220025	23.65263601809256	23.779151656142073	26.307259351545337	0.0
92.0	26.211614631712703	23.798170346829252	23.79844598002762	26.191769041430423	0.0
93.0	26.232838387986803	23.815810871524608	23.779702922538803	26.171647817949783	0.0
94.0	26.260401707823295	23.766472529017285	23.730640213229844	26.24248554992958	0.0
95.0	26.213819697299623	23.82738746585594	23.83703462779871	26.12175820904573	0.0
96.0	26.230633322399882	23.8442010909562	23.773638992174774	26.151526594469143	0.0
97.0	26.33723077601557	23.84468663348052	23.646231277666608	26.17185131283731	0.0
98.0	26.24461827663574	23.726715949746694	23.753727928732477	26.274937844885088	0.0
99.0	26.146493128483307	23.828699952039955	23.739946306800956	26.284860612675786	0.0
100.0	26.22532400593161	23.709351106112976	23.76199690189139	26.303327986064023	0.0
101.0	26.203476817997647	23.840762066465825	23.771302883382994	26.18445823215354	0.0
102.0	26.36995835205332	23.659947685107344	23.759175089511388	26.210918873327948	0.0
103.0	26.23407193435556	23.74759855899758	23.83304437945662	26.185285127190237	0.0
104.0	26.12657557958451	23.81430142529141	23.734092606731476	26.3250303883926	0.0
105.0	26.26025694385107	23.725272393006673	23.808788791713408	26.205681871428848	0.0
106.0	26.199066711135245	23.776539885282094	23.661877106859645	26.362516296723015	0.0
107.0	26.191349024126044	23.74539350556638	23.769924724988492	26.293332745319088	0.0
108.0	26.25419304691527	23.69633106672216	23.843242751575925	26.20623313478665	0.0
109.0	26.291954586924582	23.702119331979063	23.727477446437874	26.27844863465848	0.0
110.0	26.11885789257531	23.779571833749998	23.912426302979853	26.18914397069484	0.0
111.0	26.205406239749944	23.885414398447644	23.752008665859982	26.157170695942426	0.0
112.0	26.276794844585076	23.787565152438102	23.72141354950207	26.214226453474748	0.0
113.0	26.412956893961738	23.60675077107962	23.749527980749885	26.23076435420876	0.0
114.0	26.214226453474748	23.730785026584673	23.800519841346407	26.25446867859417	0.0
115.0	26.164888382951627	23.815955215364813	23.64644173284124	26.372714668842317	0.0
116.0	26.256398100346466	23.654986314887143	23.782879413896797	26.305736170869594	0.0
117.0	26.21009197829125	23.801897999740905	23.796109734484002	26.191900287483843	0.0
118.0	26.23820640953906	23.806308106603307	23.780123097107797	26.175362386749836	0.0
119.0	26.26053257552997	23.764687723089388	23.731060658263576	26.243719043117064	0.0
120.0	26.21339955843805	23.826704850841917	23.836351959603423	26.123543631116615	0.0
121.0	26.228834932456458	23.841588961502524	23.773507936814195	26.156068169226828	0.0
122.0	26.34467285185859	23.835039498128456	23.647609439859757	26.172678210153194	0.0
123.0	26.247374601022045	23.734158025589718	23.752625398977955	26.265841974410286	0.0
124.0	26.139326685078913	23.828699952039955	23.746837117766717	26.285136245114415	0.0
125.0	26.217055032772695	23.712658695376543	23.766407020909476	26.303879250941286	0.0
126.0	26.20913393292742	23.832348863426507	23.771433926587854	26.18708327705822	0.0
127.0	26.378923983120224	23.65263601809256	23.765921262620555	26.20251873616666	0.0
128.0	26.229051819184125	23.75165380374862	23.823318632855568	26.195975744211687	0.0
129.0	26.12568908489526	23.812293274531424	23.736769570011027	26.325248070562296	0.0
130.0	26.269570011025355	23.718302094818082	23.80678059536935	26.205347298787213	0.0
131.0	26.199007717750828	23.77949283351709	23.65297684674752	26.368522601984562	0.0
132.0	26.195424476295482	23.738147739801544	23.778390297684673	26.2880374862183	0.0
133.0	26.271499448732083	23.697629547960307	23.840407938257993	26.190463065049613	0.0
134.0	26.293274531422274	23.709757442116867	23.725468577728776	26.271499448732083	0.0
135.0	26.111631753031972	23.788864388092613	23.910970231532524	26.188533627342885	0.0
136.0	26.213340683572216	23.87651598676957	23.756339581036386	26.15380374862183	0.0
137.0	26.278390297684673	23.788864388092613	23.72409040793826	26.20865490628446	0.0
138.0	26.407386990077175	23.607221609702314	23.756063947078278	26.229327453142226	0.0
139.0	26.21058434399118	23.735942668136715	23.80374862183021	26.2497243660419	0.0
140.0	26.16565600882029	23.819184123484014	23.639195148842337	26.37596471885336	0.0
141.0	26.257442116868795	23.65214994487321	23.78472987872106	26.305678059536934	0.0
142.0	26.215270121278945	23.794377067254686	23.799614112458656	26.190738699007714	0.0
143.0	26.243457120885118	23.809602562300334	23.78010964749076	26.166830669323787	0.0
144.0	26.26633480246638	23.759161408934425	23.73655936207101	26.237944426528188	0.0
145.0	26.213137301922	23.826967549524667	23.843781267313304	26.11611388124003	0.0
146.0	26.22416269063586	23.842954363159766	23.767154815751972	26.165728130452397	0.0
147.0	26.357642544887238	23.830065215353997	23.642633090590355	26.169659149168407	0.0
148.0	26.250695979580925	23.730009536987527	23.758951262134854	26.2603432212967	0.0
149.0	26.12996764039493	23.82620631866769	23.747650207553512	26.296175833383867	0.0
150.0	26.22513416593853	23.708850955217383	23.761773112787594	26.304241766056503	0.0
151.0	26.211772488595486	23.832743009137392	23.768243774032165	26.187240728234958	0.0
152.0	26.38377044887609	23.653027191664712	23.762731018894968	26.20047134056423	0.0
153.0	26.232241988566514	23.75177097746931	23.822058799208364	26.193928234755816	0.0
154.0	26.132185207032087	23.808001234860555	23.743226183453974	26.316587374653384	0.0
155.0	26.264491695011493	23.72117510212407	23.806623042277437	26.207710160587	0.0
156.0	26.198889728055043	23.779334829131685	23.664944844732823	26.356830598080457	0.0
157.0	26.1961333428888	23.733303196855516	23.779610467648308	26.290952992607373	0.0
158.0	26.276344151226315	23.6971945511778	23.83391125542319	26.19255004217269	0.0
159.0	26.29398501629024	23.706841899259633	23.728892980589535	26.270280103860593	0.0
160.0	26.109031571635693	23.794494947545992	23.917154087443564	26.17931939337475	0.0
161.0	26.211844738336353	23.883526188415463	23.75121970043606	26.15340937281212	0.0
162.0	26.272485211993583	23.79670005567898	23.727514788006417	26.203299944321017	0.0
163.0	26.41085574733871	23.617259381356913	23.756456832251914	26.215428039052462	0.0
164.0	26.211293461303107	23.73054681168928	23.809655065960296	26.248504661047317	0.0
165.0	26.155890119461734	23.820956245141872	23.64344504043617	26.379708594960228	0.0
166.0	26.25980584022889	23.65143855741826	23.785398876497407	26.303356725855444	0.0
167.0	26.216806231635587	23.796424417162356	23.80111027194496	26.1856590792571	0.0
168.0	26.244442423089755	23.811650169655973	23.77554142444865	26.168365982805618	0.0
169.0	26.261532058226038	23.74604802187473	23.74411854693999	26.248301372959236	0.0
170.0	26.21301954558109	23.821848822882473	23.84831019341608	26.116821438120365	0.0
171.0	26.226801509400676	23.8309449190034	23.766169689051335	26.176083882544592	0.0
172.0	26.36055921850537	23.827978566230787	23.639716421530796	26.17174579373305	0.0
173.0	26.23982888266555	23.722959712452315	23.763754437804582	26.273456967077554	0.0
174.0	26.141425389755014	23.82108756532669	23.75741471697281	26.28007232794549	0.0
175.0	26.2252922481539	23.705659732463044	23.76905711552933	26.299990903853733	0.0
176.0	26.216616270063316	23.82707303694434	23.76284837743151	26.193462315560833	0.0
177.0	26.38448244020629	23.647354247234617	23.76036759659196	26.20779571596713	0.0
178.0	26.235707906545976	23.762362591926966	23.825484856169442	26.17644464535762	0.0
179.0	26.13454689791283	23.812529631630593	23.729836709042196	26.323086761414377	0.0
180.0	26.258310638720133	23.735625213623386	23.80867062857647	26.197393519080016	0.0
181.0	26.203182023661203	23.784689681025835	23.65375922026087	26.358369075052096	0.0
182.0	26.199874306757664	23.739759859752805	23.77311267186346	26.287253161626072	0.0
183.0	26.27870822629194	23.700618543060962	23.829068216148276	26.191605014498826	0.0
184.0	26.299932743089627	23.700618543060962	23.725702062912777	26.273746650936637	0.0
185.0	26.1102903072869	23.799023120941158	23.91286371103785	26.17782286073409	0.0
186.0	26.223855254308305	23.8844724742825	23.74665093663517	26.145021334774025	0.0
187.0	26.283394158571948	23.786067896402308	23.726253349063363	26.204284595962378	0.0
188.0	26.41294640396044	23.609105042063135	23.748304795086938	26.229643758889488	0.0
189.0	26.222477038931828	23.735349570548088	23.802330837844693	26.23984255267539	0.0
190.0	26.15273934088228	23.825209213094148	23.643009140324377	26.379042305699198	0.0
191.0	26.265622157415113	23.656094777637506	23.7897824061568	26.288500658790582	0.0
192.0	26.216833064120447	23.801635123736858	23.7952952980545	26.186236514088197	0.0
193.0	26.230136306627895	23.828713976597708	23.783508138429095	26.157641578345302	0.0
194.0	26.256322615323125	23.768623289276018	23.739129236324544	26.235924859076317	0.0
195.0	26.214975812120127	23.822649778794602	23.856554157421062	26.10582025166421	0.0
196.0	26.221591300632607	23.834226883691443	23.783508138429095	26.160673677246855	0.0
197.0	26.353422422157536	23.829055305636412	23.64630193172797	26.17122034047808	0.0
198.0	26.233516362353352	23.728444473846697	23.769791391020554	26.268247772779397	0.0
199.0	26.133181176678132	23.827125782834965	23.758489900326367	26.281203140160535	0.0
200.0	26.210158689905537	23.71390059622419	23.768478677336038	26.307462036534236	0.0
201.0	26.212508372819965	23.819604665073417	23.75841072161993	26.209476240486683	0.0
202.0	26.37458962845353	23.644292286530995	23.775225273649944	26.205892811365533	0.0
203.0	26.225260488450303	23.75075803517283	23.837036220298806	26.186945256078065	0.0
204.0	26.12161640663763	23.803407023540437	23.743591157175146	26.331385412646785	0.0
205.0	26.25089585974971	23.722641821489606	23.815259937151993	26.21120238160869	0.0
206.0	26.20155466122719	23.78521417939247	23.647389602513922	26.36584155686642	0.0
207.0	26.206791995148578	23.728706102872263	23.773085616627156	26.291416285352003	0.0
208.0	26.26833416487724	23.703136069066844	23.83462107784629	26.19390868820963	0.0
209.0	26.296174806149196	23.696520471140833	23.730425410511632	26.276879312198336	0.0
210.0	26.11176501396167	23.79465184037665	23.923931649847425	26.169651495814257	0.0
211.0	26.22064672982725	23.88285981272345	23.762125150573766	26.134368306875537	0.0
212.0	26.284597509778678	23.77480504659862	23.72739326146221	26.21320418216049	0.0
213.0	26.410845170200037	23.60472904991744	23.759093001524345	26.225332778358172	0.0
214.0	26.228364927407593	23.7395218576599	23.79492749029023	26.237185724642277	0.0
215.0	26.152561201172063	23.823870731216527	23.64194178825125	26.38162627936016	0.0
216.0	26.256002293413605	23.6571677444608	23.79333917712761	26.293490784997985	0.0
217.0	26.21382774038117	23.794166129147854	23.80050609463639	26.191500035834586	0.0
218.0	26.222445193603782	23.82979075299702	23.790923900908822	26.156840152490375	0.0
219.0	26.250010336928746	23.763634409017108	23.74296055152339	26.243394702530754	0.0
220.0	26.21059218197405	23.826758587231275	23.850464610490743	26.112184620303935	0.0
221.0	26.222720845037035	23.83723334169476	23.769698740548602	26.1703470727196	0.0
222.0	26.351522702714625	23.825997309634595	23.64847729728538	26.174002690365405	0.0
223.0	26.232992259686416	23.734480781529097	23.773899045140805	26.25862791364368	0.0
224.0	26.125487904381767	23.823516439896796	23.754879043817674	26.296116611903763	0.0
225.0	26.210185376610845	23.70064089311557	23.788022879195093	26.301150851078493	0.0
226.0	26.209778566762136	23.82040559799103	23.755626796922595	26.214189038324243	0.0
227.0	26.378479104012705	23.642057154198355	23.774095646588915	26.205368095200026	0.0
228.0	26.239070270031867	23.753487038690967	23.838388850297157	26.169053840980013	0.0
229.0	26.12384638285204	23.811650292745856	23.74521738171634	26.319285942685767	0.0
230.0	26.252301721191273	23.74053124276405	23.80668849856108	26.200478537483598	0.0
231.0	26.193862811903895	23.791803116006747	23.65976425964518	26.35456981244418	0.0
232.0	26.19854895085619	23.736396414276737	23.783809114264606	26.281245520602468	0.0
233.0	26.25540630314992	23.71771723759617	23.83597365831337	26.190902800940542	0.0
234.0	26.292068550132175	23.704210093971128	23.729846101259472	26.273875254637225	0.0
235.0	26.10351985136629	23.792144355530073	23.922805295902926	26.18153049720071	0.0
236.0	26.214609216282447	23.89082920079058	23.751622924654946	26.142938658272026	0.0
237.0	26.289311990208695	23.772021468088685	23.72764085332069	26.211025688381927	0.0
238.0	26.410876282834074	23.617102800389226	23.746661116792687	26.22535979998401	0.0
239.0	26.22591111196871	23.749417676716163	23.79159304354538	26.23307816776975	0.0
240.0	26.16075046656063	23.820090913852372	23.639531261629557	26.379627357957443	0.0
241.0	26.27519303981541	23.64389701970233	23.796068355805254	26.28484158467701	0.0
242.0	26.216731820011358	23.798155121935082	23.795673964944008	26.189439093109552	0.0
243.0	26.23788308208075	23.825527409874393	23.781967158879123	26.15462234916574	0.0
244.0	26.256672107283073	23.770898583969295	23.741949358154308	26.23047995059332	0.0
245.0	26.20930386447856	23.83674122110464	23.843082759837657	26.11087215457914	0.0
246.0	26.224115587172914	23.833788292387016	23.78332919734194	26.15876692309813	0.0
247.0	26.353827445768314	23.83023076901866	23.654858447513767	26.16108333769926	0.0
248.0	26.239986763915123	23.737539466971832	23.77035392739456	26.252119841718486	0.0
249.0	26.131616318989646	23.825504281046204	23.761805622578557	26.2810737773856	0.0
