# Position (bp)	A	C	G	T	N
0.0	26.25307638988278	23.80347025197633	23.793086997639914	26.150366360500975	0.0
1.0	26.311447116963148	23.679713085426123	23.747625181356167	26.261214616254563	0.0
2.0	26.115993759190044	23.8609960602081	23.787195115107025	26.235815065494833	0.0
3.0	26.13687698692174	23.86073800551638	23.911244048003187	26.09114095955869	0.0
4.0	26.390081309024797	23.71260710738515	23.701103760191685	26.19620782339837	0.0
5.0	26.266443354065494	23.813651806279125	23.747163004171682	26.1727418354837	0.0
6.0	26.133730552797086	23.872440936046544	23.738912359247976	26.254916151908393	0.0
7.0	26.260249034353727	23.69529056345495	23.782528324221524	26.261932077969803	0.0
8.0	26.259722265073894	23.836062906876617	23.70451606750681	26.199698760542677	0.0
9.0	26.221259935269998	23.814638852584995	23.713953971022946	26.25014724112206	0.0
10.0	26.24657856950552	23.730705375572107	23.808108229381673	26.214607825540696	0.0
11.0	26.18572197792336	23.734070717042087	23.85017499775644	26.230032307278112	0.0
12.0	26.286962667145293	23.75538454635197	23.70911110113973	26.24854168536301	0.0
13.0	26.265929282957913	23.716402674324687	23.879902180741272	26.13776586197613	0.0
14.0	26.204231356008258	23.725657363367137	23.827739387956566	26.242371892668043	0.0
15.0	26.157957910796014	23.674616351072423	23.72537691824464	26.442048819886928	0.0
16.0	26.097589020043355	23.925828082013144	23.8203810116749	26.156201886268605	0.0
17.0	26.27146450836706	23.799067242138445	23.845060113243424	26.084408136251074	0.0
18.0	26.290815167551468	23.750550372009414	23.65071218839129	26.307922272047833	0.0
19.0	26.166858771036832	23.816174346634806	23.771864141545866	26.245102740782496	0.0
20.0	26.217338751517904	23.720262383720765	23.79373879975433	26.268660065006998	0.0
21.0	26.116866435955107	23.838543039671546	23.74347267638497	26.30111784798838	0.0
22.0	26.324394662598365	23.677007555149224	23.681775095491027	26.31682268676138	0.0
23.0	26.290180549557178	23.730572273107146	23.854528321994064	26.124718855341612	0.0
24.0	26.24110292839155	23.813303120214933	23.704771466551495	26.240822484842024	0.0
25.0	26.251479339723705	23.79198941045157	23.800963604036145	26.15556764578858	0.0
26.0	26.312896477068133	23.67616622450067	23.742070458637382	26.26886683979382	0.0
27.0	26.115744661757034	23.858454531687318	23.79339162819916	26.232409178356487	0.0
28.0	26.12836462148534	23.85929586233587	23.915945459338488	26.0963940568403	0.0
29.0	26.390579340284592	23.713465216586556	23.70421057945246	26.19174486367639	0.0
30.0	26.258770872011173	23.82171642670047	23.74179001508786	26.177722686200493	0.0
31.0	26.12191441984643	23.876122475306946	23.741229127988827	26.260733976857797	0.0
32.0	26.265221073650086	23.692992837471746	23.77852812007471	26.26325796880346	0.0
33.0	26.255966436515994	23.837982152572508	23.714306547235108	26.19174486367639	0.0
34.0	26.21586300893493	23.80685291857602	23.72215896662161	26.25512510586744	0.0
35.0	26.23493317030215	23.731974490854736	23.808816023422647	26.224276315420468	0.0
36.0	26.183051113641337	23.728328724711005	23.842469249364797	26.246150912282868	0.0
37.0	26.287937001161037	23.743192232835455	23.715989208532214	26.252881557471298	0.0
38.0	26.269147283343337	23.706454127848605	23.881450902747787	26.142947686060275	0.0
39.0	26.20941280729602	23.723841627918716	23.813303120214933	26.253442444570336	0.0
40.0	26.15781119418472	23.67111824060935	23.73169404730522	26.439376517900715	0.0
41.0	26.101088398363338	23.927376542084644	23.82164962042072	26.1498854391313	0.0
42.0	26.264306086449285	23.804823054638664	23.849133011198077	26.08173784771397	0.0
43.0	26.288704606833267	23.7560260138707	23.65057953496981	26.304689844326223	0.0
44.0	26.167833775965494	23.81772342173824	23.77173080860062	26.242711993695643	0.0
45.0	26.213545946340084	23.720129340202313	23.79809242832584	26.268232285131766	0.0
46.0	26.114756856806327	23.844298614616637	23.744741712939593	26.296202815637443	0.0
47.0	26.32256436143362	23.680520500308486	23.678276964496046	26.318638173761848	0.0
48.0	26.289191766223567	23.73296314992428	23.85607717763195	26.121767906220207	0.0
49.0	26.245723259857535	23.812608671265913	23.70632116215155	26.235346906725	0.0
50.0	26.251051657412084	23.790173313141512	23.800549666274048	26.15822536317236	0.0
51.0	26.306579168769982	23.67350945089461	23.745863480845813	26.274047899489595	0.0
52.0	26.111952437040774	23.852431431936733	23.79802568848505	26.23759044253744	0.0
53.0	26.132705143305852	23.860844691233385	23.911324247013294	26.095125918447476	0.0
54.0	26.388468225924054	23.72006281900275	23.707723372034327	26.18374558303887	0.0
55.0	26.253014751247967	23.82438723428123	23.7478265746817	26.174771439789108	0.0
56.0	26.116719950642214	23.87458634808458	23.74502215491615	26.26367154635706	0.0
57.0	26.249929889505864	23.70463851029222	23.77615121431376	26.26928038588816	0.0
58.0	26.258904032755627	23.84289640473386	23.712490885635763	26.185708676874754	0.0
59.0	26.214594200459924	23.81513264905491	23.715856189354422	26.254416961130744	0.0
60.0	26.240955746256102	23.731000056088394	23.80559762185204	26.222446575803467	0.0
61.0	26.1829042571092	23.731000056088394	23.847663918335297	26.238431768467102	0.0
62.0	26.283582926692468	23.743339503056816	23.716417073307532	26.256660496943184	0.0
63.0	26.258343148802517	23.715856189354422	23.88328004935779	26.142520612485278	0.0
64.0	26.20674182511638	23.72118458690897	23.820461046609456	26.251612541365194	0.0
65.0	26.160188457008243	23.67687475461327	23.7228672387683	26.440069549610186	0.0
66.0	26.10234420790788	23.926120572885264	23.81534630280357	26.156188916403284	0.0
67.0	26.263037009823854	23.80272644924996	23.859656010836247	26.074580530089936	0.0
68.0	26.288276716931076	23.762903800258567	23.645959823995106	26.302859658815247	0.0
69.0	26.171893623047776	23.812822332092846	23.772158359531215	26.243125685328156	0.0
70.0	26.217044654650696	23.72111806293661	23.79992203734916	26.261915245063534	0.0
71.0	26.105636291231747	23.846969280558188	23.750497781716405	26.296896646493657	0.0
72.0	26.3238189252402	23.687679131307807	23.669170064669558	26.319331878782442	0.0
73.0	26.284557268734822	23.74629117566226	23.852297648226774	26.116853907376143	0.0
74.0	26.245015171825838	23.820888323022473	23.705346876735227	26.228749628416466	0.0
75.0	26.246136933440273	23.787796355396516	23.805183660420322	26.16088305074289	0.0
76.0	26.30811426263805	23.66973094547678	23.7446085332406	26.277546258644573	0.0
77.0	26.111525539707557	23.852297648226774	23.79396604427593	26.242210767789736	0.0
78.0	26.138447818454104	23.855662933070093	23.90698352693069	26.098905721545112	0.0
79.0	26.38719845645602	23.71628405247601	23.7160036120724	26.180513878995576	0.0
80.0	26.244734731422227	23.82649713109467	23.74404765243338	26.184720485049723	0.0
81.0	26.11937787100863	23.868843632039756	23.74432809283699	26.267450404114623	0.0
82.0	26.25370882433774	23.698335866644978	23.78022446449905	26.267730844518233	0.0
83.0	26.257915430391886	23.839397389660725	23.711236125211034	26.19145105473636	0.0
84.0	26.20266867088075	23.812755551317792	23.72357550296986	26.2610002748316	0.0
85.0	26.239125923350027	23.735353999921475	23.809109826070863	26.216410250657635	0.0
86.0	26.179392117381134	23.7303060726565	23.849773684594286	26.24052812536808	0.0
87.0	26.298298848511703	23.735914880728696	23.71151656561464	26.25426970514496	0.0
88.0	26.26128071523521	23.719649337319325	23.877537284551657	26.14153266289381	0.0
89.0	26.213886287025147	23.719368896915714	23.816681716968326	26.250063099090816	0.0
90.0	26.165370097200647	23.67870503839229	23.719088456512107	26.43683640789496	0.0
91.0	26.103319563748133	23.922621100837674	23.80904305589442	26.165016279519776	0.0
92.0	26.26204838705154	23.810164814362995	23.85447427387172	26.073312524713742	0.0
93.0	26.284763996040194	23.765574915237124	23.647229396802427	26.30243169192025	0.0
94.0	26.174270786885522	23.805677780488693	23.781559973414325	26.23849145921146	0.0
95.0	26.221104202948542	23.71621754261981	23.799788548528674	26.262889705902975	0.0
96.0	26.114183474300585	23.839544118636844	23.754010275278755	26.292262131783815	0.0
97.0	26.327036546788413	23.690070221883204	23.670719942566127	26.312173288762253	0.0
98.0	26.288335988154266	23.74195140555942	23.85272474367891	26.11698786260741	0.0
99.0	26.250757184842843	23.821596033473178	23.70857918470823	26.219067596975748	0.0
100.0	26.2530006954883	23.782615036008345	23.807574091939067	26.15681017656429	0.0
101.0	26.30572319565656	23.675206963857043	23.746157988019654	26.27291185246674	0.0
102.0	26.119231373252866	23.846274650573218	23.791589078590178	26.242904897583742	0.0
103.0	26.142788235030174	23.8513225495255	23.90909294864604	26.096796266798282	0.0
104.0	26.390415722522604	23.71951629910484	23.712224889507098	26.177843088865455	0.0
105.0	26.258609472101945	23.82047427815045	23.74054921140601	26.180367038341597	0.0
106.0	26.124279272205147	23.86254010275279	23.74952325398784	26.26365737105423	0.0
107.0	26.26169429923945	23.708018307046867	23.768593094474234	26.26169429923945	0.0
108.0	26.273753168958784	23.823559105287956	23.70549435757073	26.197193368182532	0.0
109.0	26.20953267673255	23.81430462387544	23.724844636887802	26.251318062504208	0.0
110.0	26.244026652906467	23.737744823099185	23.807574091939067	26.21065443205528	0.0
111.0	26.185695376124556	23.72877078051735	23.845713772911854	26.239820070446235	0.0
112.0	26.29646871424405	23.73101429116281	23.717833666120747	26.254683328472396	0.0
113.0	26.256085522625806	23.7169923496287	23.884694770376687	26.142227357368807	0.0
114.0	26.217384963991652	23.720077176766203	23.80673277544702	26.255805083795124	0.0
115.0	26.171953873421128	23.670439503735448	23.72232068741166	26.435285935431764	0.0
116.0	26.09840570971858	23.928376123504915	23.812274773195732	26.160943393580773	0.0
117.0	26.258816271015327	23.809189954709257	23.847890404812315	26.0841033694631	0.0
118.0	26.28770138957051	23.753943659996914	23.65046202167786	26.30789292875472	0.0
119.0	26.164028212067247	23.800776813382505	23.78787666334815	26.2473183112021	0.0
120.0	26.22432239157564	23.707110506611325	23.794887614453778	26.273679487359253	0.0
121.0	26.11839005676082	23.840946312790255	23.7422318443901	26.298431786058824	0.0
122.0	26.321427770174772	23.69455724317412	23.673804769703633	26.31021021694748	0.0
123.0	26.286933794000856	23.745036232696922	23.85665088730846	26.111379085993764	0.0
124.0	26.249354990689433	23.815987256859533	23.70717699055482	26.227480761896217	0.0
125.0	26.245148408229195	23.796356538711777	23.810378480245888	26.14811657281314	0.0
126.0	26.31750162654522	23.67100038139681	23.736623067776456	26.274874924281516	0.0
127.0	26.120072689744912	23.84375070109708	23.797197855203823	26.23897875395419	0.0
128.0	26.143909990352903	23.84907903888004	23.915543041751732	26.091467929015323	0.0
129.0	26.382002557602135	23.721479370919614	23.71474883898324	26.181769232495007	0.0
130.0	26.260292105086037	23.814585062706122	23.736623067776456	26.188499764431384	0.0
131.0	26.132972875956295	23.854687815493687	23.751486325802613	26.2608529827474	0.0
132.0	26.25524420613376	23.70353128575595	23.766349583828774	26.274874924281516	0.0
133.0	26.26646175936105	23.829728759562965	23.701568213941176	26.202241267134813	0.0
134.0	26.2093257390285	23.801471186231538	23.724069851899838	26.265133222840127	0.0
135.0	26.230639149931434	23.73949403084275	23.812969210534433	26.216897608691387	0.0
136.0	26.18156221693126	23.737811393139886	23.83400218182022	26.24662420810863	0.0
137.0	26.28708123236731	23.737036642343135	23.722173300951816	26.25370882433774	0.0
138.0	26.25370882433774	23.71628405247601	23.882865652220246	26.147141470966005	0.0
139.0	26.20715571733851	23.72890387063845	23.804622779613105	26.259317632409935	0.0
140.0	26.16789406083313	23.671974468705656	23.719088456512107	26.441043013949106	0.0
141.0	26.10269785181446	23.9200179482865	23.81569353300802	26.161590666891023	0.0
142.0	26.255258287060407	23.804195411969264	23.851870547983623	26.088675752986706	0.0
143.0	26.283863368669024	23.76016602165012	23.65696337427786	26.299007235402993	0.0
144.0	26.164675528633126	23.799147456391275	23.779796960008976	26.256380054966627	0.0
145.0	26.214594200459924	23.713332211565426	23.79494082674295	26.2771327612317	0.0
146.0	26.121841162827874	23.841561056596152	23.738638562562574	26.2979592180134	0.0
147.0	26.32684482260593	23.689000193505507	23.671332299434347	26.31282268445422	0.0
148.0	26.281693537757413	23.752660700714287	23.856144080273936	26.109501681254365	0.0
149.0	26.237664023961027	23.818564750027342	23.71480092770466	26.22897029830697	0.0
150.0	26.230933397648208	23.793605344117292	23.817442978975205	26.15801827925929	0.0
151.0	26.31170091340208	23.665162558647594	23.74368653229719	26.279449995653138	0.0
152.0	26.107892242370532	23.8472367897066	23.798159168540963	26.2467117993819	0.0
153.0	26.149958774798222	23.8472367897066	23.90949525769958	26.093309177795604	0.0
154.0	26.38020292895243	23.720195861774982	23.71655009563125	26.183051113641337	0.0
155.0	26.255685992966477	23.831531950933595	23.728328724711005	26.184453331388923	0.0
156.0	26.123597081143537	23.844712797760938	23.75581219256376	26.275877928531767	0.0
157.0	26.25232067037226	23.70701501494764	23.76787126519303	26.27279304948707	0.0
158.0	26.27111038818996	23.83237328158215	23.701406143957282	26.195110186270604	0.0
159.0	26.21201030913379	23.803273907178536	23.72054282805677	26.264172955630897	0.0
160.0	26.23164141265421	23.73680859954512	23.8203810116749	26.211168976125776	0.0
161.0	26.176954767133047	23.737930376889143	23.849827666955527	26.235287189022287	0.0
162.0	26.28892578300278	23.744727631697028	23.71612222920219	26.250224356098002	0.0
163.0	26.262563941487933	23.7138786682222	23.888595979538724	26.134961410751146	0.0
164.0	26.21180337431571	23.73603383289958	23.813156241586647	26.239006551198063	0.0
165.0	26.166371264470968	23.674616351072423	23.720889796284663	26.438122588171947	0.0
166.0	26.106221990386285	23.92266401924986	23.82282499565308	26.14828899471078	0.0
167.0	26.256541419172457	23.803193726968317	23.8620875330226	26.078177320836627	0.0
168.0	26.282062068462647	23.763089849512305	23.648667597749697	26.306180484275355	0.0
169.0	26.167078923309045	23.79730434636289	23.78159933141508	26.25401739891299	0.0
170.0	26.22429004919035	23.70728095710848	23.79870657984037	26.269722413860798	0.0
171.0	26.123963395994647	23.836914180266035	23.74576874861529	26.293353675124028	0.0
172.0	26.337383929798385	23.68827701480482	23.668926138546663	26.305412916850123	0.0
173.0	26.284940250663958	23.75025590832733	23.86383713853825	26.100966702470462	0.0
174.0	26.237264178723574	23.827378965877955	23.717724000415064	26.217632854983414	0.0
175.0	26.235581493831557	23.780824683865575	23.823452701129924	26.16014112117294	0.0
176.0	26.3143872362742	23.66219539897861	23.744927406169282	26.278489958577904	0.0
177.0	26.116184108679313	23.84988165083069	23.791267962711597	26.242666277778405	0.0
178.0	26.13918086669733	23.85128389217325	23.911299821634902	26.09823541949452	0.0
179.0	26.38569489471972	23.720594999046476	23.719473205972427	26.174236900261377	0.0
180.0	26.253323311981873	23.83698103047912	23.733495619398045	26.176200038140962	0.0
181.0	26.123756211929148	23.859136443691597	23.752285653388373	26.264821690990882	0.0
182.0	26.255847346398483	23.708535723500443	23.776404204480443	26.259212725620635	0.0
183.0	26.26650438060195	23.840346409701265	23.700683171982096	26.192466037714684	0.0
184.0	26.217499460135567	23.799748156748585	23.718137481735756	26.26461490138009	0.0
185.0	26.233765505327128	23.735244874092395	23.81741644721528	26.21357317336519	0.0
186.0	26.177114796211693	23.733562179762234	23.856959763974075	26.232363260051994	0.0
187.0	26.29161174523936	23.742042235746137	23.713716801750007	26.252629217264495	0.0
188.0	26.26020136298623	23.71091230333455	23.895448299071713	26.133438034607508	0.0
189.0	26.20298959531088	23.732787390975123	23.814398294864965	26.249824718849034	0.0
190.0	26.167933365117648	23.670247076310403	23.719325798580922	26.442493759991027	0.0
191.0	26.103295865024347	23.928675596239707	23.820140898790694	26.147887639945257	0.0
192.0	26.2625922685154	23.8010702025981	23.86164770815104	26.074689820735458	0.0
193.0	26.283065221780976	23.76180700455453	23.654674564178503	26.30045320948599	0.0
194.0	26.168641044625428	23.789291243185033	23.78732808328285	26.254739628906687	0.0
195.0	26.230620807251352	23.70599717304974	23.792656660160194	26.270725359538716	0.0
196.0	26.129170674796043	23.843765687795003	23.732706616147876	26.294357021261085	0.0
197.0	26.3330594250169	23.690919238179642	23.661191304859955	26.314830031943504	0.0
198.0	26.285663003026077	23.74785103500885	23.85750784565033	26.108978116314745	0.0
199.0	26.243314720655587	23.824414485917092	23.714757675275614	26.217513118151707	0.0
200.0	26.234901154621713	23.78150529914434	23.82553629472161	26.15805725151234	0.0
201.0	26.312025509932212	23.667922157687055	23.738315660170457	26.281736672210272	0.0
202.0	26.121671724168877	23.841308481459254	23.79082694367943	26.24619285069244	0.0
203.0	26.13653573251516	23.862062002546512	23.914506711239994	26.086895553698337	0.0
204.0	26.385297532574615	23.727164115479322	23.712580560120706	26.174957791825353	0.0
205.0	26.260776406051058	23.826164020125308	23.732212269257307	26.180847304566335	0.0
206.0	26.12363489508254	23.85897701968219	23.74735673059125	26.27003135464402	0.0
207.0	26.25544779928541	23.71033693621938	23.77652384130848	26.25769142318673	0.0
208.0	26.276762226347998	23.829529455977294	23.6954729278731	26.198235389801606	0.0
209.0	26.22158652700069	23.802392270693986	23.716573415786744	26.259447786518585	0.0
210.0	26.23280467796895	23.735924726207003	23.80940361504915	26.221866980774895	0.0
211.0	26.182322998611752	23.736766087529624	23.850910773631735	26.23000014022689	0.0
212.0	26.286164615608982	23.743002658709237	23.715798566316284	26.255034159365497	0.0
213.0	26.262886887066557	23.709348111418986	23.89136312134708	26.136401880167377	0.0
214.0	26.20960052052366	23.725614475942606	23.815920844504774	26.248864159028955	0.0
215.0	26.17117824570063	23.667840836427683	23.720005384727568	26.44097553314412	0.0
216.0	26.103174202522982	23.92739551606733	23.825589939477567	26.14384034193212	0.0
217.0	26.25462051480528	23.80511664170607	23.862610149146573	26.077652694342078	0.0
218.0	26.280142022986187	23.759121835753668	23.655913978494624	26.30482216276552	0.0
219.0	26.165715920372897	23.789691554343985	23.786045624603855	26.258546900679264	0.0
220.0	26.229379462758228	23.70583517032101	23.790252466611697	26.27453290030906	0.0
221.0	26.127086248916736	23.83967960601412	23.731423234734027	26.301810910335117	0.0
222.0	26.331258886978663	23.69243972279638	23.65878489234661	26.317516497878344	0.0
223.0	26.295079944245163	23.742921968471034	23.850897882830708	26.1111002044531	0.0
224.0	26.249085009297147	23.815840767778866	23.71319353490707	26.221880688016917	0.0
225.0	26.240951758605117	23.77236994511458	23.825376303072968	26.16130199320733	0.0
226.0	26.311907359470048	23.668600884561126	23.737873743903567	26.281618012065255	0.0
227.0	26.121830827911154	23.83497868521427	23.789264078976892	26.253926407897687	0.0
228.0	26.142584698227505	23.85517164011667	23.910982723805247	26.091260937850574	0.0
229.0	26.383217410814446	23.72419789095804	23.710455463316134	26.18212923491138	0.0
230.0	26.253645950190712	23.836380973749158	23.73092887592551	26.179044200134623	0.0
231.0	26.12463540498093	23.853769351581782	23.750560915413956	26.271034328023333	0.0
232.0	26.246914965223244	23.703724478348665	23.78645950190711	26.262901054520977	0.0
233.0	26.262901054520977	23.836380973749158	23.703444020641687	26.197273951088174	0.0
234.0	26.207724387829224	23.801951430198088	23.721740301044147	26.268583880928542	0.0
235.0	26.228197857858028	23.729593138863414	23.819059398304347	26.22314960497421	0.0
236.0	26.188933668761692	23.732958640785956	23.848507540126597	26.229600150325755	0.0
237.0	26.288850621778227	23.743963113995477	23.71171029678201	26.255475967444287	0.0
238.0	26.252951833923234	23.708064326140487	23.8900823989365	26.148901440999783	0.0
239.0	26.203030082062384	23.732744742790793	23.801457266419487	26.26276790872733	0.0
240.0	26.17697958359395	23.664967870596058	23.71657686514626	26.441475680663736	0.0
241.0	26.096152281786384	23.926709060665306	23.826567965508826	26.150570692039484	0.0
242.0	26.25026299917243	23.80402003001697	23.867981428751772	26.07773554205883	0.0
243.0	26.277634384468634	23.762765121759625	23.658399730669956	26.301200763101782	0.0
244.0	26.162332324215736	23.782255055174137	23.796283566721005	26.259129053889126	0.0
245.0	26.23299952018452	23.70064003456916	23.794358380075593	26.27200206517073	0.0
246.0	26.132648622862032	23.838587924962468	23.73728444949559	26.291479002679914	0.0
247.0	26.32819669462772	23.69832374013903	23.65987612571528	26.313603439517973	0.0
248.0	26.279332807557697	23.757855059935615	23.853280531239214	26.109531601267477	0.0
249.0	26.261651029051443	23.808655090247235	23.712668292641855	26.217025588059467	0.0
