# Position (bp)	A	C	G	T	N
0.0	26.19617663398278	23.693984078238284	23.8070663745139	26.30277291326503	0.0
1.0	26.159160768167844	23.764135247172952	23.865937226812555	26.21076675784665	0.0
2.0	26.38507025810654	23.758604256375115	23.707845841052844	26.1484796444655	0.0
3.0	26.21723057661778	23.676040571062806	23.810544303047905	26.296184549271505	0.0
4.0	26.27723436711377	23.843305992054205	23.689916622727004	26.18954301810502	0.0
5.0	26.2761971088373	23.771876154251732	23.71210177434044	26.239824962570523	0.0
6.0	26.2458237591102	23.7636212413832	23.703849894977232	26.286705104529375	0.0
7.0	26.205035819102957	23.678104533703223	23.78298219053338	26.33387745666044	0.0
8.0	26.163882295231705	23.712357421952085	23.828787938587837	26.294972344228373	0.0
9.0	26.40512152630956	23.630115747396673	23.680857421533638	26.28390530476013	0.0
10.0	26.264277740818837	23.707533234859675	23.860317746682153	26.16787127763934	0.0
11.0	26.19972487512262	23.863700429600733	23.823672015064215	26.11290268021243	0.0
12.0	26.246236765253084	23.69625762513108	23.750662442071555	26.306843167544287	0.0
13.0	26.383799203941955	23.655665430108133	23.75263567377406	26.207899692175857	0.0
14.0	26.21917530190445	23.651155186216695	23.763629393259443	26.366040118619416	0.0
15.0	26.26512341154848	23.68131744224069	23.59111256441192	26.46244658179891	0.0
16.0	26.233833594551626	23.649463844757403	23.813805856551692	26.30289670413928	0.0
17.0	26.226504448228038	23.77011286885338	23.739668722586174	26.263713960332407	0.0
18.0	26.197187862933692	23.775468783474466	23.70837890558932	26.318964448002525	0.0
19.0	26.19155005806939	23.845659454034976	23.63255043016451	26.330240057731118	0.0
20.0	26.349972374756163	23.67257884470103	23.76644829569159	26.211000484851215	0.0
21.0	26.20141621658191	23.77969713712269	23.68610957637534	26.332777069920056	0.0
22.0	26.390490177562164	23.814302506842864	23.66067275735802	26.13453455823695	0.0
23.0	26.31071546360948	23.744957702488236	23.601757862601445	26.342568971300835	0.0
24.0	26.275479282534974	23.87829141167417	23.65108851610575	26.1951407896851	0.0
25.0	26.202469915348598	23.691680596703584	23.809510386216733	26.296339101731082	0.0
26.0	26.16659619450317	23.753629316420014	23.862438336856943	26.217336152219872	0.0
27.0	26.39210711768851	23.745736434108526	23.707681465821	26.15447498238196	0.0
28.0	26.22297392529951	23.680902043692743	23.808597603946442	26.28752642706131	0.0
29.0	26.281888653981678	23.841578576462297	23.686257928118394	26.190274841437635	0.0
30.0	26.28357998590557	23.76180408738548	23.718393234672305	26.236222692036648	0.0
31.0	26.253417899929527	23.77505285412262	23.694714587737845	26.276814658210007	0.0
32.0	26.207470049330517	23.68062015503876	23.788301620859762	26.323608174770964	0.0
33.0	26.15983086680761	23.726568005637773	23.83819591261452	26.2754052149401	0.0
34.0	26.392389006342494	23.645102184637068	23.685130373502467	26.277378435517974	0.0
35.0	26.26356589147287	23.712473572938688	23.86384778012685	26.160112755461597	0.0
36.0	26.2015503875969	23.8692036645525	23.816490486257926	26.11275546159267	0.0
37.0	26.245806906272023	23.703453136011277	23.74291754756871	26.307822410147992	0.0
38.0	26.381959126145173	23.658632840028186	23.752501761804087	26.20690627202255	0.0
39.0	26.221000704721636	23.64707540521494	23.749964763918253	26.381959126145173	0.0
40.0	26.26582100070472	23.67188160676533	23.59154334038055	26.470754052149402	0.0
41.0	26.2522903453136	23.646229739252995	23.802959830866808	26.298520084566597	0.0
42.0	26.23565891472868	23.755602536997884	23.733897110641298	26.274841437632134	0.0
43.0	26.20014094432699	23.7784355179704	23.701761804087383	26.319661733615224	0.0
44.0	26.191120507399578	23.84693446088795	23.627906976744185	26.33403805496829	0.0
45.0	26.354052149400985	23.671599718111345	23.7615221987315	26.212825933756168	0.0
46.0	26.19478505990134	23.77815362931642	23.685130373502467	26.341930937279773	0.0
47.0	26.387522515792767	23.805147836087848	23.66984166358939	26.137487984529994	0.0
48.0	26.29844595223128	23.731575104791812	23.607262558808856	26.36271638416805	0.0
49.0	26.271666605590966	23.869136380165244	23.66335824282384	26.195838771419954	0.0
50.0	26.201476528607387	23.683090392979864	23.809376153978423	26.306056924434323	0.0
51.0	26.166166786938483	23.745602561789646	23.860612484214325	26.22761816705755	0.0
52.0	26.383501713873354	23.744193126465813	23.72023272596067	26.152072433700162	0.0
53.0	26.231000811834747	23.681896085152445	23.808463377232545	26.278639725780263	0.0
54.0	26.291606530759516	23.838061519033015	23.67541268266282	26.194919267544652	0.0
55.0	26.287941998917553	23.768999188165253	23.713749323471045	26.229309489446152	0.0
56.0	26.256652534728488	23.77379126826628	23.689507035901137	26.280049161104095	0.0
57.0	26.202248331228578	23.677949666245716	23.787039960310302	26.332762042215407	0.0
58.0	26.160529045643155	23.723615370737868	23.842853599134042	26.273001984484935	0.0
59.0	26.39393153526971	23.644686992603283	23.68386929460581	26.2775121775212	0.0
60.0	26.260598953635217	23.71966895183114	23.85863927476096	26.161092819772687	0.0
61.0	26.203939653617176	23.866813999639184	23.809590925491612	26.11965542125203	0.0
62.0	26.248195922785495	23.695990438390762	23.752649738408806	26.303163900414937	0.0
63.0	26.391112664622046	23.652297943351975	23.75462294786217	26.20196644416381	0.0
64.0	26.223389861086055	23.653425491611042	23.75208596427927	26.371098683023636	0.0
65.0	26.269337452642972	23.66836550604366	23.589719014973838	26.472578026339527	0.0
66.0	26.247350261591194	23.64806963738048	23.80338941006675	26.301190690961572	0.0
67.0	26.228745715316613	23.7577237055746	23.74221991701245	26.271310662096337	0.0
68.0	26.212678152624928	23.78083844488544	23.690634584160204	26.315848818329425	0.0
69.0	26.20140267003428	23.83214189067292	23.623827349810572	26.34262808948223	0.0
70.0	26.346856395453727	23.66751984484936	23.773509381201517	26.2121143784954	0.0
71.0	26.197456251127548	23.772099945877684	23.677949666245716	26.352494136749055	0.0
72.0	26.382581683593937	23.799375903797852	23.674500286114565	26.143542126493646	0.0
73.0	26.28899544189901	23.735105834200134	23.622915098674287	26.352983625226567	0.0
74.0	26.25573286201949	23.87379387912153	23.663788607848275	26.206684651010704	0.0
75.0	26.19569108647425	23.690567803513996	23.80557740174149	26.30816370827026	0.0
76.0	26.16827435349566	23.743777378126815	23.863860590719202	26.22408767765832	0.0
77.0	26.384480513257074	23.74405926360238	23.713897517716504	26.15756270542404	0.0
78.0	26.231416700023114	23.67330600923457	23.80410086989858	26.291176420843737	0.0
79.0	26.291740191794876	23.838490897917993	23.680353146123792	26.189415764163336	0.0
80.0	26.29596847392841	23.76153616308766	23.707696037253985	26.23479932572994	0.0
81.0	26.24692040117941	23.771965925683713	23.690501023244277	26.2906126498926	0.0
82.0	26.20463757984406	23.688527824915294	23.7784492916218	26.328385303618845	0.0
83.0	26.175039604909315	23.7175620288989	23.840182210771406	26.267216155420375	0.0
84.0	26.395192161328694	23.634687699081617	23.68317200087948	26.286948138710205	0.0
85.0	26.26637049899367	23.71136054843638	23.85681345382998	26.16545549873997	0.0
86.0	26.2052013507952	23.86527001809705	23.81396686154349	26.11556176956426	0.0
87.0	26.253121881641928	23.701494556791467	23.746032461931364	26.29935109963524	0.0
88.0	26.39350084847528	23.651882713091325	23.760408621185388	26.19420781724801	0.0
89.0	26.222960135756047	23.657520422602705	23.750260744064903	26.36925869757635	0.0
90.0	26.275954605163015	23.669077727101033	23.591277335843994	26.46369033189196	0.0
91.0	26.2497392559351	23.654419682371447	23.80381898442301	26.292022077270445	0.0
92.0	26.2297253871697	23.75899919380754	23.742367950748967	26.268907468273788	0.0
93.0	26.21281225863556	23.777039864243953	23.69275610704883	26.31739177007166	0.0
94.0	26.20491946531963	23.835672043162305	23.61439194484065	26.345016546677414	0.0
95.0	26.357983278553586	23.660339277358393	23.766046330696764	26.215631113391254	0.0
96.0	26.217604311720233	23.77591232234168	23.66231247568738	26.344170890250705	0.0
97.0	26.382151062000535	23.81051711744725	23.67211173908754	26.135220081464674	0.0
98.0	26.291666079406916	23.72482417443024	23.62757395949317	26.355935786669672	0.0
99.0	26.25643049428479	23.861256360023113	23.668729122915817	26.21358402277628	0.0
100.0	26.19779848064157	23.692407436117886	23.815591041704838	26.294203041535706	0.0
101.0	26.169818128516503	23.750690615521656	23.862034750645513	26.217456505316328	0.0
102.0	26.385177417718094	23.74618047333942	23.720529039677977	26.148113069264507	0.0
103.0	26.22224853138495	23.67711892117399	23.811013767209012	26.28961878023205	0.0
104.0	26.28651805748176	23.842302878598247	23.681910947242613	26.18926811667738	0.0
105.0	26.289900664118438	23.75858336434056	23.721092807450756	26.23042316409025	0.0
106.0	26.244517358409723	23.773523210319205	23.69431383824375	26.28764559302732	0.0
107.0	26.21717462142994	23.682192831129	23.77718770084227	26.323444846598786	0.0
108.0	26.16953624463011	23.72447541408743	23.837228968643238	26.268759372639224	0.0
109.0	26.393070166537	23.64160155148891	23.684447902220118	26.280880379753974	0.0
110.0	26.272705747048676	23.69966963208515	23.86344417007746	26.16418045078871	0.0
111.0	26.214637666452433	23.862316634531904	23.808476812231504	26.114568886784156	0.0
112.0	26.258047784956425	23.696568909334868	23.741670331157188	26.303712974551523	0.0
113.0	26.391096979332275	23.652031255285323	23.759429015999732	26.197442749382677	0.0
114.0	26.234369538499703	23.651185603626153	23.75153626718082	26.362908590693323	0.0
115.0	26.28200791529953	23.66725298515036	23.588043613074902	26.462695486475212	0.0
116.0	26.25128257168307	23.650621835853375	23.81044999943623	26.28764559302732	0.0
117.0	26.229577512431078	23.76422104206835	23.735468885656623	26.27073255984395	0.0
118.0	26.215201434225214	23.768731184250584	23.692622534925416	26.323444846598786	0.0
119.0	26.20561738208797	23.83384636200656	23.610312440099673	26.350223815805794	0.0
120.0	26.368264384534722	23.65879646855867	23.75379133827194	26.21914780863467	0.0
121.0	26.219711576407445	23.77014060368253	23.662179075195343	26.347968744714677	0.0
122.0	26.376513368380994	23.804879423827714	23.679158856111965	26.139448351679327	0.0
123.0	26.292511733449846	23.725387943792196	23.627855844174146	26.35424447858381	0.0
124.0	26.246282645769615	23.86802159236656	23.672675508449494	26.213020253414328	0.0
125.0	26.19779848064157	23.693253090160816	23.818691773195585	26.290256656002033	0.0
126.0	26.175885261336024	23.74293172170011	23.864142476194772	26.217040540769098	0.0
127.0	26.392655192048576	23.751106400491608	23.718971456276744	26.137266951183076	0.0
128.0	26.220705051951494	23.679789375172653	23.80381898442301	26.295686588452842	0.0
129.0	26.291176420843737	23.83651769958901	23.68317200087948	26.189133878687766	0.0
130.0	26.29709601583069	23.75815353738083	23.711078662960812	26.233671783827667	0.0
131.0	26.245792859277135	23.771120269257008	23.691064794195416	26.292022077270445	0.0
132.0	26.22098693742706	23.68148068802607	23.787751512315577	26.309780862231293	0.0
133.0	26.178140345140577	23.73334761553076	23.833416959357752	26.255095079970907	0.0
134.0	26.3878631389639	23.643989919775393	23.687682168488585	26.280464772772117	0.0
135.0	26.27144443755391	23.702903984169314	23.864988132621477	26.160663445655295	0.0
136.0	26.218168082671372	23.85709533930555	23.813121205116786	26.111615372906293	0.0
137.0	26.253121881641928	23.694447419902243	23.747160003833642	26.30527069462219	0.0
138.0	26.393218962999715	23.646808774531085	23.760408621185388	26.199563641283817	0.0
139.0	26.2333898983521	23.65357402594474	23.749978858589333	26.363057217113834	0.0
140.0	26.28131042919882	23.66795018519876	23.585357740857045	26.465381644745374	0.0
141.0	26.250303026886236	23.65019140023791	23.81171177773894	26.28779379513691	0.0
142.0	26.231134814547545	23.759844850234245	23.736448355762022	26.27257197945619	0.0
143.0	26.213449921494675	23.769777845430482	23.697333073997964	26.31943915907688	0.0
144.0	26.212040490143846	23.840249412971843	23.608820785166017	26.338889311718294	0.0
145.0	26.366796052464675	23.66491615292894	23.755401645652043	26.212886148954347	0.0
146.0	26.210067286252688	23.776261229644287	23.66237917649745	26.351292307605572	0.0
147.0	26.387448132780083	23.799161104095255	23.674285134403753	26.13910562872091	0.0
148.0	26.291324643694754	23.72474291899693	23.63566660653076	26.348265830777557	0.0
149.0	26.242914043935038	23.857015202212256	23.677452635792427	26.222618118060275	0.0
150.0	26.192248062015505	23.691613812544045	23.819591261451727	26.296546863988723	0.0
151.0	26.17491853371971	23.74756164939619	23.86595555154645	26.21156426533765	0.0
152.0	26.394792923427335	23.748407320125835	23.725292320182216	26.131507436264616	0.0
153.0	26.21410127752658	23.686955247104986	23.807040490714535	26.2919029846539	0.0
154.0	26.285983289546383	23.841149210143538	23.682726893456763	26.19014060685332	0.0
155.0	26.291339204167464	23.7515081128012	23.72219152750685	26.234961155524484	0.0
156.0	26.247928106712372	23.763911283502654	23.70386866169788	26.28429194808709	0.0
157.0	26.221712314093388	23.676807198349252	23.78618061271663	26.31529987484073	0.0
158.0	26.183657131259373	23.730930125046513	23.828182258955653	26.257230484738464	0.0
159.0	26.397611825859485	23.637342564299164	23.684982015402483	26.280063594438868	0.0
160.0	26.272170667628853	23.7061237836436	23.863418539357518	26.158287009370028	0.0
161.0	26.21410127752658	23.8631366491143	23.811550734605973	26.111211338753144	0.0
162.0	26.25469347254953	23.701895429995375	23.74756164939619	26.295849448058906	0.0
163.0	26.390000789292685	23.660457564242787	23.757991588395143	26.19155005806939	0.0
164.0	26.23298792382198	23.65200085694634	23.760246710340862	26.354764508890817	0.0
165.0	26.276399021277076	23.668914271539236	23.588575552222988	26.466111154960704	0.0
166.0	26.25018322865809	23.65087329597348	23.816906649227057	26.282036826141375	0.0
167.0	26.231578472605904	23.768985307880524	23.734594698208305	26.264841521305264	0.0
168.0	26.215584627917927	23.771589329860436	23.688149582660316	26.32467645956132	0.0
169.0	26.205584292942817	23.82669241285994	23.61640051304458	26.351322781152657	0.0
170.0	26.372464728185037	23.653328447194465	23.762139001254422	26.21206782336608	0.0
171.0	26.213477286501575	23.766367390660896	23.661503333380317	26.358651989457215	0.0
172.0	26.38945267573236	23.79744266287802	23.675100917844983	26.13800374354464	0.0
173.0	26.29248133865548	23.717948717948715	23.630843650632567	26.35872629276323	0.0
174.0	26.259573832323685	23.85501616663331	23.676295233450695	26.20911476759231	0.0
175.0	26.19650337428328	23.692148096362992	23.819282746333954	26.292065783019776	0.0
176.0	26.181146755370133	23.742177369340926	23.864520493882843	26.2121553814061	0.0
177.0	26.39764334442127	23.74358685234256	23.717652365112478	26.141117438123697	0.0
178.0	26.214128657608388	23.69030839488076	23.808986863618426	26.286576083892427	0.0
179.0	26.283549313720794	23.845136847090394	23.682482050183374	26.18883178900544	0.0
180.0	26.28636828767065	23.762822807754432	23.722793377666395	26.228015526908514	0.0
181.0	26.25141301069237	23.771561626999006	23.697986406907614	26.279038955401013	0.0
182.0	26.22547845035364	23.67036046219897	23.7879116759082	26.31624941153919	0.0
183.0	26.188267994215465	23.727867530776148	23.825122132046378	26.25874234296201	0.0
184.0	26.405047090959833	23.63484139043071	23.677971691863593	26.28213982674586	0.0
185.0	26.269736341366468	23.7084166105221	23.862614485579538	26.15923256253189	0.0
186.0	26.22265947640378	23.867406741294303	23.805389314397345	26.10454446790457	0.0
187.0	26.255641471617157	23.691220869427944	23.758594346829643	26.294543312125253	0.0
188.0	26.396308271715263	23.651473336734895	23.758594346829643	26.193624044720202	0.0
189.0	26.241546601867853	23.660494053374453	23.743653784895375	26.354305559862322	0.0
190.0	26.27847516061104	23.67036046219897	23.59001970462791	26.46114467256208	0.0
191.0	26.2547957794322	23.65260092631484	23.821175568516573	26.271427725736384	0.0
192.0	26.22491465556367	23.781146138428536	23.728149428171132	26.265789777836662	0.0
193.0	26.208074691744333	23.77585711144563	23.69579802558508	26.320270171224962	0.0
194.0	26.202792491338656	23.847808376346418	23.60903993662911	26.34035919568582	0.0
195.0	26.367985296148976	23.658372258884754	23.772823246517845	26.20081919844843	0.0
196.0	26.20645717813479	23.773668943470796	23.680360379661554	26.339513498732863	0.0
197.0	26.38779261197059	23.798543141942176	23.68211853321907	26.13154571286816	0.0
198.0	26.2888457895449	23.727504397636555	23.63278607189572	26.350863740922826	0.0
199.0	26.248608115917516	23.86231975982071	23.676829182347387	26.212242941914386	0.0
200.0	26.187509514171182	23.70001183985747	23.820665625510944	26.291813020460403	0.0
201.0	26.178636266251704	23.74384042037369	23.857729215294928	26.219794098079678	0.0
202.0	26.386398746095647	23.73989377896553	23.729181466571948	26.14452600836688	0.0
203.0	26.209363688643823	23.675901807561765	23.815725674593775	26.299008829200638	0.0
204.0	26.278222089414232	23.83496226718274	23.68019710710369	26.206618536299338	0.0
205.0	26.279631608176334	23.75969396528637	23.72614741874829	26.234527007788998	0.0
206.0	26.249186002914886	23.7695605966211	23.69541990973442	26.285833490729594	0.0
207.0	26.238473660322892	23.661309555691496	23.77914532420341	26.321071459782203	0.0
208.0	26.179837679819357	23.725301707491028	23.83834511221179	26.25651550047783	0.0
209.0	26.394648339164046	23.638193447992986	23.684143759637585	26.28301445320539	0.0
210.0	26.258770730497194	23.710924616117566	23.873301177511973	26.15700347587327	0.0
211.0	26.21479374511954	23.867945006215976	23.81917565704717	26.09808559161731	0.0
212.0	26.256797404230248	23.685271374647268	23.75884825402911	26.299082967093373	0.0
213.0	26.392393109144674	23.647778175575297	23.763640617820265	26.196188097459768	0.0
214.0	26.246085061638258	23.666665726987492	23.740806413874175	26.346442797500075	0.0
215.0	26.280195415681177	23.65961813317697	23.595625981377438	26.464560469764415	0.0
216.0	26.24326602411405	23.650597213099502	23.82284040582864	26.28329635695781	0.0
217.0	26.223250857692165	23.778017709193726	23.724737899986188	26.27399353312792	0.0
218.0	26.212894313985284	23.76849998590477	23.704225749161335	26.314379950948606	0.0
219.0	26.201973901203452	23.841298568766582	23.611263809837933	26.345463720192036	0.0
220.0	26.364069472752437	23.66200677136631	23.770822233310497	26.203101522570748	0.0
221.0	26.2047929546217	23.774487002754217	23.669900120937392	26.350819921686696	0.0
222.0	26.385850567195146	23.79231411109357	23.693365057170563	26.12847026454072	0.0
223.0	26.28182720281455	23.73057666719289	23.639520985092805	26.348075144899752	0.0
224.0	26.240179067282725	23.85637405666893	23.68384701474655	26.21959986130179	0.0
225.0	26.190919188331275	23.685041412244946	23.831351522019812	26.29268787740397	0.0
226.0	26.17048747758821	23.74042917874178	23.857985363268345	26.231097980401664	0.0
227.0	26.396578748548166	23.734509083118144	23.719849798716748	26.149062369616942	0.0
228.0	26.2147472401078	23.687994046075257	23.810906507594638	26.2863522062223	0.0
229.0	26.283325298895193	23.84113801473262	23.679321611510954	26.19621507486123	0.0
230.0	26.289245411208185	23.77263385796805	23.72104430781201	26.217076423011758	0.0
231.0	26.24216642281442	23.78644745336502	23.69398093723835	26.277405186582207	0.0
232.0	26.226943276866738	23.67255576886754	23.79152183534758	26.308979118918142	0.0
233.0	26.166050693076002	23.74218756607268	23.839164643961627	26.252597096889684	0.0
234.0	26.39157878118983	23.64182756686203	23.675656780079105	26.290936871869036	0.0
235.0	26.260208669863527	23.706384982084614	23.87017475607728	26.163231591974583	0.0
236.0	26.207773389377063	23.879477789711974	23.81379273404882	26.09895608686214	0.0
237.0	26.25541619799111	23.686933184484797	23.762203183892783	26.295447433631313	0.0
238.0	26.384531028436275	23.657614533029996	23.75797453224065	26.199879906293077	0.0
239.0	26.241884512704278	23.67255576886754	23.738240824530692	26.34731889389749	0.0
240.0	26.28252295530728	23.659824476827616	23.593573359721013	26.464079208144092	0.0
241.0	26.26593252306886	23.641735668834702	23.81963298458693	26.27269882350951	0.0
242.0	26.23187465990758	23.77080378817141	23.724001432264867	26.273320119656145	0.0
243.0	26.226647042569628	23.76940558158944	23.70032650437313	26.303620871467803	0.0
244.0	26.211804645051416	23.841063337252614	23.614647391705226	26.332484625990748	0.0
245.0	26.365476908847896	23.66920634562568	23.769872376902647	26.195444368623775	0.0
246.0	26.20789225832285	23.773778572355102	23.673109134694016	26.34522003462803	0.0
247.0	26.37840795009757	23.78994506672081	23.704217567369408	26.12742941581221	0.0
248.0	26.28503585720288	23.73258958660579	23.638681221993167	26.343693334198154	0.0
249.0	26.249858996051888	23.851945854483926	23.684433164128595	26.213761985335587	0.0
