# Position (bp)	A	C	G	T	N
0.0	26.70973182470398	22.203266790596345	18.629106856569877	32.4578945281298	0.0
1.0	27.88263962118631	21.00009145006624	22.24729230921129	28.869976619536164	0.0
2.0	27.926017705703977	21.884972002521756	23.591931999996763	26.597078291777503	0.0
3.0	27.415515919999805	23.197401846967622	21.897516038156528	27.489566194876048	0.0
4.0	27.928746698088773	22.723704485419795	21.703187315481433	27.64419964261667	1.6185839332884448E-4
5.0	28.148064821049363	21.98312140674367	22.667539622934687	27.201274149272287	0.0
6.0	27.42625731599938	22.245251074739734	22.792818019371214	27.535673589889676	0.0
7.0	26.40086302825479	23.281530596471974	22.70482960776078	27.612776767512457	0.0
8.0	26.499191922625275	23.10696646054017	22.993422889509883	27.40041872732467	0.0
9.0	26.03538707189501	23.363269018952792	22.768358975728546	27.83298493342365	0.0
10.0	26.087667290630268	23.426150953871204	22.836986878959962	27.649194876538562	0.0
11.0	26.988813166198494	22.5991361624539	22.765121810481777	27.646928860865827	0.0
12.0	26.911525845931976	22.60868579993186	22.16292814545231	28.31686020868386	0.0
13.0	26.717619647650746	22.902620404338126	22.368892784277737	28.010867163733387	0.0
14.0	27.32167468269711	22.382165161789473	22.84629372904441	27.449866426469004	0.0
15.0	26.972141765177653	22.690424222412673	22.876965869757512	27.46046814265216	0.0
16.0	26.55252422006573	23.110284554918103	23.326122547746163	27.01106867727	0.0
17.0	26.767633850713267	22.92285268713041	23.564296980776902	26.74521648137942	0.0
18.0	26.429673798950997	23.40818468675166	23.02700847894507	27.135133035352272	0.0
19.0	26.21618275092684	23.591651027112068	23.083497012501123	27.10866920945997	0.0
20.0	27.011797039450524	22.87267662580555	22.99107594470598	27.124450390037946	0.0
21.0	26.745782985297605	22.862722342671745	22.339434580532174	28.052060091498475	0.0
22.0	26.76399203981066	22.937419930740848	22.402235586319417	27.896352443129075	0.0
23.0	27.47082707144181	22.409681066386973	22.6539251842554	27.465566677915813	0.0
24.0	27.25393699990855	22.56312269908364	22.531722196190017	27.651218104817794	0.0
25.0	27.022641543027188	22.958299646582482	22.92269082886807	27.096367981522263	0.0
26.0	27.448247843845625	22.646075058531995	23.37743161690739	26.52824548071499	0.0
27.0	26.98913688272317	23.054605312673747	22.957814071795468	26.99844373280762	0.0
28.0	26.802352447984823	23.44201306358035	22.952796465662985	26.80283802277184	0.0
29.0	27.47187915014701	22.785920597192245	22.94583656038244	26.79636369227831	0.0
30.0	27.109802217296338	22.83892917810802	22.41745026297921	27.63381834161643	0.0
31.0	26.9056989484878	22.948911867366867	22.421658577800006	27.72373060634533	0.0
32.0	27.573364280633093	22.283836267418984	22.55268284116282	27.590116610785103	0.0
33.0	27.495753243841904	22.377066626525817	22.197161167936848	27.930018961695435	0.0
34.0	27.361734602625827	22.681441088852903	22.45621531680922	27.50060899171205	0.0
35.0	27.924018334345675	22.29857467294074	22.754493939371763	27.022913053341824	0.0
36.0	27.59545220924028	22.585663917870015	22.514297780120273	27.304586092769433	0.0
37.0	27.30614551409232	22.94591997096153	22.799407681170777	26.94852683377537	0.0
38.0	27.83196410883878	22.47642353567891	22.848153419731815	26.84345893575049	0.0
39.0	27.559260377345794	22.592396070975386	22.403445674869094	27.444897876809726	0.0
40.0	27.32477520012931	22.850555938374637	22.43362342512484	27.39096036546462	8.507090660065164E-5
41.0	27.964392397025463	22.22537179565606	22.500906818673315	27.309242830101383	8.615854378275641E-5
42.0	27.59326396107274	22.331072309347945	22.08594105834806	27.98972267123126	0.0
43.0	27.598039172098837	22.462114105387833	22.213854015598063	27.725903788545004	8.891837026854237E-5
44.0	28.30607461812724	21.965817698014643	22.337947648040835	27.38988814350114	2.718923161418843E-4
45.0	27.932217586402746	22.151681171747384	22.146677822282882	27.769423419566984	0.0
46.0	27.632526491997773	22.560237587190358	22.446707239911	27.36052868090087	0.0
47.0	28.111297955325355	22.160570141773743	22.6407337313701	27.0873981715308	0.0
48.0	27.805092963277396	22.33261178326138	22.299920736785776	27.562374516675455	0.0
49.0	27.583338433022753	22.768021524492514	22.36008094503641	27.288559097448324	0.0
50.0	28.286819729166357	22.071806693074482	22.405689177580065	27.2356844001791	0.0
51.0	27.890646206686426	22.21001024845581	22.013793867545633	27.88554967731213	0.0
52.0	27.753737192220264	22.538479280916825	22.15061685044231	27.557166676420604	0.0
53.0	28.34976073137633	21.929981191819632	22.358402971216343	27.361855105587697	0.0
54.0	28.008601927019726	22.020537224492724	22.028579877776416	27.94228097071113	0.0
55.0	27.83751662833985	22.489894094232415	22.210048157734626	27.462541119693114	0.0
56.0	28.36556381932268	21.96701281190413	22.451714825126455	27.215708543646734	0.0
57.0	28.027244993676074	22.279233016245026	22.14641648896764	27.547105501111265	0.0
58.0	27.8127949728865	22.589956113204593	22.355381117894616	27.24186779601429	0.0
59.0	28.457215634688595	21.998385524882593	22.404018524630043	27.14038031579877	0.0
60.0	28.048544337063547	22.276663016186326	22.00165654783892	27.6731360989112	0.0
61.0	27.795698189107277	22.629146684362837	22.08919689952179	27.485958227008094	0.0
62.0	28.477085460375896	21.898052947182236	22.334126630333184	27.290734962108683	0.0
63.0	28.16639487852773	22.115104483936754	21.87919742412949	27.83930321340603	0.0
64.0	27.929352551268654	22.44574017500339	22.111726184303933	27.513181089424023	0.0
65.0	28.53072057066909	21.95149649220209	22.252014670502533	27.26576826662629	0.0
66.0	28.21559230059269	22.169489263752514	22.076749435665917	27.538168999988883	0.0
67.0	27.971387036046586	22.54543226922198	22.205205655678416	27.277975039053022	0.0
68.0	28.480117893895496	22.044160255769807	22.43156159456489	27.044160255769807	0.0
69.0	28.022236079232616	22.3886537619572	22.045029387181085	27.544080771629098	0.0
70.0	27.941259356118675	22.582345116782395	22.243326720173144	27.233068806925782	0.0
71.0	28.66493438147551	22.05015653359567	22.2797989432861	27.005110141642717	0.0
72.0	28.364897526209976	22.131353200301085	21.902680865524786	27.601068407964146	0.0
73.0	27.989445839069287	22.412408562096797	22.19241773962804	27.405727859205875	0.0
74.0	28.747830825935434	21.898260358254333	22.378705522968147	26.97520329284208	0.0
75.0	28.10287006409326	22.12859903898306	22.144259489851265	27.624271407072413	0.0
76.0	28.01735883742969	22.62383627053431	22.266735538030414	27.092069354005588	0.0
77.0	28.703114102913972	21.964626840456912	22.46711110533543	26.865147951293682	0.0
78.0	28.03983397891957	22.385606581747837	22.27203265019691	27.302526789135683	0.0
79.0	27.668651281798944	22.75992717610589	22.462234906263838	27.10918663583132	0.0
80.0	28.61420667593151	22.065186039803866	22.435954584786426	26.884652699478195	0.0
81.0	28.227596812526212	22.27596812526213	22.202152942821193	27.294282119390466	0.0
82.0	27.99859261600482	22.681543590141157	22.044642697406477	27.27522109644755	0.0
83.0	28.637551420051754	22.13907415295995	22.3018380880324	26.921536338955892	0.0
84.0	28.201732942199044	22.38293133420252	21.995192307692307	27.42014341590613	0.0
85.0	28.030324993476935	22.618357347867683	22.159568608123386	27.191749050531993	0.0
86.0	28.746594005449595	22.00195070596978	22.350291057716127	26.901164230864506	0.0
87.0	28.26870309762306	22.11891302191808	22.22470164302952	27.387682237429335	0.0
88.0	27.93525484793896	22.95044329059376	22.03472148634806	27.07958037511921	0.0
89.0	28.624665081701195	22.356504019019585	22.554624702818973	26.464206196460243	0.0
90.0	28.06937977464675	22.412368224788857	22.326701739533572	27.191550261030823	0.0
91.0	27.955565602092552	22.85981851648529	22.25164422342063	26.93297165800153	0.0
92.0	28.882680279617368	22.109547461368653	22.347544150110377	26.660228108903606	0.0
93.0	28.421363742718864	22.204844648596726	22.059529820326834	27.314261788357573	0.0
94.0	27.913600759553763	22.98045731466097	22.11540997441781	26.99053195136746	0.0
95.0	28.651019774887864	22.195266439109705	22.419532285819063	26.73418150018336	0.0
96.0	28.225903796245998	22.520972901201038	22.01852857746394	27.234594725089025	0.0
97.0	28.060671722643555	22.38159150078427	22.5222748661891	27.03546191038308	0.0
98.0	28.43015214384509	22.2372060857538	22.52939142461964	26.803250345781464	0.0
99.0	28.35476669311242	22.28823410026015	22.23288252550785	27.124116681119574	0.0
100.0	28.108374384236452	22.58522167487685	22.56551724137931	26.74088669950739	0.0
101.0	28.36837678721615	22.0878889823381	22.46846089150547	27.075273338940285	0.0
102.0	28.460174607805733	22.53069102497924	22.095293668783807	26.913840698431223	0.0
103.0	28.08291397076444	22.774982027318476	22.403546609154084	26.738557392763003	0.0
104.0	28.520576711311428	22.25665189889626	22.44103562191093	26.781735767881383	0.0
105.0	28.378415488123025	22.312233969518054	22.28477275847865	27.02457778388027	0.0
106.0	27.950219188561004	22.63379328606314	22.551413692665275	26.86457383271058	0.0
107.0	28.547600314712824	22.539732494099134	22.68450039339103	26.22816679779701	0.0
108.0	28.229229836264402	22.832019405700425	22.124519911057206	26.814230846977967	0.0
109.0	27.616300036062025	23.00036062026686	22.358456545257845	27.02488279841327	0.0
110.0	28.43329866327671	22.17342732770908	23.271312454254787	26.121961554759427	0.0
111.0	27.802837693758715	22.44320511769048	22.201263019765438	27.55269416878537	0.0
112.0	28.23684210526316	23.026315789473685	22.12280701754386	26.614035087719294	0.0
113.0	29.54874912321721	22.127659574468083	22.26326864624737	26.060322656067335	0.0
114.0	28.47367895315153	22.15562880831086	21.73109579462591	27.639596443911696	0.0
115.0	28.43708255410099	22.372428533262088	22.596847448570664	26.59364146406626	0.0
116.0	28.7215211557129	21.709587163821162	22.514703363215897	27.054188317250045	0.0
117.0	28.55223789460829	22.18965622519387	22.244611345179216	27.013494535018623	0.0
118.0	28.096360303744433	22.682639434406912	21.903639696255564	27.317360565593084	0.0
119.0	28.816993920760254	22.339459157291593	22.61197680106212	26.231570120886033	0.0
120.0	28.469167101632987	22.265304600700915	22.421892476325407	26.84363582134069	0.0
121.0	28.623911828128744	22.945451641242713	21.723504512419137	26.707132018209407	0.0
122.0	28.72031436869981	21.3821971638476	23.0138390568939	26.883649410558686	0.0
123.0	28.580580214148437	22.18358195296056	22.101217168481742	27.13462066440926	0.0
124.0	28.356605800214822	23.044624548383947	22.741919734400938	25.85684991700029	0.0
125.0	29.458014466925253	21.050424572806374	22.41325086487053	27.07831009539784	0.0
126.0	27.92207792207792	22.413793103448278	21.95476936856247	27.70935960591133	0.0
127.0	28.031761308950916	22.485563041385948	22.37728585178056	27.10538979788258	0.0
128.0	29.57782625433081	21.519312203259336	22.212241755421534	26.69061978698832	0.0
129.0	27.914321021557047	22.29850336399835	22.078813675683097	27.7083619387615	0.0
130.0	27.426969607553854	23.502508114488048	21.968132192387134	27.102390085570967	0.0
131.0	29.129886506935687	21.878940731399748	22.604035308953343	26.387137452711222	0.0
132.0	28.14914343298623	22.858582465569366	22.06919717836748	26.923076923076923	0.0
133.0	28.327645051194537	23.11837614514101	22.00467037901922	26.54930842464523	0.0
134.0	28.940321346595255	21.25095638867636	22.934200459066563	26.87452180566182	0.0
135.0	28.235053235053236	22.051597051597053	22.11302211302211	27.600327600327603	0.0
136.0	28.662141449529233	23.31946573242829	22.005693015108385	26.01269980293409	0.0
137.0	30.47663770838225	21.202160131486263	21.695233622916177	26.62596853721531	0.0
138.0	28.969149736644095	22.34762979683973	21.64534737898169	27.037873087534486	0.0
139.0	29.79635584137192	23.660235798499464	20.980707395498392	25.562700964630224	0.0
140.0	28.93314366998578	22.645803698435277	21.849217638691325	26.571834992887624	0.0
141.0	27.419847328244273	23.17557251908397	23.480916030534353	25.923664122137403	0.0
142.0	28.974106850213044	22.22222222222222	22.976073418551294	25.82759750901344	0.0
143.0	29.035639412997906	22.25716282320056	21.59329140461216	27.11390635918938	0.0
144.0	28.56605193827625	22.845314264207754	21.565675573955588	27.022958223560405	0.0
145.0	28.57142857142857	22.316384180790962	23.08313155770783	26.02905569007264	0.0
146.0	29.442508710801395	23.214285714285715	22.25609756097561	25.087108013937282	0.0
147.0	29.43642291569632	23.66092221704704	19.375873311597577	27.526781555659056	0.0
148.0	29.365079365079367	22.172619047619047	22.86706349206349	25.595238095238095	0.0
149.0	30.464991982896844	20.63067878140032	22.55478353821486	26.349545697487976	0.0
150.0	27.002288329519452	22.59725400457666	22.25400457665904	28.14645308924485	0.0
151.0	27.629987908101572	22.79322853688029	23.337363966142686	26.23941958887545	0.0
152.0	28.350515463917525	23.5180412371134	22.74484536082474	25.386597938144327	0.0
153.0	27.32278045423262	22.092222986923606	22.780454232622162	27.80454232622161	0.0
154.0	28.360413589364846	25.553914327917283	20.31019202363368	25.775480059084195	0.0
155.0	27.99061767005473	22.595777951524628	23.377638780297108	26.035965598123532	0.0
156.0	26.174496644295303	23.825503355704697	21.97986577181208	28.02013422818792	0.0
157.0	27.589285714285715	22.678571428571427	23.482142857142858	26.25	0.0
158.0	27.055449330783937	21.988527724665392	23.80497131931166	27.151051625239003	0.0
159.0	27.947154471544717	22.66260162601626	23.272357723577237	26.117886178861788	0.0
160.0	27.759914255091108	23.04394426580922	20.685959271168276	28.510182207931408	0.0
161.0	28.39366515837104	25.904977375565615	20.248868778280542	25.452488687782804	0.0
162.0	29.318734793187346	23.96593673965937	22.871046228710462	23.844282238442823	0.0
163.0	27.506426735218508	23.52185089974293	25.96401028277635	23.00771208226221	0.0
164.0	29.67032967032967	23.076923076923077	22.664835164835164	24.587912087912088	0.0
165.0	28.42712842712843	22.366522366522368	21.356421356421357	27.84992784992785	0.0
166.0	25.19319938176198	21.483771251931994	23.64760432766615	29.675425038639876	0.0
167.0	28.00658978583196	21.4168039538715	23.228995057660626	27.347611202635914	0.0
168.0	27.768014059753952	22.319859402460455	22.671353251318102	27.240773286467483	0.0
169.0	27.599243856332706	23.440453686200378	24.38563327032136	24.574669187145556	0.0
170.0	27.27272727272727	24.444444444444443	23.03030303030303	25.252525252525253	0.0
171.0	25.88495575221239	22.123893805309734	23.008849557522122	28.98230088495575	0.0
172.0	27.314814814814813	21.75925925925926	21.064814814814813	29.86111111111111	0.0
173.0	27.383863080684595	22.249388753056234	22.982885085574573	27.383863080684595	0.0
174.0	26.525198938992045	25.72944297082228	22.811671087533156	24.93368700265252	0.0
175.0	24.719101123595504	21.34831460674157	27.52808988764045	26.40449438202247	0.0
176.0	26.646706586826348	24.850299401197603	23.353293413173652	25.149700598802394	0.0
177.0	27.79552715654952	23.003194888178914	23.322683706070286	25.878594249201274	0.0
178.0	28.37837837837838	22.972972972972975	27.364864864864863	21.283783783783782	0.0
179.0	30.46594982078853	24.731182795698924	22.22222222222222	22.58064516129032	0.0
180.0	32.196969696969695	24.242424242424242	22.348484848484848	21.21212121212121	0.0
181.0	25.311203319502074	21.16182572614108	26.970954356846473	26.556016597510375	0.0
182.0	32.743362831858406	19.911504424778762	24.778761061946902	22.566371681415927	0.0
183.0	26.41509433962264	20.754716981132077	20.754716981132077	32.075471698113205	0.0
184.0	29.7029702970297	19.306930693069308	23.26732673267327	27.722772277227726	0.0
185.0	31.770833333333332	20.833333333333336	26.5625	20.833333333333336	0.0
186.0	24.719101123595504	16.853932584269664	25.280898876404496	33.146067415730336	0.0
187.0	21.301775147928996	28.402366863905325	23.076923076923077	27.218934911242602	0.0
188.0	27.92207792207792	22.07792207792208	22.07792207792208	27.92207792207792	0.0
189.0	30.069930069930066	23.776223776223777	25.874125874125873	20.27972027972028	0.0
190.0	24.444444444444443	22.962962962962962	22.962962962962962	29.629629629629626	0.0
191.0	25.6	24.8	24.0	25.6	0.0
192.0	27.82608695652174	22.608695652173914	24.347826086956523	25.217391304347824	0.0
193.0	31.48148148148148	23.14814814814815	25.0	20.37037037037037	0.0
194.0	32.038834951456316	19.41747572815534	23.300970873786408	25.24271844660194	0.0
195.0	36.45833333333333	28.125	16.666666666666664	18.75	0.0
196.0	37.634408602150536	19.35483870967742	17.20430107526882	25.806451612903224	0.0
197.0	22.988505747126435	21.839080459770116	21.839080459770116	33.33333333333333	0.0
198.0	20.481927710843372	25.301204819277107	21.686746987951807	32.53012048192771	0.0
199.0	23.684210526315788	30.263157894736842	23.684210526315788	22.36842105263158	0.0
200.0	36.11111111111111	19.444444444444446	20.833333333333336	23.61111111111111	0.0
201.0	19.11764705882353	27.941176470588236	26.47058823529412	26.47058823529412	0.0
202.0	22.22222222222222	26.984126984126984	23.809523809523807	26.984126984126984	0.0
203.0	25.925925925925924	27.77777777777778	20.37037037037037	25.925925925925924	0.0
204.0	32.69230769230769	25.0	25.0	17.307692307692307	0.0
205.0	19.607843137254903	33.33333333333333	25.49019607843137	21.568627450980394	0.0
206.0	28.000000000000004	26.0	10.0	36.0	0.0
207.0	16.27906976744186	32.55813953488372	20.930232558139537	30.23255813953488	0.0
208.0	42.10526315789473	26.31578947368421	13.157894736842104	18.421052631578945	0.0
209.0	25.0	18.75	21.875	34.375	0.0
210.0	25.0	17.857142857142858	21.428571428571427	35.714285714285715	0.0
211.0	30.76923076923077	34.61538461538461	11.538461538461538	23.076923076923077	0.0
212.0	26.08695652173913	26.08695652173913	13.043478260869565	34.78260869565217	0.0
213.0	13.636363636363635	27.27272727272727	31.818181818181817	27.27272727272727	0.0
214.0	30.0	40.0	15.0	15.0	0.0
215.0	18.75	25.0	6.25	50.0	0.0
216.0	42.857142857142854	7.142857142857142	14.285714285714285	35.714285714285715	0.0
217.0	23.076923076923077	30.76923076923077	23.076923076923077	23.076923076923077	0.0
218.0	27.27272727272727	36.36363636363637	27.27272727272727	9.090909090909092	0.0
219.0	40.0	0.0	20.0	40.0	0.0
220.0	30.0	40.0	10.0	20.0	0.0
221.0	30.0	0.0	0.0	70.0	0.0
222.0	44.44444444444444	11.11111111111111	11.11111111111111	33.33333333333333	0.0
223.0	25.0	25.0	25.0	25.0	0.0
224.0	62.5	25.0	12.5	0.0	0.0
225.0	16.666666666666664	0.0	33.33333333333333	50.0	0.0
226.0	25.0	50.0	25.0	0.0	0.0
227.0	0.0	25.0	0.0	75.0	0.0
228.0	25.0	0.0	0.0	75.0	0.0
229.0	50.0	25.0	25.0	0.0	0.0
230.0	25.0	0.0	25.0	50.0	0.0
231.0	0.0	0.0	50.0	50.0	0.0
232.0	0.0	0.0	0.0	100.0	0.0
233.0	0.0	0.0	100.0	0.0	0.0
234.0	0.0	0.0	100.0	0.0	0.0
235.0	0.0	100.0	0.0	0.0	0.0
236.0	100.0	0.0	0.0	0.0	0.0
237.0	0.0	100.0	0.0	0.0	0.0
238.0	0.0	0.0	0.0	100.0	0.0
