# Position (bp)	A	C	G	T	N
0.0	25.788229279826187	24.256182503674356	24.206658572432744	25.748929644066713	0.0
1.0	25.7581954118474	24.362898587769184	24.172790593648156	25.706115406735254	0.0
2.0	25.782540488902093	24.264905571157907	24.200685651480732	25.751868288459267	0.0
3.0	25.684802402479157	24.342033800837033	24.240120123957702	25.733043672726115	0.0
4.0	25.765044517779955	24.24310190051147	24.23543468329601	25.756418898412566	0.0
5.0	25.79629126802856	24.16841029244997	24.24411825775847	25.791180181763007	0.0
6.0	25.741071998977834	24.303328435443685	24.158947166677315	25.79665239890117	0.0
7.0	25.739364301616558	24.333941285259346	24.12121134687437	25.805483066249725	0.0
8.0	25.754328586075065	24.31641716678431	24.229861414978938	25.69939283216169	0.0
9.0	25.87502594976126	24.112358473994348	24.195397710033376	25.817217866211017	0.0
10.0	25.73614890328185	24.18592470522107	24.295149401499764	25.78277698999732	0.0
11.0	25.597542124963272	24.212432453148356	24.3491230087252	25.840902413163175	0.0
12.0	25.851761008699654	24.106401461439212	24.252353760267763	25.78948376959338	0.0
13.0	25.849525415500963	24.081809936253656	24.236704607876952	25.831960040368422	0.0
14.0	25.877630015713027	24.117260056975688	24.04188862913425	25.963221298177036	0.0
15.0	25.83219691042007	24.156784844003997	24.22864296732531	25.782375278250626	0.0
16.0	25.9426987356164	24.05714157966511	24.18936052657633	25.81079915814216	0.0
17.0	25.78588834205744	24.325092537294367	24.095465912103144	25.79355320854505	0.0
18.0	25.783333386561573	24.258983063838755	24.228004228451347	25.729679321148325	0.0
19.0	25.868605026236196	24.14880060807941	24.10664384239757	25.87595052328682	0.0
20.0	25.764171220342558	24.14209384990275	24.209480801106295	25.884254128648397	0.0
21.0	25.714988327047077	24.21427134266105	24.164449710491606	25.906290619800266	0.0
22.0	25.696784269139012	24.23439161719102	24.229920445073247	25.838903668596725	0.0
23.0	25.890322147951082	24.268564146948265	24.09610465097711	25.745009054123543	0.0
24.0	25.839861776907675	24.200538456870753	24.091314109422356	25.868285656799216	0.0
25.0	25.794830686292986	24.241417744804657	24.194470437568068	25.769281131334292	0.0
26.0	25.804092399965505	24.335312359277843	24.14784249976846	25.712752740988194	0.0
27.0	25.790678883612195	24.252595675099084	24.201496565181703	25.75522887610702	0.0
28.0	25.70221354956773	24.327008753916267	24.220339361963738	25.75043833455226	0.0
29.0	25.769919870208263	24.239182158745773	24.24173711424164	25.749160856804327	0.0
30.0	25.81431222194898	24.182973137836655	24.222574948022626	25.78013969219174	0.0
31.0	25.756506353854945	24.30944343488217	24.138900155532916	25.795150055729966	0.0
32.0	25.748522117930357	24.329244339975155	24.135067722289115	25.787165819805374	0.0
33.0	25.77686367439751	24.294674851014634	24.209084115253674	25.71937735933418	0.0
34.0	25.89343314660927	24.10752495864179	24.1784247472199	25.820617147529045	0.0
35.0	25.76249209563168	24.165650010539157	24.284135693253024	25.78772220057614	0.0
36.0	25.61973441322441	24.194073799653804	24.343538218818463	25.842653568303326	0.0
37.0	25.843931041971395	24.10976053756092	24.259863693559616	25.786444726908066	0.0
38.0	25.847124726141583	24.072075064352735	24.238785378036397	25.842014831469285	0.0
39.0	25.834349989460843	24.128603274165012	24.062174643425163	25.974872092948985	0.0
40.0	25.825005828454994	24.134274828419866	24.231043149729018	25.80967619339612	0.0
41.0	25.925287191131808	24.067846409831407	24.199425777420085	25.8074406216167	0.0
42.0	25.767839064381278	24.32365969487639	24.105212395287413	25.803288845454926	0.0
43.0	25.78093312766073	24.252440765332032	24.219865290831923	25.746760816175318	0.0
44.0	25.84927775063155	24.156630546214057	24.109364171449194	25.8847275317052	0.0
45.0	25.757619307675355	24.149285096081684	24.18441550975827	25.908680086484694	0.0
46.0	25.710991667704608	24.217310351655442	24.18122183578767	25.890476144852276	0.0
47.0	25.70428495236635	24.234875558493734	24.2288075779496	25.832031911190313	0.0
48.0	25.91091565826411	24.263937991626186	24.074872492566723	25.750273857542975	0.0
49.0	25.821492787087337	24.209326166728943	24.103934925699175	25.865246120484542	0.0
50.0	25.820534684896156	24.2240170669937	24.196551470846547	25.758896777263594	0.0
51.0	25.78604300601369	24.324617797067567	24.1579080158023	25.73143118111644	0.0
52.0	25.78189122985191	24.272560911346805	24.19208032728771	25.75346753151358	0.0
53.0	25.67969366279274	24.34761224965588	24.217310351655442	25.755383735895936	0.0
54.0	25.77901692327837	24.233917456302557	24.239985436846695	25.74708018357238	0.0
55.0	25.80392758024904	24.174834487846475	24.232639986714315	25.788597945190165	0.0
56.0	25.77294894273423	24.28757117900862	24.137149134993404	25.80233074326374	0.0
57.0	25.767839064381278	24.305455753243972	24.09754757775798	25.829157604616775	0.0
58.0	25.79618037812979	24.296116504854368	24.209568216658152	25.69813490035769	0.0
59.0	25.897738886050075	24.108329075114973	24.179547777210015	25.814384261624934	0.0
60.0	25.77158916709249	24.148249872253448	24.293561573837508	25.786599386816555	0.0
61.0	25.622764435360246	24.17827031170158	24.354879918242208	25.844085334695965	0.0
62.0	25.842488502810422	24.10609351047522	24.26673479816045	25.78468318855391	0.0
63.0	25.87538323965253	24.075114971895758	24.220426673479817	25.829075114971893	0.0
64.0	25.8453628002044	24.111203372508943	24.05754982115483	25.985884006131833	0.0
65.0	25.82995072192539	24.138272425036966	24.23855314718591	25.79322370585173	0.0
66.0	25.91649873371636	24.060666643246538	24.196396920040495	25.826437702996607	0.0
67.0	25.766716381207267	24.339472600049184	24.125497810750478	25.768313207993078	0.0
68.0	25.805998320138222	24.23727568575726	24.222904244684962	25.733821749419555	0.0
69.0	25.857735507998502	24.158073077181026	24.10473906253493	25.879452352285536	0.0
70.0	25.755219228349425	24.15424069289508	24.181067382896707	25.90947269585879	0.0
71.0	25.730947461205094	24.206616611469688	24.163502288252783	25.898933639072435	0.0
72.0	25.718811577632927	24.22961091718537	24.231527109328344	25.82005039585336	0.0
73.0	25.921289214073795	24.260269991472942	24.07344125753303	25.744999536920233	0.0
74.0	25.847196451212152	24.197993746826306	24.09292254431993	25.861887257641612	0.0
75.0	25.82420214549647	24.23248520539983	24.19448072789752	25.74883192120618	0.0
76.0	25.810788800495654	24.338195138620534	24.13571750217967	25.71529855870414	0.0
77.0	25.79322370585173	24.26506047183038	24.195119458611845	25.746596363706043	0.0
78.0	25.67793281191616	24.329252908619992	24.229291551828208	25.76352272763564	0.0
79.0	25.787794494779977	24.243024262186182	24.226417263613747	25.742763979420097	0.0
80.0	25.804401493352408	24.163182922895622	24.247176011829293	25.785239571922673	0.0
81.0	25.768313207993078	24.304023045404172	24.13412067539386	25.793543071208898	0.0
82.0	25.766077650492942	24.309771621833093	24.115597484678446	25.80855324299552	0.0
83.0	25.773340742585958	24.30554224870817	24.227297986088487	25.693819022617383	0.0
84.0	25.88671508230019	24.107536359629794	24.191848544656715	25.813900013413303	0.0
85.0	25.768869641864832	24.138834064677667	24.292128946544796	25.800167346912705	0.0
86.0	25.631542976858864	24.153844188527156	24.35440499230332	25.86020784231067	0.0
87.0	25.844878354123953	24.11839474709538	24.266260435229718	25.77046646355095	0.0
88.0	25.85765292761288	24.082625941326384	24.238475737891303	25.821245393169434	0.0
89.0	25.878411609532385	24.122865847816506	24.044621585196822	25.954100957454283	0.0
90.0	25.811901393382154	24.14737978366329	24.234565969283636	25.806152853670923	0.0
91.0	25.911223385059547	24.05380633169713	24.212849263707874	25.822121019535455	0.0
92.0	25.788907234537227	24.328458784567086	24.126301804722104	25.75633217617358	0.0
93.0	25.7863523279989	24.221472073274718	24.229775519524278	25.762400079202102	0.0
94.0	25.840005365303732	24.179635478709642	24.11320790871319	25.867151247273434	0.0
95.0	25.79050405112368	24.140992517317475	24.20646199736206	25.862041434196787	0.0
96.0	25.718647304733285	24.200074731016247	24.198797277747083	25.88248068650339	0.0
97.0	25.728866930886586	24.20614263404477	24.227859339620533	25.83713109544811	0.0
98.0	25.90483611871373	24.26043439798418	24.07935539708038	25.75537408622171	0.0
99.0	25.840324728621024	24.20294900087186	24.084145846839743	25.872580423667372	0.0
100.0	25.81541438987235	24.240314508994867	24.184106565151716	25.76016453598107	0.0
101.0	25.797849407421364	24.32973623783625	24.165902856066147	25.70651149867624	0.0
102.0	25.773897158624564	24.26107312461876	24.21252990039058	25.752499816366093	0.0
103.0	25.683836703148604	24.31951661168295	24.245104958754226	25.751541726414224	0.0
104.0	25.827869559246686	24.219555893370977	24.222110799909302	25.73046374747304	0.0
105.0	25.778687608383926	24.17133203246009	24.25692140149398	25.79305895766201	0.0
106.0	25.75633217617358	24.31504552524088	24.126301804722104	25.802320493863434	0.0
107.0	25.781242514922255	24.279915560338907	24.141311880634767	25.79753004410407	0.0
108.0	25.790741048274807	24.297083583500466	24.229059414161803	25.68311595406293	0.0
109.0	25.891020809647298	24.082791481968805	24.21181385010411	25.814373858279787	0.0
110.0	25.75656928245679	24.146344579144362	24.316564683639708	25.780521454759135	0.0
111.0	25.650221637434374	24.142192869278624	24.361275405270753	25.84631008801625	0.0
112.0	25.862597565181844	24.106104929676423	24.258760107816713	25.772537397325024	0.0
113.0	25.848226261800438	24.086943191834546	24.242791992948483	25.822038553416537	0.0
114.0	25.883356114510548	24.10195321981068	24.050216527637613	25.96447413804116	0.0
115.0	25.814610778443114	24.145628742514972	24.235369261477047	25.80439121756487	0.0
116.0	25.908822355289423	24.060359281437126	24.23121756487026	25.799600798403194	0.0
117.0	25.780119760479042	24.32542914171657	24.130618762475052	25.76383233532934	0.0
118.0	25.762235528942117	24.2449500998004	24.253253493013972	25.739560878243513	0.0
119.0	25.855169660678644	24.18554890219561	24.112734530938123	25.846546906187623	0.0
120.0	25.78171656686627	24.133493013972057	24.18810379241517	25.896686626746508	0.0
121.0	25.73349301397206	24.196407185628743	24.189700598802393	25.880399201596806	0.0
122.0	25.72007984031936	24.21429141716567	24.24942115768463	25.81620758483034	0.0
123.0	25.894770459081833	24.260598802395208	24.09612774451098	25.748502994011975	0.0
124.0	25.832175648702595	24.20055888223553	24.094850299401198	25.872415169660677	0.0
125.0	25.795449101796407	24.234730538922157	24.198003992015966	25.771816367265473	0.0
126.0	25.790978043912176	24.318403193612774	24.166387225548903	25.724231536926144	0.0
127.0	25.782355289421155	24.244630738522954	24.22642714570858	25.746586826347308	0.0
128.0	25.687185628742515	24.310738522954093	24.237924151696607	25.764151696606785	0.0
129.0	25.825149700598804	24.19512974051896	24.232495009980042	25.747225548902197	0.0
130.0	25.7861876247505	24.15201596806387	24.26986027944112	25.791936127744513	0.0
131.0	25.76359525299881	24.322632567289638	24.1351668987366	25.778605280974947	0.0
132.0	25.77349548421711	24.285267178497975	24.151135013604833	25.790102323680074	0.0
133.0	25.79050405112368	24.300354812645512	24.220194620005557	25.688946516225254	0.0
134.0	25.880245143282355	24.101391465973435	24.21604289688078	25.802320493863434	0.0
135.0	25.77932633501851	24.14258933390393	24.31025507548152	25.76782925559604	0.0
136.0	25.641361381948947	24.151212143470776	24.36997601581487	25.837450458765403	0.0
137.0	25.878648326695895	24.09404610967575	24.267460390964573	25.759845172663777	0.0
138.0	25.881203233234224	24.05923550809107	24.233927242649056	25.82563401602565	0.0
139.0	25.862999524148655	24.11256918207861	24.060832324677524	25.963598969095216	0.0
140.0	25.825397129553334	24.128614405886523	24.233685272832954	25.81230319172719	0.0
141.0	25.923122616743633	24.04621840688294	24.220910699344024	25.8097482770294	0.0
142.0	25.793460695831016	24.30713907039429	24.12318521215373	25.776215021620963	0.0
143.0	25.800167346912705	24.23624018753074	24.24645984632188	25.717132619234672	0.0
144.0	25.86563703604346	24.164383211655522	24.116159196734817	25.853820555566205	0.0
145.0	25.778769936318753	24.133724235282095	24.21420404826234	25.873301780136813	0.0
146.0	25.710106603815763	24.205581211157313	24.200152017424518	25.884160167602406	0.0
147.0	25.72799100670026	24.203665025133976	24.241988745600757	25.826355222565006	0.0
148.0	25.887353810974634	24.24709857499633	24.101787801559777	25.76375981246926	0.0
149.0	25.822285953353497	24.19831311218347	24.09451937110574	25.884881563357297	0.0
150.0	25.80855324299552	24.221946148613473	24.19575818932617	25.77374241906483	0.0
151.0	25.804401493352408	24.317436390404986	24.15903117325251	25.71913094299009	0.0
152.0	25.78747512942281	24.22673662897091	24.218752495041855	25.767035746564424	0.0
153.0	25.68112646548778	24.313604006119043	24.245898550400643	25.759370977992536	0.0
154.0	25.796736724780516	24.21523947611307	24.25100839611524	25.737015402991176	0.0
155.0	25.780449091565245	24.1574343464667	24.265699202544702	25.79641735942335	0.0
156.0	25.755940214614203	24.312723556463975	24.12717169136433	25.804164537557483	0.0
157.0	25.775421563617783	24.289090444558	24.141543178334185	25.79394481349004	0.0
158.0	25.809356825999064	24.28118383106742	24.2192265560378	25.690232786895717	0.0
159.0	25.88728247088168	24.0933958015962	24.212519840699542	25.806801886822583	0.0
160.0	25.780294392866608	24.14768825909638	24.31982728611167	25.75219006192534	0.0
161.0	25.64105020774849	24.139384706772823	24.362303149920635	25.857261935558046	0.0
162.0	25.883450062116957	24.09754757775798	24.261702419846767	25.757299940278294	0.0
163.0	25.90484767771997	24.05060057039017	24.237430497670214	25.807121254219638	0.0
164.0	25.86907852924926	24.091479597213837	24.070720716404946	25.968721157131952	0.0
165.0	25.827643252703453	24.109121800726882	24.25475379888732	25.808481147682343	0.0
166.0	25.91898261997075	24.04748369624231	24.23527232544919	25.798261358337754	0.0
167.0	25.80880051609936	24.28701000900619	24.140739274011715	25.763450200882737	0.0
168.0	25.79410956891651	24.226968746606712	24.24165969378956	25.737261990687216	0.0
169.0	25.85191525239686	24.14968158968823	24.12253527424166	25.875867883673248	0.0
170.0	25.79474830575055	24.144252326598917	24.19726748382399	25.863731883826546	0.0
171.0	25.72384851717244	24.179382852470955	24.219942641432304	25.876825988924303	0.0
172.0	25.707560727904493	24.19471253648784	24.2422984306236	25.855428304984063	0.0
173.0	25.893113778192244	24.240382220121486	24.115509169067252	25.75099483261901	0.0
174.0	25.831238802109112	24.19223485150918	24.07917807081698	25.897348275564724	0.0
175.0	25.78141716993967	24.23439161719102	24.20181593461869	25.782375278250626	0.0
176.0	25.788762666990294	24.324453798420397	24.163172232743673	25.723611301845633	0.0
177.0	25.77215545626715	24.224491164644526	24.24493080861148	25.758422570476853	0.0
178.0	25.697742377449963	24.286448835419346	24.248443872418296	25.76736491471239	0.0
179.0	25.81814465519279	24.187444309954426	24.26728666920033	25.727124365652454	0.0
180.0	25.79195636136013	24.128041594675473	24.27048036357017	25.809521680394234	0.0
181.0	25.727845271401012	24.326128335824425	24.125883059313484	25.820143333461083	0.0
182.0	25.788845028679468	24.292275067387166	24.154945770896408	25.76393413303696	0.0
183.0	25.796272934864188	24.281494019769095	24.251473100937353	25.67075994442936	0.0
184.0	25.879309518866872	24.082206218162653	24.20484486530508	25.833639397665394	0.0
185.0	25.793398591571787	24.161729715919073	24.313750538939367	25.731121153569774	0.0
186.0	25.647445826613225	24.1352218833336	24.366127461156445	25.85120482889673	0.0
187.0	25.90102677929834	24.07007010203919	24.25562493013749	25.773278188524984	0.0
188.0	25.90198489372914	24.035897354007314	24.255305558660556	25.80681219360299	0.0
189.0	25.858231001389264	24.09274547690146	24.075180045670123	25.973843476039153	0.0
190.0	25.836596255676845	24.110707282331674	24.242288751061913	25.810407710929567	0.0
191.0	25.93432423973377	24.035016000562095	24.215142088823878	25.815517670880254	0.0
192.0	25.820792559850787	24.28619791001303	24.1233168961905	25.769692633945677	0.0
193.0	25.800352589488746	24.23573673318174	24.238930478550806	25.724980198778713	0.0
194.0	25.871573111218986	24.135133754056056	24.14120187025729	25.85209126446767	0.0
195.0	25.78821635708628	24.15525434988119	24.18878867625642	25.867740616776107	0.0
196.0	25.708692097396458	24.183359309129003	24.224877998926903	25.883070594547636	0.0
197.0	25.743668359362527	24.185430040560828	24.25186036856057	25.81904123151608	0.0
198.0	25.893455973938874	24.265274184791288	24.092810833253488	25.74845900801635	0.0
199.0	25.81944306934646	24.20211491844693	24.074683257268237	25.903758754938377	0.0
200.0	25.781931185584295	24.24377920364864	24.20673069245584	25.767558918311227	0.0
201.0	25.8172283065209	24.325377434118703	24.159296840316703	25.698097419043698	0.0
202.0	25.78641260432004	24.20799810922424	24.248560359502903	25.75702892695282	0.0
203.0	25.695395966080582	24.298695284178923	24.250467110621376	25.75544163911912	0.0
204.0	25.806070400807428	24.186743236035298	24.281922623629402	25.725263739527872	0.0
205.0	25.785948583967066	24.140111723992554	24.264355958133844	25.80958373390654	0.0
206.0	25.751855684591114	24.311384513178236	24.14018882628748	25.796570975943172	0.0
207.0	25.804720687342297	24.282474687789453	24.14481459005398	25.767990034814268	0.0
208.0	25.7886986990504	24.29450713717624	24.24723472350429	25.66955944026907	0.0
209.0	25.9053058251962	24.083674310300218	24.20345544620869	25.80756441829489	0.0
210.0	25.778662211844672	24.144198243837618	24.336168704023713	25.740970840293993	0.0
211.0	25.641320492549468	24.151534026480125	24.370019005637808	25.8371264753326	0.0
212.0	25.890966239590618	24.07022318476709	24.276254635707648	25.762555939934646	0.0
213.0	25.913184029541327	24.03778273966389	24.24701248670353	25.80202074409126	0.0
214.0	25.845948423739262	24.106295779281968	24.09032394082753	25.957431856151235	0.0
215.0	25.841415264307894	24.110029261062344	24.237806825877513	25.810748648752252	0.0
216.0	25.932941905558998	24.037669066770594	24.234447773781152	25.794941253889252	0.0
217.0	25.817467416304623	24.30903398926655	24.125351392793252	25.748147201635575	0.0
218.0	25.80740996300769	24.2242155904395	24.254563343747403	25.713811102805412	0.0
219.0	25.8551732069155	24.148979670069895	24.124381860233328	25.87146526278128	0.0
220.0	25.788407723073387	24.152493642903693	24.17741090481606	25.881687729206863	0.0
221.0	25.716540162028164	24.186025709831583	24.223082624140662	25.87435150399959	0.0
222.0	25.739230995310326	24.187932069974572	24.25310195893019	25.819734975784915	0.0
223.0	25.88491617256185	24.259801165405847	24.108055612349215	25.74722704968309	0.0
224.0	25.8188904685079	24.206507675351023	24.093414053639602	25.881187802501476	0.0
225.0	25.778327279233	24.238764771845076	24.19851059547428	25.78439735344764	0.0
226.0	25.802617832828016	24.327251467219583	24.165593740715064	25.704536959237334	0.0
227.0	25.792569352813572	24.189060098849524	24.247526365730458	25.770844182606446	0.0
228.0	25.709822013348198	24.280114121041148	24.257749975239694	25.75231389037096	0.0
229.0	25.787797171182742	24.205972657535472	24.272108321911354	25.734121849370435	0.0
230.0	25.765916591850885	24.13232329364103	24.28504333990434	25.816716774603744	0.0
231.0	25.73660500335474	24.320585322214765	24.142624364995687	25.80018530943481	0.0
232.0	25.7925274612922	24.289904340769237	24.133028314365497	25.784539883573064	0.0
233.0	25.79309419361435	24.281510497375255	24.248601361735304	25.67679394727509	0.0
234.0	25.876804810484916	24.087570251419407	24.214094695239037	25.82153024285664	0.0
235.0	25.780313946763883	24.128147535169642	24.330714447749557	25.760824070316918	0.0
236.0	25.615448762392845	24.152430004185533	24.391740126460544	25.84038110696108	0.0
237.0	25.874259934372596	24.08660005942891	24.27191600714425	25.767223999054252	0.0
238.0	25.91054180392558	24.058944381783732	24.24202726752787	25.78848654676282	0.0
239.0	25.866294321199092	24.10702589057772	24.08945237737682	25.93722741084637	0.0
240.0	25.84588838650924	24.11049511910658	24.24406064769695	25.799555846687223	0.0
241.0	25.902669261471306	24.0501960483554	24.25407355568125	25.793061134492046	0.0
242.0	25.828574350386845	24.294621257394134	24.128443005653256	25.748361386565765	0.0
243.0	25.786131361200155	24.234482714538196	24.265164129590627	25.714221794671023	0.0
244.0	25.85226001521379	24.159565831612724	24.143904575004633	25.84426957816885	0.0
245.0	25.819319740067954	24.134811779409368	24.191707873716243	25.85416060680644	0.0
246.0	25.688967882796344	24.20442230910131	24.243741668611325	25.862868139491024	0.0
247.0	25.725621081774037	24.19717328269411	24.275178148407452	25.802027487124402	0.0
248.0	25.882966036939585	24.289838577151425	24.122628932064288	25.704566453844702	0.0
249.0	25.816868086194773	24.215742694545686	24.109597800370867	25.857791418888677	0.0
