# Position (bp)	A	C	G	T	N
0.0	26.13658085230751	23.817293814218793	23.69872538943356	26.347399944040134	0.0
1.0	26.27287913500456	23.769921850110673	23.83169932377214	26.12549969111263	0.0
2.0	26.20275080682023	23.79683366344862	23.757773868720307	26.242641661010847	0.0
3.0	26.261918348578106	23.86689122931429	23.678247524917033	26.19294289719057	0.0
4.0	26.340048696307335	23.701362554811045	23.814377875588967	26.14421087329265	0.0
5.0	26.27708517409573	23.837446023537755	23.679567468154232	26.205901334212285	0.0
6.0	26.24934565668372	23.79926270395431	23.68155014970267	26.269841489659296	0.0
7.0	26.196562850535237	23.785018902937225	23.7448588165238	26.27355943000374	0.0
8.0	26.15021159683602	23.78193339684931	23.776117253450913	26.29173775286376	0.0
9.0	26.263286455708123	23.74197550694856	23.759146121933522	26.235591915409795	0.0
10.0	26.251440028357482	23.62034206212061	23.871793167619302	26.256424741902613	0.0
11.0	26.345318800124062	23.746344543400237	23.710897691523773	26.197438964951925	0.0
12.0	26.250332314236342	23.736098187779696	23.764621826399043	26.248947671584915	0.0
13.0	26.263624883690017	23.813915104789757	23.838838672515397	26.083621339004832	0.0
14.0	26.34670344277549	23.777083610261865	23.677943196419868	26.198269750542778	0.0
15.0	26.18165403872569	23.81973060392574	23.70729762063007	26.291317736718504	0.0
16.0	26.17639239665027	23.757421684611636	23.698712836191234	26.367473082546855	0.0
17.0	26.310425805308167	23.603726350303514	23.728898045992292	26.35694979839603	0.0
18.0	26.266671097523155	23.68763569497984	23.80117639239665	26.24451681510036	0.0
19.0	26.10854490673047	23.856285169923346	23.872900881740442	26.16226904160574	0.0
20.0	26.251644258595146	23.753755832791015	23.770925354121378	26.22367455449246	0.0
21.0	26.187673945251383	23.76926378754102	23.76760222096066	26.275460046246934	0.0
22.0	26.174104484845127	23.72495534539815	23.730216972902618	26.3707231968541	0.0
23.0	26.30979908890766	23.746832638706195	23.73686323922405	26.2065050331621	0.0
24.0	26.144750141925478	23.808587529942816	23.65156948809903	26.39509284003268	0.0
25.0	26.141703936528156	23.81772614613478	23.688954736157072	26.351615181179987	0.0
26.0	26.276567757300505	23.766771437670485	23.832126389831213	26.124534415197797	0.0
27.0	26.20567424987192	23.78837180321513	23.76344830450977	26.24250564240318	0.0
28.0	26.257182813863007	23.866465432491935	23.676216059041	26.20013569460406	0.0
29.0	26.344415059331773	23.70280112432672	23.812187590866923	26.14059622547458	0.0
30.0	26.279337034934436	23.830187895487462	23.680369975491892	26.210105094086206	0.0
31.0	26.25219811412193	23.79667963611692	23.681200758782072	26.269921490979076	0.0
32.0	26.201520333421023	23.77757162044281	23.752648121737444	26.26825992439872	0.0
33.0	26.151950263773692	23.782556320183883	23.776463909389236	26.28902950665319	0.0
34.0	26.266044502291575	23.739632516857977	23.760679026875838	26.233643953974607	0.0
35.0	26.24575609377856	23.63018061178712	23.88190725161033	26.24215604282399	0.0
36.0	26.34240361555887	23.75092078226338	23.7093817327876	26.197293869390155	0.0
37.0	26.24160218883098	23.739012921413657	23.763936351099126	26.25544853865624	0.0
38.0	26.256279319645753	23.815444772449087	23.847291377047185	26.080984530857975	0.0
39.0	26.345172885523922	23.767813329050195	23.68307366811961	26.203940117306274	0.0
40.0	26.179847468610323	23.799383006651787	23.706889389819054	26.313880134918833	0.0
41.0	26.162954921823513	23.75092078226338	23.70550475483653	26.380619541076584	0.0
42.0	26.308618521985235	23.605811036094664	23.7254434985849	26.3601269433352	0.0
43.0	26.264310202544404	23.681689033137086	23.80159842262383	26.25240234169468	0.0
44.0	26.11061571948403	23.846737523054173	23.877199492669742	26.165447264792057	0.0
45.0	26.249837305840096	23.746701116289632	23.77107062449634	26.23239095337393	0.0
46.0	26.199713658278572	23.762485911378068	23.760824354000338	26.276976076343022	0.0
47.0	26.180882674664296	23.732577878578926	23.730639394971572	26.355900051785202	0.0
48.0	26.320453494393632	23.742270296615683	23.728977837593842	26.208298371396843	0.0
49.0	26.15346697793175	23.811778780250727	23.63703832935944	26.397715912458082	0.0
50.0	26.159282428753805	23.80984029664338	23.68910046052832	26.341776814074496	0.0
51.0	26.287776199298268	23.76940906711861	23.82313275566522	26.119681977917903	0.0
52.0	26.200821363197058	23.79488628024381	23.757778165474498	26.246514191084636	0.0
53.0	26.264237469780426	23.853040788464362	23.678854190032318	26.203867551722897	0.0
54.0	26.338730625548664	23.70211599332054	23.815101895006187	26.14405148612461	0.0
55.0	26.277253002572643	23.8331020999316	23.681623452328534	26.208021445167223	0.0
56.0	26.248175748462366	23.80264021467321	23.687715829380213	26.261468207484207	0.0
57.0	26.21079070746344	23.779655337614614	23.746978042519252	26.262575912402696	0.0
58.0	26.16205169105002	23.773009108103693	23.776332222859153	26.288606977987133	0.0
59.0	26.2703298468321	23.733962509727032	23.77273218187407	26.222975461566794	0.0
60.0	26.24644150780376	23.638634425158127	23.878451875893084	26.236472191145033	0.0
61.0	26.34835007809298	23.7532815667335	23.69706569779678	26.20130265737674	0.0
62.0	26.24754920965473	23.738881442670888	23.759650852376573	26.253918495297807	0.0
63.0	26.263057035568306	23.81586672131329	23.836636131018977	26.08444011209943	0.0
64.0	26.345580823465557	23.762697032466743	23.680450170032234	26.211271974035466	0.0
65.0	26.183856353223966	23.793712684293897	23.715619703800524	26.306811258681613	0.0
66.0	26.169733154624105	23.74109684637283	23.715896629263266	26.373273369739803	0.0
67.0	26.30321122766596	23.607895698793712	23.735004486192494	26.35388858734783	0.0
68.0	26.272472501301547	23.6834963501224	23.803958926415365	26.24007222216068	0.0
69.0	26.113517285687383	23.844666969438506	23.878728801355827	26.163086943518284	0.0
70.0	26.244430352054366	23.741861875500195	23.787831375014193	26.225876397431247	0.0
71.0	26.191260810447815	23.765677399344796	23.77066204387041	26.272399746336976	0.0
72.0	26.16467603964454	23.73715415567045	23.73687723097458	26.361292573710433	0.0
73.0	26.311446128454293	23.736600306278714	23.741031101412595	26.210922463854402	0.0
74.0	26.152214428330506	23.80666225433318	23.642999759075515	26.3981235582608	0.0
75.0	26.153322127113977	23.803062233286905	23.69256927963579	26.351046359963338	0.0
76.0	26.290953700960095	23.756538884381172	23.825770058348034	26.1267373563107	0.0
77.0	26.20566089463292	23.78838522440593	23.761246604210918	26.244707276750233	0.0
78.0	26.262430457285753	23.8482009587133	23.682323065888696	26.20704551811226	0.0
79.0	26.349938661179866	23.70641551442916	23.812477672946393	26.131168151444577	0.0
80.0	26.271568972249376	23.832139326352987	23.690076957372984	26.20621474402466	0.0
81.0	26.245261126141965	23.81220074825053	23.686476936326706	26.2560611892808	0.0
82.0	26.222830225776704	23.76927742039107	23.7546004115101	26.253291942322125	0.0
83.0	26.16993760886602	23.7665081734324	23.785615977447254	26.27793824025433	0.0
84.0	26.269630499378305	23.73576953219111	23.767892796911735	26.226707171518846	0.0
85.0	26.250173077455624	23.63185732879178	23.88745811525574	26.230511478496858	0.0
86.0	26.35097338761042	23.74705768325441	23.69998061532497	26.201988313810197	0.0
87.0	26.250173077455624	23.724903768934674	23.75730386862729	26.267619284982413	0.0
88.0	26.26485004569245	23.807150175846694	23.833181025172383	26.09481875328847	0.0
89.0	26.352634931184404	23.76782697792916	23.67284207028329	26.206696020603143	0.0
90.0	26.18315748663842	23.7899808922489	23.71161142034283	26.315250200769846	0.0
91.0	26.169311290188585	23.739026889313504	23.72074990999972	26.370911910498187	0.0
92.0	26.28838857965717	23.609703414472044	23.742349976461465	26.359558029409317	0.0
93.0	26.265957741408435	23.686688266733128	23.81268865442663	26.234665337431807	0.0
94.0	26.116418819750216	23.835673340533354	23.8821965606048	26.165711279111626	0.0
95.0	26.237638842350414	23.7492073074484	23.795730398686278	26.21742345151491	0.0
96.0	26.193884982733838	23.76914577512178	23.76914577512178	26.267823467022605	0.0
97.0	26.17810036249242	23.728714993450765	23.73397653353124	26.35920811052557	0.0
98.0	26.31462348142261	23.740899612584496	23.746991922151363	26.197484983841534	0.0
99.0	26.158992664305437	23.798499630307578	23.647853430108746	26.39465427527824	0.0
100.0	26.1650849738723	23.80209963141527	23.69188421288745	26.340931181824978	0.0
101.0	26.28776193469598	23.754745770691006	23.829791947628294	26.12770034698472	0.0
102.0	26.199146522814313	23.79102270493006	23.769699621446037	26.24013115080959	0.0
103.0	26.260069618482962	23.85222272376084	23.67776113161881	26.209946526137394	0.0
104.0	26.344808106094803	23.700468830913486	23.817884251656693	26.136838811335018	0.0
105.0	26.278900393507815	23.833115025573854	23.69354575186023	26.194438829058104	0.0
106.0	26.238192688674673	23.81539194319752	23.695484213995144	26.25093115413266	0.0
107.0	26.22019268313621	23.778561162634205	23.74560730634071	26.255638847888875	0.0
108.0	26.165915743358692	23.767207312986866	23.780499624769117	26.28637731888533	0.0
109.0	26.268931159671126	23.73009960926142	23.77468423836438	26.226284992703075	0.0
110.0	26.258612286492834	23.62895722102838	23.877079687188463	26.235350805290324	0.0
111.0	26.358304348789297	23.738618489554487	23.698741664635904	26.204335497020313	0.0
112.0	26.250581537030058	23.726433904162697	23.759110746804314	26.263873812002924	0.0
113.0	26.261104588050245	23.809510622743083	23.840525931013094	26.088858858193582	0.0
114.0	26.358304348789297	23.764649194709676	23.668557123551697	26.208489332949338	0.0
115.0	26.19547398037174	23.793172201422273	23.71231086200403	26.29904295620195	0.0
116.0	26.168058663240213	23.737787722368683	23.728095438534304	26.3660581758568	0.0
117.0	26.293227585901324	23.608464963778548	23.749695385365204	26.348612064954917	0.0
118.0	26.274950707813645	23.685726312058307	23.818925984182194	26.220396995945855	0.0
119.0	26.12568953676422	23.829449035202373	23.876802764793194	26.168058663240213	0.0
120.0	26.242069612944498	23.74422269053006	23.7996073229561	26.214100373569345	0.0
121.0	26.202469600759876	23.766653466662603	23.768315005635387	26.26256192694213	0.0
122.0	26.1678542054936	23.740068843098104	23.730653455585678	26.361423495822617	0.0
123.0	26.31600809723326	23.73674576515254	23.752807308556097	26.194438829058104	0.0
124.0	26.160100356953958	23.796007321848407	23.647299583784488	26.39659273741315	0.0
125.0	26.162038819088867	23.80902271046853	23.699361138264965	26.32957733217764	0.0
126.0	26.289977319993024	23.754468847528877	23.832284256087462	26.12326957639064	0.0
127.0	26.198038830165792	23.802653477739533	23.767484236148995	26.23182345594568	0.0
128.0	26.270111600343387	23.84951953698319	23.677826701005234	26.20254216166819	0.0
129.0	26.345711832959484	23.704411398188917	23.822934839799505	26.126941929052087	0.0
130.0	26.282850101077234	23.82764254659245	23.699426767466978	26.19008058486334	0.0
131.0	26.24214228351472	23.807150175846694	23.697765223892997	26.252942316745592	0.0
132.0	26.22081914098197	23.763396195065216	23.757026944698293	26.258757719254522	0.0
133.0	26.176234388413505	23.761457727562238	23.77973470687602	26.282573177148237	0.0
134.0	26.27620392678131	23.71853451856775	23.776688543657055	26.228573010993877	0.0
135.0	26.256133898999746	23.632818990440533	23.879836503206796	26.231210607352924	0.0
136.0	26.35582706558703	23.740542995447345	23.69706569779678	26.206564241168845	0.0
137.0	26.250318464282152	23.726696722310223	23.761866256078516	26.261118557329112	0.0
138.0	26.259457004552655	23.814759019462322	23.833313025466065	26.09247095051896	0.0
139.0	26.36275020215559	23.75798929960012	23.673250108000932	26.20601039024336	0.0
140.0	26.183856353223966	23.793712684293897	23.72281976583183	26.299611196650307	0.0
141.0	26.171117781937813	23.742481473686542	23.72171206398086	26.36468868039478	0.0
142.0	26.28936495452884	23.602080264076122	23.75937392691383	26.349180854481208	0.0
143.0	26.27551868139172	23.6834963501224	23.816143646776034	26.224841321709846	0.0
144.0	26.125148155122567	23.83054377083864	23.88039035413228	26.16391771990651	0.0
145.0	26.249837305840096	23.740331813008332	23.79211701794759	26.21771386320398	0.0
146.0	26.20940607631533	23.774670665481423	23.762208985148447	26.2537142730548	0.0
147.0	26.180328822205052	23.733131731038167	23.728977837593842	26.357561609162932	0.0
148.0	26.322115051771362	23.73008554251233	23.748916526126603	26.198882879589707	0.0
149.0	26.15983628121305	23.796824763851156	23.649500009692417	26.393838945243374	0.0
150.0	26.167313289412835	23.80596332942867	23.69879287856508	26.327930502593418	0.0
151.0	26.30273021569784	23.747808821208118	23.83476365730933	26.114697305784713	0.0
152.0	26.200544436967437	23.79488628024381	23.76276283760769	26.24180644518107	0.0
153.0	26.263756348551393	23.854214551959814	23.680304398154558	26.201724701334232	0.0
154.0	26.359850016338694	23.69581230995885	23.820152531389674	26.124185142312783	0.0
155.0	26.279264260355685	23.830398830260364	23.707443243812065	26.182893665571882	0.0
156.0	26.245479166782054	23.809629305522478	23.695535382962344	26.249356144733127	0.0
157.0	26.239386772858943	23.771136453008257	23.748982293287842	26.240494480844962	0.0
158.0	26.18012439560683	23.760059373148053	23.781659678875457	26.278156552369662	0.0
159.0	26.277879625373156	23.7251665715884	23.777228846931372	26.219724956107072	0.0
160.0	26.258086313084316	23.62394213301431	23.878993309406706	26.23897824449466	0.0
161.0	26.356672869865744	23.732498116885996	23.700374407372944	26.210454605875317	0.0
162.0	26.258086313084316	23.72612876068944	23.757421684611636	26.258363241614603	0.0
163.0	26.262240241038594	23.807545748593203	23.839946386636537	26.090267623731666	0.0
164.0	26.35861136957774	23.75409854224822	23.684035624086135	26.203254464087912	0.0
165.0	26.182484824316543	23.79342239354867	23.72557490362887	26.298517878505915	0.0
166.0	26.170853826044578	23.729174974522575	23.73332890247685	26.366642296956	0.0
167.0	26.28688688023395	23.598741636758387	23.764344897868757	26.35002658513891	0.0
168.0	26.27719438167398	23.67877398201072	23.82305374628916	26.22097789002614	0.0
169.0	26.125160618547564	23.828315388364572	23.877608666755286	26.16891532633258	0.0
170.0	26.249574221205584	23.725640606696704	23.798473011855343	26.226312160242372	0.0
171.0	26.210250261005864	23.770503152840046	23.75887212235844	26.26037446379565	0.0
172.0	26.179511109018755	23.730071475451602	23.735333132098045	26.355084283431594	0.0
173.0	26.33126836387402	23.733671556314956	23.74170250593321	26.19335757387781	0.0
174.0	26.167603149239966	23.789057415751184	23.652808201538065	26.39053123347078	0.0
175.0	26.172034017994868	23.803734668501786	23.70708634378557	26.31714496971778	0.0
176.0	26.300806141184097	23.752225819226094	23.825612082979095	26.12135595661072	0.0
177.0	26.21218876608613	23.789611274345546	23.77105701143441	26.227142948133913	0.0
178.0	26.274570619935638	23.851709489285575	23.67668968878599	26.19703020199279	0.0
179.0	26.359034289480533	23.69635172333579	23.820970252172515	26.12364373501116	0.0
180.0	26.282878521858088	23.822631832557008	23.705213485386402	26.189276160198503	0.0
181.0	26.243000592630338	23.795492686277008	23.697459443592113	26.26404727750054	0.0
182.0	26.23330804038748	23.76807660993293	23.74426062442191	26.254354725257684	0.0
183.0	26.17515272693034	23.757553267497826	23.78884636473905	26.278447640832788	0.0
184.0	26.267093508205434	23.71712147814191	23.78746171441864	26.228323299234013	0.0
185.0	26.258654112434225	23.622265300470787	23.875380780947104	26.24369980614788	0.0
186.0	26.348379950152314	23.735253392412073	23.71476045416782	26.20160620326779	0.0
187.0	26.256438659651067	23.726945444475213	23.768762115757408	26.24785378011631	0.0
188.0	26.271261541188263	23.802956538114305	23.838403978975236	26.08737794172219	0.0
189.0	26.352402948783986	23.747292978637375	23.686921555921106	26.21338251665753	0.0
190.0	26.186520002880105	23.79160227971354	23.723199796177216	26.298677921229142	0.0
191.0	26.178212008928327	23.724030595572394	23.735938720236614	26.361818675262672	0.0
192.0	26.297016322438783	23.592487358002536	23.77637095746861	26.33412536209007	0.0
193.0	26.285108197774566	23.68110596015486	23.817080127832334	26.21670571423824	0.0
194.0	26.121163783792767	23.831480650682085	23.8763438180217	26.17101174750345	0.0
195.0	26.25859533587928	23.730465775124134	23.802468588772545	26.20847030022404	0.0
196.0	26.209301101919984	23.772005859921293	23.768682653137525	26.2500103850212	0.0
197.0	26.169145686616062	23.72991190732684	23.745420205651115	26.355522200405986	0.0
198.0	26.322290132568256	23.739327659880864	23.749020346333534	26.189361861217346	0.0
199.0	26.154468189987735	23.790560431130693	23.655970556387896	26.39900082249368	0.0
200.0	26.175515166284956	23.803853258265782	23.696679839489114	26.323951735960144	0.0
201.0	26.299450283166482	23.73530511361276	23.829186225231588	26.136058377989173	0.0
202.0	26.210000138467716	23.783491878868443	23.773799138730805	26.23270884393304	0.0
203.0	26.271829495920727	23.84199128204844	23.681368286374184	26.204810935656642	0.0
204.0	26.3654339313309	23.6857992655652	23.82565204628158	26.123114756822325	0.0
205.0	26.286507114490966	23.812636044907975	23.692999606750597	26.20785723385047	0.0
206.0	26.251059280962853	23.799620043534368	23.694938160146663	26.254382515356113	0.0
207.0	26.23501066216179	23.762219945166024	23.749757678141183	26.253011714531006	0.0
208.0	26.178791990916395	23.74532664986568	23.79905286770611	26.27682849151181	0.0
209.0	26.264511697979444	23.7197026763559	23.78644540942928	26.229340216235375	0.0
210.0	26.263549403743152	23.616811507507908	23.878522014146213	26.241117074602727	0.0
211.0	26.34580127725805	23.74642052031926	23.714018267116423	26.19375993530627	0.0
212.0	26.260503038057415	23.722880421838568	23.769129791794754	26.247486748309267	0.0
213.0	26.264248762060905	23.809972194835552	23.844036290724596	26.08174275237895	0.0
214.0	26.368656600680175	23.75513730877026	23.676762193838552	26.199443896711017	0.0
215.0	26.197782233496913	23.776461986684538	23.727442921868597	26.298312857949952	0.0
216.0	26.1891969735574	23.718303774191046	23.737966788891228	26.354532463360325	0.0
217.0	26.30468256693733	23.584816829325035	23.77120005317322	26.33930055056441	0.0
218.0	26.29443564378372	23.678423857052653	23.815511072215884	26.211629426947745	0.0
219.0	26.122453501124394	23.843482402986563	23.87394622857839	26.160117867310657	0.0
220.0	26.255881644284802	23.73124035881146	23.80213857832453	26.21073941857921	0.0
221.0	26.210258114545255	23.7734020161737	23.77534064473247	26.240999224548577	0.0
222.0	26.176470588235297	23.74155311842251	23.736845020494073	26.34513127284812	0.0
223.0	26.321590783205938	23.749307632657583	23.740999224548574	26.1881023595879	0.0
224.0	26.160684612828184	23.80802038329456	23.656253461836712	26.375041542040545	0.0
225.0	26.18450204940733	23.80718954248366	23.69890329012961	26.309405117979395	0.0
226.0	26.304492922601426	23.741895817812722	23.828580449153787	26.125030810432065	0.0
227.0	26.21725439585243	23.78869997978282	23.771529222136984	26.222516402227768	0.0
228.0	26.269116368208532	23.84997147430749	23.692664742797955	26.18824741468602	0.0
229.0	26.350539218672974	23.70097319692698	23.830031184397832	26.118456400002216	0.0
230.0	26.277424822337558	23.819784090972036	23.702911836223752	26.199879250466658	0.0
231.0	26.238928984873073	23.800951594946245	23.70125014539795	26.258869274782732	0.0
232.0	26.21705005566664	23.76827167537208	23.755532045707575	26.259146223253698	0.0
233.0	26.17412304266668	23.751100870172095	23.794027883172056	26.28074820398917	0.0
234.0	26.246129645118227	23.730329734849533	23.796243470939796	26.227297149092436	0.0
235.0	26.258460822652296	23.610541824989753	23.883337579900076	26.247659772457876	0.0
236.0	26.34279953693703	23.727269202434957	23.730869572442217	26.1990616881858	0.0
237.0	26.257221511379942	23.719514559342407	23.766319369436737	26.256944559840917	0.0
238.0	26.263182966278194	23.804670536624275	23.849259981388755	26.08288651570878	0.0
239.0	26.369809899410647	23.74595648513316	23.67588735764612	26.208346257810078	0.0
240.0	26.1881813347514	23.778028893024906	23.73066781884251	26.303121953381194	0.0
241.0	26.181032572568135	23.71482384223355	23.73725902947042	26.3668845557279	0.0
242.0	26.289577845547036	23.58203911597129	23.78174606472056	26.34663697376111	0.0
243.0	26.290742992634613	23.678925689656605	23.819086847288048	26.21124447042073	0.0
244.0	26.12195601649866	23.8346920628589	23.88178360604877	26.16156831459367	0.0
245.0	26.260384895603924	23.733382089362042	23.804022926414408	26.20221008861962	0.0
246.0	26.214789122581507	23.781055384410806	23.776899891403115	26.227255601604575	0.0
247.0	26.187837650644134	23.72932539132844	23.731264718105	26.351572239922426	0.0
248.0	26.319580859393398	23.745667430436455	23.735693169570744	26.199058540599395	0.0
249.0	26.150295487478147	23.800525865197862	23.664210966699823	26.384967680624165	0.0
