# Position (bp)	A	C	G	T	N
0.0	26.26703571106231	23.743494088269802	23.8379614308493	26.151508769818587	0.0
1.0	26.179187099491564	23.982670958813443	23.6869340232859	26.151207918409096	0.0
2.0	26.20919338971272	23.76628729418065	23.83849141523086	26.186027900875775	0.0
3.0	26.220123042673848	23.905476752756428	23.86967705058588	26.004723153983843	0.0
4.0	26.14013765883712	23.923938679245282	23.728099730458222	26.20782393145938	0.0
5.0	26.184954232205005	23.80557034523627	23.726157279982193	26.283318142576533	0.0
6.0	26.267107835764776	23.705218829899234	23.787938035794856	26.239735298541135	0.0
7.0	26.103133591207417	23.750383502475472	23.78978650191601	26.356696404401102	0.0
8.0	26.164387269867145	23.800872858083864	23.740717235488205	26.294022636560783	0.0
9.0	26.256774884353252	23.811500309794933	23.77871618573259	26.153008620119227	0.0
10.0	26.122682226265848	23.899424034166955	23.752650495511077	26.225243244056124	0.0
11.0	26.042901054480488	23.857245117087636	23.89724680136908	26.20260702706279	0.0
12.0	26.133431182064808	23.875290989695806	23.732127067004324	26.259150761235063	0.0
13.0	26.33253730984162	23.81995031369742	23.773632574003116	26.07387980245785	0.0
14.0	26.386975692209596	23.64520611394164	23.767617283133728	26.200200910715036	0.0
15.0	26.070270627936214	23.918901848498884	23.80551361561088	26.20531390795402	0.0
16.0	26.23960106590954	23.77694098398128	23.87258410880458	26.110873841304596	0.0
17.0	26.129521242999704	23.82446178184946	23.86265887887009	26.183358096280745	0.0
18.0	26.00410242837292	23.886720042347648	23.841003831740284	26.268173697539144	0.0
19.0	26.171026749998493	23.96371576547584	23.707765138983294	26.157492345542373	0.0
20.0	26.20162592823178	23.843037472141766	23.779576344338274	26.17576025528818	0.0
21.0	26.228093128453146	23.805141253643	23.817171799198164	26.149593818705696	0.0
22.0	26.231100764841937	23.640623543176122	23.891761181640184	26.236514510341756	0.0
23.0	26.07951589084686	23.881535217918294	23.855368781335812	26.183580109899037	0.0
24.0	26.221476328397802	23.811156526420582	23.736266380339682	26.231100764841937	0.0
25.0	26.299674874506373	23.701979325507462	23.840631363030734	26.15771443695543	0.0
26.0	26.209746546481515	23.956726127638074	23.66919608886964	26.164331237010767	0.0
27.0	26.221175564758926	23.738672489450714	23.842135181225128	26.198016764565228	0.0
28.0	26.248244292258043	23.871610017835284	23.869504672363128	26.010641017543545	0.0
29.0	26.195911419093076	23.893264999834578	23.725438889340033	26.18538469173231	0.0
30.0	26.207941964648242	23.778674053421636	23.71310758014599	26.300276401784128	0.0
31.0	26.276516074312678	23.7028816164241	23.779877107977153	26.240725201286065	0.0
32.0	26.110795309290285	23.735664853061923	23.803336671809724	26.350203165838064	0.0
33.0	26.160421309705338	23.781982453449306	23.753409907755792	26.304186329089557	0.0
34.0	26.275012256118284	23.798524453587657	23.775666417032845	26.15079687326121	0.0
35.0	26.14177396409484	23.879129108807263	23.752507616839154	26.226589310258746	0.0
36.0	26.040939823392122	23.856500084213568	23.876049661942687	26.226510430451626	0.0
37.0	26.130567118211783	23.86101152522798	23.729578210341426	26.27884314621881	0.0
38.0	26.337792642140467	23.8186039796925	23.752135415413488	26.091467962753544	0.0
39.0	26.37328264478718	23.65919973051659	23.778602536031375	26.188915088664857	0.0
40.0	26.05477490916965	23.91575034286952	23.8186039796925	26.21087076826833	0.0
41.0	26.23042034599745	23.782813214311492	23.880260340222804	26.106506099468252	0.0
42.0	26.12034118524578	23.82642381078415	23.878756526551335	26.174478477418734	0.0
43.0	26.023796347537353	23.89018551045451	23.831236014532855	26.25478212747528	0.0
44.0	26.178689155698855	23.964774668559468	23.699201174177713	26.157335001563965	0.0
45.0	26.198159939125805	23.835074243057665	23.760184547458714	26.206581270357816	0.0
46.0	26.252297068474444	23.788756921281607	23.817028533274783	26.141917476969162	0.0
47.0	26.245379546391007	23.610705918090524	23.900640321935462	26.243274213583007	0.0
48.0	26.087178823961093	23.877782422877146	23.841390241481673	26.193648511680085	0.0
49.0	26.220717076354404	23.821539960720507	23.720183224106663	26.237559738818426	0.0
50.0	26.313652481736238	23.704844370791214	23.828758244633658	26.152744902838894	0.0
51.0	26.187934036915507	23.942145454436087	23.686798661008336	26.183121847640074	0.0
52.0	26.23064221673499	23.73552207742211	23.843495574289676	26.190340131553224	0.0
53.0	26.241168880775	23.87868470836629	23.8624435695617	26.01770284129701	0.0
54.0	26.207182794017246	23.887406801428018	23.709355798236935	26.196054606317805	0.0
55.0	26.216205648908687	23.780335590049596	23.71867941495809	26.28477934608363	0.0
56.0	26.289591535359065	23.693415421262056	23.779433304560452	26.237559738818426	0.0
57.0	26.139812144161162	23.724995413382096	23.78905768311132	26.346134759345425	0.0
58.0	26.16808375615434	23.78574930298446	23.759583023799284	26.286583917061918	0.0
59.0	26.25530468677159	23.806802631064485	23.780335590049596	26.157557092114324	0.0
60.0	26.148233475393173	23.876278613728573	23.749056359759273	26.226431551118985	0.0
61.0	26.037174050347378	23.845228427922642	23.887034196517188	26.230563325212785	0.0
62.0	26.129206893440404	23.864477127131643	23.74928569280279	26.25703028662516	0.0
63.0	26.336731931787423	23.844927666997503	23.73936058227315	26.07897981894192	0.0
64.0	26.365905741526063	23.656952088784625	23.80312189840296	26.174020271286352	0.0
65.0	26.06213720713405	23.92222322475864	23.821167553911398	26.194472014195913	0.0
66.0	26.232067129838494	23.78537700381966	23.866281692682488	26.11627417365936	0.0
67.0	26.109958194231403	23.820566032061112	23.87740984691269	26.19206592679479	0.0
68.0	26.036271767571957	23.87470299858642	23.827182772414208	26.26184246142741	0.0
69.0	26.181238533489733	23.961021384101777	23.69905861830431	26.158681464104184	0.0
70.0	26.17334003025646	23.837036190453276	23.779290266503455	26.21033351278681	0.0
71.0	26.24462015513202	23.795531307614343	23.807260948416648	26.15258758883699	0.0
72.0	26.228679874041706	23.61838365549744	23.916737595904852	26.236198874556006	0.0
73.0	26.090931784619737	23.87132283279848	23.84666051111158	26.191084871470206	0.0
74.0	26.207927432622235	23.806659428375504	23.72876258304736	26.2566505559549	0.0
75.0	26.29785467877326	23.702596461257595	23.856886351811028	26.142662508158114	0.0
76.0	26.19950615204622	23.934181677098028	23.68785922024957	26.17845295060618	0.0
77.0	26.258154356057755	23.73146942323251	23.84094607072071	26.16943014998902	0.0
78.0	26.246725475276023	23.886661593847652	23.859593191996176	26.00701973888015	0.0
79.0	26.207927432622235	23.890571474115088	23.72395042271821	26.177550670544463	0.0
80.0	26.204017552354802	23.780493306585743	23.732672463314795	26.28281667774466	0.0
81.0	26.28552351792981	23.691468340496435	23.784102426832607	26.23890571474115	0.0
82.0	26.129429067252946	23.732672463314795	23.79883966784063	26.33905880159162	0.0
83.0	26.15108378873413	23.788613827141187	23.757034024981127	26.303268359143555	0.0
84.0	26.268380196757207	23.807260948416648	23.7819971066886	26.142361748137542	0.0
85.0	26.15499366900157	23.864405352325328	23.76064314522799	26.219957833445118	0.0
86.0	26.036115154650336	23.824934133753594	23.915763386788253	26.223187324807817	0.0
87.0	26.124839093872936	23.870649519386934	23.752150427679464	26.252360959060667	0.0
88.0	26.327851497178877	23.838468293973992	23.749443595635384	26.084236613211747	0.0
89.0	26.379281306016384	23.641170313872216	23.799068849776837	26.180479530334566	0.0
90.0	26.059273606583016	23.922380087340446	23.830047038725745	26.188299267350796	0.0
91.0	26.240029835304306	23.782226339280342	23.86884496469088	26.108898860724466	0.0
92.0	26.13295959000517	23.799971127124863	23.890198861927505	26.17687042094246	0.0
93.0	26.02258099442994	23.87666470170711	23.831851593421796	26.268902710441154	0.0
94.0	26.17386282978237	23.961178013305584	23.69260012270972	26.172359034202326	0.0
95.0	26.20265689803996	23.822456412616205	23.791177558625296	26.18370913071854	0.0
96.0	26.21709329218961	23.81313290806122	23.841704938149075	26.128068861600095	0.0
97.0	26.23122892812781	23.62124916915544	23.904262646130896	26.243259256585855	0.0
98.0	26.077541482076317	23.867870902545317	23.859750430836137	26.19483718454223	0.0
99.0	26.202055381617058	23.82606551115362	23.719597104299943	26.252282002929384	0.0
100.0	26.320253358717327	23.70245388624723	23.816742006598634	26.160550748436812	0.0
101.0	26.193634151696426	23.925917237355375	23.683506118925813	26.19694249202239	0.0
102.0	26.254387310409545	23.72501075210606	23.84020114709182	26.18040079039258	0.0
103.0	26.257695650735503	23.86907393539112	23.86155498010484	26.011675433768534	0.0
104.0	26.217694808612514	23.882006538483516	23.73102591633508	26.16927273656889	0.0
105.0	26.201153106982705	23.790576042202392	23.73313122381524	26.275139626999668	0.0
106.0	26.26431233138743	23.707266017630445	23.770726000246622	26.257695650735503	0.0
107.0	26.141903739326843	23.73343198202669	23.800501063180278	26.32416321546619	0.0
108.0	26.16115226485971	23.777041922687093	23.768319934555013	26.29348587789818	0.0
109.0	26.268222188136292	23.78395936155047	23.785763910819174	26.16205453949406	0.0
110.0	26.144610563229904	23.85493829945292	23.781854054070312	26.218597083246863	0.0
111.0	26.043477476285286	23.819377191768872	23.919529374966164	26.217615956979675	0.0
112.0	26.129494066058335	23.869603662020968	23.73486438853032	26.266037883390375	0.0
113.0	26.320775713245954	23.8374226301828	23.755015128092538	26.08678652847871	0.0
114.0	26.386641563456788	23.63200538957094	23.821783250224062	26.15956979674821	0.0
115.0	26.063928973154404	23.911108170372998	23.84464080554837	26.180322050924225	0.0
116.0	26.22633791887974	23.7883991891583	23.880430925069323	26.104831966892633	0.0
117.0	26.12317816261346	23.816670376006783	23.8858445565935	26.174306904786253	0.0
118.0	26.009792657912623	23.885543799286605	23.853362767448434	26.251300775352338	0.0
119.0	26.178216749775935	23.96223691254579	23.699675783623164	26.15987055405511	0.0
120.0	26.193333393484973	23.82426096188491	23.790876800413844	26.191528844216272	0.0
121.0	26.23062741170491	23.808621534889458	23.820050346924596	26.14070070648104	0.0
122.0	26.23062741170491	23.622452202001245	23.90817250287976	26.23874788341409	0.0
123.0	26.097090765820635	23.85433678303002	23.87929971458046	26.16927273656889	0.0
124.0	26.205664480154468	23.81253139163832	23.73343198202669	26.24837214618052	0.0
125.0	26.309125304893637	23.700649336978522	23.842306454571975	26.147918903555865	0.0
126.0	26.20897282048043	23.91719524922329	23.69102507421209	26.18280685608419	0.0
127.0	26.25498882683244	23.71658952218543	23.848020860589546	26.18040079039258	0.0
128.0	26.256270827568784	23.867641928226845	23.86072446855864	26.015362775645727	0.0
129.0	26.214465310443558	23.879672292867195	23.734405639834943	26.1714567568543	0.0
130.0	26.220781251879743	23.7602709238117	23.735307917182972	26.283639907125583	0.0
131.0	26.27048551690121	23.705904821483887	23.777786466400595	26.245823195214307	0.0
132.0	26.134241227582102	23.724251182738783	23.81658450905438	26.32492308062474	0.0
133.0	26.145369348343262	23.8045541082315	23.752221864651975	26.29785467877326	0.0
134.0	26.252518872748055	23.79710667990015	23.79891124545099	26.15146320190081	0.0
135.0	26.154771572077358	23.85725886492827	23.781767872717978	26.206201690276398	0.0
136.0	26.02311655423187	23.81672777144507	23.93131802856636	26.228837645756702	0.0
137.0	26.131691574758865	23.86063899858341	23.7475525506107	26.26011687604703	0.0
138.0	26.3395179990917	23.81341939131821	23.755372358183276	26.091690251406813	0.0
139.0	26.39094827197291	23.630856960681406	23.830562815611945	26.14763195173374	0.0
140.0	26.062215592094777	23.89251975253317	23.842894050630246	26.20237060474181	0.0
141.0	26.2165064107384	23.78635082664389	23.876579375558286	26.12056338705942	0.0
142.0	26.13409766939658	23.79868206166219	23.8871060395983	26.180114229342927	0.0
143.0	26.02822950533702	23.89342203802231	23.83086357744166	26.247484879199014	0.0
144.0	26.18041499117264	23.94364926358466	23.732514459124964	26.143421286117736	0.0
145.0	26.18951661413344	23.828529149924208	23.800858978369142	26.181095257573205	0.0
146.0	26.212675344674093	23.799655927431967	23.83514593007868	26.15252279781526	0.0
147.0	26.23252568513751	23.60656625201511	23.922968648492578	26.237939414354805	0.0
148.0	26.080640504318954	23.870936695459687	23.87695195014557	26.17147085007579	0.0
149.0	26.206738910092724	23.783486271643703	23.75491372595019	26.254861092313387	0.0
150.0	26.30388556545068	23.685136561730232	23.848451217641593	26.162526655177498	0.0
151.0	26.21335571014807	23.909806999972933	23.70378390734074	26.173053382538264	0.0
152.0	26.24914658317468	23.718220562006938	23.83942830847522	26.193204546343164	0.0
153.0	26.249827060387503	23.867170347022128	23.874689460608867	26.0083131319815	0.0
154.0	26.201103204345443	23.882509338739073	23.744157648743105	26.172229808172375	0.0
155.0	26.20471237886708	23.77152722219883	23.74626300054739	26.2774973983867	0.0
156.0	26.27035806126592	23.693399702242207	23.777313262252434	26.25892897423944	0.0
157.0	26.140126622253636	23.71114486367806	23.807089041610897	26.341639472457405	0.0
158.0	26.15907484548175	23.77941862038889	23.757763508128185	26.303743026001175	0.0
159.0	26.279460064243693	23.772271748414962	23.80325068273962	26.145017504601725	0.0
160.0	26.165469616583053	23.83573344882761	23.783700869816293	26.215096064773043	0.0
161.0	26.0232854010581	23.807232249468395	23.916410763858604	26.2530715856149	0.0
162.0	26.136073122535585	23.86167112303486	23.74046191835372	26.26179383607583	0.0
163.0	26.352024013257818	23.794600024662916	23.7621171608774	26.091258801201867	0.0
164.0	26.392627592989715	23.608725859668013	23.831895164564802	26.166751382777463	0.0
165.0	26.066595886105453	23.883627132815814	23.851144269030296	26.198632712048436	0.0
166.0	26.240439360809425	23.771140178595598	23.880017925728534	26.108402534866443	0.0
167.0	26.142389234938328	23.7970061627211	23.891146314247646	26.169458288092923	0.0
168.0	26.01907465945627	23.891447081504918	23.831594397307533	26.257883861731273	0.0
169.0	26.186902789014777	23.944382118785022	23.71399439971367	26.15472069248653	0.0
170.0	26.215855294421953	23.835275293098572	23.786250082711245	26.162619329768226	0.0
171.0	26.221870657659665	23.80128849080552	23.840087583688742	26.136753267846082	0.0
172.0	26.23119447067811	23.613007621465222	23.911068869893708	26.244729037962955	0.0
173.0	26.064268140831686	23.870765936201057	23.887608953266643	26.177356969700615	0.0
174.0	26.207813378809615	23.8085785353148	23.748725491080695	26.23488259479489	0.0
175.0	26.28811871956593	23.708121667102784	23.823015450506947	26.180744162824343	0.0
176.0	26.19999338308054	23.912043094191848	23.718648584430387	26.169314938297227	0.0
177.0	26.237589516393417	23.720453198829407	23.844370054228666	26.197587230548514	0.0
178.0	26.268346968238692	23.84835178055823	23.856472569778635	26.026828681424448	0.0
179.0	26.228043792107798	23.862487969201155	23.760526948989412	26.14894128970164	0.0
180.0	26.20247834456208	23.747894610202117	23.757218479307028	26.292408565928778	0.0
181.0	26.256996682497242	23.69382727931689	23.782554687664483	26.266621350521387	0.0
182.0	26.149019938101354	23.70736196872584	23.829474944282193	26.314143148890608	0.0
183.0	26.15804306437399	23.781351604161465	23.779546978906936	26.281058352557608	0.0
184.0	26.268805755568792	23.77480615258754	23.808191820210663	26.14819627163301	0.0
185.0	26.154512479021168	23.844284433857275	23.793454002971625	26.207749084149928	0.0
186.0	26.031274343789196	23.795630975977286	23.912932323138143	26.26016235709538	0.0
187.0	26.151583417800328	23.84104765141649	23.737581847766915	26.269787083016265	0.0
188.0	26.364530478800035	23.776080751450476	23.76705757089964	26.092331198849845	0.0
189.0	26.39851779220818	23.61396427422047	23.828715971330347	26.158801962240997	0.0
190.0	26.07368329237812	23.890073599076025	23.844356150951796	26.191886957594058	0.0
191.0	26.243018314048793	23.76284675330925	23.870523374549215	26.12361155809274	0.0
192.0	26.14316178261955	23.804052611158067	23.885261236115582	26.167524370106804	0.0
193.0	26.016235709537806	23.884960463430552	23.844656923636823	26.25414690339482	0.0
194.0	26.194894684444336	23.91714314072853	23.716828532499992	26.17113364232714	0.0
195.0	26.21422298150844	23.841119358991325	23.783370829774178	26.161286829726055	0.0
196.0	26.21843381176386	23.800815697975192	23.829689962583767	26.151060527677185	0.0
197.0	26.26204598226639	23.605012091098303	23.900371756156837	26.23257017047847	0.0
198.0	26.084890337949208	23.85886500078201	23.89074700128731	26.165497659981472	0.0
199.0	26.21520415068802	23.774118354763516	23.750357169712007	26.260320324836457	0.0
200.0	26.28379618071952	23.692592737411683	23.836966231641256	26.186644850227538	0.0
201.0	26.222437445671954	23.90584441951328	23.718158877014837	26.15355925779993	0.0
202.0	26.250567722103412	23.706270359040992	23.845531463083777	26.197630455771815	0.0
203.0	26.26540016362674	23.860628519178018	23.855515183598826	26.01845613359642	0.0
204.0	26.20961192557345	23.857162623096777	23.76812989153648	26.1650955597933	0.0
205.0	26.20840878055236	23.74978192996493	23.763016525196864	26.27879276428584	0.0
206.0	26.260238166138777	23.701411009544092	23.783226101420635	26.255124722896493	0.0
207.0	26.142786241747	23.708772615842747	23.829390443819463	26.319050698590786	0.0
208.0	26.160403550619794	23.780489639012302	23.773571284618093	26.285535525749815	0.0
209.0	26.279455911636777	23.760550585659026	23.80236188734411	26.15763161536009	0.0
210.0	26.152217202192237	23.83695397147206	23.79574427125007	26.21508455508564	0.0
211.0	26.04340567612688	23.807847914692655	23.89899081051001	26.249755598670454	0.0
212.0	26.144775827580503	23.82529440960159	23.76513408232941	26.2647956804885	0.0
213.0	26.354751670221184	23.77354177132183	23.778655460668208	26.093051097788784	0.0
214.0	26.387397387189832	23.624183684826388	23.834748630575834	26.153670297407945	0.0
215.0	26.07171971495008	23.88270719212593	23.838788567921956	26.206784525002032	0.0
216.0	26.25673452075481	23.76387138306225	23.878482322541053	26.10091177364189	0.0
217.0	26.161977444807764	23.798164420071654	23.890815783219878	26.149042351900707	0.0
218.0	26.014878365004257	23.88690517373635	23.845693366102235	26.25252309515716	0.0
219.0	26.21477798133124	23.93066748489142	23.703549952320362	26.15100458145698	0.0
220.0	26.197724578998983	23.83867493727852	23.79024252305804	26.173357960664458	0.0
221.0	26.21818050550204	23.80438117814104	23.840479871969965	26.136958444386956	0.0
222.0	26.25788906871386	23.63231073755648	23.893725445367636	26.216074748362022	0.0
223.0	26.082509581194984	23.857927573987283	23.880489257630362	26.179073587187368	0.0
224.0	26.20611231276943	23.793737271028938	23.756133220621457	26.24401719558017	0.0
225.0	26.283441684441062	23.710391177081107	23.838246486987337	26.16792065149049	0.0
226.0	26.188535070170428	23.912696860757208	23.723169025736677	26.17559904333569	0.0
227.0	26.224048664113525	23.709314953926132	23.86364661959501	26.202989762365338	0.0
228.0	26.2575210589651	23.85890493381468	23.86642599277978	26.017148014440433	0.0
229.0	26.19059079777857	23.882815179393376	23.766087641923235	26.16050638090482	0.0
230.0	26.223081968002216	23.7417192642555	23.777218876166522	26.25797989157576	0.0
231.0	26.26768592977674	23.70358336567418	23.792934352596443	26.235796351952633	0.0
232.0	26.14750522721461	23.7061327637299	23.82256050782954	26.32380150122595	0.0
233.0	26.164667515065087	23.7744102577988	23.77501195880755	26.285910268328568	0.0
234.0	26.26599034862871	23.76349326690494	23.813434901380315	26.15708148308603	0.0
235.0	26.14430210658692	23.85990986383301	23.781988411064244	26.21379961851582	0.0
236.0	26.033665779141657	23.814251545647366	23.914436572047475	26.2376461031635	0.0
237.0	26.130397764025236	23.842073752267716	23.776787621508923	26.250740862198125	0.0
238.0	26.35018247132056	23.797088281219445	23.763392010975355	26.08933723648464	0.0
239.0	26.375930801053027	23.631440391124485	23.857991726212862	26.13463708160963	0.0
240.0	26.08044192511824	23.880444332117797	23.8473480882406	26.19176565452335	0.0
241.0	26.244478678975053	23.77778713878224	23.89573579501005	26.08199838723266	0.0
242.0	26.165701768111404	23.79066716416114	23.905913363744688	26.137717703982766	0.0
243.0	26.010550103966366	23.89451099696376	23.87013682636262	26.22480207270725	0.0
244.0	26.201037629101766	23.944013770854898	23.718612321544647	26.13633627849869	0.0
245.0	26.212674776244278	23.82343912700658	23.825846720556633	26.138039376192513	0.0
246.0	26.19852345882629	23.80072412516591	23.877169591558495	26.123582824449304	0.0
247.0	26.255624614365903	23.625336724405184	23.923610588571687	26.19542807265723	0.0
248.0	26.08635453820338	23.876171986696164	23.89182355862567	26.145649916474785	0.0
249.0	26.20172771874906	23.780513499683952	23.79827228125094	26.219486500316048	0.0
