# Position (bp)	A	C	G	T	N
0.0	25.71842626519596	24.173042482233146	24.22588422911169	25.882647023459203	0.0
1.0	25.73772774160069	24.334099064036604	24.16892905283542	25.759244141527283	0.0
2.0	25.77970997984477	24.29670270561024	24.20779187905596	25.715795435489024	0.0
3.0	25.760289055381186	24.303938442847016	24.23306672066417	25.702705781107625	0.0
4.0	25.695321076826218	24.308000898515235	24.25927859350728	25.73739943115127	0.0
5.0	25.74448497426374	24.26421505199452	24.19651302947569	25.79478694426605	0.0
6.0	25.829167984814934	24.143941790572605	24.30306864916166	25.723821575450806	0.0
7.0	25.7814402986255	24.1896145390127	24.11717254796514	25.91177261439666	0.0
8.0	25.734584713299235	24.235206291062884	24.25545106300869	25.774757932629193	0.0
9.0	25.738650201960457	24.32002429218949	24.174207894328976	25.76711761152108	0.0
10.0	25.80092166481638	24.292857888394426	24.247312338099803	25.658908108689392	0.0
11.0	25.650368318009154	24.296653350918977	24.379837237915407	25.673141093156467	0.0
12.0	25.671875938981614	24.265340785091425	24.28653211752017	25.776251158406794	0.0
13.0	25.845518349479864	24.108461667409944	24.31151891247347	25.73450107063672	0.0
14.0	25.935976872981687	24.20651111596087	24.076832813038678	25.78067919801877	0.0
15.0	25.85374185161639	24.115420015371622	24.18025916683272	25.850578966179267	0.0
16.0	25.862597930840348	24.20176678780518	24.248893780818364	25.686741500536108	0.0
17.0	25.852792985985257	24.22200925460279	24.15685381459798	25.768343944813978	0.0
18.0	25.624116368881	24.306142007230356	24.29949994781239	25.77024167607625	0.0
19.0	25.754978365932036	24.220667493231446	24.127678955492016	25.8966751853445	0.0
20.0	25.783760532375194	24.244705346524633	24.24407277143797	25.727461349662207	0.0
21.0	25.727461349662207	24.25356139773791	24.143177045115255	25.875800207484627	0.0
22.0	25.777118493965233	24.261784873864528	24.179866400141698	25.78123023202854	0.0
23.0	25.770792743098607	24.18049897522836	24.189038738898308	25.85966954277473	0.0
24.0	25.803370360061738	24.122302067255383	24.208648566584852	25.865679006098024	0.0
25.0	25.75118291541206	24.143809620201917	24.212760304648164	25.892247159737863	0.0
26.0	25.76794615520862	24.326940107790797	24.151716808785203	25.753396928215377	0.0
27.0	25.803370360061738	24.27633410085777	24.196945927481593	25.723349611598895	0.0
28.0	25.779648794311882	24.295943928544318	24.219718630601452	25.704688646542344	0.0
29.0	25.737501146538715	24.310416264719183	24.2180605941759	25.7340219945662	0.0
30.0	25.76438550269002	24.262340710189804	24.159231297185997	25.81404248993418	0.0
31.0	25.84915029620235	24.155119572127564	24.277522464251714	25.718207667418376	0.0
32.0	25.796014156985663	24.163343022244433	24.114951181172096	25.925691639597808	0.0
33.0	25.750152608256975	24.21110229023086	24.239884365639895	25.79886073587227	0.0
34.0	25.725165971363417	24.326230591867006	24.182636501364776	25.765966935404798	0.0
35.0	25.83112196325383	24.27277816610737	24.241782084897633	25.65431778574117	0.0
36.0	25.653052639569346	24.275624744993976	24.376520152197084	25.694802463239597	0.0
37.0	25.667601820545343	24.265819862162324	24.299029949172752	25.76754836811958	0.0
38.0	25.836815121027044	24.095025128965837	24.30282538768823	25.765334362318885	0.0
39.0	25.923477633797116	24.212051149859725	24.0735176440448	25.79095357229836	0.0
40.0	25.858638892491044	24.089648257735575	24.175361910876777	25.876350938896604	0.0
41.0	25.875402079267733	24.1984508285126	24.242414657983545	25.683732434236124	0.0
42.0	25.836182547941135	24.219642026890682	24.163659308787388	25.7805161163808	0.0
43.0	25.601181646524484	24.31263027051988	24.31705828212127	25.76912980083436	0.0
44.0	25.738052313628746	24.20817914413132	24.135433469336117	25.91833507290382	0.0
45.0	25.78201600404845	24.229686561027293	24.23949141284752	25.74880602207673	0.0
46.0	25.734889458202865	24.236961128506813	24.172122592276306	25.856026821014012	0.0
47.0	25.76651801246165	24.265426827339724	24.183192586266884	25.784862573931743	0.0
48.0	25.777904291994812	24.16769459468008	24.172122592276306	25.8822785210488	0.0
49.0	25.774108865483758	24.140177752474933	24.20976057184426	25.875952810197045	0.0
50.0	25.768732011259765	24.15251288863586	24.19869057785369	25.88006452225069	0.0
51.0	25.76335515703577	24.292627384002277	24.1645317392542	25.77948571970775	0.0
52.0	25.78834171490021	24.26574311288231	24.203118575449917	25.742796596767565	0.0
53.0	25.78897428598539	24.290097099661576	24.218932852579307	25.701995761773727	0.0
54.0	25.719626404698726	24.31342532996385	24.224233089056238	25.742715176281187	0.0
55.0	25.77212963870817	24.258075535074376	24.150855075259905	25.818939750957554	0.0
56.0	25.845823937046724	24.146110807126522	24.284327152079097	25.723738103747657	0.0
57.0	25.798064971170664	24.178055545891304	24.097086703081562	25.926792779856473	0.0
58.0	25.75536655797021	24.21980510546508	24.257126681447698	25.76770165511701	0.0
59.0	25.71393328293866	24.328606987990675	24.183432383109142	25.77402734596152	0.0
60.0	25.849303067011203	24.26028952686995	24.234354194407455	25.65605321171138	0.0
61.0	25.64846238269797	24.276103753981232	24.370672832106678	25.704761031214122	0.0
62.0	25.66838830885818	24.25048470606096	24.30267165552818	25.77845532955268	0.0
63.0	25.833805124442154	24.094556426743754	24.32829070344845	25.74334774536564	0.0
64.0	25.913825113625222	24.210316569198316	24.099616979419363	25.7762413377571	0.0
65.0	25.86543357866471	24.086016744103667	24.18121839131356	25.867331285918066	0.0
66.0	25.871442984966997	24.177422976806852	24.232140202611877	25.718993835614274	0.0
67.0	25.862270733242454	24.21253056099389	24.151803928886583	25.77339477687707	0.0
68.0	25.602284839533034	24.298243671937023	24.3301884107018	25.76928307782814	0.0
69.0	25.74990827777286	24.214351681995876	24.1381273484053	25.897612691825966	0.0
70.0	25.77837379654112	24.214035398454005	24.244714902015357	25.762875902989514	0.0
71.0	25.754336247359035	24.230165859089357	24.14287160153334	25.872626292018268	0.0
72.0	25.766355021950076	24.272231570158016	24.167858001341042	25.793555406550865	0.0
73.0	25.801146211555736	24.155839226749997	24.16279746467113	25.880217097023138	0.0
74.0	25.783434333211037	24.12863884214921	24.198853788444264	25.889073036195487	0.0
75.0	25.776792378831775	24.1526763913313	24.205179459281656	25.865351770555268	0.0
76.0	25.760661918196426	24.299115671216935	24.15836949508495	25.78185291550169	0.0
77.0	25.80082992801386	24.265589615778755	24.231747276798703	25.701833179408677	0.0
78.0	25.765722454866342	24.290892299128323	24.249142871601535	25.694242374403803	0.0
79.0	25.746664009893315	24.338890417587837	24.188339927824323	25.72610564469452	0.0
80.0	25.768803787799715	24.242424242424242	24.173474648372885	25.815297321403158	0.0
81.0	25.85641405180075	24.135520743390483	24.28006186486512	25.72800333994364	0.0
82.0	25.816246169027718	24.168414127708566	24.109901857527365	25.90543784573635	0.0
83.0	25.771017765590358	24.218070486727203	24.240526547175122	25.770385200507317	0.0
84.0	25.72990103519276	24.321178595262722	24.196879556445364	25.752040813099157	0.0
85.0	25.840599924724756	24.230721788388003	24.247801045630084	25.68087724125716	0.0
86.0	25.63976051085956	24.28543866807096	24.37652804002872	25.69827278104076	0.0
87.0	25.70238445408052	24.242424242424242	24.28638751569552	25.768803787799715	0.0
88.0	25.817827581735315	24.095985425700487	24.337941569963277	25.748245422600917	0.0
89.0	25.938331230054434	24.209214575564644	24.07163167000345	25.780822524377477	0.0
90.0	25.85072096605339	24.076692190667767	24.209214575564644	25.863372267714198	0.0
91.0	25.877921264624113	24.178851451578726	24.238945134467524	25.70428214932964	0.0
92.0	25.85831174704987	24.219968181976324	24.158609368921443	25.763110702052355	0.0
93.0	25.610662517039724	24.29208060144288	24.308843576143442	25.788413305373957	0.0
94.0	25.73835925787699	24.209770569370033	24.14556541651116	25.906304756241816	0.0
95.0	25.80730863385351	24.221156704852394	24.23001258800534	25.74152207328876	0.0
96.0	25.737094131712286	24.22337067564063	24.164542308981762	25.87499288366532	0.0
97.0	25.75670358726524	24.266384965240658	24.161063212028818	25.815848235465282	0.0
98.0	25.784536362888787	24.151891047334693	24.179407541417067	25.88416504835945	0.0
99.0	25.77030369353584	24.121211737840557	24.195854181558254	25.91263038706535	0.0
100.0	25.7627129365476	24.17529588138177	24.18288663837001	25.87910454370062	0.0
101.0	25.736777850171112	24.296431711652446	24.17719357062883	25.789596867547615	0.0
102.0	25.78643405213585	24.272394314523016	24.228431180299456	25.712740453041675	0.0
103.0	25.781057265935846	24.28251532384067	24.239817315781817	25.69661009444167	0.0
104.0	25.750612793547877	24.31343401597217	24.200205582351547	25.735747608128413	0.0
105.0	25.770222187079938	24.26662449592789	24.15054953743971	25.81260377955246	0.0
106.0	25.844548114177275	24.14770301257215	24.2786431564798	25.72910571677078	0.0
107.0	25.831580612002845	24.1632007590733	24.124298252550012	25.880920376373844	0.0
108.0	25.776231517355896	24.21696845101605	24.22898711156796	25.777812920060093	0.0
109.0	25.74302206056772	24.331145726259194	24.179014786115285	25.7468174270578	0.0
110.0	25.842966711473075	24.225824306159563	24.26282912943781	25.668379852929547	0.0
111.0	25.670593816715424	24.272317545663004	24.377955246303472	25.6791333913181	0.0
112.0	25.688305527002452	24.26757333755041	24.283071084051553	25.76105005139559	0.0
113.0	25.834427136870403	24.10690282280383	24.32355499327904	25.73511504704673	0.0
114.0	25.955878864552854	24.188186921799637	24.09045623468016	25.765477978967343	0.0
115.0	25.8439155530956	24.063256108167945	24.215387048311854	25.877441290424606	0.0
116.0	25.8837669012414	24.187238080177117	24.259982604570254	25.669012414011227	0.0
117.0	25.87396220447537	24.22740570886376	24.142642523918717	25.755989562742155	0.0
118.0	25.59816557286313	24.305843282992015	24.321024748952322	25.774966395192532	0.0
119.0	25.76049896575936	24.22590092797004	24.149360795005283	25.864239311265315	0.0
120.0	25.78928058600644	24.229380024922985	24.240133597322995	25.741205791747586	0.0
121.0	25.75132680106524	24.22337067564063	24.164226027440584	25.861076495853546	0.0
122.0	25.759233839594653	24.28725954695832	24.168653969017058	25.784852644429968	0.0
123.0	25.795289935288796	24.148728231922927	24.174979599840594	25.88100223294768	0.0
124.0	25.77599676127702	24.121211737840557	24.200598404675908	25.90219309620652	0.0
125.0	25.750377956441707	24.18952855073472	24.20217981238179	25.85791368044178	0.0
126.0	25.771885101241722	24.27018034373478	24.17434703675824	25.78358751826526	0.0
127.0	25.776629324359373	24.25120345126418	24.250570888181823	25.721596336194626	0.0
128.0	25.774731635112314	24.284729294628907	24.24234756811123	25.698191502147548	0.0
129.0	25.740654641604436	24.312638966641682	24.1975121215284	25.749194270225477	0.0
130.0	25.779557394211395	24.237680004301442	24.173474648372885	25.809287953114275	0.0
131.0	25.868198322432097	24.14445301924269	24.28994344850271	25.6974052098225	0.0
132.0	25.818541806358564	24.16184861404552	24.1381273484053	25.881482231190617	0.0
133.0	25.75560138152651	24.24344976784788	24.2349101122174	25.76603873840821	0.0
134.0	25.745878021703444	24.300773948274827	24.193869773002586	25.759478257019147	0.0
135.0	25.86132187961578	24.221702812718434	24.26281980320776	25.654155504458032	0.0
136.0	25.629801594706663	24.279582883945714	24.377314807493413	25.71330071385421	0.0
137.0	25.70128190124964	24.242261307963094	24.28780628204358	25.768650508743683	0.0
138.0	25.835151975203214	24.071227504190784	24.323623367175887	25.76999715343012	0.0
139.0	25.94711705727931	24.205016288705444	24.094316348799698	25.75355030521555	0.0
140.0	25.82724483663852	24.053515513805866	24.22873770439953	25.890501945156085	0.0
141.0	25.88923680298574	24.185090299522408	24.248979979125153	25.6766929183667	0.0
142.0	25.8563431065566	24.2243097068033	24.14681974886928	25.77252743777082	0.0
143.0	25.603947243571497	24.31002308884461	24.332479362368346	25.75355030521555	0.0
144.0	25.750468894799933	24.212367436402683	24.15986387027191	25.87729979852547	0.0
145.0	25.781464976009666	24.222172319234332	24.24652638304198	25.74983632171402	0.0
146.0	25.75964120454567	24.222172319234332	24.168403606931737	25.849782869288262	0.0
147.0	25.7586923449168	24.250321821557456	24.183585360993646	25.807400472532095	0.0
148.0	25.763752929604106	24.15638471829939	24.200664834313297	25.879197517783208	0.0
149.0	25.788821133068495	24.09921307659219	24.20042509045824	25.911540699881076	0.0
150.0	25.771109030641938	24.166898610865108	24.19378305204828	25.868209306444673	0.0
151.0	25.77806735659523	24.27190607525113	24.17354064927507	25.77648591887857	0.0
152.0	25.788821133068495	24.24881708458794	24.225095518838085	25.737266263505475	0.0
153.0	25.772690468358594	24.272222362794462	24.229523544444724	25.725563624402213	0.0
154.0	25.73703137898642	24.302662833249517	24.222325543146503	25.73798024461756	0.0
155.0	25.804717127340933	24.223590697321352	24.167607625084212	25.804084550253503	0.0
156.0	25.84591638569612	24.136055110290165	24.286608933281883	25.731419570731827	0.0
157.0	25.826939013050104	24.154399903847978	24.14364605934857	25.875015023753345	0.0
158.0	25.78234218733197	24.225248761726434	24.224616182638233	25.767792868303356	0.0
159.0	25.744785159647655	24.29459301314187	24.210776018850915	25.749845808359563	0.0
160.0	25.84599813388579	24.238925877310898	24.273401546660764	25.641674442142552	0.0
161.0	25.644204766498508	24.264545411414925	24.368288710009015	25.722961112077552	0.0
162.0	25.732133537867885	24.239558458399888	24.281308810273117	25.746999193459114	0.0
163.0	25.87770903708202	24.0701028580104	24.315861388393365	25.736326716514213	0.0
164.0	25.949190926228162	24.20104755759669	24.095406181601952	25.754355334573198	0.0
165.0	25.825837223719333	24.077061271998076	24.20958742930884	25.88751407497375	0.0
166.0	25.89257473969206	24.198517225237534	24.263040700395997	25.64586733467441	0.0
167.0	25.90775673384699	24.207689680039472	24.149175744234004	25.73537784187953	0.0
168.0	25.606963474652396	24.301311977328222	24.326615300919777	25.765109247099605	0.0
169.0	25.765190740219445	24.224846044603574	24.1375493021005	25.872413913076482	0.0
170.0	25.798085164930747	24.229274140237788	24.233385943326702	25.739254751504763	0.0
171.0	25.760446352039928	24.211561757700935	24.187523524258054	25.84046836600108	0.0
172.0	25.742417676957775	24.284625335665464	24.173290359719513	25.799666627657253	0.0
173.0	25.76961883585366	24.15399651445615	24.180881380806735	25.89550326888346	0.0
174.0	25.772230691860504	24.1186480348682	24.192660724565254	25.916460548706045	0.0
175.0	25.733010292191977	24.194242192293824	24.194558485839536	25.878189029674658	0.0
176.0	25.783617259506205	24.251175030522326	24.188548908470974	25.776658801500496	0.0
177.0	25.770016637040506	24.245481746699475	24.238839582239486	25.745662034020533	0.0
178.0	25.75262049202624	24.26509194653374	24.24168622415091	25.74060133728911	0.0
179.0	25.741947931591813	24.297114444855627	24.237651070182597	25.723286553369963	0.0
180.0	25.798248360803516	24.191155771901023	24.18767653189356	25.8229193354019	0.0
181.0	25.823949898785425	24.16213309716599	24.296558704453442	25.717358299595144	0.0
182.0	25.84988613360324	24.154225708502025	24.125442813765183	25.870445344129557	0.0
183.0	25.775240384615383	24.217168522267208	24.24089068825911	25.7667004048583	0.0
184.0	25.758558193820196	24.283351098656055	24.197634734421605	25.760455973102143	0.0
185.0	25.84332566841368	24.261526636913704	24.257414781802826	25.637732912869794	0.0
186.0	25.656078112595242	24.24381403028223	24.367802276702548	25.73230558041998	0.0
187.0	25.727244835668127	24.24413032682922	24.290309622689847	25.7383152148128	0.0
188.0	25.876302355151537	24.05474477950898	24.312527280663467	25.75642558467602	0.0
189.0	25.937031484257872	24.201190543968522	24.095230865579868	25.766547106193737	0.0
190.0	25.82253177208864	24.06549889612156	24.210046875296527	25.90192245649327	0.0
191.0	25.893698720260122	24.184743071502226	24.267296731381144	25.65426147685651	0.0
192.0	25.921532904433857	24.21036317284396	24.144573282978765	25.72353063974342	0.0
193.0	25.596062728129603	24.30335465178803	24.34700371333321	25.75357890674916	0.0
194.0	25.758088544615493	24.21708201937645	24.150975622870916	25.873853813137142	0.0
195.0	25.811226700658217	24.24080441046695	24.22372428888179	25.72424459999304	0.0
196.0	25.758404843163362	24.196838912312554	24.171535028482687	25.873221216041397	0.0
197.0	25.781810935705995	24.278760236211756	24.151924518514537	25.787504309567716	0.0
198.0	25.78149463715812	24.148445234487927	24.186717358780605	25.883342769573346	0.0
199.0	25.7945444653905	24.100127785017524	24.197864345449716	25.907463404142263	0.0
200.0	25.730182126432055	24.183151249074818	24.21003688076064	25.876629743732483	0.0
201.0	25.784442729354605	24.24940217872642	24.2054354289763	25.760719662942673	0.0
202.0	25.742546071069327	24.258719183151875	24.251127657824647	25.74760708795415	0.0
203.0	25.7405040868487	24.2889136321077	24.24874104815649	25.72184123288711	0.0
204.0	25.727625572942863	24.28708351917401	24.258297984063567	25.72699292381956	0.0
205.0	25.800227122472158	24.19993104080929	24.183482059538985	25.81635977717957	0.0
206.0	25.827054112020043	24.167251883766394	24.312132657644835	25.69356134656873	0.0
207.0	25.849688089182454	24.143036100671907	24.14651583595895	25.860759974186692	0.0
208.0	25.735987295400907	24.239970136599748	24.260216509651826	25.763826058347515	0.0
209.0	25.765662023606527	24.28068421602093	24.19431886845577	25.759334891916772	0.0
210.0	25.82704566665085	24.24777361236337	24.263275281165473	25.66190543982031	0.0
211.0	25.6737732249686	24.22989436653137	24.379217508771152	25.717114899728877	0.0
212.0	25.72661497236538	24.22893552132469	24.30201620429689	25.74243330201304	0.0
213.0	25.86543998076449	24.050088268234195	24.331660771571933	25.75281097942939	0.0
214.0	25.9360149838329	24.221226674766037	24.099736137739896	25.74302220366117	0.0
215.0	25.803155037239055	24.076300519511747	24.212348053887478	25.908196389361716	0.0
216.0	25.899501366811783	24.175167054773716	24.28052546319733	25.644806115217172	0.0
217.0	25.91123092110259	24.23557850507505	24.134963424203306	25.718227149619054	0.0
218.0	25.612233275115802	24.305186422659276	24.33682638519756	25.745753917027365	0.0
219.0	25.77480074292278	24.226623086926395	24.142142515875705	25.85643365427513	0.0
220.0	25.808186757032974	24.231206118077374	24.220448224472943	25.74015890041671	0.0
221.0	25.768492062738694	24.20413807069336	24.174395094307386	25.852974772260563	0.0
222.0	25.761387188127898	24.285284857689813	24.164095748888574	25.789232205293715	0.0
223.0	25.766795454761205	24.149191672757993	24.20361809108831	25.880394781392496	0.0
224.0	25.7844738107896	24.12470570365307	24.202235386445913	25.888585099111417	0.0
225.0	25.741120477962582	24.17976760082023	24.200969595706436	25.878142325510744	0.0
226.0	25.757431914987876	24.25522623274536	24.226428946652238	25.760912905614518	0.0
227.0	25.723906150116775	24.25742260929005	24.25710614758508	25.761565093008095	0.0
228.0	25.750498433494727	24.27703408335707	24.256147346435014	25.71632013671319	0.0
229.0	25.710876850969832	24.306054439637574	24.258900004114146	25.72416870527845	0.0
230.0	25.80676808562486	24.195605459787394	24.192440732571054	25.805185722016688	0.0
231.0	25.832494667350257	24.14820019115255	24.30992031090772	25.70938483058947	0.0
232.0	25.827594500848168	24.14423880294706	24.146454161075525	25.881712535129246	0.0
233.0	25.748330537709275	24.23901003259803	24.254201348229262	25.75845808146343	0.0
234.0	25.74937097463327	24.29636193882234	24.215340306679536	25.738926779864858	0.0
235.0	25.829617133868638	24.268022116793635	24.25979320101659	25.642567548321143	0.0
236.0	25.63402213578344	24.253146769042818	24.39810228542311	25.714728809750632	0.0
237.0	25.723672133638015	24.23929762816577	24.291519758955303	25.745510479240913	0.0
238.0	25.857326880896842	24.06022414726241	24.32450396103218	25.75794501080857	0.0
239.0	25.933920551474426	24.23271815744747	24.118777159894034	25.714584131184072	0.0
240.0	25.822022739358335	24.064027246714442	24.215960598617407	25.89798941530982	0.0
241.0	25.869005751692747	24.18623202398174	24.314434311363787	25.630327912961725	0.0
242.0	25.90769367139099	24.2266915281924	24.15641234254455	25.70920245787206	0.0
243.0	25.589560295183794	24.313089837307004	24.36722586119017	25.730124006319034	0.0
244.0	25.761197526681883	24.26080651952978	24.151261195943658	25.826734757844683	0.0
245.0	25.807656868922585	24.242846422498822	24.249812393729357	25.699684314849236	0.0
246.0	25.748502994011975	24.20573976320231	24.198139944331327	25.847617298454388	0.0
247.0	25.74886708024967	24.297526418960217	24.18827210341475	25.765334397375362	0.0
248.0	25.776692572253783	24.164085608781296	24.20082213819269	25.858399680772227	0.0
249.0	25.754615099586076	24.14071580360847	24.249343640837733	25.85532545596772	0.0
