# Position (bp)	A	C	G	T	N
0.0	26.225315817484102	23.785048037870087	23.82454272989552	26.165093414750284	0.0
1.0	26.24492311139744	23.850032211982857	23.722024593148653	26.183020083471053	0.0
2.0	26.29951431020285	23.83353220285812	23.63578306976119	26.231170417177847	0.0
3.0	26.257177268016697	23.829650169453547	23.69352715458085	26.21964540794891	0.0
4.0	26.274338464296115	23.847493894378346	23.58982545764155	26.288342183683987	0.0
5.0	26.195437258097943	23.72726610766637	23.828927985302435	26.24836864893325	0.0
6.0	26.292088261075342	23.724294759953736	23.710572229519123	26.273044749451802	0.0
7.0	26.274580087258958	23.764064766534677	23.721219385154775	26.240135761051587	0.0
8.0	26.20039035263348	23.72778364271253	23.64853701769468	26.42328898695931	0.0
9.0	26.266020390733726	23.878607650585373	23.648994884115556	26.206377074565346	0.0
10.0	26.40310693965324	23.701895076385465	23.691534877469646	26.203463106491643	0.0
11.0	26.171262488239773	23.790376775234083	23.763216253752073	26.27514448277407	0.0
12.0	26.286904708570404	23.72905559786748	23.711415259172977	26.27262443438914	0.0
13.0	26.1648223645894	23.645333990412613	23.853657990233412	26.33618565476457	0.0
14.0	26.287671117806333	23.709668838568952	23.827830776424733	26.174829267199982	0.0
15.0	26.21850998356373	23.84127099684435	23.726189109501398	26.214029910090524	0.0
16.0	26.196949629973933	23.800390326401352	23.66570811761313	26.336951926011587	0.0
17.0	26.31567157701386	23.63462760789277	23.798430294256825	26.25127052083654	0.0
18.0	26.295231241792365	23.666548131389355	23.83343086826624	26.20478975855204	0.0
19.0	26.336671921419512	23.793110207007395	23.61670731399995	26.253510557573144	0.0
20.0	26.224670084589384	23.713028893673858	23.726189109501398	26.33611191223536	0.0
21.0	26.162789069740743	23.742429375841763	23.750549509011947	26.344232045405548	0.0
22.0	26.291591182095388	23.66514810842898	23.864231373394524	26.17902933608111	0.0
23.0	26.137028647269815	23.587026827239967	23.895591887706956	26.38035263778326	0.0
24.0	26.253717050551888	23.825244023318717	23.664241833688937	26.256797092440458	0.0
25.0	26.240836875381508	23.765323208395632	23.819923950965734	26.173915965257127	0.0
26.0	26.227116688786968	23.84288426322598	23.7289227133489	26.201076334638152	0.0
27.0	26.292357576063036	23.830564095671704	23.644081559509207	26.232996768756056	0.0
28.0	26.264077191449804	23.808723798643662	23.70176234396788	26.225436665938656	0.0
29.0	26.267717240954475	23.828044061399233	23.592000851211576	26.312237846434712	0.0
30.0	26.20219634987036	23.691962210686064	23.83308412994417	26.27275730949941	0.0
31.0	26.302437713152898	23.703162363008136	23.70960245059333	26.284797473245636	0.0
32.0	26.288437522750307	23.759723132234598	23.704282378240343	26.24755696677475	0.0
33.0	26.195196254669064	23.72276262957176	23.6505216470944	26.43151946866477	0.0
34.0	26.273877324731615	23.87872475065661	23.64576158235752	26.201636342254254	0.0
35.0	26.400439045971027	23.697562286847102	23.682442081212304	26.219556585969567	0.0
36.0	26.178396026185958	23.784083463535104	23.765323208395632	26.272197301883303	0.0
37.0	26.294037598911345	23.727802698116697	23.71016245820943	26.26799724476253	0.0
38.0	26.169995911944405	23.638201479540122	23.853244404123895	26.338558204391582	0.0
39.0	26.292563959690764	23.72493622931128	23.82097726655448	26.16152254444348	0.0
40.0	26.2242432218268	23.839457466140633	23.724656226287244	26.21164308574533	0.0
41.0	26.213883109937587	23.802777069992356	23.651295433990686	26.332044386079367	0.0
42.0	26.33120437700727	23.621615113443227	23.789056921814755	26.25812358773475	0.0
43.0	26.304604089724172	23.659695524711665	23.824057299818836	26.21164308574533	0.0
44.0	26.347444552401168	23.776176782709253	23.604534928977234	26.27184373591235	0.0
45.0	26.210523073649195	23.712056090205774	23.723816217215145	26.353604618929882	0.0
46.0	26.162922559563643	23.74761647425792	23.752096522642443	26.33736444353599	0.0
47.0	26.289763929450437	23.672295660793136	23.852057602222104	26.185882807534323	0.0
48.0	26.140802320665063	23.564494496540565	23.89769809513943	26.397005087654946	0.0
49.0	26.243489947919585	23.818670549364395	23.671949375595005	26.26589012712102	0.0
50.0	26.228369826958613	23.769390155121243	23.817270538164305	26.184969479755836	0.0
51.0	26.21212969703758	23.837430699445594	23.7453099624797	26.20512964103713	0.0
52.0	26.281010248081987	23.835470683765468	23.63862910903287	26.24488995911967	0.0
53.0	26.263930111440892	23.806350450803606	23.694909559276475	26.234809878479027	0.0
54.0	26.257770062160496	23.826230609844878	23.59326874614997	26.322730581844656	0.0
55.0	26.200089600716808	23.693229545836367	23.82511060088481	26.28157025256202	0.0
56.0	26.299770398163187	23.697709581676655	23.710029680237444	26.29249033992272	0.0
57.0	26.309010472083777	23.746429971439774	23.694629557036457	26.249929999439995	0.0
58.0	26.215209721677773	23.723469787758305	23.640589124713	26.420731365850926	0.0
59.0	26.278210225681804	23.862910903287226	23.646469171753374	26.212409699277593	0.0
60.0	26.402531220249763	23.70134961079689	23.66578932631461	26.23032984263874	0.0
61.0	26.17992943943552	23.7828302626421	23.7671501372011	26.27009016072129	0.0
62.0	26.306210449683597	23.721789774318193	23.711989695917566	26.260010080080644	0.0
63.0	26.176009408075263	23.63106904855239	23.84891079128633	26.344010752086017	0.0
64.0	26.28149666378265	23.722563357329456	23.82952391352435	26.166416065363542	0.0
65.0	26.218216334724943	23.839603965940622	23.723403361697482	26.218776337636957	0.0
66.0	26.22997639587726	23.794243730067397	23.65312299623958	26.322656877815763	0.0
67.0	26.3388969622642	23.64164293654327	23.78360367473911	26.23585642645342	0.0
68.0	26.32657689819987	23.652842994783573	23.823363881492185	26.19721622552437	0.0
69.0	26.360457074376786	23.768763597570707	23.605802750174302	26.26497657787821	0.0
70.0	26.224656368213118	23.713603310737216	23.720883348593414	26.340856972456255	0.0
71.0	26.176496117779813	23.74888349419417	23.744683472354055	26.329936915671965	0.0
72.0	26.30361677880725	23.66040303409578	23.842683981956707	26.193296205140264	0.0
73.0	26.142895943058903	23.560162512845068	23.892524241126054	26.404417302969975	0.0
74.0	26.251463003511212	23.823297175913222	23.65137676330423	26.273863057271335	0.0
75.0	26.242502982007153	23.778497068392966	23.802577126185103	26.176422823414775	0.0
76.0	26.209742903382967	23.84709723303336	23.740696977672744	26.202462885910926	0.0
77.0	26.283383080119393	23.830297192713264	23.645216748520195	26.241102978647145	0.0
78.0	26.271343051223322	23.804257130217113	23.701496883592522	26.222902934967045	0.0
79.0	26.249782999479198	23.82357717658522	23.608536660487985	26.318103163447592	0.0
80.0	26.193782865078873	23.695896870152488	23.837857210857305	26.272463053911327	0.0
81.0	26.29710311304747	23.697856874856498	23.71213690912858	26.292903102967447	0.0
82.0	26.306063134551522	23.74517698842477	23.698976877544506	26.249782999479198	0.0
83.0	26.217862922871017	23.703736888968532	23.657816778760267	26.420583409400184	0.0
84.0	26.28282307877539	23.84877723706537	23.64941675860022	26.21898292555902	0.0
85.0	26.395103348248032	23.700096880232515	23.674616819080367	26.230182952439087	0.0
86.0	26.190422857014855	23.76533703680889	23.765057036136884	26.27918307003937	0.0
87.0	26.3018631244715	23.729776951464686	23.70793689904856	26.26042302501526	0.0
88.0	26.17138281131875	23.61609667863203	23.8538172491614	26.35870326088783	0.0
89.0	26.30318947872421	23.710670515731795	23.838630464547812	26.147509540996182	0.0
90.0	26.231229507508196	23.833030466787815	23.717950512819794	26.217789512884192	0.0
91.0	26.219749512100194	23.789350484259806	23.67567052973179	26.315229473908207	0.0
92.0	26.330909467636214	23.639270544291783	23.793830482467808	26.235989505604195	0.0
93.0	26.32810946875621	23.649070540371785	23.81399047440381	26.208829516468196	0.0
94.0	26.36674945330022	23.770870491651802	23.607350557059778	26.255029497988204	0.0
95.0	26.229549508180195	23.69863052054779	23.722710510915796	26.349109460356217	0.0
96.0	26.17774952890019	23.7420305031878	23.737550504979797	26.342669462932218	0.0
97.0	26.300669479732207	23.662790534883786	23.840590463763814	26.195949521620193	0.0
98.0	26.15226953909218	23.54799058080377	23.892950442819824	26.40678943728422	0.0
99.0	26.261955961740924	23.80384382769975	23.654044307058218	26.280155903501107	0.0
100.0	26.24403601908474	23.778363909235487	23.79600385278767	26.1815962188921	0.0
101.0	26.209876128396388	23.846403691508186	23.73916403467509	26.204556145420334	0.0
102.0	26.28239589633313	23.832683735412047	23.661604282866293	26.223316085388525	0.0
103.0	26.259435969804894	23.811123804403824	23.70248415205071	26.226956073740563	0.0
104.0	26.261115964428917	23.82904374706001	23.598324485361648	26.311515803149433	0.0
105.0	26.212116121228412	23.683164213874516	23.83492372824407	26.269795936653	0.0
106.0	26.30451582554936	23.6912841878906	23.716484107250857	26.287715879309186	0.0
107.0	26.29779584705329	23.745604014067155	23.699964160114686	26.25663597876487	0.0
108.0	26.226116076428557	23.699964160114686	23.648724324082163	26.425195439374594	0.0
109.0	26.295835853325265	23.84276370315615	23.658524292722262	26.202876150796317	0.0
110.0	26.399435521806332	23.69464417713863	23.675604238066438	26.2303160629886	0.0
111.0	26.18355621262012	23.7694039379074	23.770803933427413	26.27623591604507	0.0
112.0	26.30003583988531	23.711724122482806	23.727124073202965	26.261115964428917	0.0
113.0	26.171236252043993	23.618484420849853	23.84864368434021	26.36163564276594	0.0
114.0	26.30080219518683	23.708857746853518	23.843536938778367	26.146803119181282	0.0
115.0	26.23276260342438	23.834856990858057	23.72285766285402	26.209522742863545	0.0
116.0	26.20336277982332	23.788377269736383	23.68141791149253	26.326842038947767	0.0
117.0	26.337761973428158	23.631298212210726	23.788377269736383	26.242562544624732	0.0
118.0	26.328802027187837	23.657898052611685	23.804897170616975	26.208402749583502	0.0
119.0	26.358761847428912	23.765417407495555	23.60917834492993	26.2666424001456	0.0
120.0	26.238082571504574	23.691497851012894	23.732097607414353	26.33832197006818	0.0
121.0	26.192722843662935	23.739657562054628	23.739657562054628	26.32796203222781	0.0
122.0	26.324602052387686	23.64753811477131	23.838776967338195	26.189082865502805	0.0
123.0	26.155763065421606	23.547298716207703	23.89477663134021	26.402161587030477	0.0
124.0	26.25775597518088	23.813363797235848	23.659644289138274	26.269235938444996	0.0
125.0	26.24823600564478	23.77612391640347	23.79488385637166	26.180756221580094	0.0
126.0	26.20791613466837	23.84556369419618	23.74728400869117	26.19923616244428	0.0
127.0	26.290515870349214	23.832403736308045	23.66776426315436	26.20931613018838	0.0
128.0	26.270075935757003	23.792363864435632	23.716484107250857	26.221076092556505	0.0
129.0	26.269235938444996	23.83604372466008	23.600004479985664	26.294715856909257	0.0
130.0	26.214916112268437	23.698004166386667	23.828203749748	26.25887597159689	0.0
131.0	26.30591582106937	23.685684205810542	23.72348408485093	26.284915888269154	0.0
132.0	26.310395806733418	23.734684049011044	23.694084178930627	26.260835965324915	0.0
133.0	26.223036086284523	23.694924176242633	23.651804314226194	26.430235423246646	0.0
134.0	26.298635844365297	23.841923705844142	23.66440427390632	26.19503617588424	0.0
135.0	26.407275496718412	23.694924176242633	23.68456420939453	26.213236117644424	0.0
136.0	26.18355621262012	23.773603924467444	23.769123938803396	26.27371592410904	0.0
137.0	26.310955804941422	23.721244092018907	23.707524135922764	26.260275967116904	0.0
138.0	26.173756243980016	23.614284434289807	23.842483704052146	26.369475617678024	0.0
139.0	26.30514947794021	23.710110515955794	23.840030463987816	26.144709542116185	0.0
140.0	26.257549496980204	23.82659046936381	23.712630514947794	26.20322951870819	0.0
141.0	26.20014951994019	23.78907048437181	23.67679052928379	26.333989466404212	0.0
142.0	26.326429469428213	23.651310539475784	23.790190483923805	26.232069507172195	0.0
143.0	26.338749464500218	23.653550538579786	23.81007047597181	26.19762952094819	0.0
144.0	26.365909453636217	23.7649904940038	23.608470556611778	26.2606294957482	0.0
145.0	26.2393495042602	23.69611052155579	23.727190509123798	26.33734946506021	0.0
146.0	26.198749520500193	23.728310508675797	23.757990496803803	26.31494947402021	0.0
147.0	26.33342946662821	23.643190542723783	23.838350464659815	26.185029525988192	0.0
148.0	26.147229541108185	23.55863057654777	23.901070439571825	26.393069442772223	0.0
149.0	26.259863023671258	23.81629715911318	23.663976793544307	26.259863023671258	0.0
150.0	26.259023021655253	23.764217034120882	23.794177106025057	26.182582838198808	0.0
151.0	26.211142906742975	23.840097216233318	23.755537013288833	26.19322286373487	0.0
152.0	26.29906311775148	23.82469717927323	23.662576790184296	26.21366291279099	0.0
153.0	26.270223048535318	23.805097132233115	23.70989690375257	26.214782915478995	0.0
154.0	26.273303055927332	23.832537198089277	23.601816644359946	26.292343101623445	0.0
155.0	26.216182918839003	23.69253686208847	23.82973719136926	26.261543027703265	0.0
156.0	26.297383113719476	23.68721684932044	23.723336936008646	26.29206310095144	0.0
157.0	26.306623135895524	23.738176971624732	23.706256895016548	26.248942997463192	0.0
158.0	26.226542943703063	23.686376847304434	23.65081676196023	26.43626344703227	0.0
159.0	26.298783117079484	23.84065721757732	23.660336784808283	26.200222880534913	0.0
160.0	26.418063403352164	23.682456837896414	23.681336835208405	26.218142923543013	0.0
161.0	26.19322286373487	23.766177038824893	23.766457039496895	26.274143057943338	0.0
162.0	26.31754316210359	23.6975768741845	23.717456921896613	26.267423041815302	0.0
163.0	26.174742819382768	23.616656679976032	23.84709723303336	26.361503267607844	0.0
164.0	26.29689674386307	23.716403325297293	23.842683981956707	26.14401594888293	0.0
165.0	26.257416538566	23.829803914980356	23.719763342769383	26.19301620368426	0.0
166.0	26.21261630560479	23.789483705315266	23.678883130192276	26.319016858887668	0.0
167.0	26.32069686762371	23.652842994783573	23.790603711139298	26.23585642645342	0.0
168.0	26.346737003032416	23.650602983135514	23.81104381742785	26.191616196404222	0.0
169.0	26.36521709912892	23.753363517490293	23.635762905967113	26.245656477413682	0.0
170.0	26.236136427909422	23.694843213184708	23.736843431585843	26.332176927320024	0.0
171.0	26.19861623280441	23.730963401009685	23.73936344468991	26.331056921495993	0.0
172.0	26.33189692586401	23.637722916159166	23.85136402709294	26.17901613088388	0.0
173.0	26.14569595761898	23.557082496828983	23.904844305190387	26.392377240361647	0.0
174.0	26.265610124881	23.806350450803606	23.669429355434843	26.25861006888055	0.0
175.0	26.24488995911967	23.76295010360083	23.812510500084	26.179649437195497	0.0
176.0	26.205969647757183	23.84079072632581	23.7671501372011	26.186089488715908	0.0
177.0	26.29137033096265	23.81923055384443	23.671949375595005	26.217449739597914	0.0
178.0	26.258050064400518	23.81139049112393	23.713669709357674	26.21688973511788	0.0
179.0	26.27233017864143	23.83715069720558	23.59718877751022	26.293330346642772	0.0
180.0	26.21968975751806	23.69266954135633	23.831830654645238	26.25581004648037	0.0
181.0	26.3000504004032	23.679229433835474	23.728789830318643	26.291930335442682	0.0
182.0	26.3000504004032	23.731309850478805	23.710309682477458	26.258330066640532	0.0
183.0	26.237049896399174	23.678389427115416	23.65262922103377	26.431931455451647	0.0
184.0	26.29641037128297	23.85031080248642	23.662709301674415	26.190569524556196	0.0
185.0	26.419331354650836	23.676149409195276	23.698829590636723	26.205689645517165	0.0
186.0	26.184409475275807	23.75847006776054	23.78031024248194	26.276810214481717	0.0
187.0	26.32077056616453	23.704149633197066	23.714789718317746	26.260290082320658	0.0
188.0	26.16956935655485	23.61342890743126	23.85563084504676	26.36137089096713	0.0
189.0	26.304044083676104	23.709816066013513	23.83497741775611	26.15116243255427	0.0
190.0	26.243857364862027	23.83132428913436	23.727442003724082	26.197376342279533	0.0
191.0	26.226776989093757	23.773363013986305	23.682081005782127	26.317778991137804	0.0
192.0	26.319739034258756	23.654360395928713	23.791563414395117	26.23433715541742	0.0
193.0	26.34045949010878	23.65184034048749	23.810323827124197	26.197376342279533	0.0
194.0	26.36538003836084	23.749562490374785	23.637840032480714	26.247217438783654	0.0
195.0	26.237697229339048	23.684041048903076	23.72884203452476	26.349419687233116	0.0
196.0	26.209136601005223	23.73052207148557	23.743962367172077	26.31637896033713	0.0
197.0	26.331499292984446	23.636440001680036	23.86100494210873	26.171055763226793	0.0
198.0	26.145015190334185	23.556918252201548	23.904685903089867	26.393380654374397	0.0
199.0	26.271651536958117	23.809830483796	23.666466928379823	26.25205105086606	0.0
200.0	26.248690967535993	23.775669636606988	23.800310247694142	26.175329148162874	0.0
201.0	26.20136979397089	23.848471442091764	23.770069497723544	26.180089266213802	0.0
202.0	26.290412002217657	23.823550824060437	23.678227220035055	26.20780995368685	0.0
203.0	26.273611585567323	23.81599063656779	23.708467970005657	26.201929807859237	0.0
204.0	26.278725292818084	23.84181803417774	23.596251256534682	26.283205416469496	0.0
205.0	26.226923863098623	23.697614054147895	23.830337717320997	26.24512436543249	0.0
206.0	26.318206382496157	23.68025357499867	23.728974919707785	26.27256512279739	0.0
207.0	26.31260622793189	23.736535128369542	23.707134316907148	26.24372432679142	0.0
208.0	26.245404373160696	23.685853729562936	23.657852956741607	26.41088894053476	0.0
209.0	26.315406305214022	23.83649788734169	23.6556128949159	26.192482912528387	0.0
210.0	26.414529041001533	23.67773350544475	23.693413938224694	26.214323515329024	0.0
211.0	26.190522858430892	23.769016024842283	23.780776349427242	26.25968476729958	0.0
212.0	26.324646560245064	23.707694332363573	23.72953493516421	26.238124172227153	0.0
213.0	26.17652247202023	23.61949189797638	23.84909823511129	26.354887394892103	0.0
214.0	26.295393007047835	23.71510734156374	23.8565120361996	26.132987615188824	0.0
215.0	26.246538365688586	23.835644823019134	23.73288083577643	26.18493597551585	0.0
216.0	26.213777094551265	23.793923204220324	23.67771869548538	26.314581005743023	0.0
217.0	26.30786074499691	23.667078282637366	23.8118438995433	26.213217072822424	0.0
218.0	26.334181766252527	23.654477793738398	23.82248431239132	26.18885612761775	0.0
219.0	26.342302081320756	23.75668175925226	23.650277630772074	26.25073852865491	0.0
220.0	26.21041696417821	23.693679314757414	23.737641020471596	26.358262700592782	0.0
221.0	26.186056018973535	23.74408127035329	23.74436128121771	26.32550142945546	0.0
222.0	26.314861016607445	23.641597293975007	23.85916573563054	26.184375953787008	0.0
223.0	26.12865379176712	23.56179419761487	23.908727658633154	26.40082435198486	0.0
224.0	26.260612441477566	23.799590062946617	23.676944960910372	26.26285253466544	0.0
225.0	26.243531730920004	23.761508478752717	23.803790237673887	26.191169552653392	0.0
226.0	26.189209471114	23.84495195000112	23.78110929414664	26.184729284738246	0.0
227.0	26.29337380435026	23.813310633722363	23.666024506619475	26.2272910553079	0.0
228.0	26.26509262785332	23.80099012118904	23.71082637037701	26.223090880580628	0.0
229.0	26.260980110494142	23.861246685315702	23.589631583516045	26.28814162067411	0.0
230.0	26.209043993492404	23.711571148154267	23.838138894100318	26.24124596425301	0.0
231.0	26.298649477348015	23.68776969150512	23.737612741899806	26.27596808924706	0.0
232.0	26.288008826140157	23.75945407858961	23.72053169653983	26.2320053987304	0.0
233.0	26.243206084212357	23.70205056549461	23.65052741227763	26.40421593801541	0.0
234.0	26.308450077144723	23.84989961385637	23.65612775501861	26.185522553980306	0.0
235.0	26.4168167091826	23.696450222753633	23.68748967436807	26.199243393695692	0.0
236.0	26.19056286244718	23.779895329594172	23.764494387056487	26.26504742090216	0.0
237.0	26.321610882586015	23.71997166226573	23.7266920735549	26.23172538159335	0.0
238.0	26.164801285838696	23.629246109861924	23.8655805735311	26.340372030768282	0.0
239.0	26.283115712129568	23.71422411017056	23.866834304531544	26.13582587316833	0.0
240.0	26.23948832689728	23.8415807204084	23.73656900110052	26.182361951593798	0.0
241.0	26.208505323528257	23.796535366038075	23.67471870151837	26.320240608915302	0.0
242.0	26.309068403689867	23.663207182583466	23.80574987538016	26.221974538346505	0.0
243.0	26.329364912663937	23.657892452159107	23.837409576300377	26.175333058876575	0.0
244.0	26.327434247929627	23.75616491299806	23.685588736938506	26.23081210213381	0.0
245.0	26.198671861214816	23.687755747939313	23.770379312179834	26.343193078666033	0.0
246.0	26.170289641959855	23.73209869281595	23.786716410803667	26.310895254420537	0.0
247.0	26.314153107555104	23.64145124741959	23.87421327275732	26.170182372267988	0.0
248.0	26.117962751847983	23.5617389940366	23.922792294915283	26.397505959200135	0.0
249.0	26.252485924764013	23.796532310019327	23.70885969580684	26.242122069409817	0.0
