# Position (bp)	A	C	G	T	N
0.0	26.24957469001177	23.78110340749996	23.733412910459002	26.235908992029273	0.0
1.0	26.189891845761682	23.699109219604978	23.77468889620205	26.336310038431286	0.0
2.0	26.29402184219627	23.716575750476892	23.73414544359292	26.255256963733924	0.0
3.0	26.281488174417923	23.754068050431275	23.671800706662538	26.292643068488257	0.0
4.0	26.237517463699213	23.649961935410108	23.820067428702096	26.29245317218859	0.0
5.0	26.268707492477965	23.673151837774984	23.821222320440143	26.236918349306915	0.0
6.0	26.344142988595486	23.750383403507794	23.74313359172406	26.162340016172656	0.0
7.0	26.243161704429486	23.797268585385982	23.80758528002855	26.151984430155977	0.0
8.0	26.33414748394004	23.846248215560315	23.74531584582441	26.074288454675234	0.0
9.0	26.251972543312313	23.83557213514222	23.66633767711069	26.24611764443478	0.0
10.0	26.12855740922473	23.759925060219466	23.814568650191813	26.296948880363992	0.0
11.0	26.20829244357213	23.719221161566598	23.698869212240165	26.373617182621107	0.0
12.0	26.170655277009548	23.728142564011062	23.80230172183067	26.29890043714872	0.0
13.0	26.160618699259526	23.84913908466411	23.784180123115352	26.206062092961012	0.0
14.0	26.31033098403069	23.711693728254083	23.692178160406815	26.285797127308413	0.0
15.0	26.188498081898476	23.614673476670532	23.848302703184938	26.348525738246053	0.0
16.0	26.306706664287628	23.660674458024804	23.69496609867071	26.337652779016864	0.0
17.0	26.29193059148898	23.839381300740474	23.63474663217058	26.233941475599963	0.0
18.0	26.25401463110001	23.8148474440182	23.63809215808725	26.293045766794542	0.0
19.0	26.130787759835844	23.8388237130877	23.69440851101793	26.335980016058524	0.0
20.0	26.277433312516727	23.79867740208761	23.728142564011062	26.195746721384598	0.0
21.0	26.221953341065213	23.737063966455526	23.77916183424034	26.261820858238917	0.0
22.0	26.20180713654447	23.81227191243668	23.748707097234654	26.237213853784198	0.0
23.0	26.3498462456334	23.750658648578575	23.733094686483277	26.166400419304747	0.0
24.0	26.282935913841797	23.749822269431178	23.654475046628136	26.31276677009889	0.0
25.0	26.256729367223414	23.782162263130456	23.732815893434143	26.228292476211983	0.0
26.0	26.191491793726602	23.689045384720465	23.783277435326983	26.336185386225953	0.0
27.0	26.30189384118275	23.713300379994926	23.729749169893697	26.25505660892863	0.0
28.0	26.292693670561405	23.741179684908094	23.67426935311649	26.29185729141401	0.0
29.0	26.226619717917192	23.66311763115122	23.823702427451078	26.28656022348051	0.0
30.0	26.26509315869737	23.673990560067356	23.824260013549342	26.23665626768593	0.0
31.0	26.335833170704507	23.75254397948089	23.745295380412053	26.16632746940255	0.0
32.0	26.242716551897182	23.79352644344699	23.816944994284757	26.14681201037107	0.0
33.0	26.341130223870195	23.839805960578772	23.742228665421393	26.07683515012964	0.0
34.0	26.24717722824723	23.833672530597454	23.663888037023614	26.255262204131704	0.0
35.0	26.113914522289445	23.76982910033734	23.82447238562547	26.291783991747746	0.0
36.0	26.20006133429981	23.725222336836822	23.699852240095904	26.37486408876746	0.0
37.0	26.167442638490062	23.716579776408597	23.806350887953386	26.30962669714795	0.0
38.0	26.162424377596256	23.854860743260197	23.78404750620313	26.19866737294042	0.0
39.0	26.30739635897293	23.70821600825225	23.69539156374585	26.28899606902897	0.0
40.0	26.204800802921742	23.604784075385428	23.843151467841313	26.347263653851517	0.0
41.0	26.319663218935567	23.657475814770415	23.69455518693022	26.3283057793638	0.0
42.0	26.29652346036968	23.838969583763138	23.626251080320053	26.23825587554713	0.0
43.0	26.26028046502551	23.81973291700354	23.629317795310715	26.290668822660233	0.0
44.0	26.139284619030363	23.835902868772475	23.701246201455294	26.323566310741864	0.0
45.0	26.28871727675709	23.79129610527196	23.724943544564944	26.195043073406005	0.0
46.0	26.223201092865704	23.731634559090022	23.78042320666871	26.264741141375563	0.0
47.0	26.205006537660548	23.804054185914897	23.74745951250519	26.243479763919364	0.0
48.0	26.351650863835445	23.74773830399982	23.73212598030059	26.168484851864136	0.0
49.0	26.291431900995565	23.749689844462225	23.65406436180445	26.304813892737762	0.0
50.0	26.25686175566156	23.787047904742522	23.728780482365046	26.227309857230875	0.0
51.0	26.195806418337792	23.691701213579375	23.780635700366055	26.331856667716778	0.0
52.0	26.311504888608862	23.71177420119267	23.72376223546172	26.252958674736753	0.0
53.0	26.30286235227536	23.737980601687802	23.68110713678347	26.27804990925337	0.0
54.0	26.239576682994553	23.665494813084244	23.82078167559264	26.27414682832856	0.0
55.0	26.267177040962835	23.672743391944596	23.812975513743027	26.247104053349542	0.0
56.0	26.347953118552965	23.756593400466137	23.737914422401392	26.157539058579506	0.0
57.0	26.24201264594694	23.80315145026931	23.81012121820392	26.144714685579828	0.0
58.0	26.33596511770544	23.844970057876953	23.735962887379703	26.083101937037906	0.0
59.0	26.248424832446776	23.836048754920654	23.66933190592486	26.246194506707702	0.0
60.0	26.110423427341562	23.764957121987667	23.832703266312045	26.291916184358726	0.0
61.0	26.194897014709	23.726762793706023	23.705017117750046	26.373323073834932	0.0
62.0	26.16841189655749	23.72090818864095	23.81346670681253	26.297213207989028	0.0
63.0	26.160048175035968	23.85389136083325	23.788375542247945	26.197684921882843	0.0
64.0	26.304182975923634	23.703623164163126	23.70529590846743	26.28689795144581	0.0
65.0	26.20130920120884	23.604373668774326	23.84329731357265	26.351019816444193	0.0
66.0	26.316170976771158	23.65818027722949	23.700556466271898	26.325092279727453	0.0
67.0	26.298607161575948	23.829357777703432	23.635040647686594	26.236994413034026	0.0
68.0	26.254279437511848	23.831309312725125	23.6261193447303	26.28829190503273	0.0
69.0	26.147502592753675	23.832703266312045	23.69470186120683	26.325092279727453	0.0
70.0	26.293310137945646	23.781963355748108	23.734290143075395	26.19043636323085	0.0
71.0	26.227236737925573	23.727599165858173	23.78753917009579	26.25762492612046	0.0
72.0	26.209042272918627	23.79555776109375	23.749278631029878	26.24612133495775	0.0
73.0	26.35986763053642	23.741751302645994	23.735896713902978	26.16248435291461	0.0
74.0	26.281527657356012	23.743145252346714	23.6673143886276	26.308012701669675	0.0
75.0	26.242218275795736	23.794721391273317	23.730878494980388	26.23218183795056	0.0
76.0	26.19705430549244	23.686550894497525	23.779109154625264	26.33728564538477	0.0
77.0	26.31358850047255	23.700769181444855	23.72669664587823	26.258945672204366	0.0
78.0	26.29184288514133	23.736454293783265	23.67818719629321	26.293515624782195	0.0
79.0	26.24110311603516	23.655605211141562	23.821764015467267	26.281527657356012	0.0
80.0	26.272606379271412	23.674005347191052	23.815630636784103	26.237757636753432	0.0
81.0	26.339163744026944	23.756182149687476	23.73945479991302	26.16519930637256	0.0
82.0	26.244654217801244	23.790194427562213	23.8116611931061	26.153490161530442	0.0
83.0	26.329127334162266	23.843443157677573	23.7388972215872	26.088532286572956	0.0
84.0	26.248557266081953	23.833964326138716	23.67393934662972	26.24353906114962	0.0
85.0	26.112508154583015	23.76343066792308	23.836194639441977	26.287866538051937	0.0
86.0	26.19391459015205	23.729418390048345	23.70655767868991	26.370109341109693	0.0
87.0	26.16185383641767	23.7204971368353	23.820024867993332	26.297624158753703	0.0
88.0	26.171611457119436	23.842885579351762	23.789915638399304	26.195587325129498	0.0
89.0	26.307939357781287	23.701539473757578	23.708787991993173	26.281733176467963	0.0
90.0	26.203114632528003	23.60591479088025	23.83926132023396	26.351709256357786	0.0
91.0	26.315466665179795	23.656375629366536	23.711297094459344	26.31686061099433	0.0
92.0	26.304315098663483	23.829503699532193	23.64132101456952	26.2248601872348	0.0
93.0	26.25608457348046	23.814727873898086	23.63797554461463	26.291212008006827	0.0
94.0	26.162411414743485	23.817515765527162	23.700703106268854	26.3193697134605	0.0
95.0	26.293442321310085	23.77709133690555	23.736109329958126	26.193357011826237	0.0
96.0	26.219841982302466	23.72272745013856	23.799952048263982	26.257478519294995	0.0
97.0	26.211684021243677	23.79124325680592	23.765315936938066	26.23175678501234	0.0
98.0	26.35665398179512	23.74357044285535	23.73409163774237	26.16568393760716	0.0
99.0	26.288629615690212	23.744964384783728	23.66829757872287	26.29810842080319	0.0
100.0	26.236217399183147	23.795703870976734	23.739946193841565	26.22813253599855	0.0
101.0	26.201926427745022	23.68781276572018	23.776188683979427	26.334072122555373	0.0
102.0	26.315672089100765	23.698127935990186	23.73158254227129	26.254617432637755	0.0
103.0	26.297550844031836	23.724612832629393	23.685303670249098	26.292532653089673	0.0
104.0	26.237332552725857	23.65742483168151	23.829158477257835	26.2760841383348	0.0
105.0	26.273575042863712	23.662721811009355	23.823861497929997	26.239841648196936	0.0
106.0	26.341525971853603	23.751310301759705	23.7443406115485	26.16282311483819	0.0
107.0	26.246459397372707	23.795079956286102	23.81152842518456	26.146932221156632	0.0
108.0	26.337901732943774	23.841637486896982	23.732910319602112	26.08755046055713	0.0
109.0	26.244507884113567	23.834389009077324	23.679383098780026	26.241720008029084	0.0
110.0	26.114314070968174	23.75800120436247	23.842752637330776	26.284932087338582	0.0
111.0	26.189586725249235	23.73263153199367	23.70781943484176	26.36996230791534	0.0
112.0	26.176762495260608	23.71478912505297	23.820728416263353	26.28771996342307	0.0
113.0	26.167562504181813	23.843031424939223	23.788110266074895	26.20129580480407	0.0
114.0	26.30082298102014	23.7005709570221	23.712558824185383	26.286047237772376	0.0
115.0	26.20659276936459	23.607734683408793	23.844704150589916	26.340968396636704	0.0
116.0	26.31336842340032	23.654013426411222	23.702243682672794	26.330374467515664	0.0
117.0	26.299429042977895	23.827698106474564	23.64760131141691	26.225271539130627	0.0
118.0	26.260677565403572	23.811807212793006	23.636171019470524	26.291344202332894	0.0
119.0	26.153901911367843	23.820449628654906	23.706704284407966	26.318944175569285	0.0
120.0	26.288556326248415	23.781140575863684	23.739601222204875	26.190701875683033	0.0
121.0	26.216350335660284	23.72482547895711	23.803443584539554	26.255380600843054	0.0
122.0	26.217817365728546	23.794309929048353	23.760018957610228	26.227853747612873	0.0
123.0	26.354702463095386	23.738552251913188	23.742455289312648	26.16428999567878	0.0
124.0	26.283332636362367	23.740503770612918	23.684746093477745	26.29141749954697	0.0
125.0	26.248205299767214	23.789570526491865	23.74440680801238	26.217817365728546	0.0
126.0	26.204156734830423	23.67889153737855	23.782322028464296	26.33462969932673	0.0
127.0	26.32152664519996	23.695340052133428	23.726564351329124	26.25656895133749	0.0
128.0	26.29197507631832	23.723218890701013	23.691715803119642	26.293090229861022	0.0
129.0	26.237963277891463	23.654424105226184	23.834243115301625	26.273369501580735	0.0
130.0	26.277551339024352	23.666969617557026	23.82225518129659	26.233223862122028	0.0
131.0	26.348994822870814	23.75318169019189	23.746211941688298	26.151611545249004	0.0
132.0	26.247794074598612	23.798066870555044	23.803085089477634	26.151053965368714	0.0
133.0	26.335334115803764	23.839885361576613	23.736454293783265	26.088326228836355	0.0
134.0	26.248909234359186	23.824551914868707	23.682090255455222	26.24444859531689	0.0
135.0	26.125684080815624	23.749836210910168	23.841279311277333	26.283200396996875	0.0
136.0	26.188969397228266	23.724187536416935	23.714151098571758	26.372691967783034	0.0
137.0	26.180605699023957	23.699932811624425	23.82789739415043	26.291564095201185	0.0
138.0	26.176981429802087	23.838770201816036	23.800297190076193	26.18395117830568	0.0
139.0	26.309127861430248	23.696866122282845	23.713314728751328	26.28069128753558	0.0
140.0	26.207927113158046	23.611277610658696	23.840721731397043	26.340073544786208	0.0
141.0	26.314982450173268	23.655884001081706	23.70327829090615	26.325855257838874	0.0
142.0	26.29769747388435	23.825945864569423	23.644732403475956	26.231624258070273	0.0
143.0	26.261175991725516	23.811169997741803	23.64668393305696	26.280970077475725	0.0
144.0	26.16081161327375	23.827339814270143	23.70327829090615	26.308570281549958	0.0
145.0	26.30968544131054	23.779387944565407	23.732551234621248	26.178375379502803	0.0
146.0	26.212108962260206	23.72530269617751	23.797230500734614	26.26535784082767	0.0
147.0	26.203818317665295	23.81346670681253	23.7554782375966	26.227236737925573	0.0
148.0	26.355201677204953	23.735405305944933	23.74767209750984	26.16172091934027	0.0
149.0	26.29003794352242	23.734635103752254	23.680270762299585	26.295056190425743	0.0
150.0	26.251285925768975	23.78147207484994	23.744114014569643	26.22312798481144	0.0
151.0	26.20082466524111	23.672743391944596	23.7906721941727	26.33575974864159	0.0
152.0	26.32405050586717	23.70787112026786	23.730732022827446	26.237346351037523	0.0
153.0	26.298401688361288	23.72431981845098	23.68445263471902	26.29282585846871	0.0
154.0	26.22654660012824	23.649112046614068	23.84343026011319	26.2809110931445	0.0
155.0	26.276171624522572	23.671973012908083	23.817781371100395	26.23407399146896	0.0
156.0	26.347337108191223	23.748707097234654	23.75149502772597	26.15246076684816	0.0
157.0	26.240559370373777	23.78773812411309	23.815059842927997	26.15664266258514	0.0
158.0	26.336464179275083	23.834296563318084	23.73671899612199	26.092520261284847	0.0
159.0	26.245298852209014	23.821472083058026	23.6946212457031	26.23860781902986	0.0
160.0	26.135175597801997	23.738949340515042	23.843775526988562	26.282099534694403	0.0
161.0	26.181734037006986	23.72528848110759	23.71887624097756	26.37410124090786	0.0
162.0	26.18480076054744	23.698524348390944	23.82844190928632	26.2882329817753	0.0
163.0	26.176715762122623	23.839593631251585	23.802792948766204	26.180897657859592	0.0
164.0	26.313603149246283	23.68458469593436	23.718597447928428	26.283214706890927	0.0
165.0	26.208219376674503	23.618510743290148	23.83875725210419	26.33451262793116	0.0
166.0	26.31666987278673	23.65196590918595	23.706051760717504	26.325312457309813	0.0
167.0	26.309142460460176	23.81227191243668	23.642208152466342	26.2363774746368	0.0
168.0	26.265650744795632	23.812829498534942	23.644159703810264	26.277360052859162	0.0
169.0	26.1572002486834	23.820078117812365	23.71246400084753	26.310257632656704	0.0
170.0	26.30328780642841	23.77630760909869	23.740900891858967	26.179503692613938	0.0
171.0	26.21602558205019	23.723058136714535	23.803350534864464	26.25756574637081	0.0
172.0	26.203552948523505	23.79728343295566	23.76354937996253	26.235614238558302	0.0
173.0	26.36525336782942	23.730372914622176	23.744033812115266	26.160339905433133	0.0
174.0	26.28587041069233	23.732669430450503	23.682765196396858	26.298694962460306	0.0
175.0	26.25241505825413	23.786755583558925	23.73713014410893	26.22369921407801	0.0
176.0	26.20028046737127	23.675237742098265	23.787591967369877	26.336889823160583	0.0
177.0	26.322950092977997	23.688062293866242	23.749397106669605	26.239590506486156	0.0
178.0	26.30231929230778	23.713990192005845	23.68973506148815	26.29395545419823	0.0
179.0	26.23213618596767	23.640733120333664	23.838956636166454	26.288174057532217	0.0
180.0	26.277858628438246	23.671958202996493	23.828920002453398	26.221263166111864	0.0
181.0	26.348467318120356	23.742559627528333	23.763748135550692	26.14522491880062	0.0
182.0	26.254513012810683	23.773506001087306	23.815883017132027	26.156097968969988	0.0
183.0	26.337594267950987	23.82285292108675	23.74367481216109	26.095877998801175	0.0
184.0	26.25590699360163	23.82034375566305	23.6879155805233	26.23583367021202	0.0
185.0	26.140764180269592	23.734753335099043	23.84097467136903	26.283507813262336	0.0
186.0	26.18760193484534	23.718583157924083	23.73029259656802	26.363522310662557	0.0
187.0	26.19066869258542	23.689030765156055	23.826756067301393	26.293544474957137	0.0
188.0	26.188995915636283	23.839859486736273	23.7988764514825	26.172268146144944	0.0
189.0	26.321145294617843	23.689588357472434	23.705200942331015	26.284065405578712	0.0
190.0	26.215202754506045	23.61710135634331	23.839023098261706	26.32867279088894	0.0
191.0	26.311108632923037	23.657526799280706	23.708267700071094	26.323096867725166	0.0
192.0	26.29744762117178	23.820901347979426	23.64888411837685	26.232766912471945	0.0
193.0	26.258416159025327	23.81197987091738	23.647490137585905	26.28211383247139	0.0
194.0	26.1648865432708	23.820755374522907	23.705333121447072	26.30902496075922	0.0
195.0	26.29703665911125	23.780050908462346	23.745758789794888	26.177153642631517	0.0
196.0	26.222597669808717	23.708678693999993	23.79900915292891	26.26971448326238	0.0
197.0	26.210682442943888	23.789875154036167	23.776214028024825	26.223228374995124	0.0
198.0	26.361233627558672	23.733557859050634	23.749728171472224	26.15548034191847	0.0
199.0	26.291886104923318	23.72442365221464	23.680652167246105	26.303038075615937	0.0
200.0	26.254248203835722	23.77878950934117	23.73195123243216	26.23501105439095	0.0
201.0	26.203785536451612	23.678142973840266	23.789105082231842	26.32896640747628	0.0
202.0	26.313148210103716	23.691312590610014	23.761012601762015	26.234526597524255	0.0
203.0	26.291401806624286	23.712222593955616	23.69939779190365	26.29697780751645	0.0
204.0	26.23571494288765	23.638127685200416	23.843882691766176	26.282274680145758	0.0
205.0	26.28422628589909	23.664334962459467	23.83077905313665	26.22065969850479	0.0
206.0	26.346472323365244	23.741350180384636	23.75891468113461	26.153262815115507	0.0
207.0	26.248759325965494	23.77689056418606	23.810625745798436	26.163724364050005	0.0
208.0	26.33966409421421	23.808939644020164	23.748159878663515	26.103236383102107	0.0
209.0	26.251840121336485	23.80670919391533	23.698811170094125	26.24263951465406	0.0
210.0	26.13557790962216	23.73561359682384	23.847972520854707	26.28083597269929	0.0
211.0	26.188697131067556	23.71093205453481	23.728218139236624	26.372152675161008	0.0
212.0	26.19204282488081	23.689742660384198	23.832492263083058	26.28572225165194	0.0
213.0	26.186466668525387	23.841414113251737	23.801544595310453	26.17057462291243	0.0
214.0	26.320015613237796	23.6858393509354	23.709816823263726	26.28432821256308	0.0
215.0	26.211559372124793	23.611118855772716	23.83862603507402	26.338695737028466	0.0
216.0	26.315275880335687	23.65600691443388	23.705634705997156	26.32308249923328	0.0
217.0	26.298268603451643	23.827473722363173	23.640114868820923	26.234142805364264	0.0
218.0	26.255053391697103	23.816879025287868	23.650151950260685	26.277915632754343	0.0
219.0	26.163265647522632	23.820702768863597	23.707505848042892	26.308525735570875	0.0
220.0	26.303228342724587	23.78111172759133	23.741799496468868	26.17386043321521	0.0
221.0	26.24021724886873	23.70443893639504	23.79784033657961	26.257503478156618	0.0
222.0	26.215755047871838	23.7873118723269	23.775880624313427	26.221052455487836	0.0
223.0	26.365476515755603	23.73684709451133	23.74075044749154	26.15692594224153	0.0
224.0	26.295714919018685	23.730354120720566	23.673197402575678	26.300733557685067	0.0
225.0	26.26086326161327	23.780261694125127	23.732863440053755	26.226011604207848	0.0
226.0	26.207331115838546	23.68351349316768	23.78695321234697	26.32220217864681	0.0
227.0	26.317814544055405	23.69110750511624	23.758022873903563	26.233055076924792	0.0
228.0	26.285193301771585	23.717037210521326	23.70504820694693	26.292721280760155	0.0
229.0	26.24734777408193	23.636525855891772	23.84507933675532	26.27104703327097	0.0
230.0	26.287775922110296	23.679184522432045	23.82444704052016	26.2085925149375	0.0
231.0	26.350935010692606	23.74874184113601	23.760452128623566	26.139871019547815	0.0
232.0	26.251470760445883	23.789794177182717	23.808474925974046	26.150260136397346	0.0
233.0	26.34961439588689	23.81823352608892	23.742395262339052	26.08975681568514	0.0
234.0	26.247846137546077	23.820185246111894	23.705033764756397	26.226934851585632	0.0
235.0	26.133809924775136	23.741001176608357	23.859498463717525	26.265690434898985	0.0
236.0	26.186227548249306	23.71061010767918	23.737376553708547	26.365785790362967	0.0
237.0	26.183160559641777	23.698620970395197	23.834962554857274	26.28325591510576	0.0
238.0	26.185669913957028	23.84360588638759	23.8045714859281	26.166152713727282	0.0
239.0	26.316713972642464	23.69276581032627	23.698342153249055	26.292178063782213	0.0
240.0	26.19972396101995	23.616668293158973	23.841681885987537	26.34192585983354	0.0
241.0	26.31298640098821	23.650625019170228	23.711133232393365	26.325255347448202	0.0
242.0	26.297678205921887	23.816096954283577	23.6426456071076	26.243579232686937	0.0
243.0	26.255699485477642	23.816668293431125	23.649901696947726	26.27773052414351	0.0
244.0	26.163324157818852	23.807810621843302	23.7118721117349	26.316993108602947	0.0
245.0	26.29425513044351	23.771845174677726	23.7464648887451	26.187434806133663	0.0
246.0	26.235447684180578	23.704306983438112	23.80108999425438	26.259155338126927	0.0
247.0	26.22030815918955	23.778576130493477	23.783317899340613	26.217797810976357	0.0
248.0	26.365043723239562	23.727702542502893	23.751412114196455	26.15584162006109	0.0
249.0	26.299288152991316	23.72330573717448	23.68397563207105	26.293430477763145	0.0
