# Position (bp)	A	C	G	T	N
0.0	26.316891936586334	23.61475536348202	23.827530703591822	26.240821996339825	0.0
1.0	26.112109452516926	23.765517165347386	23.830562476572663	26.29181090556303	0.0
2.0	26.290709756010177	23.698403992911533	23.64493734204601	26.365948909032284	0.0
3.0	26.202260939541087	23.637621328453555	23.876006592110414	26.284111139894943	0.0
4.0	26.149152878669295	23.813644330294643	23.80234570486888	26.234857086167175	0.0
5.0	26.1618839245857	23.83288050217414	23.788240351389632	26.216995221850524	0.0
6.0	26.204962029780997	23.83526766524485	23.677930981273903	26.28183932370025	0.0
7.0	26.264786031350656	23.74692431260281	23.811675626227863	26.17661402981867	0.0
8.0	26.23551096992123	23.753054853738973	23.79879155909816	26.212642617241638	0.0
9.0	26.350562045404452	23.858000881639853	23.663489089706854	26.127947983248845	0.0
10.0	26.27110005427401	23.82629010973268	23.62655073517865	26.276059100814663	0.0
11.0	26.32179253002289	23.736200764244174	23.70947701344177	26.232529692291163	0.0
12.0	26.250161857769033	23.7753221313982	23.754934940064413	26.21958107076835	0.0
13.0	26.10407357000777	23.772501611685684	23.89234490624673	26.23107991205982	0.0
14.0	26.32778105318838	23.866998738201634	23.688749056406245	26.11647115220374	0.0
15.0	26.240997977816594	23.740267897976164	23.730900835872543	26.2878332883347	0.0
16.0	26.19912170017687	23.856529668791705	23.692330580151747	26.252018050879677	0.0
17.0	26.20793775862734	23.689851063712553	23.780215662829846	26.321995514830267	0.0
18.0	26.156969920710576	23.849642123127275	23.73585986875093	26.25752808741122	0.0
19.0	26.200499209309758	23.728972323086502	23.741920908935626	26.328607558668114	0.0
20.0	26.251191545399944	23.631720178304782	23.89702843729854	26.220059838996733	0.0
21.0	26.31097544176718	23.675249466903967	23.77911365552354	26.234661435805318	0.0
22.0	26.294169830345975	23.789582724933467	23.784072688401924	26.132174756318634	0.0
23.0	26.230804410233237	23.861213199843515	23.787103208494273	26.120879181428975	0.0
24.0	26.19691768556425	23.791786739546083	23.75294098199871	26.258354592890953	0.0
25.0	26.322822020309992	23.61601657418989	23.823744951429028	26.237416454071088	0.0
26.0	26.11619565037716	23.75955302583656	23.842479075636273	26.281772248150006	0.0
27.0	26.29967986687752	23.694810096590942	23.646321775113368	26.359188261418172	0.0
28.0	26.19912170017687	23.64053623675525	23.878018811264717	26.28232325180316	0.0
29.0	26.145123342167757	23.81795941307091	23.79894978703709	26.237967457724242	0.0
30.0	26.15201088783219	23.8204389295101	23.801980307129437	26.225569875528276	0.0
31.0	26.188377128940367	23.83504052631869	23.683790023527855	26.29279232121309	0.0
32.0	26.261385112983298	23.741369905282472	23.81603090028487	26.18121408144936	0.0
33.0	26.219784337170154	23.755420498437903	23.79784777973078	26.22694738466116	0.0
34.0	26.340178635384355	23.853499148699356	23.67111693950531	26.135205276410982	0.0
35.0	26.271506302086923	23.81954680074385	23.631930573730973	26.27701632343825	0.0
36.0	26.31751498037055	23.737171981541426	23.722570424960395	26.222742613127625	0.0
37.0	26.25938425511399	23.770507610716994	23.752875542392726	26.21723259177629	0.0
38.0	26.113296746892356	23.76410561579829	23.89111125804461	26.231486379264744	0.0
39.0	26.327911487260863	23.85887772194305	23.692200035264037	26.121010755532048	0.0
40.0	26.239751388521555	23.745922595433306	23.73242308031385	26.28190293573129	0.0
41.0	26.20476284933439	23.862459225954332	23.681455523230184	26.25132240148109	0.0
42.0	26.214956360751124	23.690271533104116	23.774574627523585	26.320197478621175	0.0
43.0	26.162060301507537	23.858602221634488	23.72278056951424	26.256556907343736	0.0
44.0	26.210548355814154	23.715342061183108	23.747024596667547	26.327084986335187	0.0
45.0	26.256832407652297	23.640681477563255	23.902957771312707	26.199528343471744	0.0
46.0	26.30504496165036	23.679802521378825	23.774574627523585	26.240577889447238	0.0
47.0	26.29898395486203	23.790829145728644	23.78091113462047	26.129275764788858	0.0
48.0	26.233965882041787	23.8696222339769	23.774299127215023	26.122112756766285	0.0
49.0	26.19870184254606	23.79744115313409	23.750330600370273	26.25352640394957	0.0
50.0	26.328462487877985	23.61478444855858	23.82939918892709	26.22735387463634	0.0
51.0	26.117153751212204	23.760524111787003	23.836011196332542	26.286310940668255	0.0
52.0	26.294575949925065	23.689169531869876	23.650048488054306	26.366206030150753	0.0
53.0	26.209446354579917	23.632416468306445	23.86769373181698	26.290443445296656	0.0
54.0	26.156274795027773	23.800471656528256	23.793308648505686	26.24994489993829	0.0
55.0	26.1623358018161	23.830776690469893	23.78752314202592	26.21936436568809	0.0
56.0	26.20310984748303	23.83435819448118	23.670986511504893	26.2915454465309	0.0
57.0	26.267576919686146	23.74757559728467	23.817277175350437	26.167570307678744	0.0
58.0	26.22046636692233	23.75611610685004	23.795237150665606	26.228180375562022	0.0
59.0	26.33893149960328	23.842898704046547	23.6764965176761	26.14167327867407	0.0
60.0	26.263096559837123	23.80453857957942	23.65191182912416	26.280453031459295	0.0
61.0	26.305247990919533	23.73290869669428	23.735112693090745	26.226730619295434	0.0
62.0	26.25345407560259	23.760734151199664	23.760458651650104	26.225353121547645	0.0
63.0	26.11453035721173	23.765903167685092	23.886020640369388	26.233545834733786	0.0
64.0	26.32721542352429	23.856266770988878	23.69399798334885	26.12251982213798	0.0
65.0	26.24401478877508	23.739730782581862	23.724302850310487	26.291951578332572	0.0
66.0	26.212607926651206	23.86150124800952	23.68132503898308	26.2445657863562	0.0
67.0	26.22142388794913	23.685733019632043	23.777474116888627	26.315368975530195	0.0
68.0	26.163018144350346	23.86122574921896	23.718792874499282	26.25696323193141	0.0
69.0	26.205444958096635	23.724578349101048	23.74551625718363	26.324460435618686	0.0
70.0	26.25475924160693	23.642479709514074	23.90503005691805	26.197730991960945	0.0
71.0	26.318123963435802	23.68132503898308	23.775270126564145	26.225280871016977	0.0
72.0	26.298288050515456	23.800065017714573	23.77885161084143	26.122795320928542	0.0
73.0	26.239606808126116	23.872521199631933	23.77802511446975	26.10984687777221	0.0
74.0	26.197179994379827	23.804472998363536	23.750199736623156	26.24814727063348	0.0
75.0	26.33520488845054	23.60886885706572	23.821278424587717	26.23464782989603	0.0
76.0	26.12251982213798	23.75102623299484	23.838910347183575	26.287543597683605	0.0
77.0	26.3007675396305	23.686835014794287	23.641928711932955	26.370468733642262	0.0
78.0	26.201312476238233	23.633663748216147	23.875276187537537	26.28974758800809	0.0
79.0	26.144284226592244	23.807778983850262	23.808880979012503	26.239055810544993	0.0
80.0	26.161089652816422	23.82430891128388	23.781606598747032	26.232994837152663	0.0
81.0	26.19883298712319	23.828716891932842	23.67443756921907	26.2980125517249	0.0
82.0	26.263850701695418	23.74551625718363	23.819625431844354	26.171007609276597	0.0
83.0	26.224178875854737	23.75102623299484	23.79069805883552	26.234096832314908	0.0
84.0	26.323358440456445	23.841114337508056	23.686835014794287	26.148692207241208	0.0
85.0	26.247799459472866	23.814049848613834	23.661148441094387	26.27700225081892	0.0
86.0	26.291879144523513	23.725614980480962	23.733604423396397	26.248901451599128	0.0
87.0	26.240085514588994	23.767766179310648	23.756195261984853	26.2359530441155	0.0
88.0	26.11824342939005	23.753650338861647	23.88919499696953	26.23891123477878	0.0
89.0	26.327896853821148	23.853655848807094	23.692765441622125	26.125681855749626	0.0
90.0	26.251584109317317	23.726651606149098	23.719764174334674	26.302000110198907	0.0
91.0	26.21576946388231	23.85420684335225	23.67981706981101	26.25020662295443	0.0
92.0	26.233401289327237	23.68670450162543	23.762190754311533	26.317703454735796	0.0
93.0	26.162598490274945	23.861920766984408	23.71838668797179	26.25709405476886	0.0
94.0	26.211361507521076	23.729957573420023	23.73932448068764	26.319356438371262	0.0
95.0	26.269491432034826	23.634084522563224	23.891123477877567	26.205300567524382	0.0
96.0	26.310816022921372	23.67788858890297	23.776241115212958	26.2350542729627	0.0
97.0	26.30943853655849	23.797729902473964	23.76522122430988	26.127610336657668	0.0
98.0	26.245247672048045	23.861094275166675	23.78340404429996	26.110254008485317	0.0
99.0	26.202821092071186	23.81122926883024	23.740701967050526	26.245247672048045	0.0
100.0	26.325968372913106	23.617830183481185	23.828034602457436	26.22816684114827	0.0
101.0	26.132569287564056	23.757231803405148	23.83492203427186	26.27527687475894	0.0
102.0	26.30475508292468	23.692214447076974	23.638767976197038	26.36426249380131	0.0
103.0	26.210259518430767	23.636839495288996	23.86605322607306	26.28684776020717	0.0
104.0	26.14303818392198	23.8093007879222	23.81012727973993	26.237533748415892	0.0
105.0	26.167557441181334	23.824453137913935	23.772108656124306	26.23588076478043	0.0
106.0	26.208055540250154	23.824728635186514	23.663838228001545	26.303377596561795	0.0
107.0	26.280511322937905	23.742630447958565	23.802688853380353	26.17416937572318	0.0
108.0	26.23174830569177	23.749793377045567	23.776792109758112	26.241666207504544	0.0
109.0	26.328172351093727	23.844839936084632	23.683949528899664	26.14303818392198	0.0
110.0	26.25399125574066	23.795460368449035	23.67534388852309	26.275204487287212	0.0
111.0	26.292560767643486	23.72245379234726	23.738983583162753	26.2460018568465	0.0
112.0	26.246277353360092	23.771492171766567	23.76212529030445	26.220105184568887	0.0
113.0	26.110385638957307	23.758478381848136	23.89292031009802	26.238215669096537	0.0
114.0	26.32609881481726	23.856279374734836	23.693461383760077	26.124160426687826	0.0
115.0	26.237113686078096	23.742224132326122	23.731479797896316	26.289182383699465	0.0
116.0	26.214247538445434	23.861513794072433	23.674176680937347	26.250061986544786	0.0
117.0	26.229675300703615	23.684921015367152	23.769773707787163	26.31562997614207	0.0
118.0	26.166311277143215	23.856554870489447	23.71577653988352	26.261357312483813	0.0
119.0	26.209013119107833	23.724867899785664	23.739469174780016	26.326649806326486	0.0
120.0	26.265489748802974	23.64304566066637	23.895399771889515	26.196064818641148	0.0
121.0	26.312875018595967	23.678584613011115	23.778589571934695	26.22995079645823	0.0
122.0	26.307089607749145	23.79429282994749	23.76646775873184	26.132149803571526	0.0
123.0	26.244827567207192	23.862891272845484	23.785201470045347	26.10707968990198	0.0
124.0	26.204880682788676	23.805037164377296	23.738642687516183	26.251439465317837	0.0
125.0	26.326374310571875	23.612465631904612	23.825699345973078	26.235460711550434	0.0
126.0	26.12967034178003	23.750764500719043	23.83919863794899	26.280366519551933	0.0
127.0	26.31810943793356	23.685472006876374	23.644974130948643	26.35144442424142	0.0
128.0	26.21204357240855	23.63450529227345	23.86509523888237	26.288355896435633	0.0
129.0	26.148404053093543	23.80613914739574	23.80724113041418	26.238215669096537	0.0
130.0	26.16638336441852	23.813643138346087	23.781685542769456	26.23828795446594	0.0
131.0	26.2231356462184	23.813918634859675	23.660742573302734	26.302203145619192	0.0
132.0	26.277132962882355	23.737606100594796	23.80400076037038	26.18126017615247	0.0
133.0	26.229472066031008	23.759370325168536	23.766533234521916	26.24462437427854	0.0
134.0	26.329201803951168	23.839539810623698	23.68553725952598	26.14572112589915	0.0
135.0	26.245798666593203	23.79745440520139	23.67981706981101	26.276929858394404	0.0
136.0	26.283541792936248	23.72747809796683	23.740701967050526	26.248278142046395	0.0
137.0	26.251033114772166	23.77265965066946	23.760813267948645	26.21549396660973	0.0
138.0	26.11453035721173	23.76369917736061	23.888224630693873	26.233545834733786	0.0
139.0	26.328592917477096	23.85296078550215	23.692895988186613	26.125550308834143	0.0
140.0	26.237953815382753	23.733945307980097	23.72898632975001	26.299114546887136	0.0
141.0	26.213709921813443	23.866735725030168	23.67498856680019	26.2445657863562	0.0
142.0	26.229964350456502	23.684906523260363	23.768382656800135	26.316746469483	0.0
143.0	26.168528120161554	23.86342973954344	23.71824187691816	26.249800263376844	0.0
144.0	26.217914633709572	23.721337715612837	23.746683674172193	26.3140639765054	0.0
145.0	26.27301454362122	23.643646842637413	23.89683092868143	26.186507685059933	0.0
146.0	26.316818972000984	23.679186284530424	23.773131630929782	26.23086311253881	0.0
147.0	26.30607448956821	23.789386104353717	23.778366122371388	26.126173283706684	0.0
148.0	26.24243409362026	23.863219983635325	23.783325114263437	26.11102080848098	0.0
149.0	26.202486658934315	23.80949757147147	23.741724682280143	26.246291087314074	0.0
150.0	26.324329983249584	23.620569955038352	23.82912368861853	26.22597637309354	0.0
151.0	26.12955126509742	23.759697610861323	23.834909195098298	26.27584192894296	0.0
152.0	26.303391959798994	23.683384025390108	23.6459159834259	26.367308031384994	0.0
153.0	26.212752358282643	23.63820197478621	23.870999735519703	26.27804593141144	0.0
154.0	26.13919377589703	23.809012166093627	23.81204266948779	26.239751388521555	0.0
155.0	26.157999862249465	23.817618293270886	23.785935670500724	26.238446173978925	0.0
156.0	26.210069564019562	23.824505819960052	23.661960190095737	26.30346442592465	0.0
157.0	26.274261312762587	23.73854948687926	23.80742475377092	26.179764446587228	0.0
158.0	26.231834148357326	23.751498037054894	23.766099593635925	26.25056822095186	0.0
159.0	26.340381568978582	23.82202631035195	23.68482677870377	26.1527653419657	0.0
160.0	26.2481610253076	23.802806812609166	23.673320954117926	26.27571120796531	0.0
161.0	26.29361882669282	23.714921729931067	23.73668637423066	26.254773069145447	0.0
162.0	26.260007603850415	23.761757040449176	23.759277524009985	26.218957831690425	0.0
163.0	26.122400625943598	23.76354098938761	23.882833937604005	26.23122444706479	0.0
164.0	26.339221758152142	23.83985541584475	23.69438964989035	26.12653317611276	0.0
165.0	26.24279558753843	23.729378574655897	23.729103071311286	26.298722766494386	0.0
166.0	26.209184179495935	23.866303736927367	23.67152287228767	26.252989211289023	0.0
167.0	26.222683843381862	23.691910119788854	23.775387633205867	26.31001840362342	0.0
168.0	26.156563040675312	23.868507763684253	23.732684614791225	26.24224458084921	0.0
169.0	26.217246005879257	23.7299949582749	23.742117138834786	26.310641897011056	0.0
170.0	26.276203884056855	23.643486669733946	23.88703229734607	26.19327714886313	0.0
171.0	26.31394794625466	23.683434764760822	23.776555151788987	26.226062137195534	0.0
172.0	26.310917401114693	23.794738422628807	23.774351118959917	26.119993057296586	0.0
173.0	26.253612547558898	23.86664499367718	23.774351118959917	26.105391339804008	0.0
174.0	26.219174534604694	23.805207578566883	23.73660705676211	26.239010830066313	0.0
175.0	26.332754773121746	23.62206242940188	23.820976940242996	26.22420585723338	0.0
176.0	26.149268534589638	23.747968151637878	23.83585420282668	26.266909110945807	0.0
177.0	26.302449238229052	23.693693693693692	23.641072264925477	26.362784803151772	0.0
178.0	26.199685924456567	23.64575584759071	23.878557456539106	26.276000771413617	0.0
179.0	26.150646058902936	23.817119872165744	23.81298729922583	26.219246769705485	0.0
180.0	26.15815675718863	23.826828186429143	23.780818747606546	26.23419630877568	0.0
181.0	26.207747769093224	23.826552680807453	23.664830880874124	26.300868669225196	0.0
182.0	26.27138956770413	23.749411106733636	23.804236725450384	26.174962600111858	0.0
183.0	26.230063724450297	23.756298747275938	23.77062503960393	26.24301248866983	0.0
184.0	26.332276310098106	23.835644366323294	23.696238521747038	26.135840801831563	0.0
185.0	26.244186815366643	23.811189967159642	23.683906019263407	26.26071719821031	0.0
186.0	26.288267836283087	23.728813559322035	23.74396641026206	26.238952194132814	0.0
187.0	26.24446232174737	23.770415022811928	23.765731414339555	26.219391241101142	0.0
188.0	26.10933255456434	23.759250177702597	23.886810334852303	26.244606932880764	0.0
189.0	26.33028988941113	23.843555594738902	23.693128281987843	26.13302623386212	0.0
190.0	26.23276009323187	23.729219816732144	23.73583200630362	26.302188083732357	0.0
191.0	26.203831763856673	23.859259544971152	23.678526363350837	26.258382327821337	0.0
192.0	26.220506716919584	23.687748647248764	23.774809622992915	26.316935012838737	0.0
193.0	26.161547701700442	23.864625692906184	23.726319965616423	26.247506639776947	0.0
194.0	26.217548345148128	23.721426150874883	23.745671046360098	26.31535445761689	0.0
195.0	26.276232012629386	23.635466975972758	23.88618123610396	26.2021197752939	0.0
196.0	26.308466703217682	23.67817105324785	23.77707920642049	26.236283037113978	0.0
197.0	26.297721806354918	23.802977162961515	23.775701655540647	26.12359937514292	0.0
198.0	26.23821160834575	23.87350776800941	23.78865063381116	26.099629989833673	0.0
199.0	26.203497326173743	23.804905734193294	23.75366084146318	26.237936098169783	0.0
200.0	26.333335170072903	23.622583080322457	23.824257084763694	26.219824664840946	0.0
201.0	26.145712223318146	23.756481394746558	23.830042814399306	26.267763567535994	0.0
202.0	26.30633509844006	23.690909792209652	23.634430050528703	26.368325058821583	0.0
203.0	26.207426672764644	23.63801169268408	23.87853273896441	26.27602889558687	0.0
204.0	26.145436712383113	23.810757048947274	23.796430480325764	26.24737575834385	0.0
205.0	26.150467956612417	23.818812489496118	23.791536831780824	26.239182722110638	0.0
206.0	26.20226415510206	23.835894214529933	23.660944288780335	26.300897341587664	0.0
207.0	26.278580894366062	23.743597797008494	23.810547138673304	26.167274169952144	0.0
208.0	26.22843776604098	23.754342753078152	23.770597943029692	26.246621537851173	0.0
209.0	26.333958744878927	23.82762886370712	23.695107738847977	26.14330465256598	0.0
210.0	26.24063257659246	23.8130923517743	23.682499448975094	26.26377562265814	0.0
211.0	26.280030857394753	23.727683491293806	23.75110204981265	26.241183601498786	0.0
212.0	26.247244875468372	23.761020498126513	23.77286753361252	26.218867092792593	0.0
213.0	26.11053099953989	23.753226966279755	23.89181087566847	26.244431158511887	0.0
214.0	26.323228371404877	23.847177489344467	23.70253225588706	26.127061883363595	0.0
215.0	26.2380943197128	23.724022404857877	23.740828803411976	26.297054472017344	0.0
216.0	26.205032552065394	23.866463520472124	23.681868651107433	26.24663527635505	0.0
217.0	26.223564288784317	23.702597560034825	23.770374370447104	26.303463780733754	0.0
218.0	26.166808097951268	23.884162267602687	23.720781582340557	26.228248052105492	0.0
219.0	26.22997341268201	23.734071716879505	23.737928944359492	26.29802592607899	0.0
220.0	26.257525037539086	23.643977903596863	23.905718339739085	26.19277871912496	0.0
221.0	26.30050557231613	23.689989117108183	23.778980865396537	26.230524445179153	0.0
222.0	26.293342149853288	23.80322629527076	23.778429832899395	26.125001721976552	0.0
223.0	26.230248928930582	23.87926877987629	23.78752186910223	26.10296042209089	0.0
224.0	26.197738011599235	23.80598145775647	23.740408590596633	26.255871940047665	0.0
225.0	26.33088490552522	23.629440645371037	23.818445312629148	26.221229136474594	0.0
226.0	26.140227136221117	23.77326052337211	23.82753737388209	26.258974966524683	0.0
227.0	26.30223113672807	23.692534040126297	23.640461325677634	26.364773497467997	0.0
228.0	26.21103500719099	23.64321649575428	23.875201816208115	26.270546680846607	0.0
229.0	26.152349884558372	23.810455319406866	23.798608088077277	26.238586707957484	0.0
230.0	26.16509575619984	23.81492920570983	23.797296068636985	26.222678969453344	0.0
231.0	26.206974456747844	23.836695109284122	23.66119029185597	26.295140142112068	0.0
232.0	26.28356839590801	23.743845621884926	23.81244954580896	26.1601364363981	0.0
233.0	26.230668984689476	23.754866332555455	23.773601540695353	26.240863142059716	0.0
234.0	26.334263664992434	23.821541632112147	23.703620027937504	26.140574674957918	0.0
235.0	26.238731292292094	23.81664793140691	23.685501113094844	26.259119663206153	0.0
236.0	26.2739976636029	23.724624743767773	23.754380744561267	26.246996848068065	0.0
237.0	26.255813440895764	23.763748374440695	23.773391522845998	26.20704666181754	0.0
238.0	26.119096622390476	23.760914067816692	23.876908325963154	26.243080983829685	0.0
239.0	26.33042107844353	23.846601037611347	23.691207304607534	26.131770579337594	0.0
240.0	26.244775264026536	23.727258449813604	23.72973821902975	26.298228067130108	0.0
241.0	26.203485568643657	23.863883722532204	23.678445959909073	26.254184748915065	0.0
242.0	26.218228512223618	23.693593898110795	23.778464828163923	26.309712761501665	0.0
243.0	26.16328735112733	23.87143353155467	23.7229053111928	26.2423738061252	0.0
244.0	26.219076987519184	23.713820385419854	23.751574224875096	26.315528402185866	0.0
245.0	26.265936161651794	23.63925986760515	23.89060062724953	26.204203343493525	0.0
246.0	26.310161312104334	23.683637556258045	23.762185223667927	26.244015907969693	0.0
247.0	26.312699650791988	23.79520479795822	23.767367379506698	26.12472817174309	0.0
248.0	26.254775174056128	23.868704074263945	23.77774837795675	26.098772373723172	0.0
249.0	26.217290402244675	23.798420127117474	23.741641722756015	26.242647747881836	0.0
