# Position (bp)	A	C	G	T	N
0.0	26.15789817250902	23.8757340190327	23.80875345191164	26.157614356546645	0.0
1.0	26.16612883541796	23.966271311031075	23.713391288552852	26.15420856499811	0.0
2.0	26.16969333076548	23.8589117603743	23.827191263268794	26.144203645591418	0.0
3.0	26.130900813671033	23.7957725344975	23.87221344567316	26.201113206158304	0.0
4.0	26.23283987658864	23.95454159472388	23.73121231849189	26.08140621019559	0.0
5.0	25.93091503896854	23.90636231400094	23.994091045443483	26.168631601587037	0.0
6.0	26.171424044185887	23.894786880050706	23.776229712293727	26.15755936346968	0.0
7.0	26.191405807926483	23.793033204318597	23.784262465765828	26.23129852198909	0.0
8.0	26.04373532490311	23.909870151913772	23.831508670683753	26.214885852499364	0.0
9.0	26.10721226058842	23.802128857245496	23.94667390806256	26.143984974103525	0.0
10.0	26.100472378581735	23.91112493989195	23.879727321585158	26.108675359941163	0.0
11.0	26.015331089299355	23.87520153876616	23.91904505982519	26.190422312109295	0.0
12.0	26.108392498514977	23.917630752694254	23.823720759200068	26.150255989590697	0.0
13.0	26.116029757022037	23.846915396147427	23.916499306989504	26.120555539841035	0.0
14.0	26.212768364778093	23.90631629564676	23.909144909908637	25.971770429666506	0.0
15.0	26.066246146013068	23.825417927757194	23.875767261618535	26.232568664611204	0.0
16.0	25.992702175204368	23.832489463411875	24.002489180550448	26.17231918083331	0.0
17.0	26.1100896670721	23.81297202500495	24.014086499024128	26.062851808898817	0.0
18.0	26.17203631940712	23.90122478997539	23.861624190309165	26.065114700308317	0.0
19.0	26.08095494017481	23.894153254320706	23.909993494187198	26.114898311317287	0.0
20.0	26.1479930981812	23.854269793228298	23.80335473651458	26.19438237207592	0.0
21.0	26.156761802393007	23.812406302152574	23.859644160325857	26.17118773512856	0.0
22.0	26.237020233020587	23.861273834543507	23.804701709326764	26.09700422310915	0.0
23.0	26.07296106989203	23.9551835624033	23.926614639168843	26.04524072853583	0.0
24.0	26.15378523019133	23.971521672719867	23.729110801851036	26.145582295237773	0.0
25.0	26.163402464274803	23.88128938823077	23.80208863695507	26.153219510539355	0.0
26.0	26.192819886177205	23.954267223334806	23.708179174728173	26.144733715759816	0.0
27.0	26.173302558184265	23.84904336806852	23.843103311722842	26.13455076202437	0.0
28.0	26.12521638776688	23.805200095040902	23.875066472059107	26.194517045133114	0.0
29.0	26.22534876616544	23.962470158288358	23.716947829333694	26.09523324621251	0.0
30.0	25.932023126619374	23.90448389396151	23.997544776710452	26.165948202708666	0.0
31.0	26.163402464274803	23.90476675378749	23.79473428147947	26.137096500458235	0.0
32.0	26.17782831540002	23.795865720783407	23.791339963567655	26.234966000248917	0.0
33.0	26.047429935621103	23.916929726304833	23.82330312390392	26.212337214170145	0.0
34.0	26.115599153683398	23.804917235214916	23.956247242116696	26.123236368984987	0.0
35.0	26.111921975945602	23.91183824943711	23.874500752407137	26.10173902221015	0.0
36.0	26.025084009368314	23.889209463358338	23.908726791351278	26.176979735922068	0.0
37.0	26.10032472308023	23.918344025434756	23.82896032042361	26.1523709310614	0.0
38.0	26.09919328377629	23.833486077639364	23.940407091861555	26.126913546722786	0.0
39.0	26.21205435434416	23.910423950307187	23.90702963239537	25.970492062953284	0.0
40.0	26.051107113358903	23.82952604007558	23.885532285620535	26.23383456094498	0.0
41.0	25.9922722695541	23.83320321781338	24.008859169749837	26.165665342882683	0.0
42.0	26.11107339646765	23.821323105122026	24.00716201079393	26.060441487616398	0.0
43.0	26.173585418010255	23.90024099657174	23.878743649796906	26.047429935621103	0.0
44.0	26.081655974565244	23.889775183010308	23.936447054297773	26.092121788126676	0.0
45.0	26.14982519262754	23.854983424414197	23.813403029994458	26.181788352963803	0.0
46.0	26.17613115644411	23.810857291560595	23.876197911363047	26.13681364063225	0.0
47.0	26.222445995140482	23.86594745045017	23.827478622929117	26.08412793148023	0.0
48.0	26.071399275315176	23.956179479709107	23.93213646250845	26.040284782467264	0.0
49.0	26.162971595376966	23.98128609978107	23.72869370414161	26.12704860070036	0.0
50.0	26.155617281506167	23.878891422041445	23.817511187042832	26.147980109409563	0.0
51.0	26.17796308134437	23.965728897362066	23.722470823174007	26.133837198119558	0.0
52.0	26.17711450666697	23.852302748816236	23.840422703332635	26.13016004118416	0.0
53.0	26.12280572731336	23.806479716236627	23.878042847364046	26.192671709085975	0.0
54.0	26.215866083601576	23.964880322684664	23.72756227123841	26.091691322475345	0.0
55.0	25.931310708446713	23.91226869268585	23.99656044397427	26.159860154893167	0.0
56.0	26.163254453602764	23.909440110427852	23.800539693494827	26.126765742474557	0.0
57.0	26.187863119247375	23.790922513817627	23.802802559301227	26.218411807633778	0.0
58.0	26.053505461992337	23.927825895104856	23.81157116430103	26.207097478601778	0.0
59.0	26.117148562797354	23.793468237849822	23.959788874620262	26.129594324732558	0.0
60.0	26.10894567424915	23.91311726736325	23.881154287847846	26.09678277053975	0.0
61.0	26.033988244412136	23.88907431817025	23.915945849621252	26.160991587796367	0.0
62.0	26.10724852489435	23.91311726736325	23.844382718493836	26.135251489248557	0.0
63.0	26.08971131489475	23.838442695752036	23.934048776072455	26.137797213280763	0.0
64.0	26.210208919085577	23.911702976234253	23.915097274943854	25.96299082973632	0.0
65.0	26.069911239088743	23.81581403768803	23.892468616879846	26.221806106343376	0.0
66.0	25.989013786509922	23.825996933816832	24.015229086877078	26.169760192796165	0.0
67.0	26.10894567424915	23.82147120220403	24.013814795748075	26.055768327798738	0.0
68.0	26.17739736489277	23.893882908008848	23.880022854944645	26.048696872153737	0.0
69.0	26.070476955540343	23.90321722946025	23.930371619137055	26.095934195862352	0.0
70.0	26.14713153473216	23.85824277155804	23.803651133978626	26.190974559731174	0.0
71.0	26.170608767473567	23.806479716236627	23.884831444783245	26.138080071506558	0.0
72.0	26.223711937997653	23.864963864963865	23.838940981798125	26.072383215240357	0.0
73.0	26.07153464296321	23.96056967485539	23.926626783769642	26.041268898411758	0.0
74.0	26.159995021723386	23.98765613685735	23.719225199131063	26.133123642288197	0.0
75.0	26.16169216147719	23.871119207096307	23.81652787834902	26.15066075307748	0.0
76.0	26.169329290369298	23.9704018826937	23.721488052136134	26.138780774800868	0.0
77.0	26.18318926502534	23.848773533671253	23.844813540912384	26.12322366039102	0.0
78.0	26.116435101375814	23.803233616944244	23.887807748008687	26.192523533671253	0.0
79.0	26.216000633598842	23.96729045981173	23.718376629254166	26.098332277335263	0.0
80.0	25.937952570601013	23.89912201303403	24.011416093410574	26.151509322954382	0.0
81.0	26.16169216147719	23.913830557566982	23.797010771180304	26.127466509775527	0.0
82.0	26.18912925416365	23.792202208544534	23.78739364590876	26.231274891383055	0.0
83.0	26.05844949312093	23.930236241853727	23.81228502896452	26.199029236060827	0.0
84.0	26.111060825488774	23.797859341057205	23.966724746560462	26.12435508689356	0.0
85.0	26.10766654598117	23.914396270818248	23.882716328747282	26.095220854453295	0.0
86.0	26.02507241129616	23.892899167270095	23.92486196596669	26.157166455467053	0.0
87.0	26.117000814627083	23.90987056480811	23.840287834902245	26.132840785662566	0.0
88.0	26.09154371832006	23.84000497827661	23.93278195148443	26.1356693519189	0.0
89.0	26.206100651701664	23.920619116582188	23.918073406951486	25.955206824764666	0.0
90.0	26.068632331643737	23.82275072411296	23.893747737146995	26.21486920709631	0.0
91.0	25.995655322230267	23.834064989138305	24.013678946415638	26.156600742215787	0.0
92.0	26.120960807385952	23.812002172338882	24.013678946415638	26.053358073859524	0.0
93.0	26.16480358435916	23.8996877262853	23.87451348660391	26.06099520275163	0.0
94.0	26.07230946777697	23.90506200217234	23.92938767197683	26.09324085807386	0.0
95.0	26.148963613323676	23.849339246922522	23.820487871107893	26.18120926864591	0.0
96.0	26.173572139753805	23.807759322954382	23.888939174511222	26.129729362780594	0.0
97.0	26.226675001484995	23.871051686245004	23.838240410480374	26.06403290178963	0.0
98.0	26.07704426976526	23.968354090236666	23.929602842135335	26.024998797862743	0.0
99.0	26.155887061645423	23.989217566428504	23.72701095780369	26.127884414122388	0.0
100.0	26.15984703200222	23.869569890648247	23.815261725755082	26.155321351594452	0.0
101.0	26.167201262664836	23.982429045816858	23.729556653033054	26.120813038485252	0.0
102.0	26.183606854142976	23.84977003886428	23.845244358456515	26.121378748536223	0.0
103.0	26.11345880782264	23.80762464006698	23.8800355265912	26.19888102551918	0.0
104.0	26.20849809638568	23.96347775910935	23.731819493236937	26.09620465126804	0.0
105.0	25.9361087068434	23.9049267688339	24.013543098620232	26.14542142570247	0.0
106.0	26.15899846692576	23.91793810000622	23.79998755437888	26.12307587868914	0.0
107.0	26.18332399911749	23.789239063410438	23.795461873971117	26.23197506350095	0.0
108.0	26.05943349795496	23.920766650261076	23.83195017225871	26.187849679525254	0.0
109.0	26.11147882264424	23.7937647438182	23.9643263241858	26.130430109351753	0.0
110.0	26.094790376140615	23.91793810000622	23.885126917049934	26.10214460680323	0.0
111.0	26.02549089489673	23.883146931871536	23.934909401535336	26.156452771696394	0.0
112.0	26.10751885228745	23.91935237513365	23.84269866322715	26.130430109351753	0.0
113.0	26.094224666089644	23.81893884108639	23.95442639829382	26.13241009453015	0.0
114.0	26.210478081564077	23.90916959421618	23.920766650261076	25.959585673958667	0.0
115.0	26.063676323337237	23.821484536315758	23.897006828120315	26.21783231222669	0.0
116.0	25.994659697118838	23.825161651647065	24.022594459435762	26.157584191798332	0.0
117.0	26.135804354835972	23.788673353359467	24.02033161923188	26.05519067257268	0.0
118.0	26.168615537792263	23.884278351973478	23.88540977207542	26.06169633815884	0.0
119.0	26.072444829127278	23.90916959421618	23.93830366184116	26.080081914815377	0.0
120.0	26.13835005006534	23.870418455724703	23.812433175500228	26.178798318709728	0.0
121.0	26.170595522970657	23.806776074990523	23.896441118069344	26.126187283969475	0.0
122.0	26.220169317497177	23.870203118768334	23.847291796898205	26.062335766836288	0.0
123.0	26.075347134811917	23.970899792666682	23.92818856300755	26.025564509513856	0.0
124.0	26.156600742215787	23.98369614409848	23.721770908761766	26.13793220492397	0.0
125.0	26.169895003620564	23.87083635047067	23.821336440984794	26.13793220492397	0.0
126.0	26.16621786748733	23.97973615133961	23.73534802679218	26.11869795438088	0.0
127.0	26.186300687907316	23.838024981897178	23.849056390296887	26.126617939898622	0.0
128.0	26.11134368211441	23.803233616944244	23.886676321506155	26.19874637943519	0.0
129.0	26.206666364952934	23.96644188993483	23.731953747284575	26.09493799782766	0.0
130.0	25.93201258146271	23.899970582910935	24.01226466328747	26.155752172338886	0.0
131.0	26.163389301230993	23.906476285300506	23.815962165097755	26.11417224837075	0.0
132.0	26.19457762314905	23.778975207546633	23.80103808675237	26.225409082551938	0.0
133.0	26.053997482568914	23.926061068918212	23.833000975858116	26.186940472654758	0.0
134.0	26.109154680583252	23.795098080812366	23.95943824515253	26.136308993451852	0.0
135.0	26.10102564392675	23.912834409137453	23.893317191557248	26.09282275537855	0.0
136.0	26.030667575587003	23.873301785123314	23.941470810362823	26.15455982892686	0.0
137.0	26.11326241114691	23.90271912381588	23.85717882064758	26.126839644389634	0.0
138.0	26.101099473033635	23.816729979945293	23.96070522412335	26.12146532289772	0.0
139.0	26.20632303066475	23.89564764816863	23.92817643614599	25.969852885020632	0.0
140.0	26.060084914279575	23.819841429230085	23.89989053355698	26.22018312293336	0.0
141.0	25.9996266250297	23.82528314268581	24.018476403833315	26.156613828451174	0.0
142.0	26.145865155063756	23.791057103741668	24.024699320004977	26.038378421189595	0.0
143.0	26.17245397870631	23.873369313103197	23.89712953848591	26.057047169704582	0.0
144.0	26.079675955783355	23.899392417093786	23.942104250817465	26.078827376305398	0.0
145.0	26.156613828451174	23.839426133985043	23.81849450686218	26.185465530701606	0.0
146.0	26.169059660794495	23.804351515562946	23.898826697441816	26.127762126200736	0.0
147.0	26.230797299246746	23.855333761395748	23.858162367656586	26.055706571700927	0.0
148.0	26.074375373022452	23.961123635551054	23.928877524177512	26.035623467248982	0.0
149.0	26.155064633835885	23.98014312788165	23.73942805419625	26.125364184086212	0.0
150.0	26.15534749526207	23.882838797273216	23.820892144938195	26.140921562526522	0.0
151.0	26.170339150849998	23.979860266455464	23.732639379967754	26.117161202726784	0.0
152.0	26.185896529290304	23.829377987723817	23.85144117896642	26.133284304019462	0.0
153.0	26.11857550985772	23.801091845105084	23.890193194354087	26.19013945068311	0.0
154.0	26.215879840466155	23.960059966622353	23.718496308658388	26.1055638842531	0.0
155.0	25.941504257064462	23.890193194354087	24.017197974712186	26.15110457386926	0.0
156.0	26.17514779509518	23.896133284304018	23.8141034707097	26.114615449891097	0.0
157.0	26.187950634884267	23.77881305352602	23.804836378345197	26.228399933244518	0.0
158.0	26.059248321919842	23.919961304447444	23.83397118765363	26.186819185979086	0.0
159.0	26.115537904952635	23.799461996045586	23.955319082734373	26.12968101626741	0.0
160.0	26.10769161141409	23.90560295082709	23.893722703717952	26.09298273404087	0.0
161.0	26.034503729559553	23.863523860978088	23.94866587276219	26.153306536700168	0.0
162.0	26.113422737160104	23.90114474990595	23.849946397304876	26.135486115629075	0.0
163.0	26.110876962721374	23.812325508377015	23.960546153476255	26.11625137542536	0.0
164.0	26.19630183833201	23.900013294599848	23.929431132558477	25.974253734509674	0.0
165.0	26.0585471548142	23.818548512560568	23.904821979650777	26.218082352974452	0.0
166.0	25.99695637661728	23.815504375915776	24.026238522767773	26.16130072469917	0.0
167.0	26.144045982473706	23.792592341157366	24.025107064261185	26.038254612107735	0.0
168.0	26.189587187363873	23.874340218258347	23.882826157057753	26.053246437320027	0.0
169.0	26.089170244904192	23.905455327189514	23.927801632694624	26.07757279521167	0.0
170.0	26.164412235592287	23.835870629034357	23.820030209942125	26.179686925431227	0.0
171.0	26.15762348455276	23.799381092196896	23.898383711523337	26.144611711727002	0.0
172.0	26.236616929495792	23.85913301746694	23.856870094052756	26.04737995898451	0.0
173.0	26.074252174527967	23.955590127996608	23.935223817268934	26.03493388020649	0.0
174.0	26.15777146671796	23.974044195019292	23.738133761781377	26.130050576481374	0.0
175.0	26.162863058802234	23.881546938821693	23.819882101356626	26.13570790101945	0.0
176.0	26.181532229777893	23.973478462565485	23.73191070478949	26.113078602867134	0.0
177.0	26.19341261130786	23.82355936230638	23.850997386316063	26.132030640069697	0.0
178.0	26.106006947194533	23.792444077346943	23.909550695285187	26.19199828017334	0.0
179.0	26.221133501544447	23.950283431959356	23.72483904911689	26.1037440173793	0.0
180.0	25.95835077675066	23.890881524309524	24.004876613751826	26.145891085187994	0.0
181.0	26.167819824508797	23.891865287025986	23.818319651959424	26.12199523650579	0.0
182.0	26.190806203874732	23.76888501673168	23.810466704948222	26.229842074445365	0.0
183.0	26.0683240882437	23.922482681368294	23.827721691214947	26.181471539173064	0.0
184.0	26.119523309789233	23.79632327358205	23.95048667547331	26.133666741155402	0.0
185.0	26.12582032133967	23.90925548766689	23.879554197782305	26.08536999321113	0.0
186.0	26.03565862089449	23.86236666204645	23.947227730334156	26.154746986724902	0.0
187.0	26.11542802508493	23.901968493914048	23.848506020892795	26.134097460108226	0.0
188.0	26.10779052893904	23.823896311089364	23.9565624478458	26.111750712125797	0.0
189.0	26.20375765873308	23.899207395380152	23.932020434603047	25.965014511283723	0.0
190.0	26.069111049508088	23.80784005340605	23.89298423276891	26.23006466431695	0.0
191.0	25.99139503899388	23.82827417069052	24.02458721928507	26.15574357103053	0.0
192.0	26.139054133181716	23.801967090691537	24.0223242446615	26.03665453146525	0.0
193.0	26.189122446728163	23.879756843376697	23.877210996925182	26.053909712969958	0.0
194.0	26.105392385656135	23.899274999504975	23.934916849826177	26.060415765012717	0.0
195.0	26.16592695683659	23.82883991434641	23.819788015852136	26.185445112964867	0.0
196.0	26.16196675124534	23.794612423164942	23.890788844666595	26.152631980923125	0.0
197.0	26.237567747994433	23.853234365629845	23.859740436076443	26.04945745029928	0.0
198.0	26.07576460471379	23.95620000226298	23.93243870150149	26.03559669152174	0.0
199.0	26.14797109033563	23.971542933114577	23.74156683591927	26.138919140630524	0.0
200.0	26.154477179186173	23.879326195493828	23.824448750406628	26.141747874913367	0.0
201.0	26.17782090050437	23.975638802533428	23.730103277672956	26.116437019289247	0.0
202.0	26.194227652165548	23.81270278603616	23.85173953998863	26.141330021809665	0.0
203.0	26.103141892943114	23.789224158658946	23.907465920630923	26.200168027767013	0.0
204.0	26.21842036032825	23.952578561911793	23.715527946796563	26.113473130963392	0.0
205.0	25.95195057579538	23.888082690496194	24.00660799805381	26.15335873565462	0.0
206.0	26.175497157081836	23.900031116517212	23.807813074594776	26.116658651806173	0.0
207.0	26.21234537168785	23.767994591368254	23.79288787555621	26.226772161387686	0.0
208.0	26.064965814165973	23.921314591707706	23.82853053246169	26.185189061664627	0.0
209.0	26.128613415782908	23.785533041591584	23.957805883301415	26.12804765932409	0.0
210.0	26.12246398949953	23.90440951831359	23.886022381388823	26.08710411079806	0.0
211.0	26.051535047396516	23.859216366295435	23.941534396772905	26.147714189535144	0.0
212.0	26.12621532246886	23.88580707029847	23.849032692421932	26.13894491481074	0.0
213.0	26.107262373870952	23.817067271652327	23.957941426902437	26.11772892757428	0.0
214.0	26.210021894960768	23.8966241025612	23.92745809123466	25.965895911243376	0.0
215.0	26.08357425333658	23.81006262977149	23.889552086810408	26.216811030081526	0.0
216.0	25.99878360984993	23.83643795703031	24.017482072389356	26.147296360730397	0.0
217.0	26.15436839648661	23.787499469597318	24.01606766523812	26.042064468677957	0.0
218.0	26.19680061102389	23.875758475834854	23.87406118725336	26.053379725887893	0.0
219.0	26.100620924739392	23.894428650231255	23.927242896140083	26.077707528889267	0.0
220.0	26.179827725208977	23.817767782633908	23.8188993083549	26.183505183802207	0.0
221.0	26.16257195796382	23.791742691051045	23.896125938812744	26.14955941217239	0.0
222.0	26.232949177090937	23.853896159003344	23.853613275172417	26.059541388733305	0.0
223.0	26.083020746700157	23.943287449575955	23.93112344484614	26.042568358877745	0.0
224.0	26.164848189962687	23.958630951539035	23.73741516997123	26.13910568852705	0.0
225.0	26.17998919374595	23.876729495698715	23.807705255177524	26.135576055377808	0.0
226.0	26.18932443939021	23.96216113765527	23.731043086401943	26.117471336552576	0.0
227.0	26.203751637204064	23.80402773416615	23.843914692827987	26.148305935801798	0.0
228.0	26.11153072568805	23.786771674035855	23.909827184801088	26.19187041547501	0.0
229.0	26.21619863139641	23.940661784050306	23.71746454728302	26.125675037270263	0.0
230.0	25.972350699719094	23.86173652542157	24.01732395282589	26.148588822033442	0.0
231.0	26.190530073720357	23.86406712343493	23.812298796598565	26.133104006246143	0.0
232.0	26.207860321304	23.76965009604042	23.79567577659782	26.22681380605776	0.0
233.0	26.068962395720476	23.910245348616822	23.824247447644535	26.196544808018174	0.0
234.0	26.124408410821026	23.787472029465597	23.952395635606525	26.135723924106852	0.0
235.0	26.13070586371557	23.88994500644986	23.88202412474257	26.097325005092	0.0
236.0	26.04775766422532	23.839227368010114	23.959456057121358	26.15355891064321	0.0
237.0	26.119329095625655	23.891562209152656	23.844885188674176	26.144223506547515	0.0
238.0	26.12004266020917	23.810507198203066	23.94516409187221	26.12428604971555	0.0
239.0	26.227898950465363	23.888370250926478	23.934764774109592	25.94896602449857	0.0
240.0	26.097854932071908	23.80567076517419	23.882906790546084	26.21356751220782	0.0
241.0	26.016614416514823	23.828615729370622	24.005172199146642	26.149597654967916	0.0
242.0	26.166619033201	23.77664526462041	24.021132280492257	26.03560342168634	0.0
243.0	26.204714426007737	23.872689554849284	23.868161351215964	26.05443466792702	0.0
244.0	26.107546117679693	23.903634783642485	23.921467613599372	26.06735148507845	0.0
245.0	26.171621740225987	23.835880942336928	23.817761256147246	26.17473606128984	0.0
246.0	26.160615937001808	23.798183790028684	23.90012260974705	26.141077663222458	0.0
247.0	26.23833615663968	23.84239718538075	23.86449262635476	26.054774031624806	0.0
248.0	26.101524543474618	23.943198048675217	23.921901576222915	26.033375831627247	0.0
249.0	26.16435244342221	23.96257489280745	23.744782349433514	26.128290314336827	0.0
