# Position (bp)	A	C	G	T	N
0.0	26.25945638347727	23.663553591752027	23.80553881859365	26.271451206177055	0.0
1.0	26.313851509673963	23.72548035080672	23.67582736381692	26.284840775702396	0.0
2.0	26.35326999570435	23.7050281448918	23.70921222196808	26.232489637435773	0.0
3.0	26.280776429306606	23.777101527699134	23.7227101946094	26.219411848384855	0.0
4.0	26.18742800402759	23.914795817330354	23.655680046412126	26.242096132229932	0.0
5.0	26.24990935612167	23.78188572735437	23.807266013287	26.160938903236964	0.0
6.0	26.32439110778919	23.73710470463882	23.712283265608917	26.226220921963066	0.0
7.0	26.30877349545429	23.700987227396954	23.706007027720453	26.284232249428303	0.0
8.0	26.310314921764544	23.770695237271923	23.620666095923838	26.2983237450397	0.0
9.0	26.297781446242734	23.727594168627935	23.645890265802592	26.328734119326736	0.0
10.0	26.24343670093664	23.768971872969665	23.672212880936247	26.315378545157447	0.0
11.0	26.19212933916676	23.828644565462895	23.674722480153253	26.304503615217094	0.0
12.0	26.333503428391374	23.70009731668075	23.664405238927788	26.30199401600009	0.0
13.0	26.124649004665066	23.826134966245892	23.664684083285234	26.384531945803815	0.0
14.0	26.267138471319463	23.800202441003503	23.768971872969665	26.163687214707366	0.0
15.0	26.19937929246033	23.7475008574464	23.745548946944282	26.307570903148992	0.0
16.0	26.34158991475728	23.68253012216171	23.775664137548343	26.200215825532663	0.0
17.0	26.194081249668873	23.747222013088955	23.777616048050458	26.281080689191715	0.0
18.0	26.311753568510664	23.646838044408753	23.664962927642677	26.376445459437907	0.0
19.0	26.213321510332577	23.649347643625756	23.729375974212473	26.407954871829194	0.0
20.0	26.340474537327502	23.669145593004355	23.724356775778464	26.266023093889686	0.0
21.0	26.265113322030874	23.718156063174803	23.628089586865354	26.388641027928973	0.0
22.0	26.256469171053805	23.705886945658964	23.708954225037925	26.32868965824931	0.0
23.0	26.321160881591858	23.59351298295708	23.7797804943339	26.305545641117156	0.0
24.0	26.36828544659588	23.586541893459444	23.698637012581422	26.346535647363257	0.0
25.0	26.272363255108417	23.656531632015703	23.796789952708128	26.274315160167756	0.0
26.0	26.331199250468458	23.717040688855178	23.668521905951636	26.283238154724724	0.0
27.0	26.36577585437673	23.696127420362274	23.694175515302934	26.24392120995806	0.0
28.0	26.271805567948604	23.763607566699385	23.741578923886856	26.223007941465156	0.0
29.0	26.183133309538682	23.893548674935307	23.672704559650217	26.250613455875794	0.0
30.0	26.244478897117872	23.77225171767645	23.810453288123494	26.17281609708218	0.0
31.0	26.324712443360056	23.712513070756362	23.718089926803763	26.24468455907982	0.0
32.0	26.301568490763334	23.681282676890902	23.70944579993029	26.307703032415475	0.0
33.0	26.31746253049843	23.749599163471593	23.622446845590797	26.310491460439177	0.0
34.0	26.301289647960964	23.72422446845591	23.64252352736145	26.331962356221677	0.0
35.0	26.24496340188219	23.76214708957825	23.67486929243639	26.31802021610317	0.0
36.0	26.1925409550366	23.823492506099686	23.673753921226908	26.310212617636807	0.0
37.0	26.34590449634019	23.700243987452076	23.65730219588707	26.29654932032067	0.0
38.0	26.1289647960962	23.819031021261765	23.666504008365283	26.38550017427675	0.0
39.0	26.2644823980481	23.81205995120251	23.772185430463576	26.151272220285815	0.0
40.0	26.215127222028585	23.737330080167308	23.738445451376787	26.309097246427328	0.0
41.0	26.35092366678285	23.679609620076683	23.786964098989195	26.18250261415127	0.0
42.0	26.205646566747998	23.754060648309515	23.757964447542697	26.28232833739979	0.0
43.0	26.31634715928895	23.654234925060997	23.660090623910772	26.369327291739282	0.0
44.0	26.226559776925757	23.64503311258278	23.72952248170094	26.39888462879052	0.0
45.0	26.349529452770998	23.654792610665737	23.724503311258278	26.271174625304983	0.0
46.0	26.27277442237875	23.710773898155736	23.623217502356216	26.3932341771093	0.0
47.0	26.256043900888393	23.704918215634116	23.699899059187008	26.339138824290487	0.0
48.0	26.326033249123043	23.600631298344236	23.7701672494465	26.303168203086223	0.0
49.0	26.365071132600537	23.58083351458065	23.701014427286367	26.353080925532446	0.0
50.0	26.27054368618003	23.65918812356048	23.796378399781386	26.2738897904781	0.0
51.0	26.318504514452385	23.730850523944163	23.66866875240501	26.281976209198444	0.0
52.0	26.365907658675052	23.698226007037974	23.701293269311204	26.23457306497577	0.0
53.0	26.27277442237875	23.76319619882552	23.734475470267075	26.229553908528665	0.0
54.0	26.16932403116338	23.894530792524804	23.678707065299225	26.257438111012586	0.0
55.0	26.231784644727373	23.769051881347142	23.80334945040237	26.195814023523113	0.0
56.0	26.30950820769212	23.727159416329503	23.716005766436997	26.24732660954139	0.0
57.0	26.302258335261985	23.674737261834718	23.712101988974617	26.310902413928677	0.0
58.0	26.325681000036248	23.73970727245857	23.625103519813067	26.30950820769212	0.0
59.0	26.31201777891793	23.717121131426243	23.636257169705573	26.334603919950254	0.0
60.0	26.243701673326324	23.752812811082265	23.674737261834718	26.32874825375669	0.0
61.0	26.18179891642291	23.834792137792192	23.674737261834718	26.308671683950173	0.0
62.0	26.33822885616532	23.69704456161973	23.664698976931465	26.300027605283482	0.0
63.0	26.12993444442276	23.817782821706118	23.66442013568415	26.387862598186974	0.0
64.0	26.273537686788778	23.796312045663043	23.772610539641466	26.15753972790671	0.0
65.0	26.220279008552062	23.731899717533818	23.735803494996194	26.31201777891793	0.0
66.0	26.361930362186897	23.674179579340095	23.789341014480225	26.174549043992783	0.0
67.0	26.21163492988537	23.742216843684385	23.7689856034264	26.277162623003846	0.0
68.0	26.323450270057748	23.65577605701746	23.659400993232524	26.36137267969227	0.0
69.0	26.243701673326324	23.648247343340017	23.726880575082188	26.38117040825147	0.0
70.0	26.363324568423458	23.658006786995962	23.719351861404746	26.259316783175834	0.0
71.0	26.269560658955797	23.703391815474532	23.633402857557133	26.393644668012538	0.0
72.0	26.25617631640586	23.711478189098454	23.71454543426615	26.31780006022954	0.0
73.0	26.339828457342986	23.592134468028153	23.782024827955432	26.286012246673433	0.0
74.0	26.38360641110008	23.57233679467303	23.699209208427675	26.344847585799215	0.0
75.0	26.286848768082805	23.6459506786977	23.787601637351237	26.279598915868252	0.0
76.0	26.322540348215977	23.726814414936925	23.655152414200785	26.29549282264631	0.0
77.0	26.368549025731397	23.698372687018303	23.691680515743332	26.241397771506964	0.0
78.0	26.27151254224433	23.75581382379513	23.737689193258753	26.234984440701787	0.0
79.0	26.177822144394746	23.889378408824744	23.6838729825892	26.248926464191307	0.0
80.0	26.23135951459451	23.76864048540549	23.813533801041746	26.186466198958254	0.0
81.0	26.30768844683503	23.7239598582379	23.730373171160167	26.237978523766902	0.0
82.0	26.297092538528677	23.68297042347384	23.710017873624274	26.30991916437321	0.0
83.0	26.31549595821866	23.737344163466982	23.632500439172517	26.314659439141842	0.0
84.0	26.302390492681855	23.706671797317007	23.647836622247503	26.343101087753638	0.0
85.0	26.252199348072804	23.75128614808061	23.68046086624339	26.316053637603204	0.0
86.0	26.17774915023604	23.82601518560964	23.674605232705666	26.321630431448657	0.0
87.0	26.340312690830913	23.695797049318376	23.666797721322038	26.297092538528677	0.0
88.0	26.125606127781076	23.815419277303285	23.663451645014767	26.395522949900872	0.0
89.0	26.275900721915963	23.795621659151937	23.776381720385135	26.152095898546968	0.0
90.0	26.215113669000555	23.735671125313345	23.724517537622443	26.324697668063653	0.0
91.0	26.36903317913498	23.66400932439931	23.79366978130603	26.173287715159677	0.0
92.0	26.22013278346146	23.730094331467896	23.772199125001045	26.2775737600696	0.0
93.0	26.31047684375776	23.657038332092498	23.67181683578294	26.36066798836681	0.0
94.0	26.252199348072804	23.64644242378614	23.724238697930172	26.377119530210884	0.0
95.0	26.376840690518616	23.655365293938864	23.713363949931544	26.25443006561098	0.0
96.0	26.279452360371415	23.694336781641244	23.646097649387947	26.380113208599393	0.0
97.0	26.264395058974433	23.710509438697265	23.704653821487327	26.32044168084098	0.0
98.0	26.344142988595486	23.589214510777122	23.785238267852662	26.281404232774726	0.0
99.0	26.38122856425843	23.57722443744249	23.697961687533112	26.34358531076597	0.0
100.0	26.28251958843376	23.643866938069877	23.78272871761983	26.290884755876533	0.0
101.0	26.321557036500014	23.725845579009004	23.65557817248975	26.297019212001228	0.0
102.0	26.390151409530716	23.678442963499986	23.69043303683462	26.24097259013468	0.0
103.0	26.264395058974433	23.767950255137606	23.745364303042134	26.22229038284583	0.0
104.0	26.181022223461508	23.895937317011963	23.689875359005104	26.233165100521425	0.0
105.0	26.24850124083317	23.770738644285196	23.807545381033375	26.173214733848255	0.0
106.0	26.318974098725427	23.717414278185657	23.73470224269514	26.228909380393777	0.0
107.0	26.303916839313946	23.68646324495094	23.71155867730341	26.298061238431703	0.0
108.0	26.31423385039219	23.73302921387164	23.630974455638246	26.321762480097927	0.0
109.0	26.29889775284345	23.71406822053866	23.65579104985347	26.33124297676442	0.0
110.0	26.249543402550252	23.739721329165633	23.688972788186184	26.321762480097927	0.0
111.0	26.18847785049257	23.8197478745563	23.67419436691195	26.317579908039185	0.0
112.0	26.352434675195397	23.677819262696197	23.67754042455895	26.292205637549458	0.0
113.0	26.123787402650635	23.821420903379796	23.661646650735715	26.39314504323385	0.0
114.0	26.276869540000725	23.79437360406658	23.774297258184596	26.154459597748104	0.0
115.0	26.21691934049204	23.72243336465615	23.73191386132264	26.328733433529173	0.0
116.0	26.36832844901863	23.662204327010215	23.798277337988072	26.171189885983086	0.0
117.0	26.22193842696253	23.733865728283387	23.75923999877311	26.284955845980967	0.0
118.0	26.304753353725697	23.654396859167225	23.67754042455895	26.363309362548133	0.0
119.0	26.251774107648252	23.63878192348124	23.727452451126645	26.381991517743863	0.0
120.0	26.376414754998873	23.651050801520228	23.71546241122491	26.257072032255994	0.0
121.0	26.295067339597917	23.701028915595458	23.62936731450241	26.374536430304214	0.0
122.0	26.2618855087416	23.71134595544154	23.708557566293955	26.318210969522905	0.0
123.0	26.353344672782537	23.585589604885257	23.79081504614784	26.27025067618437	0.0
124.0	26.382901597746983	23.57722443744249	23.699634721021663	26.340239243788865	0.0
125.0	26.28725984998466	23.65278978334216	23.784959428937903	26.27499093773527	0.0
126.0	26.32211471432953	23.727797451412318	23.66199146752921	26.28809636672894	0.0
127.0	26.38122856425843	23.689875359005104	23.689596520090344	26.239299556646124	0.0
128.0	26.272481387502438	23.759027409865322	23.7442489473831	26.22424225524914	0.0
129.0	26.184647129353372	23.89370660569389	23.698798204277388	26.222848060675346	0.0
130.0	26.24376097928227	23.76962328862616	23.804756991885785	26.181858740205783	0.0
131.0	26.316890156680024	23.724517537622443	23.73288272839062	26.22570957730691	0.0
132.0	26.305736568989126	23.695797049318376	23.709181354547457	26.28928502714504	0.0
133.0	26.321630431448657	23.732603888698346	23.636961874248875	26.30880380560412	0.0
134.0	26.299044416374585	23.702210362240645	23.664567003783855	26.33417821760092	0.0
135.0	26.239372722228264	23.749334270234698	23.692729812703377	26.31856319483366	0.0
136.0	26.19308533331103	23.816534636072376	23.678787828089753	26.311592202526846	0.0
137.0	26.35202395790636	23.684364621935202	23.679066667782024	26.28454475237641	0.0
138.0	26.130904081934254	23.816534636072376	23.66735540070658	26.385205881286787	0.0
139.0	26.277016080685055	23.79506397976739	23.773035644077865	26.154884295469692	0.0
140.0	26.227103775768274	23.720056102546085	23.726748255160626	26.326091866525015	0.0
141.0	26.385763560671332	23.647557782555232	23.79729469730557	26.16938395946786	0.0
142.0	26.23658432530554	23.732046209313804	23.75128614808061	26.28008331730005	0.0
143.0	26.313544080372754	23.648115461939774	23.68073970593566	26.357600751751807	0.0
144.0	26.2491321114578	23.64421170624796	23.72619057577608	26.380465606518154	0.0
145.0	26.38632124005588	23.64839430163205	23.71698886593109	26.248295592380984	0.0
146.0	26.300790791572325	23.699766889367254	23.630056771919648	26.369385547140773	0.0
147.0	26.255339794996484	23.712872391447405	23.707853262991176	26.323934550564932	0.0
148.0	26.361578013986637	23.581538530176115	23.78620743500229	26.27067602083496	0.0
149.0	26.388067858616726	23.575682880310517	23.700882251246416	26.33536700982634	0.0
150.0	26.284618044324482	23.64455647634875	23.791784244398094	26.279041234928673	0.0
151.0	26.33146324324927	23.720122243661955	23.67048864003926	26.27792587304951	0.0
152.0	26.38137568734176	23.681363418361087	23.688055589636058	26.2492053046611	0.0
153.0	26.28629108714322	23.753583100036806	23.74047759795666	26.219648214863312	0.0
154.0	26.187302720367622	23.88714768506642	23.69614196325998	26.22940763130598	0.0
155.0	26.236378643050738	23.765852080707585	23.80795699164594	26.18981228459574	0.0
156.0	26.319825333842683	23.717957655168185	23.734130447512317	26.228086563476815	0.0
157.0	26.313411985154495	23.683939022996036	23.711823147727305	26.290825844122168	0.0
158.0	26.324286793799683	23.734409288759633	23.63793021718945	26.303373700251235	0.0
159.0	26.3069986364663	23.69565035538317	23.660516358221773	26.336834649928758	0.0
160.0	26.236172959648883	23.74388989116826	23.698159926608984	26.32177722257387	0.0
161.0	26.186260376379916	23.81387904424374	23.677525674307844	26.322334905068494	0.0
162.0	26.354680489756767	23.681987134264848	23.685612070479912	26.27772030549847	0.0
163.0	26.140251570573326	23.811927155512553	23.668881595641153	26.378939678272967	0.0
164.0	26.276047258014597	23.797148569404982	23.780696935813534	26.14610723676689	0.0
165.0	26.22418278601444	23.722140273877873	23.722140273877873	26.331536666229816	0.0
166.0	26.374199377068653	23.652708803297017	23.809417584286738	26.16367423534759	0.0
167.0	26.239240213369325	23.738870748716636	23.75504354106077	26.266845496853275	0.0
168.0	26.315921556380307	23.642949359641076	23.685612070479912	26.3555170134987	0.0
169.0	26.265451290616713	23.63820905843676	23.725486368845626	26.370853282100903	0.0
170.0	26.39427594687517	23.64155515340451	23.718794178910123	26.2453747208102	0.0
171.0	26.309023885607846	23.683168537696652	23.629909710952358	26.377897865743144	0.0
172.0	26.259111163161624	23.70631242575831	23.719418000925753	26.31515841015431	0.0
173.0	26.350292505284056	23.592823721648738	23.788849665110728	26.268034107956478	0.0
174.0	26.37455176144507	23.581391198630328	23.70770663588251	26.33635040404209	0.0
175.0	26.2881107337449	23.642457602070124	23.794147663582674	26.2752840006023	0.0
176.0	26.327985143296917	23.715514212578007	23.6806589594731	26.27584168465198	0.0
177.0	26.380407443966696	23.689303062243116	23.69515874476474	26.235130749025448	0.0
178.0	26.283649261347474	23.738658100639665	23.764311566924874	26.213381071087987	0.0
179.0	26.183544974430184	23.883098269506394	23.70575474170863	26.22760201435479	0.0
180.0	26.244332535845142	23.761523146676485	23.810320501023348	26.183823816455025	0.0
181.0	26.324991286162426	23.718368769606137	23.738166608574414	26.218473335657023	0.0
182.0	26.31829905890554	23.683513419309865	23.72283025444406	26.27535726734054	0.0
183.0	26.33475078424538	23.72840711049146	23.648379226211226	26.288462879051934	0.0
184.0	26.29403973509934	23.70916695712792	23.666225165562913	26.33056814220983	0.0
185.0	26.246078773091668	23.74430115022656	23.692994074590448	26.31662600209132	0.0
186.0	26.179714186127573	23.81847333565702	23.67598466364587	26.325827814569536	0.0
187.0	26.350365981178108	23.682398048100385	23.673753921226908	26.2934820494946	0.0
188.0	26.134421210253777	23.812179499691872	23.662438409565585	26.390960880488763	0.0
189.0	26.293364266812414	23.78066973584779	23.779275498509563	26.14669049883023	0.0
190.0	26.219748535353677	23.710957868936113	23.727409869527268	26.341883726182942	0.0
191.0	26.373188183526764	23.646888890128213	23.807505479368018	26.172417446977008	0.0
192.0	26.23989872231734	23.742812686479763	23.750899285590794	26.266389305612098	0.0
193.0	26.331639794990767	23.63071569190615	23.680350679553175	26.357293833549907	0.0
194.0	26.259418099481902	23.62792720945407	23.731658756671443	26.380995934392587	0.0
195.0	26.39577489138861	23.64354271118572	23.720783675108333	26.23989872231734	0.0
196.0	26.30633795943862	23.68487829634401	23.634964321267535	26.373819422949836	0.0
197.0	26.261443266772073	23.70746506718867	23.714715141780786	26.316376524258473	0.0
198.0	26.355136538424002	23.595925458079233	23.7916774720663	26.257260531430465	0.0
199.0	26.373819422949836	23.592300420783175	23.709417010348087	26.3244631459189	0.0
200.0	26.286539678821697	23.652531809702275	23.79948524470396	26.261443266772073	0.0
201.0	26.336453653898168	23.712484349598597	23.682926353184595	26.268135643318637	0.0
202.0	26.400867778158872	23.66786850595482	23.695474559209405	26.2357891566769	0.0
203.0	26.279993865287288	23.734924640631316	23.760857744377674	26.224223749703725	0.0
204.0	26.20498305982739	23.88048464230442	23.698952916079918	26.215579381788267	0.0
205.0	26.256570416742186	23.76671360651395	23.810771997824965	26.1659439789189	0.0
206.0	26.32921840535619	23.733662750653213	23.73338389852013	26.203734945470465	0.0
207.0	26.336747412949336	23.677334619771173	23.72418177812851	26.26173618915098	0.0
208.0	26.340093638546286	23.745932244508705	23.63745876474082	26.27651535220419	0.0
209.0	26.311445238865407	23.70500708286393	23.65565011767593	26.32789756059474	0.0
210.0	26.246472510680068	23.736517461769267	23.7119784056306	26.305031621920072	0.0
211.0	26.19906751586673	23.821567599522602	23.676285233065265	26.303079651545403	0.0
212.0	26.353552028376072	23.695247230990596	23.67238129231593	26.278819448317403	0.0
213.0	26.13905395570106	23.817584053941758	23.660030841389926	26.383331148967258	0.0
214.0	26.27903928791525	23.791929371543937	23.7866311219183	26.142400218622512	0.0
215.0	26.219643121059427	23.730023507497023	23.73420633614884	26.316127035294706	0.0
216.0	26.36988784348282	23.650189902009448	23.829495323558444	26.150426930949287	0.0
217.0	26.232689915952328	23.730222026402235	23.769540944657923	26.26754711298751	0.0
218.0	26.311327752463708	23.636247023195374	23.68448938389207	26.367935840448848	0.0
219.0	26.234920776562575	23.635968165619094	23.73663575065671	26.39247530716162	0.0
220.0	26.38661929805971	23.64712246867035	23.71600029001188	26.25025794325806	0.0
221.0	26.292027674057383	23.688312702347723	23.643416256974984	26.37624336661991	0.0
222.0	26.25410272641333	23.695841919894704	23.732372567993018	26.31768278569895	0.0
223.0	26.351982554524085	23.594058053055885	23.79539490746034	26.25856448495969	0.0
224.0	26.381541704893714	23.5759321589613	23.703928857259978	26.338597278885008	0.0
225.0	26.275853799326832	23.64927231506708	23.804597284462204	26.270276601143884	0.0
226.0	26.331068061338026	23.727353089628362	23.67213882761717	26.26944002141644	0.0
227.0	26.39046522198643	23.6740908469812	23.69835165907703	26.237092271955337	0.0
228.0	26.269997741234736	23.741017225176588	23.770297515637072	26.218687517951604	0.0
229.0	26.1863397684905	23.881562619386898	23.71480439371673	26.217293218405867	0.0
230.0	26.244621489502318	23.758027679634584	23.828579236648885	26.168771594214213	0.0
231.0	26.32703199377581	23.740591911344364	23.73947646548671	26.192899629393114	0.0
232.0	26.342927097247358	23.688444817499114	23.71242690343864	26.256201181814887	0.0
233.0	26.343763681640596	23.734735820591688	23.636297723653865	26.28520277411385	0.0
234.0	26.31706636921361	23.711098717233686	23.65950920245399	26.312325711098715	0.0
235.0	26.25515895147797	23.738706079196877	23.695482431678748	26.3106525376464	0.0
236.0	26.184885666480756	23.82626882320134	23.684327941996653	26.304517568321252	0.0
237.0	26.34969325153374	23.700501952035694	23.683212493028442	26.26659230340212	0.0
238.0	26.144948228791655	23.81419811097137	23.656918490673373	26.383935169563603	0.0
239.0	26.282707328839894	23.79384099699663	23.782965278571766	26.14048639559171	0.0
240.0	26.2109469774083	23.740389254370676	23.732022990493135	26.31664077772789	0.0
241.0	26.358106807894714	23.64593704419512	23.834743103837756	26.16121304407241	0.0
242.0	26.218041149416955	23.742772914011272	23.7781936538306	26.260992282741174	0.0
243.0	26.301271288078677	23.634578589478263	23.708211773499862	26.355938348943198	0.0
244.0	26.24134641667736	23.619749973502323	23.75530650838721	26.383597101433104	0.0
245.0	26.382484944337982	23.639411664616475	23.740944985118674	26.23715840592687	0.0
246.0	26.2924601724489	23.684526183947355	23.65607295185546	26.366940691748287	0.0
247.0	26.243200267804838	23.707144251959715	23.738109186263845	26.3115462939716	0.0
248.0	26.349926352437063	23.599859400107125	23.80796955900732	26.24224468844849	0.0
249.0	26.381170773076235	23.58925861453312	23.724000178539548	26.3055704338511	0.0
