# Position (bp)	A	C	G	T	N
0.0	26.32794520472973	23.64126939822074	23.74361374041206	26.28717165663747	0.0
1.0	26.23381030175162	23.645921413774893	23.825708132544133	26.294560151929353	0.0
2.0	26.250865378563788	23.808103500644417	23.815765350379124	26.12526577041267	0.0
3.0	26.13473430744815	23.78892354840475	23.809172002407923	26.267170141739175	0.0
4.0	26.283257997789182	23.823178539767316	23.675426019766004	26.2181374426775	0.0
5.0	26.244062862521066	23.753201129424127	23.670847286974414	26.331888721080393	0.0
6.0	26.223762831316073	23.636159688327606	23.88457834489702	26.255499135459303	0.0
7.0	26.223045398088214	23.79473738926795	23.727162797314524	26.255054415329308	0.0
8.0	26.141956310613214	23.72932824490131	23.801004007824147	26.327711436661332	0.0
9.0	26.108115649440713	23.858099919847465	23.811595035466812	26.22218939524501	0.0
10.0	26.259957107843135	23.84262298669468	23.708037902661065	26.18938200280112	0.0
11.0	26.41232274159664	23.673844537815125	23.699284401260503	26.21454831932773	0.0
12.0	26.40466342787115	23.71843268557423	23.689983806022408	26.18692008053221	0.0
13.0	26.189929096638654	23.753993785014003	23.75891762955182	26.29715948879552	0.0
14.0	26.219198616946777	23.913198091736696	23.75563506652661	26.111968224789916	0.0
15.0	26.266795780812323	23.728006827731093	23.76028536414566	26.244912027310924	0.0
16.0	26.089537377450984	23.764115021008404	23.928516719187677	26.217830882352942	0.0
17.0	26.281020220588236	23.789554884453782	23.76575630252101	26.163668592436974	0.0
18.0	26.19095163977252	23.653537362303698	23.74873142963435	26.406779568289434	0.0
19.0	26.210920510218315	23.709067234913245	23.688551272126464	26.39146098274197	0.0
20.0	26.21529724894616	23.6704972248741	23.836539750361766	26.277665775817972	0.0
21.0	26.21584434128714	23.822315349496265	23.890701892118862	26.07113841709773	0.0
22.0	26.343316856735665	23.83517201950931	23.739157313667185	26.082353810087838	0.0
23.0	26.26781811368032	23.771982854126033	23.789489809037416	26.17070922315623	0.0
24.0	26.276226167355087	23.864102634242414	23.610252482424706	26.24941871597779	0.0
25.0	26.330661706376347	23.640342478868618	23.740460103400167	26.28853571135487	0.0
26.0	26.23054408184479	23.640616024290832	23.82115600295429	26.307683890910084	0.0
27.0	26.255710260688787	23.806658095576772	23.80693164099899	26.130700002735452	0.0
28.0	26.13124709357989	23.78887764313264	23.8118554585989	26.26801980468857	0.0
29.0	26.29345952895478	23.82553272970977	23.66386738517931	26.217140356156136	0.0
30.0	26.244494898377873	23.746751648111168	23.66906474820144	26.339688705309516	0.0
31.0	26.236288535711356	23.631041934513224	23.87695926908663	26.255710260688787	0.0
32.0	26.222611264600488	23.794895642421423	23.726235741444867	26.256257351533225	0.0
33.0	26.14136827420193	23.733621467844735	23.797904642065816	26.32710561588752	0.0
34.0	26.109637005224716	23.85945236206472	23.807205186421204	26.223705446289358	0.0
35.0	26.246956807177828	23.850425363131546	23.706814016467433	26.195803813223183	0.0
36.0	26.40616024290833	23.680006565090135	23.70325792597861	26.21057526602292	0.0
37.0	26.39658615313073	23.722132560111607	23.690127745712175	26.19115354104549	0.0
38.0	26.18376781464562	23.753316738244383	23.7582405558443	26.304674891265694	0.0
39.0	26.21878162868944	23.911152446863802	23.75468446535547	26.11538145909128	0.0
40.0	26.265010805044177	23.7267828322893	23.757419919577647	26.250786443088874	0.0
41.0	26.084470826380716	23.76425855513308	23.926470990507973	26.224799627978225	0.0
42.0	26.28279125748831	23.79106600651038	23.76398500971086	26.162157726290452	0.0
43.0	26.187252271104654	23.656690492407765	23.743951243397316	26.41210599309026	0.0
44.0	26.207494576976835	23.717417410024318	23.688421674585786	26.386666338413058	0.0
45.0	26.223360168065845	23.67556507491021	23.83039136036502	26.270683396658924	0.0
46.0	26.224727891435588	23.823005654168412	23.89604208211264	26.05622437228336	0.0
47.0	26.338522475798136	23.837503521887676	23.74477187741916	26.07920212489503	0.0
48.0	26.264118324484166	23.76939089807452	23.7901802932946	26.17631048414672	0.0
49.0	26.272526342280045	23.875187377589093	23.612585208932853	26.239701071198013	0.0
50.0	26.328329303119496	23.652522622082653	23.738141870821615	26.281006203976236	0.0
51.0	26.23559791231276	23.637477706170056	23.825128839189	26.301795542328186	0.0
52.0	26.250642828225356	23.805433676539778	23.814460626087335	26.12946286914753	0.0
53.0	26.134660203735514	23.798868622323372	23.802151149431573	26.264320024509537	0.0
54.0	26.289759609598107	23.83360870088519	23.670850065103455	26.205781624413248	0.0
55.0	26.239974615123696	23.753460330659898	23.669208801549352	26.337356252667053	0.0
56.0	26.232315385204558	23.632280371582066	23.87956408040003	26.255840162813342	0.0
57.0	26.21179959077829	23.79941571017474	23.729662009125423	26.25912268992155	0.0
58.0	26.130830588775943	23.73923604652435	23.800783429803158	26.329149934896545	0.0
59.0	26.099920125173696	23.85275677568304	23.81637543356712	26.23094766557614	0.0
60.0	26.251463460002405	23.847285897169368	23.706684319368005	26.194566323460222	0.0
61.0	26.4016390752027	23.677141575394174	23.707504951145054	26.21371439825807	0.0
62.0	26.4016390752027	23.72528530631449	23.680697646428065	26.192377972054754	0.0
63.0	26.181162671101728	23.760298928801987	23.756195769916733	26.302342630179552	0.0
64.0	26.218911732846063	23.906371385117023	23.75592222599105	26.118794656045868	0.0
65.0	26.258849145995868	23.72993555305111	23.74990425962601	26.26131104132702	0.0
66.0	26.084875209261106	23.769599422275228	23.92141630102962	26.22410906743405	0.0
67.0	26.280185572199183	23.787653321370346	23.764675631612924	26.167485474817546	0.0
68.0	26.184647115623967	23.66476736520476	23.74081236852831	26.409773150642962	0.0
69.0	26.208718915237178	23.72166434610871	23.68364184444694	26.385974894207177	0.0
70.0	26.22349024681801	23.682547671737243	23.83299641931981	26.260965662124935	0.0
71.0	26.216104581027594	23.83299641931981	23.887705054804375	26.063193944848223	0.0
72.0	26.344669874416326	23.834911221561768	23.74163299806058	26.078785905961325	0.0
73.0	26.25494771222164	23.772816920286783	23.787588251867618	26.184647115623967	0.0
74.0	26.261440912099875	23.884083660216536	23.607805806758687	26.2466696209249	0.0
75.0	26.319705449512277	23.64993134085028	23.739926800045954	26.290436409591493	0.0
76.0	26.229983532745766	23.6400838134003	23.83211059867496	26.297822055178976	0.0
77.0	26.249678587645732	23.809953661912502	23.810227204341665	26.130140546100105	0.0
78.0	26.13205534310427	23.797097167741686	23.80338864361251	26.26745884554153	0.0
79.0	26.289889324733156	23.831289971387463	23.669626395750246	26.209194308129135	0.0
80.0	26.25405526651239	23.752509751787603	23.66059949558776	26.33283548611225	0.0
81.0	26.219041835579116	23.64117798311696	23.878339269204048	26.261440912099875	0.0
82.0	26.207826595983303	23.79846487988752	23.73609720603763	26.257611318091552	0.0
83.0	26.129319918812605	23.739106172758458	23.80256801632501	26.329005892103925	0.0
84.0	26.10032442132099	23.850711483858262	23.81132137405833	26.237642720762416	0.0
85.0	26.244481281491574	23.847155432279102	23.71585506627933	26.192508219949996	0.0
86.0	26.397665041824638	23.679747465629394	23.70381919939602	26.218768293149953	0.0
87.0	26.402862347978797	23.72460842401265	23.674550159475235	26.19797906853332	0.0
88.0	26.181840065212512	23.76044248223342	23.75469809122093	26.303019361333135	0.0
89.0	26.221503717441614	23.904872884833168	23.751415582070933	26.122207815654285	0.0
90.0	26.2652705061082	23.725429051300146	23.752783294216766	26.256517148374886	0.0
91.0	26.087467927150183	23.76837521267924	23.923747312445634	26.220409547724948	0.0
92.0	26.27566511841652	23.788070267579204	23.760716024662585	26.17554858934169	0.0
93.0	26.186965738904465	23.659714148943443	23.74369144498393	26.40962866716816	0.0
94.0	26.21240511522943	23.71661081857348	23.68788894207755	26.38309512411954	0.0
95.0	26.226629282636942	23.681871025097447	23.830404157833552	26.261095534432062	0.0
96.0	26.21951719893319	23.83122478287629	23.885112494016276	26.064145524174247	0.0
97.0	26.348081788962592	23.830677699514464	23.737399986322917	26.083840525200024	0.0
98.0	26.258907200984748	23.76557477945702	23.783081447035492	26.192436572522737	0.0
99.0	26.255552880933102	23.894074009234743	23.604394161542334	26.24597894828982	0.0
100.0	26.32530581876272	23.648981333566756	23.73706151388494	26.28865133378559	0.0
101.0	26.235857933781208	23.64351051491345	23.833895004048404	26.286736547256933	0.0
102.0	26.248167275751143	23.800249469330588	23.81830317088649	26.133280084031774	0.0
103.0	26.136562575223753	23.783563472438015	23.80927632010854	26.270597632229688	0.0
104.0	26.284274678862946	23.829791890058427	23.66676149418999	26.219171936888635	0.0
105.0	26.264579731711052	23.751285642383525	23.659922970873364	26.32421165503206	0.0
106.0	26.226557542070594	23.64186926931746	23.877388012342166	26.25418517626978	0.0
107.0	26.219719018753967	23.797514060003937	23.74034400507692	26.242422916165175	0.0
108.0	26.12698864258047	23.74143816880758	23.810917565704532	26.320655622907413	0.0
109.0	26.09799330371797	23.853863492132962	23.808729238243213	26.239413965905854	0.0
110.0	26.250629144145133	23.846477886951003	23.71189574807974	26.190997220824126	0.0
111.0	26.40381206643762	23.676608967765937	23.702595356369127	26.216983609427313	0.0
112.0	26.40682101669694	23.725846335645667	23.674967722169946	26.19236492548745	0.0
113.0	26.180602665382846	23.768518721141433	23.751285642383525	26.299592971092196	0.0
114.0	26.22272796901328	23.909665842396656	23.74663544652822	26.120970742061843	0.0
115.0	26.26540035450905	23.72611987657833	23.7562093791715	26.252270389741124	0.0
116.0	26.090881239468672	23.768518721141433	23.91787207037661	26.22272796901328	0.0
117.0	26.27935094207497	23.79450510974462	23.75785062476749	26.168293323412918	0.0
118.0	26.192163030841826	23.65396977364426	23.744785611707584	26.409081583806334	0.0
119.0	26.21267865691035	23.721534568829924	23.68269165014019	26.38309512411954	0.0
120.0	26.2258086575942	23.68570060863024	23.827395199343503	26.261095534432062	0.0
121.0	26.23100594953156	23.82575394925802	23.88182999384531	26.061410107365106	0.0
122.0	26.343978663748892	23.829309991109895	23.732749777747383	26.09396156739383	0.0
123.0	26.256171784175613	23.765848321137934	23.780893113588185	26.19708678109827	0.0
124.0	26.25432880894156	23.882715948070704	23.619294588783664	26.243660654204078	0.0
125.0	26.313961058499785	23.655128647004435	23.74402993648345	26.286880358012333	0.0
126.0	26.230530617604096	23.64473403469612	23.83429893810829	26.290436409591493	0.0
127.0	26.245848993637406	23.80612406790417	23.818980562074984	26.129046376383442	0.0
128.0	26.13916744626259	23.78697609786254	23.80202093146668	26.271835524408193	0.0
129.0	26.278674085137343	23.835119565395786	23.667438056316914	26.218768293149953	0.0
130.0	26.264449878820706	23.74594473348761	23.659231783441932	26.330373604249758	0.0
131.0	26.21822120829162	23.643366322550293	23.881621778354038	26.25679069080405	0.0
132.0	26.22232434472911	23.79545591316669	23.744303478912617	26.237916263191586	0.0
133.0	26.125216782375116	23.735823663608464	23.810227204341665	26.32873234967476	0.0
134.0	26.09301015118731	23.851050269029713	23.81193359465825	26.244005985124723	0.0
135.0	26.244970197307772	23.846530496127976	23.707296257088224	26.201203049476025	0.0
136.0	26.399249393414685	23.66954709208334	23.698816372195825	26.232387142306145	0.0
137.0	26.394397789752986	23.720217742156084	23.684656837267827	26.2007276308231	0.0
138.0	26.1755614519791	23.76507919139973	23.755505101622123	26.30385425499904	0.0
139.0	26.219602264956094	23.908690538063844	23.75112837486665	26.120578822113412	0.0
140.0	26.26364307793309	23.733074377000303	23.74894001148891	26.254342533577702	0.0
141.0	26.09103591651394	23.76316437344421	23.923461990863583	26.222337719178267	0.0
142.0	26.28361189375496	23.78285964384386	23.75796701042208	26.1755614519791	0.0
143.0	26.18931036274958	23.64806643889389	23.74353405239503	26.4190891459615	0.0
144.0	26.194781286159387	23.725206458972178	23.695389926388728	26.38462232847971	0.0
145.0	26.2156425070028	23.682324492296917	23.833048844537817	26.268984156162468	0.0
146.0	26.223028273809522	23.827577906162464	23.886937587535016	26.062456232493	0.0
147.0	26.331626400560225	23.830039828431374	23.738401610644257	26.099932160364148	0.0
148.0	26.264060311624647	23.770406600140056	23.777245273109244	26.18828781512605	0.0
149.0	26.255652178670395	23.879890690352248	23.612908167312696	26.25154896366466	0.0
150.0	26.310160135242338	23.65974953907092	23.74181406367113	26.288276262015614	0.0
151.0	26.227274965396123	23.646619215134887	23.834546976469365	26.291558842999624	0.0
152.0	26.246696902884842	23.80719213493596	23.821690200948666	26.12442076123053	0.0
153.0	26.14001302090457	23.786402455370574	23.799259230891277	26.274325292833577	0.0
154.0	26.28116400321693	23.83017020182402	23.660570184316924	26.22809561064213	0.0
155.0	26.26420400146622	23.747832128808476	23.653184377102903	26.334779492622403	0.0
156.0	26.222351093920114	23.638412762674864	23.889803756366838	26.24943238703818	0.0
157.0	26.218247867690103	23.79761794039927	23.7431818057478	26.240952386162824	0.0
158.0	26.110469792048498	23.74454954782447	23.81184245799664	26.333138202130396	0.0
159.0	26.093307619711954	23.85348706796329	23.81847277501949	26.234732537305266	0.0
160.0	26.246091644942187	23.849240760142575	23.706447315510594	26.198220279404644	0.0
161.0	26.404203926546177	23.674715438925713	23.694958187781587	26.226122446746526	0.0
162.0	26.399352230264633	23.724019454976172	23.687910669052034	26.18871764570716	0.0
163.0	26.178869795000576	23.772985157100575	23.756845623998117	26.291299423900732	0.0
164.0	26.218534749235424	23.915505440937515	23.753563007095924	26.112396802731137	0.0
165.0	26.276527647840858	23.724293006384688	23.751374595827794	26.247804749946656	0.0
166.0	26.08340035342842	23.77052319442393	23.919882263473774	26.22619418867388	0.0
167.0	26.28336643305376	23.78912469020303	23.751374595827794	26.176134280915413	0.0
168.0	26.191798359234163	23.646121987848815	23.746515629402477	26.41556402351454	0.0
169.0	26.200004923938824	23.72599921764083	23.69536137607677	26.37863448234358	0.0
170.0	26.212933581354637	23.687493161177372	23.83466462413831	26.264908633329686	0.0
171.0	26.223328591749645	23.828646460225407	23.8852719115877	26.062753036437247	0.0
172.0	26.34642739905898	23.81879855564066	23.738374001531895	26.096400043768465	0.0
173.0	26.282142466352994	23.75834336360652	23.779954043111935	26.179560126928546	0.0
174.0	26.263065606372706	23.883969482354424	23.60713318506725	26.24583172620562	0.0
175.0	26.321951646523946	23.65862599095082	23.745616290711734	26.2738060718135	0.0
176.0	26.221830735478363	23.64522182526439	23.83288014487441	26.300067294382835	0.0
177.0	26.243988642021236	23.801421388671564	23.8306917096603	26.123898259646893	0.0
178.0	26.135387544520977	23.780357699735745	23.809901575126247	26.274353180617027	0.0
179.0	26.287757346303458	23.829871046455008	23.65835243654906	26.224019170692475	0.0
180.0	26.26176967813589	23.7519080419523	23.65151357650496	26.334808703406846	0.0
181.0	26.220462963469544	23.63674163880971	23.885676144414838	26.257119253305905	0.0
182.0	26.209247232997225	23.799780062260982	23.747804725925846	26.243167978815947	0.0
183.0	26.109946985156938	23.745069181908207	23.812910673545648	26.332073159389207	0.0
184.0	26.097161318207558	23.855923973552688	23.817079142240473	26.22983556599928	0.0
185.0	26.249401594835252	23.846206453201297	23.700947873780965	26.203444078182493	0.0
186.0	26.40614955341877	23.6735922091067	23.69766519402005	26.222593043454474	0.0
187.0	26.404854002418247	23.7209823993172	23.6876083971178	26.186555201146756	0.0
188.0	26.16795329828151	23.77213763219661	23.757912647652603	26.301996421869273	0.0
189.0	26.217740744185537	23.913019690661297	23.755724188491985	26.113515376661177	0.0
190.0	26.269990206645254	23.726179989823663	23.754356401516603	26.249473402014477	0.0
191.0	26.08451829278301	23.769675615640917	23.91931151074807	26.226494580828003	0.0
192.0	26.284215191189265	23.78718328892585	23.7472439092446	26.181357610640287	0.0
193.0	26.192918673899545	23.651289963425278	23.74539396476024	26.41039739791494	0.0
194.0	26.194560022760037	23.728159801725056	23.697247731519095	26.38003244399581	0.0
195.0	26.21378080273121	23.6800783472666	23.834092003326475	26.27204884667571	0.0
196.0	26.214054361622967	23.83381844443472	23.89017157613691	26.0619556178054	0.0
197.0	26.34290059964109	23.822328970980873	23.73396944894297	26.100800980435068	0.0
198.0	26.279161377861428	23.755854160283626	23.779653783866593	26.185330677988354	0.0
199.0	26.257348495832318	23.88449217756209	23.603819986814425	26.254339339791166	0.0
200.0	26.326904664204626	23.664888524141706	23.74121187252086	26.266994939132815	0.0
201.0	26.221857475037613	23.64464505539598	23.83203392148817	26.301463548078235	0.0
202.0	26.237997537956502	23.804130761865682	23.83258104226508	26.125290657912736	0.0
203.0	26.136233073450967	23.779510326904667	23.806045684584873	26.278210915059496	0.0
204.0	26.296539461086034	23.824100670222954	23.655587470934208	26.223772397756807	0.0
205.0	26.25632608398304	23.75215428805909	23.651210504718918	26.340309123238953	0.0
206.0	26.218574750376145	23.63999452879223	23.871426617425797	26.270004103405824	0.0
207.0	26.202434687457256	23.80112159759267	23.748050882232253	26.24839283271782	0.0
208.0	26.1069621118862	23.743947476405417	23.821912187115306	26.32717822459308	0.0
209.0	26.094176156958437	23.861370158309832	23.810487786863046	26.233965897868682	0.0
210.0	26.252711689604897	23.85028464192019	23.69845738030951	26.19854628816541	0.0
211.0	26.40618032701677	23.67575168172629	23.691344751837658	26.22672323941928	0.0
212.0	26.399687043491106	23.723416478363873	23.68402335137028	26.192873126774742	0.0
213.0	26.170988056222743	23.773205013869664	23.756517647573766	26.299289282333827	0.0
214.0	26.22077659172854	23.91080739496534	23.751593506699567	26.116822506606557	0.0
215.0	26.26646167650583	23.73189694320277	23.757885464483266	26.24375591580813	0.0
216.0	26.080438576813865	23.770195816668764	23.922570620387038	26.226794986130336	0.0
217.0	26.280139845600825	23.789618816783662	23.74366016862447	26.18658116899104	0.0
218.0	26.188841319126237	23.658373114117275	23.742083737980277	26.41070182877621	0.0
219.0	26.19376547347112	23.725669890164003	23.69366288692227	26.386901749442615	0.0
220.0	26.217910839734753	23.670748254656075	23.836255006237277	26.2750858993719	0.0
221.0	26.217910839734753	23.822029632547657	23.88877946293743	26.07128006478016	0.0
222.0	26.343750683912198	23.821208937911713	23.7254612303854	26.10957914779069	0.0
223.0	26.27618015888648	23.7495349397063	23.775250038299085	26.199034863108135	0.0
224.0	26.256555316337614	23.8872034206646	23.5999595122872	26.256281750710585	0.0
225.0	26.32501873929672	23.664038605686898	23.739269358924556	26.27167329609183	0.0
226.0	26.22981764065415	23.64406826028199	23.8281784309327	26.297935668131156	0.0
227.0	26.245137357677095	23.812038014783525	23.81668864316549	26.12613598437389	0.0
228.0	26.13872003764273	23.77428585497699	23.80875521827861	26.27823888910166	0.0
229.0	26.29711496900493	23.821065705172046	23.659114410929526	26.2227049148935	0.0
230.0	26.26045707470003	23.75157984581799	23.64680392403609	26.341159155445887	0.0
231.0	26.22325204764432	23.63722910089675	23.86538345798841	26.274135393470516	0.0
232.0	26.19863107385745	23.80191605889337	23.745834951934388	26.25361791531479	0.0
233.0	26.112184099227996	23.745014252808158	23.81668864316549	26.32611300479835	0.0
234.0	26.10268068424609	23.85943026910798	23.816753797795595	26.221135248850334	0.0
235.0	26.26121973305174	23.845882381907266	23.698155326791394	26.1947425582496	0.0
236.0	26.406484670582348	23.67681697438577	23.687486150588583	26.229212204443304	0.0
237.0	26.39917053767324	23.72420924773895	23.679343871225427	26.197276343362386	0.0
238.0	26.16499515782217	23.769621762990443	23.75512258643424	26.310260492753144	0.0
239.0	26.216152629822343	23.915707806028376	23.745274089150787	26.1228654749985	0.0
240.0	26.260224878942907	23.73758651820644	23.751265286023035	26.250923316827617	0.0
241.0	26.081841586162934	23.767273761938764	23.924587768904356	26.226296882993942	0.0
242.0	26.275526955151356	23.795062052662683	23.74335150042682	26.186059491759146	0.0
243.0	26.187811745005924	23.661018433141898	23.739271046806554	26.41189877504562	0.0
244.0	26.195727122484048	23.72163910383399	23.692635196515152	26.38999857716681	0.0
245.0	26.214471592323925	23.68551390488908	23.822606287642255	26.277408215144742	0.0
246.0	26.20911026341282	23.833578703678366	23.8910446209165	26.066266411992316	0.0
247.0	26.347778969722178	23.822711649188868	23.72309915274646	26.10641022834249	0.0
248.0	26.275516487365934	23.755545277653862	23.773881297533393	26.195056937446804	0.0
249.0	26.26327312534209	23.889709906951285	23.602900930487138	26.244116037219484	0.0
