# Position (bp)	A	C	G	T	N
0.0	27.18812553794202	21.614634001563125	25.300587985054694	25.895415827119862	0.001236648320301808
1.0	25.95145582242404	20.657368727827944	27.330812221702832	26.06036322804518	0.0
2.0	25.383175166143563	23.169658940918765	25.542620224789502	25.90454566814817	0.0
3.0	26.58198105950994	23.44402975538292	24.684386998055167	25.289602187051972	0.0
4.0	26.224095330667126	23.57560902818484	24.44200412710426	25.75829151404378	0.0
5.0	25.708166076785904	23.663905645459813	25.292652583727204	25.335275694027075	0.0
6.0	26.00603318996469	23.219207276102946	25.33774898862862	25.43701054530375	0.0
7.0	25.454488493821298	23.79713378132943	25.112679179888488	25.635698544960782	0.0
8.0	25.199656706709305	24.29913014228864	25.332884842578924	25.16824586526975	8.244315338466244E-5
9.0	25.46232059339284	24.115694126007764	25.302215989519826	25.119769291079567	0.0
10.0	25.101796683641712	24.29492554146602	25.404198170256652	25.199079604635617	0.0
11.0	25.029081822356442	24.506309786744296	25.64600393913387	24.818604451765395	0.0
12.0	25.45053122245883	24.098545950103755	25.409804304686812	25.0411185227506	0.0
13.0	25.229583571387938	24.281981966384627	25.222163687583322	25.266270774644113	0.0
14.0	25.030730685424135	24.672350297661005	25.27781281611797	25.019106200796898	0.0
15.0	25.40832032792589	24.294843098312636	25.223894993804397	25.07294157995708	0.0
16.0	25.06230641317046	24.610682818929277	25.24994703027395	25.077063737626315	0.0
17.0	24.88109636203097	24.964281503796094	25.343355123058775	24.81126701111416	0.0
18.0	25.19899716148223	24.691312222939477	25.161815299305744	24.947875316272548	0.0
19.0	24.86114511891188	24.828250300711403	25.174511544926986	25.13609303544973	0.0
20.0	24.713654317506723	25.211446077643313	25.282347189554123	24.792552415295845	0.0
21.0	25.174923760693908	24.798158549726	25.010367226538122	25.01655046304197	0.0
22.0	24.98579916682949	24.829157175398635	24.92668742585269	25.258356231919187	0.0
23.0	24.876809318054967	25.31590155298168	24.927429414233153	24.879859714730202	0.0
24.0	25.175583305920984	24.835422855055867	24.81901666753232	25.169977171490824	0.0
25.0	24.933695093890385	25.049692610702607	24.7186009067098	25.298011388697212	0.0
26.0	24.854961882408034	25.294713662561826	24.852735917266646	24.997588537763498	0.0
27.0	25.20996210088239	24.991322858106262	24.61513474921205	25.183580291799295	0.0
28.0	24.905581978586216	25.12793116326465	24.56847192439633	25.398014933752805	0.0
29.0	24.774579807857986	25.509148304515328	24.57976663641003	25.136505251216658	0.0
30.0	25.278802133958582	24.97161894444733	24.373906082408528	25.375672839185558	0.0
31.0	25.07524998825185	24.99692899253642	24.213966364842282	25.713854654369445	0.0
32.0	25.04903306547553	25.319199279117065	24.290556054336633	25.341211601070775	0.0
33.0	25.5464126098452	24.97854416933164	23.881225797781784	25.593817423041376	0.0
34.0	25.28045099702628	25.15233433666651	23.636864291149646	25.93035037515757	0.0
35.0	25.315937468762627	25.44623261029236	23.62157910062453	25.61625082032048	0.0
36.0	25.74291252837521	24.919536419267054	23.518572237647287	25.818978814710448	0.0
37.0	25.553129313477985	24.945360571247758	23.504407890805393	25.997102224468865	0.0
38.0	25.454499843735462	25.290291425519307	23.48420787468734	25.771000856057892	0.0
39.0	25.887410353130107	24.878467193690916	23.281849870778785	25.952272582400195	0.0
40.0	25.636758295226425	25.006209495788944	23.208635458800746	26.148396750183885	0.0
41.0	25.541638434485208	25.26699577323912	23.322040460749204	25.869325331526472	0.0
42.0	26.08843897170977	24.829239915830726	23.057760607443857	26.024560505015643	0.0
43.0	25.900637479584848	24.85207011522801	23.094824147455725	26.152468257731414	0.0
44.0	25.935144592825687	25.13914141991167	22.99040617869512	25.935307808567522	0.0
45.0	26.16125777732859	24.72662989224776	23.023374983820318	26.08873734660333	0.0
46.0	26.053167366237272	24.86785352438848	22.921020890625755	26.157958218748494	0.0
47.0	25.921926018555357	25.09541884293206	22.974625850769772	26.00802928774281	0.0
48.0	26.310775892813997	24.62949455717668	22.9065665920402	26.153162957969116	0.0
49.0	26.13769782906563	24.761976593631758	22.80650148961044	26.293824087692176	0.0
50.0	26.050565832157098	25.157725885755006	22.861104920387294	25.930603361700605	0.0
51.0	26.445182924441042	24.52841557878119	22.847854708914685	26.178546787863084	0.0
52.0	26.178501800878962	24.71764200508872	22.860588837854806	26.243267356177512	0.0
53.0	26.122605808406675	25.042410358276907	22.72760225608607	26.10738157723035	0.0
54.0	26.60361792943483	24.64878824471837	22.593526943172442	26.15406688267435	0.0
55.0	26.401293704148443	24.505000394421998	22.79802964300427	26.295676258425292	0.0
56.0	26.340929157640293	24.96682958366906	22.656238691903525	26.036002566787126	0.0
57.0	26.75885479571586	24.51569308695444	22.502380965049028	26.22307115228067	0.0
58.0	26.537203549782536	24.422925874257043	22.622243584483183	26.41762699147724	0.0
59.0	26.32164646967864	24.866557540388584	22.681659668351006	26.13013632158177	0.0
60.0	26.708775740600483	24.663103591179958	22.243737227946326	26.384383440273236	0.0
61.0	26.45533550663436	24.588559385582016	22.49524425956476	26.460860848218864	0.0
62.0	26.577797926783553	24.694640848815617	22.414800219701657	26.312761004699176	0.0
63.0	26.87326549491212	24.356305889608386	22.45413197656491	26.316296638914586	0.0
64.0	26.830462645574745	24.35329685537269	22.46694628371905	26.34929421533352	0.0
65.0	26.495897538523117	24.887873900811076	22.36636099306643	26.249867567599384	0.0
66.0	26.874373690443655	24.53441611681568	22.247816863832167	26.343393328908498	0.0
67.0	26.830958465069948	24.243867931338155	22.3136558534367	26.611517750155194	0.0
68.0	26.347545613556495	24.78135982155752	22.558852319591765	26.31224224529422	0.0
69.0	27.22005312795279	24.21244049847569	22.56511739851313	26.002388975058388	0.0
70.0	26.767956895527117	24.198724297769502	22.37233073174597	26.66098807495741	0.0
71.0	27.141038584785566	24.60603134190773	22.136868443000747	26.11606163030596	0.0
72.0	27.382461958642217	24.412309793211083	22.07374170893484	26.131486539211863	0.0
73.0	26.953886122537345	24.085299848452046	22.22342498376272	26.737389045247888	0.0
74.0	26.821999458141427	24.735843944730426	22.122881483488367	26.319275113639783	0.0
75.0	26.914098972922503	24.199679871948778	22.178871548619448	26.707349606509272	0.0
76.0	26.50562172993432	24.906304501094663	21.93402352591933	26.650339530223754	0.003710712827934246
77.0	26.98595725404604	24.66334472676358	22.390149487295638	25.96054853189474	0.0
78.0	27.05139352890028	23.866184613976476	22.26442725733376	26.817994599789486	0.0
79.0	26.889815851053005	24.51419269508597	21.85369823990233	26.742293213958696	0.0
80.0	27.024428862248364	24.445826736032572	22.35919475231848	26.159239990952273	0.011309658448314861
81.0	27.492904446546827	23.777988016398613	21.772311573636077	26.95679596341848	0.0
82.0	26.68904741921947	24.639809763603303	22.073017205203524	26.598125611973707	0.0
83.0	27.48932867675592	24.144353899883587	22.173069460613114	26.193247962747378	0.0
84.0	28.003808864265928	24.3334487534626	21.86634349030471	25.79639889196676	0.0
85.0	26.997777563049567	24.340515991883276	22.214706734950237	26.44699971011692	0.0
86.0	26.706135629709365	23.519913885898816	23.207750269106565	26.566200215285253	0.0
87.0	27.719087635054024	24.669867947178872	21.500600240096038	26.110444177671067	0.0
88.0	28.61341170184344	23.57734437616885	21.653753673523912	26.1554902484638	0.0
89.0	27.824019024970276	24.450059453032104	21.284185493460168	26.441736028537456	0.0
90.0	27.126779212181397	23.98212512413108	22.442899702085402	26.448195961602117	0.0
91.0	27.27942530852828	23.890219193221586	22.43507091545404	26.37686498434334	0.01841959845275373
92.0	28.110220028788813	23.668517376105285	21.36541229693605	26.85585029816985	0.0
93.0	28.650137741046834	23.209366391184574	21.53351698806244	26.60697887970615	0.0
94.0	28.498206048180418	23.347001537672988	21.860584315735522	26.29420809841107	0.0
95.0	26.73181948835872	23.771198620293188	21.67289450991664	27.824087381431443	0.0
96.0	28.316326530612244	24.362244897959183	22.16198979591837	25.159438775510207	0.0
97.0	27.16182274847506	24.901327592393255	22.604951560818083	25.331898098313598	0.0
98.0	28.19277108433735	23.694779116465863	20.923694779116467	27.18875502008032	0.0
99.0	27.956989247311824	22.043010752688172	22.356630824372758	27.643369175627242	0.0
100.0	26.984126984126984	25.744047619047617	21.428571428571427	25.843253968253972	0.0
101.0	26.172979084228377	25.438100621820237	22.046353872244207	26.342566421707183	0.0
102.0	24.714828897338403	25.665399239543724	21.863117870722434	27.756653992395435	0.0
103.0	25.923295454545453	24.928977272727273	23.295454545454543	25.85227272727273	0.0
104.0	29.153354632587856	23.162939297124602	21.56549520766773	26.118210862619804	0.0
105.0	28.07174887892377	23.228699551569505	20.269058295964125	28.430493273542602	0.0
106.0	27.77222777222777	28.471528471528472	19.480519480519483	24.275724275724276	0.0
107.0	28.809788654060064	23.692992213570633	21.69076751946607	25.806451612903224	0.0
108.0	27.50316856780735	22.56020278833967	22.0532319391635	27.883396704689478	0.0
109.0	27.20797720797721	25.213675213675213	22.364672364672362	25.213675213675213	0.0
110.0	29.448818897637796	23.77952755905512	20.629921259842522	26.14173228346457	0.0
111.0	22.530329289428074	25.12998266897747	21.49046793760832	30.849220103986134	0.0
112.0	25.742574257425744	30.297029702970296	20.99009900990099	22.970297029702973	0.0
113.0	28.44638949671772	22.538293216630198	20.350109409190374	28.665207877461707	0.0
114.0	26.448362720403022	25.692695214105793	21.91435768261965	25.94458438287154	0.0
115.0	31.129476584022036	19.55922865013774	26.446280991735538	22.865013774104685	0.0
116.0	27.878787878787882	28.484848484848484	20.909090909090907	22.727272727272727	0.0
117.0	25.08474576271186	27.11864406779661	23.050847457627118	24.74576271186441	0.0
118.0	26.136363636363637	23.106060606060606	18.560606060606062	32.196969696969695	0.0
119.0	21.338912133891213	23.01255230125523	23.01255230125523	32.63598326359833	0.0
120.0	26.08695652173913	26.08695652173913	19.32367149758454	28.502415458937197	0.0
121.0	25.806451612903224	22.58064516129032	21.50537634408602	30.107526881720432	0.0
122.0	25.949367088607595	24.050632911392405	18.354430379746837	31.645569620253166	0.0
123.0	22.463768115942027	23.91304347826087	22.463768115942027	31.15942028985507	0.0
124.0	30.508474576271187	26.27118644067797	18.64406779661017	24.576271186440678	0.0
125.0	34.31372549019608	21.568627450980394	21.568627450980394	22.54901960784314	0.0
126.0	32.18390804597701	27.586206896551722	12.643678160919542	27.586206896551722	0.0
127.0	19.230769230769234	29.48717948717949	14.102564102564102	37.17948717948718	0.0
128.0	26.865671641791046	23.88059701492537	11.940298507462686	37.3134328358209	0.0
129.0	22.033898305084744	35.59322033898305	15.254237288135593	27.11864406779661	0.0
130.0	34.0	18.0	24.0	24.0	0.0
131.0	30.434782608695656	26.08695652173913	21.73913043478261	21.73913043478261	0.0
132.0	30.76923076923077	30.76923076923077	15.384615384615385	23.076923076923077	0.0
133.0	25.0	8.333333333333332	38.88888888888889	27.77777777777778	0.0
134.0	35.483870967741936	25.806451612903224	22.58064516129032	16.129032258064516	0.0
135.0	22.727272727272727	22.727272727272727	13.636363636363635	40.909090909090914	0.0
136.0	29.411764705882355	23.52941176470588	29.411764705882355	17.647058823529413	0.0
137.0	6.25	37.5	18.75	37.5	0.0
138.0	7.6923076923076925	30.76923076923077	38.46153846153847	23.076923076923077	0.0
139.0	33.33333333333333	22.22222222222222	11.11111111111111	33.33333333333333	0.0
140.0	0.0	0.0	50.0	50.0	0.0
