# Position (bp)	A	C	G	T	N
0.0	26.3156872860812	23.713713547127316	23.69540736795975	26.27519179883173	0.0
1.0	26.169515219091682	23.733406558050003	23.78083620407507	26.31624201878325	0.0
2.0	26.15207117658805	23.785804619378315	23.707317343746535	26.3548068602871	0.0
3.0	26.109781496385082	23.897567590802826	23.789411213320427	26.203239699491665	0.0
4.0	26.043408453750615	23.783695347747358	23.84470122372241	26.328194974779617	0.0
5.0	26.282019287825598	23.770109970552515	23.756245806090252	26.19162493553164	0.0
6.0	26.30609998530525	23.687661676920648	23.798288200114786	26.20795013765932	0.0
7.0	26.07437226052748	23.83150493902118	23.837604207386214	26.25651859306513	0.0
8.0	26.139520184518826	23.838302071955688	23.8055899002556	26.216587843269885	0.0
9.0	26.32095425275057	23.826380553468812	23.676412293516435	26.17625290026418	0.0
10.0	26.21872964395105	23.758402284035313	23.85320083711003	26.16966723490361	0.0
11.0	26.424053264442882	23.734498262031344	23.67046783787829	26.170980635647485	0.0
12.0	26.211450081216082	23.754455796832296	23.751683916998832	26.282410204952793	0.0
13.0	26.113879911078097	23.77191863978313	23.847036583270043	26.267164865868736	0.0
14.0	26.284073332852877	23.73810170581485	23.79658837030097	26.181236591031304	0.0
15.0	26.264115798051925	23.84398751545323	23.67545722157853	26.21643946491632	0.0
16.0	26.165159687997207	23.707333839663384	23.878081637404854	26.249424834934555	0.0
17.0	26.23223917996707	23.637205279876706	23.867548494037685	26.263007046118535	0.0
18.0	26.15878436438023	23.814328401235148	23.814328401235148	26.212558833149462	0.0
19.0	26.371664735590382	23.753901420865603	23.607823353641972	26.266610489902043	0.0
20.0	26.345054689189112	23.745585781365204	23.77247301574982	26.136886513695856	0.0
21.0	26.18428565884812	23.853966282853705	23.769701135916353	26.192046922381824	0.0
22.0	26.231407616017034	23.765820504149502	23.8021321299679	26.200639749865562	0.0
23.0	26.308188687404023	23.686267552929046	23.677397537461957	26.328146222204975	0.0
24.0	26.29266616033662	23.759999556499224	23.709551343530155	26.237782939634002	0.0
25.0	26.32703747027159	23.70123570402976	23.688207868812473	26.28351895688618	0.0
26.0	26.17818752321449	23.73089481824784	23.79575680635093	26.29516085218674	0.0
27.0	26.151577476813227	23.801577754001208	23.716203855130473	26.330640914055092	0.0
28.0	26.117760542844948	23.89554448035569	23.78938148273396	26.197313494065405	0.0
29.0	26.025734132373895	23.799914626101128	23.842047199569805	26.332304041955172	0.0
30.0	26.276312069319168	23.769146759949663	23.762217060365998	26.192324110365167	0.0
31.0	26.304862431603866	23.676565973511916	23.799083062151087	26.219488532733127	0.0
32.0	26.079159124864525	23.84364423575327	23.814816765391512	26.262379873990692	0.0
33.0	26.157325919499293	23.831725185507544	23.79375053705023	26.21719835794294	0.0
34.0	26.31532263205892	23.822855194627003	23.687865020913776	26.173957152400302	0.0
35.0	26.214426485792767	23.740807778982003	23.86526483852459	26.17950089670064	0.0
36.0	26.41697711548696	23.750166311868014	23.656477292886287	26.176379279758738	0.0
37.0	26.211304772041867	23.754324108568387	23.754324108568387	26.280047010821363	0.0
38.0	26.0993214475785	23.782042753237537	23.848567500443497	26.270068298740462	0.0
39.0	26.269513925847082	23.7473944474011	23.78453743125776	26.198554195494054	0.0
40.0	26.271454230973923	23.85854621252439	23.673108479687777	26.196891076813912	0.0
41.0	26.16030246585063	23.701658683697	23.894303264147595	26.243735586304773	0.0
42.0	26.224332535036364	23.64816169948554	23.874345839985807	26.25315992549228	0.0
43.0	26.146443143516056	23.817799804860744	23.816413872627283	26.219343178995917	0.0
44.0	26.38759535213766	23.754046922121695	23.61129590207557	26.247061823665067	0.0
45.0	26.343522707113713	23.74573132872095	23.765134379989355	26.14561158417598	0.0
46.0	26.17831958488558	23.85078499201703	23.79174427887174	26.179151144225653	0.0
47.0	26.238746230264326	23.7604222103956	23.805326414759623	26.19550514458045	0.0
48.0	26.314140943764414	23.69223434450949	23.675603157708	26.318021554018095	0.0
49.0	26.281987315948204	23.770400922476494	23.714686446691502	26.232925314883804	0.0
50.0	26.324396842291996	23.707479599077523	23.6919571580628	26.27616640056768	0.0
51.0	26.16556900833777	23.741296345573886	23.79562488912542	26.297509756962924	0.0
52.0	26.15836216072379	23.804217668972857	23.71274614156466	26.32467402873869	0.0
53.0	26.134801312755013	23.869910856838743	23.78758648217137	26.207701348234874	0.0
54.0	26.02004612382473	23.7864777363846	23.84995343267696	26.343522707113713	0.0
55.0	26.271731417420614	23.77539027851694	23.749889125421323	26.202989178641122	0.0
56.0	26.301113180769914	23.684195937555437	23.79701082135888	26.21768006031577	0.0
57.0	26.07125335048189	23.84794702427315	23.821614384827967	26.259185240417	0.0
58.0	26.162170252987373	23.83879989688693	23.790292403172113	26.208737446953588	0.0
59.0	26.31822578990989	23.815516299903816	23.678863760467227	26.187394149719072	0.0
60.0	26.212340860772404	23.74233928081404	23.867627207437447	26.17769265097611	0.0
61.0	26.430135543421017	23.748094353743383	23.66549325054744	26.156276852288162	0.0
62.0	26.2067245059179	23.739778806441777	23.763339523796326	26.290157163844004	0.0
63.0	26.10666075338858	23.78745461097098	23.83513041550018	26.270754220140258	0.0
64.0	26.25218283116667	23.752529312304237	23.782188097679963	26.21309975884913	0.0
65.0	26.285999390193197	23.85869113285473	23.662721401446905	26.192588075505167	0.0
66.0	26.1590487013887	23.701527288854397	23.89527954098179	26.244144468775122	0.0
67.0	26.223909970341214	23.65274274468498	23.860908612135155	26.262438672838652	0.0
68.0	26.144357901155864	23.823488649277934	23.82099398508745	26.211159464478754	0.0
69.0	26.393269950383903	23.75197494248413	23.5948110984838	26.259944008648166	0.0
70.0	26.332289270172133	23.743105025362418	23.777753139119106	26.14685256534634	0.0
71.0	26.19286526041522	23.84704936663248	23.781633727859855	26.178451645092444	0.0
72.0	26.248579427335976	23.75031183302381	23.806857554674725	26.194251184965488	0.0
73.0	26.31316351137844	23.680184050780277	23.683233084790864	26.32341935305042	0.0
74.0	26.27602073343127	23.764171078526488	23.71150594561632	26.248302242425925	0.0
75.0	26.31953876430967	23.707348171965517	23.697369515203594	26.27574354852122	0.0
76.0	26.17983756964271	23.735343847880923	23.791612384621782	26.29320619785459	0.0
77.0	26.148515674806667	23.793552678992157	23.738115696981456	26.319815949219727	0.0
78.0	26.13216176511351	23.877539706738364	23.78523713169055	26.20506139645758	0.0
79.0	26.025999944563015	23.776090029658786	23.86284890650553	26.33506111927267	0.0
80.0	26.286553760013305	23.77969343348948	23.758073010505306	26.175679795991908	0.0
81.0	26.28932560911384	23.701527288854397	23.802145411203814	26.20700169082795	0.0
82.0	26.08441365852577	23.84532016154292	23.810672143825308	26.259594036106005	0.0
83.0	26.17283539974111	23.8397764787081	23.787665860060812	26.199722261489978	0.0
84.0	26.33027599224993	23.804296908565266	23.665150469411344	26.200276629773455	0.0
85.0	26.2080377857422	23.739990187681382	23.866663340456963	26.185308686119452	0.0
86.0	26.427217189804086	23.756001020034816	23.663698956681785	26.153082833479317	0.0
87.0	26.21018260840642	23.72357056534321	23.767365538345548	26.298881287904823	0.0
88.0	26.13257126384531	23.768751455212712	23.819476012550865	26.279201268391116	0.0
89.0	26.269777033694414	23.74574523521781	23.769028638586143	26.215449092501636	0.0
90.0	26.293060437062742	23.856895767964254	23.650948521503885	26.199095273469116	0.0
91.0	26.158349317574537	23.702227445588903	23.89486989012451	26.244553346712053	0.0
92.0	26.21378599226104	23.667579523909836	23.85772731808455	26.26090716574457	0.0
93.0	26.15668621733394	23.83028616411473	23.81365516170878	26.19937245684255	0.0
94.0	26.389520251017263	23.767088354972117	23.586087612120675	26.257303781889945	0.0
95.0	26.33436075970419	23.730777333052455	23.777898506535983	26.156963400707372	0.0
96.0	26.19272005588017	23.837215748450543	23.776789773042253	26.193274422627034	0.0
97.0	26.25508631490249	23.74352776823035	23.799518809663724	26.20186710720344	0.0
98.0	26.2961094541705	23.685596443182952	23.697238144867118	26.32105595777943	0.0
99.0	26.287793952967526	23.757386936901977	23.708048296430988	26.24677081369951	0.0
100.0	26.311908906456154	23.711097313538744	23.700287161974877	26.276706618030225	0.0
101.0	26.193828789373896	23.727451132571264	23.777621323162553	26.301098754892287	0.0
102.0	26.16777355227124	23.771800472320468	23.730777333052455	26.329648642355835	0.0
103.0	26.141995498542016	23.85412393422993	23.775126672801658	26.228753894426397	0.0
104.0	26.031122149169008	23.777898506535983	23.86715155278126	26.323827791513754	0.0
105.0	26.297772554411097	23.776789773042253	23.753783553047352	26.171654119499294	0.0
106.0	26.283359018992602	23.695852227999957	23.813100794961915	26.207687958045522	0.0
107.0	26.096742272841926	23.843802058358026	23.816915345660565	26.24254032313948	0.0
108.0	26.160494272021467	23.8396443192811	23.784207798255412	26.215653610442025	0.0
109.0	26.31904272215493	23.818855623896468	23.661415904183517	26.20068574976509	0.0
110.0	26.214822062626634	23.74041294664512	23.863759205927273	26.18100578480097	0.0
111.0	26.428456596096172	23.75088005233193	23.66218186454678	26.15848148702512	0.0
112.0	26.220570218474727	23.720390050280784	23.75337468886339	26.305665042381104	0.0
113.0	26.143236485999545	23.7603042347841	23.82433323909151	26.272126040124842	0.0
114.0	26.280441495229702	23.74062432436927	23.76667941703116	26.212254763369863	0.0
115.0	26.300121405644532	23.852605786448024	23.659132864341665	26.18813994356578	0.0
116.0	26.144622395183685	23.70292759456058	23.892797152788173	26.259652857467557	0.0
117.0	26.226391037048124	23.66051877352581	23.85537760481631	26.257712584609756	0.0
118.0	26.147671395388805	23.836529239911965	23.816849329497135	26.198950035202095	0.0
119.0	26.39907532139234	23.762244507641903	23.5867884049294	26.251891766036355	0.0
120.0	26.30926840625987	23.735912233143186	23.773331781115047	26.181487579481892	0.0
121.0	26.185368125197495	23.837360785422455	23.77527205397285	26.20199903540721	0.0
122.0	26.24440785644198	23.736189414980018	23.807147965208138	26.212254763369863	0.0
123.0	26.27628376767727	23.690177230066467	23.69932423068181	26.334214771574448	0.0
124.0	26.3134261338123	23.744504870084874	23.698215503334495	26.243853492768327	0.0
125.0	26.31231740646499	23.696829594150355	23.701264503539612	26.289588495845045	0.0
126.0	26.208651399491096	23.744504870084874	23.76889687172579	26.277946858698243	0.0
127.0	26.191743307444547	23.76695659886799	23.718172595586157	26.323127498101307	0.0
128.0	26.15404657763586	23.844567513179996	23.77139150825725	26.2299944009269	0.0
129.0	26.016564386568874	23.795783509898165	23.864801787268483	26.322850316264475	0.0
130.0	26.30427913319696	23.774163326625533	23.73951559702196	26.18204194315555	0.0
131.0	26.29873549646039	23.675486592714552	23.814631874802508	26.211146036022555	0.0
132.0	26.10513010987549	23.859390418325148	23.82113911279146	26.214340359007902	0.0
133.0	26.157240584080803	23.852460833989333	23.774849489428227	26.215449092501636	0.0
134.0	26.32465934163405	23.807557127493265	23.676172208486246	26.19161132238644	0.0
135.0	26.230416994666996	23.746299601964676	23.851629283869038	26.171654119499294	0.0
136.0	26.42756762600098	23.753572210626686	23.677069387506204	26.14179077586613	0.0
137.0	26.223560097679695	23.706450906530733	23.75468094719365	26.315308048595927	0.0
138.0	26.134306804039127	23.76050181417021	23.826471639904536	26.278719741886125	0.0
139.0	26.28564934542965	23.755512499618874	23.757452788611058	26.201385366340418	0.0
140.0	26.30484796407683	23.831527011669486	23.65911799761621	26.20450702663747	0.0
141.0	26.155445297558	23.6979238850237	23.878094076558472	26.268536740859826	0.0
142.0	26.24026388003437	23.658563627796102	23.83984255897109	26.261329933198436	0.0
143.0	26.1435263464257	23.8326357513097	23.818222135986915	26.205615766277685	0.0
144.0	26.38689469745267	23.765557003076754	23.611719377997062	26.235828921473512	0.0
145.0	26.305402333896943	23.74781716883333	23.765557003076754	26.181223494192977	0.0
146.0	26.188852669859852	23.838865974809295	23.78093400745077	26.19134734788008	0.0
147.0	26.245121518538227	23.75487848146177	23.813642008160368	26.186357991839632	0.0
148.0	26.293424842072582	23.705605002674858	23.686201897623675	26.314768257628884	0.0
149.0	26.293424842072582	23.75023214429258	23.72306779722092	26.233275216413922	0.0
150.0	26.32197512521933	23.710317185330144	23.719187176210685	26.248520513239846	0.0
151.0	26.20008537389887	23.735052637998038	23.77247301574982	26.29238897235327	0.0
152.0	26.179573463131227	23.77247301574982	23.719807298913977	26.328146222204975	0.0
153.0	26.137163701679206	23.848976899153467	23.787163978867188	26.22669542030014	0.0
154.0	26.017695680856846	23.80379525786798	23.856460974703825	26.322048086571353	0.0
155.0	26.307357123453983	23.762217060365998	23.74364546548178	26.186780350698236	0.0
156.0	26.280747077052713	23.689593808729203	23.812110897368377	26.2175482168497	0.0
157.0	26.105708995354306	23.84328813296227	23.826102382721114	26.224900488962316	0.0
158.0	26.148673370957194	23.843565322482288	23.769832910157334	26.237928396403188	0.0
159.0	26.341320087370136	23.819727023760688	23.674479715270923	26.164473173598253	0.0
160.0	26.23765120688317	23.72575977647437	23.850495060482753	26.186093956159706	0.0
161.0	26.41041348475315	23.749941097063722	23.682861047280348	26.15678437090278	0.0
162.0	26.22026094693746	23.71750983332548	23.752435809658973	26.309793410078086	0.0
163.0	26.120472443127486	23.775996984169662	23.834206944725484	26.26932362797737	0.0
164.0	26.280134049223452	23.753267380524058	23.76490937263522	26.201689197617274	0.0
165.0	26.307094427905376	23.84203436060339	23.653544442042122	26.19732676944911	0.0
166.0	26.1468779971283	23.71036860866721	23.86892189310404	26.273831501100446	0.0
167.0	26.240291383238812	23.670453096501294	23.838708067922894	26.250547452337	0.0
168.0	26.14798676135513	23.84203436060339	23.799346937870396	26.21063194017108	0.0
169.0	26.396072757108563	23.77162783219962	23.606421962401804	26.225877448290007	0.0
170.0	26.30099622465781	23.736424567997737	23.77828041756061	26.184298789783846	0.0
171.0	26.191096573899546	23.847156003991575	23.784233285286618	26.177514136822268	0.0
172.0	26.247643862955982	23.753187714824257	23.82193147799091	26.17723694422885	0.0
173.0	26.2965026513545	23.726920187715344	23.684786796725792	26.29179036420436	0.0
174.0	26.294839491183865	23.755471103978003	23.716386839967956	26.233302564870176	0.0
175.0	26.326439534426026	23.716941226691503	23.709734199285396	26.246885039597075	0.0
176.0	26.190410191873774	23.73142106342756	23.78907744249608	26.289091302202582	0.0
177.0	26.173778544065552	23.774108959468673	23.74195444037277	26.310158056093	0.0
178.0	26.127209930202515	23.843684686133088	23.8004424018317	26.228662981832695	0.0
179.0	26.019935801839463	23.80321434313307	23.87223568153721	26.304614173490258	0.0
180.0	26.309880861962863	23.775217735989223	23.737519334290578	26.177382067757332	0.0
181.0	26.276617566346417	23.690119138037133	23.816242467249513	26.217020828366937	0.0
182.0	26.10462473250618	23.841599308119616	23.832451851112662	26.22132410826154	0.0
183.0	26.172537670891128	23.83577819911519	23.768419652063997	26.223264477929682	0.0
184.0	26.33247957067935	23.8221956114382	23.68498375633392	26.160341061548525	0.0
185.0	26.21993812992715	23.744580824712546	23.85462750446285	26.18085354089745	0.0
186.0	26.41293952959765	23.75407132264279	23.68477221382933	26.14821693393023	0.0
187.0	26.21474407839115	23.710551482307938	23.767099555099723	26.30760488420119	0.0
188.0	26.12132887971061	23.783176948344444	23.81893528849219	26.27655888345276	0.0
189.0	26.274618508405982	23.734944768610276	23.782345359038683	26.20809136394506	0.0
190.0	26.299639089240866	23.853650964369074	23.65323738614125	26.193472560248814	0.0
191.0	26.150506993685447	23.724199870271708	23.87277757141986	26.252515564622986	0.0
192.0	26.20899560365235	23.690936205835555	23.842285879020054	26.25778231149204	0.0
193.0	26.138587513929156	23.842008681816417	23.788786818718574	26.23061698553585	0.0
194.0	26.394440532883905	23.76217588716965	23.613875383225132	26.229508196721312	0.0
195.0	26.32458683756798	23.7297438143444	23.764670662002363	26.180998686085253	0.0
196.0	26.188905397613873	23.840200470129062	23.78171153590278	26.189182596354282	0.0
197.0	26.2612542688606	23.75094247571739	23.81747017341553	26.170333082006476	0.0
198.0	26.3017981932136	23.716912773630565	23.70416159622565	26.27712743693018	0.0
199.0	26.291264611879107	23.762373493074172	23.740751931387578	26.205609963659143	0.0
200.0	26.30595618584564	23.708042389348886	23.723288362333022	26.262713062472454	0.0
201.0	26.18960498960499	23.74026334026334	23.802356202356204	26.26777546777547	0.0
202.0	26.189327789327788	23.783506583506583	23.72945252945253	26.2977130977131	0.0
203.0	26.15356895356895	23.853083853083852	23.777408177408176	26.215939015939014	0.0
204.0	26.02411642411642	23.8012474012474	23.864726264726265	26.309909909909912	0.0
205.0	26.29022869022869	23.788773388773386	23.741094941094943	26.17990297990298	0.0
206.0	26.274705474705474	23.68011088011088	23.827027027027025	26.21815661815662	0.0
207.0	26.108530054220676	23.833257564837503	23.83187155576746	26.22634082517436	0.0
208.0	26.14900151906594	23.834643573907545	23.786410458270037	26.22994444875647	0.0
209.0	26.349418430594213	23.816348254182977	23.67552973266657	26.158703582556242	0.0
210.0	26.21663876168406	23.71766440839589	23.857928526284276	26.20776830363578	0.0
211.0	26.396893113456244	23.767903821792004	23.681139413494776	26.154063651256976	0.0
212.0	26.218097447795824	23.714126520802665	23.744896007451207	26.3228800239503	0.0
213.0	26.128283811091986	23.756261313330395	23.837481669979237	26.277973205598382	0.0
214.0	26.30098101993918	23.730758675747822	23.764300188220552	26.20396011609244	0.0
215.0	26.303548757297378	23.86526808336059	23.66180082384836	26.169382335493673	0.0
216.0	26.149423694233615	23.725003187838535	23.873029777183945	26.2525433407439	0.0
217.0	26.22038775204715	23.669839721022548	23.841151391838025	26.26862113509228	0.0
218.0	26.143048017164432	23.84087418848719	23.803451736124586	26.212626058223794	0.0
219.0	26.381997305583432	23.76713809716532	23.6174482877149	26.233416309536352	0.0
220.0	26.307984010910722	23.73276488166189	23.77600860439201	26.183242503035377	0.0
221.0	26.18865455835717	23.847936486816135	23.78778302619032	26.175625928636375	0.0
222.0	26.274310868649238	23.758953717871954	23.798871221697382	26.167864191781433	0.0
223.0	26.29378809845236	23.717993141932066	23.68860934238502	26.299609417230553	0.0
224.0	26.294896921076777	23.777037946682263	23.71937917021259	26.208685962028373	0.0
225.0	26.30432191338432	23.705796093063483	23.716052702339336	26.27382929121286	0.0
226.0	26.203214485698922	23.738849371573036	23.803438468489947	26.2544976742381	0.0
227.0	26.17992914603789	23.775717826036335	23.744393500063758	26.299959527862015	0.0
228.0	26.14943643933892	23.839752510104173	23.78902373441407	26.22178731614284	0.0
229.0	26.015822942712518	23.795399482178397	23.875234932444794	26.313542642664284	0.0
230.0	26.304949243503668	23.784311225196955	23.742730261516538	26.16800926978284	0.0
231.0	26.263091073398716	23.674814687505197	23.81813040899036	26.243963830105727	0.0
232.0	26.10134723069247	23.81881687642069	23.83766701779675	26.242168875090094	0.0
233.0	26.171480844929867	23.83766701779675	23.773077562787602	26.21777457448578	0.0
234.0	26.34556744469701	23.80828297388701	23.67466873648611	26.171480844929867	0.0
235.0	26.206963463990686	23.726229417308865	23.854576703442923	26.212230415257526	0.0
236.0	26.409121276047227	23.75068955671552	23.674457156004756	26.165732011232496	0.0
237.0	26.226163514341394	23.717978926592355	23.74209608608994	26.313761472976303	0.0
238.0	26.123873493024043	23.76649045431739	23.826644748696427	26.282991303962145	0.0
239.0	26.279664799203857	23.728790067056792	23.783954604298398	26.207590529440957	0.0
240.0	26.293056845431988	23.84846762679678	23.67575509751466	26.182720430256573	0.0
241.0	26.138162582376605	23.729175388351802	23.871679637140932	26.26098239213066	0.0
242.0	26.218790290158456	23.68402811473251	23.841514979274393	26.255666615834638	0.0
243.0	26.15209289944766	23.84430247776225	23.797719660167253	26.205884962622832	0.0
244.0	26.369890552947474	23.7622389644817	23.633852885636564	26.23401759693426	0.0
245.0	26.30545587656197	23.741132883345074	23.755275899745428	26.198135340347527	0.0
246.0	26.200361085920143	23.82723342180216	23.782028348850044	26.19037714342765	0.0
247.0	26.269691590858663	23.744175726647438	23.806301309074772	26.179831373419127	0.0
248.0	26.316212835242137	23.72275832609847	23.673940358867533	26.28708847979186	0.0
249.0	26.286533730164237	23.774627416281348	23.71721082982223	26.22162802373219	0.0
