# Position (bp)	A	C	G	T	N
0.0	26.162752782010163	23.95937701943998	24.042377855376973	25.835492343172884	0.0
1.0	25.952582808155427	24.089510472926907	23.96115560878149	25.99675111013618	0.0
2.0	25.944556756404253	24.036472073845278	23.97214795141009	26.046823218340375	0.0
3.0	25.97682070130717	24.02347570916205	23.966861309541454	26.032842279989328	0.0
4.0	25.955764226051798	24.09818183973869	23.904331691238802	26.04172224297071	0.0
5.0	26.128232943868447	23.966910304517675	23.87295264178122	26.031904109832656	0.0
6.0	26.04149377593361	23.976585655008893	24.017190278601067	25.964730290456433	0.0
7.0	25.964222842612518	23.966131431856844	23.879000183746168	26.190645541784473	0.0
8.0	26.052347704453588	23.978176602377932	23.853412202610272	26.11606349055821	0.0
9.0	26.114464704296058	23.902871248692396	23.981401634024696	26.001262412986854	0.0
10.0	25.99767084196396	24.025591105342542	23.989735110131242	25.987002942562253	0.0
11.0	25.922995546152	24.008403934084235	24.04692690414596	26.021673615617807	0.0
12.0	26.024933251546106	23.94024791012887	23.9624727005491	26.07234613777592	0.0
13.0	26.019599301845247	23.954175445458883	24.036259004744252	25.989966247951614	0.0
14.0	26.204213227602597	23.87742583587437	23.85283040114265	26.065530535380383	0.0
15.0	25.942849692260733	23.914170822702474	23.941136901745683	26.201842583291107	0.0
16.0	26.060196585679527	23.93550662150589	23.95536076761463	26.048936025199946	0.0
17.0	26.035897481486746	24.04218561552298	23.867054267011596	26.054862635978676	0.0
18.0	25.94107170902712	24.099377409537695	23.966324997555272	25.993225883879916	0.0
19.0	26.123314990472974	23.908836873001622	23.943507546057173	26.02434059046823	0.0
20.0	26.030705588464514	23.96203435635907	23.99314887854372	26.0141111766327	0.0
21.0	25.912766732945535	23.979517754539014	23.87076509128408	26.236950421231363	0.0
22.0	26.00966624489203	23.892100763639274	24.03730186716766	26.060931124301035	0.0
23.0	25.997813093583595	24.018633153856868	23.90336125738229	26.08019249517725	0.0
24.0	26.14064356685029	23.91551073747344	23.90958416181922	26.034261533857045	0.0
25.0	26.177684664689167	23.95432980800858	24.030486305165308	25.837499222136945	0.0
26.0	25.974699448532135	24.066638416656048	23.952848164095027	26.00581397071679	0.0
27.0	25.965513256268096	24.014188222116204	23.958478410966535	26.06182011064917	0.0
28.0	25.999887395062572	23.99314887854372	23.9709242198404	26.03603950655331	0.0
29.0	25.983589312013468	24.07375030744111	23.91225112086362	26.030409259681804	0.0
30.0	26.13175370336896	23.960256383662802	23.852985364321423	26.055004548646814	0.0
31.0	26.06152378186646	23.97122054862311	24.012706578202646	25.95454909130779	0.0
32.0	25.980033366620937	23.948995889919782	23.91225112086362	26.15871962259566	0.0
33.0	26.048781644209885	23.97477649401564	23.848540432580755	26.127901429193717	0.0
34.0	26.124345483801186	23.9116584632982	23.976258137929197	25.98773791497142	0.0
35.0	26.013814847849986	23.9925562209783	24.000557098111496	25.993071833060217	0.0
36.0	25.92313824034042	24.012410249419936	24.02189277046669	26.042558739772954	0.0
37.0	26.02981660211638	23.940995012786587	23.961441698793646	26.06774668630339	0.0
38.0	26.031298246029934	23.946328930875385	24.021300112901265	26.001072710193412	0.0
39.0	26.186278199387786	23.883210900157945	23.8497257477116	26.08078515274267	0.0
40.0	25.93410240530073	23.896249366597228	23.955515123139428	26.214133104962617	0.0
41.0	26.052041260819703	23.932401478087968	23.968553589578708	26.047003671513618	0.0
42.0	26.032187232378067	24.047673374562546	23.876987995721013	26.043151397338377	0.0
43.0	25.936176706779708	24.103975843277635	23.97122054862311	25.98862690131955	0.0
44.0	26.129975730672694	23.9063245452094	23.948699561137072	26.01500016298083	0.0
45.0	26.053072170447305	23.951224571437038	23.967522557894895	26.028180700220766	0.0
46.0	25.917354392307352	23.964855614656337	23.88484731749959	26.232942675536723	0.0
47.0	26.013068021868936	23.88692160668514	24.04960514423718	26.050405227208746	0.0
48.0	26.013068021868936	24.011378957817847	23.89284814721527	26.08270487309795	0.0
49.0	26.123301675729333	23.929000044449054	23.920999214733378	26.02669906508823	0.0
50.0	26.189975256693288	23.94352006874787	24.033307157779323	25.833197516779517	0.0
51.0	25.960321811150788	24.044271257760062	23.972560117345505	26.022846813743648	0.0
52.0	25.9564695598062	24.02352836590461	23.96189234439127	26.058109729897915	0.0
53.0	26.008919443497845	23.997747914598552	23.963966633576817	26.029366008326786	0.0
54.0	25.976916124635146	24.091683582001096	23.899663668824918	26.031736624538844	0.0
55.0	26.138710681107668	23.97344909842502	23.859066866193533	26.028773354273778	0.0
56.0	26.057220748818395	23.94677966603944	24.024713674010638	25.971285911131524	0.0
57.0	25.98284266516528	23.94855762819848	23.88692160668514	26.181678099951107	0.0
58.0	26.05129420828827	23.97878298490214	23.861141155379077	26.10878165143052	0.0
59.0	26.12715392707392	23.912998385017705	23.97878298490214	25.98106470300624	0.0
60.0	26.00506719215326	23.99626627946602	23.988265449750344	26.010401078630373	0.0
61.0	25.927725838235077	24.00041485783711	24.03715940912391	26.034699894803904	0.0
62.0	26.033218259671376	23.93848250929726	23.97048582815996	26.05781340287141	0.0
63.0	26.043589705599103	23.9586327470997	24.015231209162433	25.982546338138768	0.0
64.0	26.17456625131495	23.906479190434563	23.864400752670647	26.05455380557984	0.0
65.0	25.937800957136297	23.891366512082733	23.96100336331175	26.209829167469216	0.0
66.0	26.044775013705124	23.929296371475562	23.97048582815996	26.055442786659356	0.0
67.0	26.035588875883427	24.02797327130221	23.887217933711643	26.049219919102722	0.0
68.0	25.952024654408607	24.075978249596254	23.986783814617812	25.985213281377327	0.0
69.0	26.147007837849852	23.89344080126828	23.95329886062258	26.006252500259286	0.0
70.0	26.03543457582519	23.962935635188032	23.98871593370611	26.01291385528067	0.0
71.0	25.931128080671588	23.96708418897255	23.877297632064764	26.224490098291092	0.0
72.0	25.99809759176453	23.89715142517639	24.061908275475822	26.042842707583258	0.0
73.0	25.994541688520655	24.034646350606135	23.88678004071509	26.084031920158118	0.0
74.0	26.13292558976137	23.91048606234091	23.931821481804146	26.024766866093575	0.0
75.0	26.177670705580102	23.95937973194416	24.036127976957747	25.82682158551799	0.0
76.0	25.960760607703865	24.065167853449374	23.965602562620937	26.008468976225824	0.0
77.0	25.970539341624516	24.015977858575802	23.97241804383836	26.041064755961322	0.0
78.0	25.988022532573556	24.001457920329987	23.97360334491965	26.03691620217681	0.0
79.0	25.982688677707742	24.08976285088616	23.901299978960903	26.026248492445188	0.0
80.0	26.14803817854783	23.955823828700286	23.88529841436348	26.010839578388406	0.0
81.0	26.07010463245295	23.951082624375125	24.029312495740324	25.9495002474316	0.0
82.0	25.96550181202903	23.966491538431907	23.902188954771873	26.165817694767192	0.0
83.0	26.03661987690648	23.977159248163524	23.86900052449573	26.117220350434266	0.0
84.0	26.131147638139435	23.922042747883495	23.984567379921593	25.962242234055477	0.0
85.0	26.009654277307114	23.994938764382887	23.99967996870805	25.99572698960195	0.0
86.0	25.915422841344487	23.99256816222031	24.054500143717757	26.03750885271745	0.0
87.0	26.040175780150353	23.94189654099512	23.974195995460295	26.043731683394228	0.0
88.0	26.034249274743903	23.965602562620937	24.009755027899025	25.990393134736138	0.0
89.0	26.193968595447853	23.88648371544477	23.85833281476411	26.061214874343268	0.0
90.0	25.937054586078045	23.89833672625768	23.959083406673837	26.20552528099044	0.0
91.0	26.03869415379874	23.923820699505434	23.99256816222031	26.04491698447552	0.0
92.0	26.04402800866455	24.027238218848066	23.902485280042196	26.026248492445188	0.0
93.0	25.941203139862562	24.081762068587448	23.972714369108683	26.004320422441307	0.0
94.0	26.130258662328465	23.905744858015744	23.956120153970613	26.00787632568518	0.0
95.0	26.039725130308266	23.943828914655864	24.009612734799344	26.006833220236526	0.0
96.0	25.907268519478826	23.96960906038777	23.898491416989412	26.224631003143994	0.0
97.0	25.991128073986054	23.904714210786768	24.06502523194723	26.039132483279946	0.0
98.0	25.989350132901095	24.026206851592296	23.903825240244288	26.080617775262322	0.0
99.0	26.114398655876542	23.91834509243812	23.926642150834596	26.040614100850746	0.0
100.0	26.18136777007666	23.95360759062314	24.01790979319582	25.847114846104386	0.0
101.0	25.96090307554175	24.054357585437476	23.968720089845288	26.016019249175482	0.0
102.0	25.9546802817444	24.027095822134775	23.974350236614324	26.0438736595065	0.0
103.0	26.006833220236526	23.9870921477232	23.971090677958568	26.03498395408171	0.0
104.0	26.004758955637406	24.073025966829544	23.908566416470848	26.0136486610622	0.0
105.0	26.15973615354299	23.9509406789957	23.878341418026544	26.010981749434762	0.0
106.0	26.0438736595065	23.961312001991296	24.03361493944629	25.96119939905591	0.0
107.0	25.963569987169194	23.945606855740824	23.928123768405392	26.16269938868459	0.0
108.0	26.046244247619782	23.973757589586008	23.865006859889355	26.114991302904862	0.0
109.0	26.1478832129766	23.903528916730128	23.991833323949756	25.956754546343515	0.0
110.0	26.02639057217107	23.975535530670967	24.01790979319582	25.98016410396214	0.0
111.0	25.922973665729298	23.98383258906744	24.05228332083836	26.040910424364906	0.0
112.0	26.040910424364906	23.9539039141373	23.968127442816968	26.037058218680826	0.0
113.0	26.03468763056755	23.961904649019612	24.013168616969264	25.990239103443574	0.0
114.0	26.199739827954566	23.877452447484064	23.869748036115908	26.053059688445458	0.0
115.0	25.94964278200368	23.879526712083184	23.971979648501048	26.198850857412086	0.0
116.0	26.040910424364906	23.924864209749636	24.010205381827664	26.024019984057794	0.0
117.0	26.041503071393223	24.01257596994094	23.913603916211564	26.032317042454267	0.0
118.0	25.93245601818241	24.08576787793842	23.99657450017631	25.985201603702855	0.0
119.0	26.149068507033242	23.894046564277016	23.961904649019612	25.99498027967013	0.0
120.0	26.042546382312935	23.943674492617056	23.990197560057723	26.023581565012282	0.0
121.0	25.9299427795903	23.955231178159643	23.87996455949767	26.234861482752386	0.0
122.0	26.00372777190066	23.915227266666076	24.05746339642098	26.023581565012282	0.0
123.0	26.0081726509555	24.01657050911645	23.90604118328607	26.06921565664198	0.0
124.0	26.103293062729094	23.925006000586723	23.940711239913828	26.03098969677035	0.0
125.0	26.182411909905262	23.952860575997057	24.03109044736226	25.833637066735417	0.0
126.0	25.97320626905742	24.049166288851946	23.972121718568037	26.0055057235226	0.0
127.0	25.96609446256967	24.024867616685484	23.986049006273205	26.02298891447164	0.0
128.0	26.003431446630337	23.96678786370223	23.97567762181191	26.05410306785552	0.0
129.0	25.985651930410974	24.062797251286796	23.92678395220866	26.024766866093575	0.0
130.0	26.175596428687843	23.941303890454474	23.878779258416376	26.004320422441307	0.0
131.0	26.05951414364706	23.96330296978066	24.046570617484427	25.93061226908785	0.0
132.0	25.974764865201234	23.96211766518701	23.91411282914427	26.14900464046748	0.0
133.0	26.022177048947153	24.00034373833216	23.852476990274578	26.125002222446113	0.0
134.0	26.131521397711175	23.919743025964095	24.005677609003573	25.943057967321153	0.0
135.0	26.036400704070928	23.9692294927489	24.03027267932177	25.964097123858405	0.0
136.0	25.89683108816888	23.980786212536966	24.071462013951034	26.050920685343115	0.0
137.0	26.030474181102687	23.93692994257199	23.98849069239568	26.044105183929638	0.0
138.0	26.047661097710584	23.938411573314053	24.009826175081344	26.00410115389402	0.0
139.0	26.1987874334007	23.87262716836659	23.882109605115776	26.046475793116937	0.0
140.0	25.947799185695747	23.861663100875347	23.96952581889731	26.2210118945316	0.0
141.0	26.034919073328865	23.925076896635513	24.00212169522263	26.03788233481299	0.0
142.0	26.060106795943888	24.010418827378167	23.91440915529268	26.015065221385264	0.0
143.0	25.954614687109217	24.08420403833275	23.990564975434562	25.970616299123467	0.0
144.0	26.156786629724564	23.88277302831405	23.9678188849214	25.992621457039988	0.0
145.0	26.025075341593006	23.94277298548285	24.00766898889656	26.024482684027582	0.0
146.0	25.908321801204874	23.946032602092675	23.904546572513137	26.241099024189317	0.0
147.0	26.017074464459807	23.901879613468736	24.05271096386863	26.028334958202826	0.0
148.0	26.00285068288968	24.017744167508734	23.900990627120603	26.07841452248098	0.0
149.0	26.096052580890827	23.911503847852046	23.965436005938464	26.027007565318662	0.0
150.0	26.188804039577906	23.954175445458883	24.01877550294701	25.838245012016202	0.0
151.0	25.986706612023312	24.041000293367233	23.964547014321656	26.007746080287795	0.0
152.0	25.9686304491482	24.0146268754019	23.9820305161189	26.034712159331004	0.0
153.0	26.007746080287795	23.972844269411873	23.97076995563932	26.048639694661013	0.0
154.0	25.99026257849055	24.065892058637885	23.929580010727168	26.014265352144395	0.0
155.0	26.167171910235552	23.92780202749355	23.897279981983104	26.007746080287795	0.0
156.0	26.05434718188822	23.951579446452914	24.04462751140876	25.949445860250105	0.0
157.0	25.965151425354115	23.949505126533516	23.93113257867599	26.15421086943638	0.0
158.0	26.050791204883545	23.98387957091211	23.846085461980678	26.11924376222367	0.0
159.0	26.155099863687546	23.89853612279974	24.00254845018669	25.943815563326023	0.0
160.0	26.03478930836247	23.96995199431044	24.03899721448468	25.956261482842415	0.0
161.0	25.8952172109287	23.97172998281278	24.073667990280327	26.05938481597819	0.0
162.0	26.046938896461803	23.932910567178332	23.97321163989806	26.046938896461803	0.0
163.0	26.05582883897351	23.930539915841877	24.006697090025483	26.00693415515913	0.0
164.0	26.201623896165472	23.856753392994726	23.900610442719135	26.041012268120667	0.0
165.0	25.96189177976649	23.85734605582884	23.96787767439104	26.212884490013632	0.0
166.0	26.045457239376518	23.917797664908434	24.01943934095893	26.01730575475612	0.0
167.0	26.0599774788123	24.001066793101405	23.917205002074322	26.021750726011973	0.0
168.0	25.947667871747765	24.07070467610976	23.990991524921473	25.990635927221007	0.0
169.0	26.156955363466377	23.8858646531875	23.975653338627804	25.981526644718322	0.0
170.0	26.032353751737258	23.9464583635841	24.01194818895444	26.009239695724197	0.0
171.0	25.91382013115745	23.948829035995697	23.908231270947113	26.22911956189974	0.0
172.0	26.005387353055355	23.908231270947113	24.055509294517524	26.030872081480013	0.0
173.0	26.015462710804638	24.016096865674736	23.91000927525581	26.058431148264816	0.0
174.0	26.08495947607829	23.91904105732616	23.956083033293325	26.039916433302217	0.0
175.0	26.165562815782845	23.967047458179607	24.026610955534814	25.84077877050273	0.0
176.0	25.972944540753584	24.032537671689557	23.977419211450414	26.017098576106445	0.0
177.0	25.96346179490599	24.00438576995451	23.9836422634129	26.0485101717266	0.0
178.0	26.015024225452283	23.949563645523106	23.96586211494866	26.069550014075947	0.0
179.0	26.021247277414766	24.040538738498466	23.938006549021352	26.000207435065413	0.0
180.0	26.16734083062927	23.91281800536368	23.893259842053013	26.02658132195404	0.0
181.0	26.02902914174969	23.952597983725187	24.052167110183905	25.966205764341215	0.0
182.0	25.963242397482322	23.956154023955857	23.935410455943625	26.145193122618192	0.0
183.0	26.021620724602464	23.982824325685872	23.87199440516337	26.123560544548297	0.0
184.0	26.15349054982309	23.901035400380497	23.987862049345985	25.957612000450432	0.0
185.0	26.040289935813476	23.96830382807731	24.033794235658785	25.957612000450432	0.0
186.0	25.896270306471404	23.974526898480978	24.06342790424769	26.06577489079993	0.0
187.0	26.06251518725515	23.91229619444428	23.970378184878534	26.054810433422038	0.0
188.0	26.06577489079993	23.914370551245504	24.015125024447777	26.004729533506787	0.0
189.0	26.20475679648189	23.843249746632132	23.897479360149827	26.05451409673615	0.0
190.0	25.96709477439888	23.86014093772781	23.963562441103083	26.209201846770224	0.0
191.0	26.052143403249033	23.9090364908995	24.01334700433244	26.02547310151902	0.0
192.0	26.07999905172261	23.99912284340977	23.913777877873724	26.007100226993902	0.0
193.0	25.95227794010443	24.074688698311473	23.996159476550876	25.976873885033218	0.0
194.0	26.164532542309594	23.868509096081528	23.975190619138072	25.991767742470806	0.0
195.0	26.03992876002738	23.944809764973286	24.010597094096624	26.00466438090271	0.0
196.0	25.923171067799473	23.953107265943796	23.89028333002421	26.233438336232517	0.0
197.0	26.030445901775366	23.894728419829843	24.046750491182422	26.02807518721237	0.0
198.0	26.019777686241852	24.019487273707888	23.898284491674346	26.062450548375914	0.0
199.0	26.094906193232166	23.9156139149916	23.950878503121952	26.038601388654286	0.0
200.0	26.176851475935482	23.962281484203444	24.040219649307893	25.82064739055318	0.0
201.0	25.984690657033376	24.036794580385905	23.962411206699837	26.016103555880882	0.0
202.0	25.97952198201135	23.99632521819017	23.97765495576926	26.046497844029222	0.0
203.0	26.037193450396384	23.958212936208046	23.954656590353412	26.04993702304216	0.0
204.0	26.019862309326868	24.025925914949482	23.9420549280873	26.012156847636348	0.0
205.0	26.198569747764676	23.895229430121837	23.893747610565967	26.012453211547527	0.0
206.0	26.053286704996744	23.938118665165074	24.06199988145338	25.946594748384804	0.0
207.0	25.96674767352261	23.945231462272538	23.938118665165074	26.149902199039772	0.0
208.0	26.026922256205985	23.990563577305167	23.874386513976813	26.10812765251203	0.0
209.0	26.161925705513106	23.89260670867243	23.986852946232226	25.958614639582233	0.0
210.0	26.047229812633738	23.95514116189607	24.02152844873064	25.97610057673955	0.0
211.0	25.922457278002693	23.96640329091265	24.06628059298073	26.04485883810393	0.0
212.0	26.06530849342351	23.90386883768901	23.97173798360471	26.05908468528277	0.0
213.0	26.076441578148714	23.91525986342944	24.007729514415782	26.00056904400607	0.0
214.0	26.18373008345979	23.858948216995447	23.90518304248862	26.052138657056144	0.0
215.0	25.976123720384344	23.855236717782137	23.97200998203944	26.196629579794077	0.0
216.0	26.06520450503853	23.911973918197983	24.00592768227623	26.016893894487254	0.0
217.0	26.07943094250148	24.01363366923533	23.911973918197983	25.994961470065203	0.0
218.0	25.931392598652035	24.061494140451337	24.012886857657723	25.99422640323891	0.0
219.0	26.156723385210896	23.882251472301178	23.962572281318447	25.998452861169486	0.0
220.0	26.027510944210462	23.952779103300898	24.004351009060652	26.01535894342799	0.0
221.0	25.934894528899704	23.953513875592414	23.901941664122635	26.209649931385247	0.0
222.0	26.022780825693786	23.905936470957855	24.042277608339337	26.029005095009026	0.0
223.0	25.99669817332515	24.014416593309207	23.914828284265344	26.0740569491003	0.0
224.0	26.09069379358996	23.92338541157222	23.96013954715348	26.025781247684343	0.0
225.0	26.176664996902538	23.963091296576785	24.03245072960788	25.827792976912793	0.0
226.0	25.95895912808155	24.03763216162622	23.98546407367557	26.01794463661666	0.0
227.0	25.963855600247797	23.986199087645872	23.99953759829741	26.050407713808916	0.0
228.0	26.02343428115802	23.94381226490875	23.97286057699433	26.0598928769389	0.0
229.0	26.009811331940185	24.051991166837105	23.942317667807863	25.995879833414847	0.0
230.0	26.19344741420962	23.890883114034438	23.89295803037085	26.022711441385095	0.0
231.0	26.06102643451248	23.933045215525162	24.057540564734616	25.948387785227737	0.0
232.0	25.97344083471662	23.941783258240456	23.918958975575052	26.165816931467866	0.0
233.0	26.034361123791346	23.97482792760213	23.882344571641994	26.10846637696453	0.0
234.0	26.155300896969987	23.87849109847699	24.00802708102372	25.958180923529305	0.0
235.0	26.04251888213045	23.954220467399423	24.03040111929238	25.972859531177743	0.0
236.0	25.906164407925157	23.977637866230335	24.084350063434474	26.031847662410033	0.0
237.0	26.053937406996802	23.914048744049275	23.978669291011816	26.053344557942104	0.0
238.0	26.07270215711326	23.93752464065404	23.998292569416243	25.99148063281646	0.0
239.0	26.188027093924614	23.864293230965334	23.912908150409816	26.034771524700233	0.0
240.0	25.98395086248551	23.85463880547461	23.969360198494687	26.192050133545187	0.0
241.0	26.062106277328983	23.923515897131846	24.01719410064478	25.99718372489439	0.0
242.0	26.101676825652824	23.997047174062565	23.919372435547757	25.981903564736854	0.0
243.0	25.938059604141216	24.07528195154347	24.031403057291605	25.95525538702371	0.0
244.0	26.147131725945517	23.894377305233697	23.96998304059583	25.98850792822496	0.0
245.0	26.039050570043436	23.93589420468192	24.023661621028598	26.001393604246044	0.0
246.0	25.917678072097665	23.952887731773203	23.929462069701724	26.199972126427408	0.0
247.0	26.012110931865628	23.921462801290566	24.062322072499526	26.00410419434428	0.0
248.0	26.005854075165853	24.02810193326829	23.92252692014555	26.043517071420307	0.0
249.0	26.104324771572703	23.91302413722542	23.973522896111174	26.009128195090703	0.0
