# Position (bp)	A	C	G	T	N
0.0	26.15380756496438	23.7968629811712	23.858176426652395	26.19115302721202	0.0
1.0	26.321583447599302	23.842848065282098	23.598430375795683	26.23713811132292	0.0
2.0	26.12328160139562	23.797713167817143	23.750337897151073	26.32866733363616	0.0
3.0	26.300521657712284	23.72985264284281	23.676070624428743	26.29355507501616	0.0
4.0	26.34614741582051	23.828286093246692	23.642428025278928	26.183138465653876	0.0
5.0	26.20954259729838	23.79380098970175	23.743647184699746	26.253009228300122	0.0
6.0	26.22176156563799	23.80247862962096	23.75121200976295	26.224547794978097	0.0
7.0	26.301316431009266	23.737828237096885	23.79132130667967	26.16953402521418	0.0
8.0	26.31141991904007	23.828853049091357	23.7285585733668	26.13116845850177	0.0
9.0	26.183902986675434	23.756062636330967	23.731268856505302	26.3287655204883	0.0
10.0	26.178000261855217	23.665304462402883	23.82910325731175	26.327592018430153	0.0
11.0	26.22779111811866	23.69922390787179	23.803129996824318	26.26985497718523	0.0
12.0	26.194920022954054	23.67359559638752	23.79783719336561	26.333647187292815	0.0
13.0	26.27737632946866	23.732930708845668	23.765244666804094	26.22444829488158	0.0
14.0	26.209405590314727	23.76886605864426	23.733487846051847	26.28824050498916	0.0
15.0	26.074021249213043	23.852715208174317	23.84714383611252	26.226119706500118	0.0
16.0	26.266512153948153	23.860515129060833	23.77193031327825	26.10104240371276	0.0
17.0	26.114692265264168	23.852436639571227	23.718166572881906	26.3147045222827	0.0
18.0	26.254533704015287	23.744909158778533	23.68306692889258	26.3174902083136	0.0
19.0	26.338104284942254	23.812044192123196	23.7677517842319	26.082099738702652	0.0
20.0	26.226046648968328	23.764342760997163	23.702222135556674	26.307388454477838	0.0
21.0	26.35279501029308	23.663779775418618	23.802227985481046	26.181197228807257	0.0
22.0	26.241367879458128	23.71559339125687	23.78272823758493	26.26031049170007	0.0
23.0	26.274796018708614	23.74456444527396	23.67213681023124	26.308502725786187	0.0
24.0	26.237189362051822	23.734257435671722	23.769356981884734	26.259196220391722	0.0
25.0	26.1449834112859	23.79526378980386	23.860448661342307	26.199304137567935	0.0
26.0	26.312681243192497	23.845684566506677	23.614473270024153	26.22716092027667	0.0
27.0	26.12019087467512	23.80250655330813	23.77102838884726	26.306274183169485	0.0
28.0	26.302374233590264	23.74317160613852	23.66879399630619	26.285660163965023	0.0
29.0	26.336080940667838	23.825627682956384	23.65068708754551	26.18760428883027	0.0
30.0	26.20431835845551	23.79832803590182	23.744007309619782	26.25334629602289	0.0
31.0	26.219639588945316	23.800278010691432	23.75709999749289	26.222982402870365	0.0
32.0	26.30070282662774	23.739550224386385	23.794149518495512	26.16559743049036	0.0
33.0	26.31379551450085	23.825906250783472	23.72617896868619	26.134119266029487	0.0
34.0	26.175904440092594	23.76016424359085	23.727014672167453	26.3369166441491	0.0
35.0	26.180082957498907	23.662944071937357	23.83259187863357	26.32438109193017	0.0
36.0	26.23321633517188	23.69491336564711	23.79603320519249	26.275837093988525	0.0
37.0	26.198952587887902	23.666499526436013	23.794361802885955	26.34018608279013	0.0
38.0	26.281408435010306	23.726670009471277	23.77068360354337	26.22123795197504	0.0
39.0	26.210652404033652	23.754526714580198	23.726948576522368	26.307872304863782	0.0
40.0	26.059669062343303	23.84366817092874	23.859825059891914	26.236837706836035	0.0
41.0	26.27360855757981	23.85871079168756	23.77904061507605	26.088640035656585	0.0
42.0	26.12123238063402	23.846175274388546	23.722212936653854	26.31037940832358	0.0
43.0	26.264137277842774	23.74700540420079	23.683492116552454	26.30536520140398	0.0
44.0	26.337678979330327	23.814140063513285	23.76761936598139	26.080561591174995	0.0
45.0	26.225900535125813	23.76142469935735	23.70404004668771	26.308634718829133	0.0
46.0	26.361840877372337	23.658076611296977	23.80320964062165	26.176872870709033	0.0
47.0	26.246514439482873	23.707104275713757	23.79039559196726	26.25598569283611	0.0
48.0	26.27520676581769	23.742482192650865	23.669497828575885	26.31281321295556	0.0
49.0	26.232307559453005	23.738303698524437	23.772845916636257	26.256542825386305	0.0
50.0	26.151523339675357	23.797081182569553	23.861987124666765	26.18940835308832	0.0
51.0	26.310584682754794	23.85641579916486	23.60514901902886	26.22785049905148	0.0
52.0	26.123109579615633	23.805159604547317	23.769503121335113	26.30222769450194	0.0
53.0	26.30752045372875	23.73496090322329	23.672562057601933	26.28495658544603	0.0
54.0	26.33676991261376	23.835244762257613	23.639134104590493	26.188851220538133	0.0
55.0	26.20222240174271	23.789838459417073	23.753067711104485	26.254871427735733	0.0
56.0	26.224786270025437	23.80571673709751	23.749167783253153	26.220329209623905	0.0
57.0	26.297770634100416	23.74805351815277	23.790952724517453	26.16322312322936	0.0
58.0	26.323955863959377	23.820759315952657	23.72353968594438	26.131745134143593	0.0
59.0	26.17408720795808	23.753346277379585	23.73523946949839	26.33732704516395	0.0
60.0	26.17937996718489	23.65612664737131	23.83050913558099	26.33398424986281	0.0
61.0	26.237248664278432	23.695059919438858	23.808714643074026	26.258976773208687	0.0
62.0	26.200199452897362	23.666089107531853	23.79701489211158	26.336696547459205	0.0
63.0	26.277919227147876	23.729602041327976	23.775008217682224	26.217470513841917	0.0
64.0	26.208556417870533	23.75077301926002	23.73517335131009	26.305497211559352	0.0
65.0	26.068995102818526	23.84242106846583	23.84910664044437	26.239477188271277	0.0
66.0	26.273740744661296	23.85607077792201	23.782250920658974	26.087937556757723	0.0
67.0	26.1205297201531	23.83768545498103	23.73015917232619	26.311625652539682	0.0
68.0	26.262319559197955	23.74269461978595	23.69171713344959	26.303268687566504	0.0
69.0	26.334468023466357	23.81038603606866	23.76776551470547	26.08738042575951	0.0
70.0	26.22770437597324	23.757670976062933	23.70808645534747	26.30653819261636	0.0
71.0	26.35779410167055	23.654323463785193	23.814498179579534	26.17338425496472	0.0
72.0	26.23996122379054	23.70362941977754	23.794720084237973	26.26168927219395	0.0
73.0	26.276174637796217	23.744578434076267	23.679951418312285	26.29929550981523	0.0
74.0	26.23271854098941	23.738728574890732	23.77048495332648	26.258067930793384	0.0
75.0	26.14942768877635	23.786920271990596	23.86380413557188	26.199847903661176	0.0
76.0	26.31628795792558	23.85071159358521	23.603067554731002	26.2299328937582	0.0
77.0	26.124078298972375	23.80641980260904	23.771599212218963	26.297902686199627	0.0
78.0	26.301802592323316	23.730093068473995	23.68078711248165	26.28731722672104	0.0
79.0	26.33105188825098	23.836504792706062	23.650980687107744	26.181462631935215	0.0
80.0	26.204583503954225	23.791377307560523	23.75962092912478	26.24441825936047	0.0
81.0	26.222968775680183	23.805026978993435	23.749314034369316	26.22269021095707	0.0
82.0	26.288152920890408	23.74179278684506	23.7991771198079	26.170877172456635	0.0
83.0	26.328544805742894	23.81310535596393	23.72842168013527	26.129928158157906	0.0
84.0	26.182576890827697	23.753492505216126	23.726193162350306	26.337737441605867	0.0
85.0	26.18229832610458	23.65293064016959	23.8261978979506	26.338573135775235	0.0
86.0	26.237102489247434	23.699942058698994	23.80913912597776	26.253816326075814	0.0
87.0	26.201724867960692	23.660943106099435	23.78741113810086	26.349920887839012	0.0
88.0	26.270530162904198	23.728912709201524	23.78128273126379	26.219274396630492	0.0
89.0	26.198382100595012	23.767075969959663	23.74144808682281	26.29309384262251	0.0
90.0	26.070799812805028	23.84563100305306	23.84535243910592	26.23821674503599	0.0
91.0	26.273315802375592	23.848138078577318	23.782396987052348	26.09614913199474	0.0
92.0	26.12623403828583	23.842288235687384	23.724177122100148	26.307300603926638	0.0
93.0	26.274151494217012	23.74284090655851	23.682949657923473	26.300057941301002	0.0
94.0	26.340728277583402	23.80830343413634	23.766518842065384	26.084449446214876	0.0
95.0	26.227001128180845	23.75363873142332	23.712968508433498	26.306391631962338	0.0
96.0	26.359597197654498	23.65447024248924	23.819101076646657	26.166831483209606	0.0
97.0	26.23981503405435	23.71101856623536	23.797930275638258	26.251236124072037	0.0
98.0	26.26572140897252	23.744724709946098	23.694861902307895	26.29469197877349	0.0
99.0	26.23173670209062	23.735810688468877	23.78121648536847	26.251236124072037	0.0
100.0	26.154853266849592	23.78595205927824	23.86311405769043	26.19608061618173	0.0
101.0	26.32059835369166	23.842778946195523	23.605164561193366	26.231458138919457	0.0
102.0	26.125604133877463	23.800437344178725	23.770073958521944	26.30388456342187	0.0
103.0	26.29775617365628	23.728289482847472	23.686226444001836	26.287727899494406	0.0
104.0	26.34539047592518	23.82383665055643	23.64137777344457	26.18939510007382	0.0
105.0	26.213630095965012	23.78483780659359	23.756981489477276	26.244550607964122	0.0
106.0	26.222544117442233	23.810465618340597	23.740824825549815	26.226165438667355	0.0
107.0	26.280485257044166	23.74500327311726	23.79960165466524	26.174909815173336	0.0
108.0	26.326448180286082	23.811858434196413	23.728010919676308	26.13368246584119	0.0
109.0	26.18020251542544	23.75558867362146	23.72968229870329	26.334526512249816	0.0
110.0	26.190509352758472	23.65697731102971	23.829686477150855	26.322826859060967	0.0
111.0	26.243641813329766	23.69089602380037	23.804549481038258	26.260912681831606	0.0
112.0	26.20464307800304	23.66303978428128	23.79535692199696	26.33696021571872	0.0
113.0	26.275397926381533	23.717080888948317	23.797028296368104	26.21049288830205	0.0
114.0	26.206314452374187	23.75635818667023	23.74103725493473	26.296290106020848	0.0
115.0	26.070654565916218	23.83853409325155	23.8491194642688	26.241691876563433	0.0
116.0	26.28124773668054	23.847448089897654	23.785607238165277	26.08569693525653	0.0
117.0	26.11076755082371	23.83630559409002	23.733516070264578	26.319410784821688	0.0
118.0	26.27261230242962	23.73630169421649	23.685881900686933	26.305204102666956	0.0
119.0	26.344759962784064	23.79535692199696	23.772793367986495	26.087089747232483	0.0
120.0	26.22672256500968	23.760602810702398	23.703775923785116	26.30889870050281	0.0
121.0	26.358204381798682	23.649734668579466	23.82188670835829	26.17017424126356	0.0
122.0	26.24260066576598	23.712132818920008	23.793194701728485	26.252071813585527	0.0
123.0	26.263771466774376	23.730239425045614	23.699040349875343	26.306948758304667	0.0
124.0	26.23480089697341	23.736924941153532	23.787066311962896	26.241207849910165	0.0
125.0	26.161538782957507	23.787066311962896	23.857542794267168	26.193852110812433	0.0
126.0	26.32310542223213	23.83720768277226	23.60906444558965	26.230622449405967	0.0
127.0	26.137860913408637	23.790409070016853	23.77258102706241	26.299148989512094	0.0
128.0	26.300820368539075	23.719932587712577	23.69458333913673	26.284663704611617	0.0
129.0	26.34789754446565	23.826622282268062	23.64304915247155	26.182431020794738	0.0
130.0	26.218922796217115	23.775366658774043	23.759767121188908	26.245943423819934	0.0
131.0	26.234522333802246	23.80238728637687	23.752245915567503	26.21084446425338	0.0
132.0	26.27547111996323	23.742496204576792	23.804337228575008	26.177695446884968	0.0
133.0	26.32143404320515	23.80935136565595	23.73358218309957	26.135632408039335	0.0
134.0	26.178882624295234	23.755376284179796	23.741169522875673	26.324571568649297	0.0
135.0	26.192532257705082	23.654814699262364	23.831981369643216	26.320671673389345	0.0
136.0	26.23021145848132	23.688865489452144	23.81728382681074	26.26363922525579	0.0
137.0	26.213219010370963	23.660730452416967	23.800012813977265	26.32603772323481	0.0
138.0	26.277010331965577	23.702236596161935	23.80335559065471	26.217397481217773	0.0
139.0	26.208761974801035	23.749871163815556	23.74597125769187	26.29539560369154	0.0
140.0	26.078393684380597	23.829819239351167	23.848483075800246	26.243304000467987	0.0
141.0	26.279517414473663	23.842354651891593	23.78747740143684	26.090650532197902	0.0
142.0	26.11265714532443	23.833997710197977	23.73204302153584	26.321302122941752	0.0
143.0	26.27756746141182	23.72285038567286	23.6949939133608	26.304588239554523	0.0
144.0	26.348117732922542	23.790886451131254	23.77974383116702	26.08125198477918	0.0
145.0	26.24122168025606	23.7522320122792	23.709332805914517	26.29721350155022	0.0
146.0	26.345405467141713	23.654733815995833	23.836916159908185	26.162944556954265	0.0
147.0	26.24157334670455	23.71524876037662	23.80689732018497	26.236280572733854	0.0
148.0	26.26950322999396	23.725900400859103	23.708629195579686	26.29596717356726	0.0
149.0	26.244710693383176	23.725900400859103	23.79192097587881	26.237467929878903	0.0
150.0	26.168940244415413	23.781056830622404	23.858498686552696	26.19150423840949	0.0
151.0	26.321873981486384	23.824513411648034	23.6155875413325	26.238025065533083	0.0
152.0	26.143590572150462	23.78607105150998	23.769356981884734	26.30098139445483	0.0
153.0	26.306831318823665	23.71865763735483	23.697486482496192	26.277024561325312	0.0
154.0	26.345552246788813	23.824791979475123	23.645115731003763	26.18454004273231	0.0
155.0	26.212675393268132	23.783285373239103	23.76016424359085	26.243874989901915	0.0
156.0	26.22716092027667	23.80055657851852	23.759885675763766	26.212396825441044	0.0
157.0	26.27033893347522	23.73676454611551	23.81337069856454	26.179525821844727	0.0
158.0	26.32131684583221	23.825627682956384	23.733978867844638	26.11907660336677	0.0
159.0	26.184334416036638	23.75103766804651	23.736552100685838	26.328075815231017	0.0
160.0	26.17820590676866	23.650752970934153	23.835443954782747	26.335597167514447	0.0
161.0	26.235942692707333	23.680347208874107	23.817124774010594	26.26658532440797	0.0
162.0	26.21003574045134	23.64942600779437	23.809324831395884	26.331213420358406	0.0
163.0	26.280235223983713	23.700125634789973	23.809881970154077	26.20975717107224	0.0
164.0	26.207528616039465	23.751660969922863	23.748875276131898	26.29193513790577	0.0
165.0	26.089972338060658	23.827431841037168	23.851945946397677	26.230649874504497	0.0
166.0	26.278842377088225	23.844703142541164	23.79261066865008	26.08384381172053	0.0
167.0	26.12200781665678	23.829938965449042	23.73243968276519	26.31561353512899	0.0
168.0	26.26519247751249	23.731882544006996	23.702354189822746	26.30057078865777	0.0
169.0	26.337693884827956	23.792955517917633	23.781812711713318	26.087537885541096	0.0
170.0	26.236088864127026	23.756250435267077	23.70889337697611	26.29876732362978	0.0
171.0	26.348074378438607	23.64844348492235	23.83397172505049	26.169510411588547	0.0
172.0	26.237833380690525	23.715088000802286	23.802002373430945	26.245076245076245	0.0
173.0	26.271892315020906	23.731589841018682	23.69426112827427	26.30225671568614	0.0
174.0	26.24403506670418	23.726575536321672	23.80011867187783	26.229270725096317	0.0
175.0	26.173834800946032	23.780340025572954	23.861404618174625	26.18442055530639	0.0
176.0	26.319806782125678	23.833825942341065	23.61208224573993	26.234285029793327	0.0
177.0	26.150156139876817	23.778111445707616	23.76863998127993	26.30309243313564	0.0
178.0	26.315906767361337	23.706239745050464	23.702618302769288	26.27523518481891	0.0
179.0	26.35351405258891	23.816833020867865	23.641889501438826	26.187763425104393	0.0
180.0	26.20865636134194	23.77783287322445	23.766132828931426	26.247377936502186	0.0
181.0	26.22369927543297	23.799561526911496	23.769197126246265	26.207542071409268	0.0
182.0	26.262699423076384	23.736604145715695	23.82546876784605	26.175227663361866	0.0
183.0	26.317856774743504	23.820733035632205	23.736325573232527	26.125084616391764	0.0
184.0	26.17892203291622	23.74614176036014	23.741963161472203	26.33297304525144	0.0
185.0	26.1992578808375	23.647805399864055	23.819963674047003	26.33297304525144	0.0
186.0	26.23749550799368	23.67545010599742	23.816965715893485	26.270088670115417	0.0
187.0	26.207130938153778	23.65734279370757	23.810837087118458	26.324689181020194	0.0
188.0	26.284574519947295	23.698014602850925	23.808051346766174	26.209359530435606	0.0
189.0	26.214652437104945	23.751222243579566	23.742307874452255	26.291817444863234	0.0
190.0	26.082608344406648	23.82866582537308	23.860423265389127	26.22830256483114	0.0
191.0	26.274267280643844	23.8464945636277	23.796629811321807	26.082608344406648	0.0
192.0	26.118544394951126	23.82309434466851	23.742029300417027	26.31633195996334	0.0
193.0	26.272317262397245	23.727264876549917	23.704421805661184	26.29599605539166	0.0
194.0	26.34259130289439	23.79279605538067	23.779145889628662	26.085466752096277	0.0
195.0	26.24460608019077	23.744947335285218	23.710403962459154	26.300042622064858	0.0
196.0	26.356036315113563	23.644938699442015	23.832420069699612	26.166604915744813	0.0
197.0	26.239943393282967	23.70991286131354	23.800450179403178	26.24969356600031	0.0
198.0	26.27901729128304	23.722793460123075	23.697721517576824	26.300467731017058	0.0
199.0	26.239459337487848	23.72725069435352	23.79327347639198	26.240016491766653	0.0
200.0	26.173157978309984	23.787701933603923	23.855674755618207	26.183465332467886	0.0
201.0	26.323589633587492	23.83115996735076	23.61693414715002	26.22831625191174	0.0
202.0	26.146693150066717	23.775723116609605	23.77628027088841	26.301303462435264	0.0
203.0	26.30813589068572	23.70816096276796	23.712618221832212	26.27108492471411	0.0
204.0	26.352429902636747	23.811235078628837	23.649659437549623	26.186675581184794	0.0
205.0	26.216483501176995	23.774741270040252	23.766105330603263	26.24266989817949	0.0
206.0	26.22957669967824	23.793127463680303	23.76777680275236	26.2095190338891	0.0
207.0	26.2556308031747	23.737543980855964	23.8250181773609	26.181807038608433	0.0
208.0	26.31998283945699	23.804403239331073	23.741165524023366	26.13444839718857	0.0
209.0	26.181601395133747	23.744296053621277	23.742067405463533	26.332035145781447	0.0
210.0	26.189958825725284	23.65069283099604	23.82926326463525	26.33008507864342	0.0
211.0	26.23488345530573	23.68836725995303	23.814843395243496	26.261905889497744	0.0
212.0	26.208975348296892	23.662737734739984	23.81177899548976	26.316507921473363	0.0
213.0	26.291435559851905	23.69310315048153	23.80342154161594	26.212039748050625	0.0
214.0	26.217332802170713	23.745476528090794	23.74714801886556	26.290042650872934	0.0
215.0	26.093642484838185	23.814843395243496	23.864988118486412	26.22652600143191	0.0
216.0	26.277506470062207	23.84743746535139	23.79979997827062	26.075256086315786	0.0
217.0	26.12177924621338	23.820415031159374	23.738790564991742	26.319015157635512	0.0
218.0	26.274999233900058	23.732661765484274	23.70452500410908	26.287813996506582	0.0
219.0	26.342210831290398	23.782872743481168	23.780922665478048	26.09399375975039	0.0
220.0	26.25285896160843	23.74672316336963	23.712178828222722	26.288239046799216	0.0
221.0	26.35608164766253	23.64294330518697	23.8329382070833	26.168036840067195	0.0
222.0	26.24472080143527	23.70736246225164	23.802360177849096	26.24555655846399	0.0
223.0	26.29159643966514	23.72080065746403	23.696563636110376	26.291039266760457	0.0
224.0	26.245908261481244	23.73194411555766	23.786547060216463	26.235600562744633	0.0
225.0	26.179047512919446	23.78236826343135	23.849507598445488	26.189076625203718	0.0
226.0	26.324264390423284	23.834251742563115	23.62057533834419	26.220908528669412	0.0
227.0	26.151818896014532	23.779091471330588	23.769619505563387	26.299470127091496	0.0
228.0	26.305320458888882	23.716130757701546	23.707494553619686	26.271054229789893	0.0
229.0	26.351287351582652	23.81614357271405	23.6484340611889	26.184135014514393	0.0
230.0	26.218679830841836	23.774634075675436	23.760147539796186	26.246538553686545	0.0
231.0	26.228987558294374	23.791627896610706	23.765719284365126	26.213665260729783	0.0
232.0	26.265761072449394	23.74036784657644	23.827287061851937	26.16658401912223	0.0
233.0	26.332900594505144	23.80667160694685	23.736467625378182	26.12396017316982	0.0
234.0	26.19089407248303	23.71842553203344	23.747677272512	26.34300312297153	0.0
235.0	26.18671525241466	23.649892882912248	23.835711081952233	26.327680782720858	0.0
236.0	26.228019345204928	23.691468497180683	23.82407675678085	26.25643540083354	0.0
237.0	26.211861195925916	23.660823731306692	23.809590140185875	26.317724932581516	0.0
238.0	26.283531735529365	23.700170775398313	23.804084680081683	26.212212808990643	0.0
239.0	26.220013316580815	23.735830238667674	23.752545612075185	26.291610832676326	0.0
240.0	26.085636197995747	23.81671435377239	23.867141030320084	26.23050841791178	0.0
241.0	26.278909726149912	23.84242684282526	23.805092513909823	26.073570917115003	0.0
242.0	26.117654270421482	23.819793312324638	23.74567775335122	26.316874663902656	0.0
243.0	26.26664548973058	23.723462651965416	23.710366388858702	26.299525469445307	0.0
244.0	26.34430025608373	23.787364120969606	23.774546001722086	26.093789621224577	0.0
245.0	26.247735822767172	23.73415075937021	23.712971993869306	26.305141423993312	0.0
246.0	26.357239399724108	23.64958825086739	23.819304136998902	26.1738682124096	0.0
247.0	26.26160436332422	23.695615215894808	23.796504546987393	26.24627587379358	0.0
248.0	26.30786811226623	23.705231472449064	23.689066027481257	26.297834387803448	0.0
249.0	26.233451322500628	23.72502020680621	23.791075559519495	26.250452911173667	0.0
