# Position (bp)	A	C	G	T	N
0.0	26.160310440489127	23.680027266911214	23.797923133012798	26.36173915958686	0.0
1.0	26.212553395373007	23.87000164830713	23.713552157745788	26.203892798574074	0.0
2.0	26.252535241958462	23.70500120127167	23.85725540153204	26.18520815523782	0.0
3.0	26.357119710361935	23.70070733369836	23.630309193103216	26.311863762836484	0.0
4.0	26.356236172257358	23.75857599392138	23.686783471517643	26.198404362303616	0.0
5.0	26.26903695095925	23.70414650770417	23.749678760181904	26.277137781154675	0.0
6.0	26.248397341892016	23.749228349799857	23.67604378783181	26.326330520476315	0.0
7.0	26.31420175860027	23.70786454085338	23.767639073550605	26.210294626995744	0.0
8.0	26.250974104870945	23.84413204812008	23.68464419684879	26.220249650160188	0.0
9.0	26.30546990213165	23.70654019752424	23.59816999597801	26.389819904366092	0.0
10.0	26.155457490783153	23.851245670874764	23.612724835213942	26.380572003128144	0.0
11.0	26.289241425539046	23.823874427438273	23.72947156742263	26.15741257960004	0.0
12.0	26.29762037761144	23.762428778907385	23.743436487543292	26.196514355937882	0.0
13.0	26.305999329683832	23.735336833873312	23.774159311808738	26.184504524634118	0.0
14.0	26.21550664730198	23.782538263881133	23.76382527091945	26.238129817897445	0.0
15.0	26.30376494246453	23.64456485308904	23.80208915205005	26.24958105239638	0.0
16.0	26.243995084348114	23.575019550888168	23.77862808624735	26.40235727851637	0.0
17.0	26.350128477265113	23.79231370796559	23.61495922243325	26.24259859233605	0.0
18.0	26.236733325885375	23.807395821695902	23.595408334264327	26.3604625181544	0.0
19.0	26.26745615015082	23.640375377052845	23.65266450675902	26.439503966037314	0.0
20.0	26.243715785945703	23.777231594235282	23.76633895654117	26.21271366327785	0.0
21.0	26.302368450452462	23.706569098424758	23.732264551446765	26.25879789967601	0.0
22.0	26.245803564944897	23.612872232866536	23.672921053954564	26.468403148234003	0.0
23.0	26.267309421799677	23.685210115014442	23.73967299925707	26.30780746392881	0.0
24.0	26.36981136291273	23.60170035917574	23.757547997162344	26.270940280749183	0.0
25.0	26.180727400696007	23.68353433396082	23.764251121376823	26.37148714396635	0.0
26.0	26.22960434809324	23.871221811966194	23.693868317124807	26.20530552281576	0.0
27.0	26.260885594427467	23.68576870869898	23.832678847732947	26.220666849140606	0.0
28.0	26.357801598695126	23.685210115014442	23.638846839197637	26.318141447092795	0.0
29.0	26.351377771322916	23.74358315504885	23.696381988705237	26.208657084922997	0.0
30.0	26.268985202853294	23.67459683500818	23.76285463716547	26.293563324973046	0.0
31.0	26.239100440730418	23.729339016093085	23.68381363080309	26.34774691237341	0.0
32.0	26.31004183866697	23.70922964344965	23.759782371900503	26.22094614598287	0.0
33.0	26.246641455471703	23.834633925628836	23.694706207651617	26.22401841124784	0.0
34.0	26.300545746029798	23.705598784500143	23.59527653180353	26.398578937666528	0.0
35.0	26.163131699633002	23.861167125644478	23.59723160969942	26.3784695650231	0.0
36.0	26.297752777607098	23.817038224565835	23.724590969774496	26.160618028052575	0.0
37.0	26.304455901821573	23.762575340323203	23.74442104557566	26.188547712279565	0.0
38.0	26.321772306042305	23.715094877137318	23.76676479295725	26.19636802386312	0.0
39.0	26.211170756503428	23.790505024550193	23.76201674663866	26.23630747230772	0.0
40.0	26.31395199445875	23.639684729724443	23.796090961395592	26.250272314421213	0.0
41.0	26.23993833125723	23.576005049686906	23.779053854017125	26.405002765038738	0.0
42.0	26.34467464710844	23.79888392981829	23.610917154970647	26.245524268102628	0.0
43.0	26.249434423894403	23.813128068774052	23.586059736008625	26.351377771322916	0.0
44.0	26.280157076544093	23.62739566866457	23.65225308762659	26.440194167164744	0.0
45.0	26.25194809547483	23.756989403477803	23.76788198032633	26.223180520721034	0.0
46.0	26.312276213405134	23.699733550812475	23.73408706241167	26.253903173370723	0.0
47.0	26.25599088380199	23.600451341175948	23.66748220889053	26.476075566131534	0.0
48.0	26.26073890359844	23.68731217392276	23.737026734144408	26.314922188334393	0.0
49.0	26.36994335891678	23.59542402609735	23.75434304163734	26.280289573348526	0.0
50.0	26.183932701008818	23.675302476790563	23.759649651998078	26.381115170202545	0.0
51.0	26.2154930678911	23.861871725262816	23.717755359676467	26.20487984716962	0.0
52.0	26.255432293237703	23.705466367262122	23.83478008289484	26.204321256605333	0.0
53.0	26.35262705142385	23.68256415412631	23.65323814950118	26.311570644948667	0.0
54.0	26.33922087788093	23.73981968696585	23.70434918613355	26.216610249019674	0.0
55.0	26.26213538000916	23.668040799454815	23.761604718973086	26.308219101562933	0.0
56.0	26.234485147076896	23.73730602942655	23.683122744690596	26.345086078805956	0.0
57.0	26.317435845873693	23.698204689926378	23.757135994458782	26.22722346974115	0.0
58.0	26.25850454134129	23.829752767816245	23.681726268279878	26.230016422562592	0.0
59.0	26.32218386567014	23.69038442202634	23.582017852554436	26.405413859749082	0.0
60.0	26.169688641619466	23.84343823664131	23.589000234608037	26.39787288713119	0.0
61.0	26.300119538380756	23.814950117862608	23.723341265319345	26.161589078437288	0.0
62.0	26.29257856576287	23.76858710102669	23.734233781322967	26.20460055188748	0.0
63.0	26.315760074180826	23.713845225726445	23.75909106143379	26.211303638658933	0.0
64.0	26.227782060305437	23.7680285104624	23.774452301951715	26.229737127280444	0.0
65.0	26.315760074180826	23.640669861804696	23.79986817262683	26.24370189138765	0.0
66.0	26.244260481951937	23.568890974293662	23.770262872719556	26.41658567103484	0.0
67.0	26.35960943347745	23.796237333958956	23.61441610528315	26.229737127280444	0.0
68.0	26.253197930980548	23.811319279194738	23.599613455329514	26.335869334495204	0.0
69.0	26.304029672330774	23.642904224061848	23.648210834422585	26.40485526918479	0.0
70.0	26.2649283328306	23.76244260481952	23.76048753784451	26.212141524505366	0.0
71.0	26.29900235725218	23.705466367262122	23.73646814358012	26.259063131905574	0.0
72.0	26.25779927718785	23.58719270708233	23.6815939851304	26.473414030599418	0.0
73.0	26.27316043189981	23.67712528557783	23.739687079313832	26.310027203208524	0.0
74.0	26.38683297676835	23.59054423174676	23.750579534473225	26.272043257011667	0.0
75.0	26.20417488255699	23.653664612926832	23.755886115191903	26.386274389324278	0.0
76.0	26.21786027493674	23.871234422392654	23.700865251950866	26.21004005071974	0.0
77.0	26.26729526373706	23.695558671232188	23.832133301307653	26.205012763723097	0.0
78.0	26.353038436402027	23.67405305463544	23.651988850594616	26.32091965836792	0.0
79.0	26.32985705747306	23.7324254425409	23.71622640666283	26.221491093323205	0.0
80.0	26.26980890723538	23.649754500818332	23.76789574523944	26.31254084670685	0.0
81.0	26.235176485702954	23.729073917876477	23.702820308005116	26.332929288415457	0.0
82.0	26.301648391547456	23.70589253894751	23.75281388424951	26.23964518525553	0.0
83.0	26.25053764041492	23.833250476195797	23.694720790066082	26.221491093323205	0.0
84.0	26.310865084374633	23.686621272127045	23.590264938024724	26.4122487054736	0.0
85.0	26.166749523804206	23.846935868575546	23.60087809946208	26.385436508158172	0.0
86.0	26.303603447601702	23.80169028560576	23.729632505320545	26.16507376147199	0.0
87.0	26.298855454327096	23.76845433268351	23.73074968020869	26.201940532780704	0.0
88.0	26.324550476754382	23.70393748289326	23.76314775196483	26.208364288387525	0.0
89.0	26.23685224803517	23.76789574523944	23.760634108466512	26.234617898258882	0.0
90.0	26.327622707696776	23.642213570323367	23.79191500533451	26.238248716645344	0.0
91.0	26.248861878082703	23.57294872725851	23.76901292012758	26.409176474531204	0.0
92.0	26.361417248063095	23.800014523273546	23.599202337129867	26.239365891533488	0.0
93.0	26.24578964714031	23.81928579009401	23.600040218295973	26.334884344469707	0.0
94.0	26.29634181082878	23.637465577048758	23.6581333124794	26.40805929964306	0.0
95.0	26.277908425174417	23.759516933578368	23.753093177971547	26.20948146327567	0.0
96.0	26.30639638482206	23.69416220262201	23.747228009808797	26.25221340274713	0.0
97.0	26.251787469836447	23.593205380284207	23.68816471534543	26.466842434533916	0.0
98.0	26.273851550630084	23.676713736705693	23.737878720171597	26.311555992492625	0.0
99.0	26.38389266243632	23.59934980784699	23.745978192867994	26.270779336848694	0.0
100.0	26.203749217981947	23.645153722405933	23.76105996961301	26.390037089999108	0.0
101.0	26.217155241755297	23.872497542228974	23.69402985074627	26.21631736526946	0.0
102.0	26.277761640897314	23.693471266422378	23.817197694163912	26.2115693985164	0.0
103.0	26.354846277594064	23.675596568057912	23.65660470104567	26.31295245330235	0.0
104.0	26.33306148896237	23.7322928769327	23.71525605505407	26.219389579050855	0.0
105.0	26.272175797658413	23.652415318616498	23.775583162034142	26.299825721690944	0.0
106.0	26.244525873625886	23.729499955313255	23.711904549110734	26.314069621950132	0.0
107.0	26.317421127893464	23.710228796139067	23.74514031638216	26.227209759585307	0.0
108.0	26.252346054160334	23.825017874698364	23.689561176155152	26.233074894986146	0.0
109.0	26.307925194387344	23.687885423183484	23.592088211636426	26.412101170792745	0.0
110.0	26.16716194476718	23.845406202520333	23.610242202162837	26.37718965054965	0.0
111.0	26.31630395924569	23.800160872285282	23.720283313969077	26.163251854499954	0.0
112.0	26.298708553043166	23.754356957726337	23.73927518098132	26.207659308249177	0.0
113.0	26.321889802484584	23.70994950397712	23.76608722852802	26.20207346501028	0.0
114.0	26.237822861739208	23.76608722852802	23.763573599070515	26.232516310662255	0.0
115.0	26.32216909464653	23.64906381267316	23.790385646617214	26.238381446063098	0.0
116.0	26.246760210921437	23.57393422111002	23.785637679864152	26.39366788810439	0.0
117.0	26.36964876217714	23.789547770131378	23.60521494324783	26.23558852444365	0.0
118.0	26.239777906872817	23.81943203145947	23.603818482438108	26.3369715792296	0.0
119.0	26.310718116006793	23.630630529984806	23.65018098132094	26.40847037268746	0.0
120.0	26.294239878452053	23.754636249888282	23.749329698811334	26.20179417284833	0.0
121.0	26.30876307087318	23.68704754669765	23.74206810260077	26.262121279828403	0.0
122.0	26.247744703194563	23.59892304340783	23.683828334906686	26.469503918490922	0.0
123.0	26.28740441172363	23.672097998581187	23.73717343581551	26.30332415387967	0.0
124.0	26.391860263764993	23.58858917569251	23.754768940303762	26.264781620238743	0.0
125.0	26.207526407221422	23.65952978108958	23.763427045686868	26.369516766002132	0.0
126.0	26.205571351167166	23.880451115219834	23.702261720561047	26.211715813051956	0.0
127.0	26.26282656418449	23.702261720561047	23.822916608480472	26.21199510677399	0.0
128.0	26.352759142679993	23.68354904118465	23.662043424587903	26.301648391547456	0.0
129.0	26.327064120252704	23.725163805767973	23.731866855096833	26.21590521888249	0.0
130.0	26.27595336912017	23.64863732593019	23.762589164520758	26.312820140428883	0.0
131.0	26.23992447897756	23.72544309949001	23.72097439993744	26.313658021594993	0.0
132.0	26.308072147154277	23.72097439993744	23.747228009808797	26.22372544309949	0.0
133.0	26.250816934136957	23.82263731475844	23.693882908899973	26.232662842204636	0.0
134.0	26.311144378096667	23.683828334906686	23.594454343855258	26.410572943141386	0.0
135.0	26.154739893756666	23.85587326768069	23.606463973902795	26.382922864659847	0.0
136.0	26.325946945364564	23.801410991883724	23.712037000832296	26.16060506191942	0.0
137.0	26.30304486015763	23.750300240751187	23.742480016534188	26.20417488255699	0.0
138.0	26.339632337744312	23.701703133116975	23.76901292012758	26.189651609011133	0.0
139.0	26.242996709919954	23.762589164520758	23.75867905241226	26.235735073147026	0.0
140.0	26.320081777201814	23.652547438038688	23.787725599503975	26.23964518525553	0.0
141.0	26.253051283913244	23.55591181021433	23.790239243002294	26.400797662870133	0.0
142.0	26.373147584388594	23.796942292331153	23.597247281075617	26.232662842204636	0.0
143.0	26.2402037726996	23.813141328209227	23.612887729509616	26.333767169581563	0.0
144.0	26.3066756785441	23.641654982879295	23.654502494092938	26.39716684448367	0.0
145.0	26.299693335493206	23.75421035285969	23.746110834920653	26.199985476726457	0.0
146.0	26.31254084670685	23.694441496344044	23.7363355546494	26.256682102299706	0.0
147.0	26.243143300823363	23.6026857034331	23.676978248483426	26.477192747260116	0.0
148.0	26.298723061970037	23.661896303247644	23.740378277530137	26.29900235725218	0.0
149.0	26.401503725799063	23.590955301583048	23.751829384098045	26.255711588519848	0.0
150.0	26.19538380757672	23.646255767447578	23.776407368926726	26.381953056048978	0.0
151.0	26.21158293394108	23.883377461987912	23.699321871054956	26.205717733016055	0.0
152.0	26.26548692339489	23.69373596541207	23.81969813765906	26.221078973533977	0.0
153.0	26.352347756141704	23.682284858844163	23.66636502776195	26.29900235725218	0.0
154.0	26.33559003921306	23.717755359676467	23.73926109640156	26.20739350470892	0.0
155.0	26.286992660119985	23.64039056652255	23.769983577437408	26.302633195920055	0.0
156.0	26.24342259610551	23.715800292701456	23.71887254080504	26.321904570388	0.0
157.0	26.309336282691515	23.71328663516216	23.75238797466233	26.224989107484	0.0
158.0	26.259063131905574	23.81439152729832	23.696528918233515	26.230016422562592	0.0
159.0	26.33307638167376	23.681726268279878	23.588441644043748	26.39675570600261	0.0
160.0	26.158796125615847	23.855727229055645	23.59598261666164	26.389494028666867	0.0
161.0	26.322742456234426	23.79121001888036	23.713565930444304	26.172481594440907	0.0
162.0	26.299840243098615	23.753784451073052	23.74875713599446	26.197618169833873	0.0
163.0	26.35095127973098	23.692339489001352	23.772776530258852	26.183932701008818	0.0
164.0	26.261576789444874	23.752946565226623	23.752667269944478	26.23280937538403	0.0
165.0	26.321904570388	23.64988660611545	23.787299884930345	26.24090893856621	0.0
166.0	26.25459440739127	23.568332383729373	23.784506932108904	26.392566276770452	0.0
167.0	26.37161913060965	23.798471696216108	23.606316542100974	26.223592631073277	0.0
168.0	26.250684273441255	23.811877869759023	23.613857514718863	26.32358034208086	0.0
169.0	26.316039369462974	23.633687479751092	23.651562377808315	26.398710772977623	0.0
170.0	26.300398833662904	23.752667269944478	23.742891935069434	26.20404196132319	0.0
171.0	26.320228798695133	23.68116767771559	23.746243478455163	26.252360045134115	0.0
172.0	26.242172705995387	23.607286296021137	23.68157925606493	26.468961741918545	0.0
173.0	26.2921668407617	23.669290195005054	23.742465967679767	26.296076996553474	0.0
174.0	26.384334798710768	23.586339032850894	23.77179213611811	26.25753403232023	0.0
175.0	26.204467632288946	23.644432776043033	23.77346791717173	26.37763167449629	0.0
176.0	26.20474692913122	23.880717904603372	23.71090542450327	26.203629741762143	0.0
177.0	26.280994967070903	23.677948397115422	23.82374134878031	26.217315287033365	0.0
178.0	26.351377771322916	23.672362460270023	23.68604800554125	26.290211762865813	0.0
179.0	26.33210628920629	23.71090542450327	23.737997218203454	26.218991068086982	0.0
180.0	26.27680551443685	23.63018863708727	23.782405416124366	26.31060043235151	0.0
181.0	26.241055518626304	23.728780422408544	23.71174331503008	26.318420743935068	0.0
182.0	26.31395199445875	23.723473782405417	23.748889795051976	26.213684428083855	0.0
183.0	26.250551611263482	23.818434708777183	23.702247222392902	26.228766457566433	0.0
184.0	26.328196133414515	23.679344881326774	23.60030387496439	26.392155110294325	0.0
185.0	26.155032091207175	23.874852670915704	23.590528485484942	26.379586752392175	0.0
186.0	26.31646566603918	23.800839007714178	23.713139799241432	26.169555527005212	0.0
187.0	26.305573089190652	23.758385887689155	23.73604214030756	26.19999888281263	0.0
188.0	26.340647309209132	23.68756214458881	23.773587013596398	26.198203532605657	0.0
189.0	26.259091264565576	23.750963590253495	23.753756605481012	26.236188539699917	0.0
190.0	26.313555061502196	23.644829011607772	23.79704834150756	26.244567585382477	0.0
191.0	26.253857863058084	23.561383663608307	23.78454620358345	26.400212269750163	0.0
192.0	26.36641669110562	23.803818062479927	23.595179242252854	26.234586004161603	0.0
193.0	26.263354141354895	23.798232016422975	23.611378775818007	26.327035066404125	0.0
194.0	26.311114835141815	23.626181797868924	23.66584272487327	26.396860642115993	0.0
195.0	26.315025067381683	23.74907481112182	23.739019928219307	26.196880193277195	0.0
196.0	26.30804250981049	23.6731045847473	23.761084810144258	26.257768095297944	0.0
197.0	26.245904707108004	23.604807378090847	23.675191951579883	26.474095963221266	0.0
198.0	26.300927568129197	23.68273315588228	23.73635949758821	26.279979778400314	0.0
199.0	26.384718727044714	23.599779908555917	23.783561850443956	26.231939513955417	0.0
200.0	26.197864442663104	23.652847642535743	23.783841154307005	26.365446760494144	0.0
201.0	26.211829635815693	23.877407948429337	23.714573796270177	26.196188619484793	0.0
202.0	26.288358894291868	23.67156100136021	23.82797116466918	26.212108939678746	0.0
203.0	26.35511251756123	23.6698851781819	23.672119609086316	26.30288269517056	0.0
204.0	26.349952937036182	23.7127511304887	23.727833623345465	26.209462309129655	0.0
205.0	26.29688490661423	23.63650074993506	23.782018875460505	26.2845954679902	0.0
206.0	26.265190808565787	23.72070418876683	23.71595597004712	26.29814903262026	0.0
207.0	26.33557616841094	23.71148705831092	23.755338254722382	26.197598518555758	0.0
208.0	26.25010823145611	23.82516500060051	23.70059408595393	26.22413268198945	0.0
209.0	26.3347382474604	23.66707724793243	23.602278027757528	26.39590647684964	0.0
210.0	26.157099005946442	23.862592136391186	23.615405455982614	26.36490340167975	0.0
211.0	26.31630398654858	23.802541134935996	23.720145574799805	26.16100930371562	0.0
212.0	26.308483391010224	23.76706914802991	23.73075924017328	26.193688220786584	0.0
213.0	26.343896811963376	23.68989961622899	23.77117862948501	26.195024942322625	0.0
214.0	26.23762652783054	23.77075279869506	23.772707974884366	26.218912698590042	0.0
215.0	26.320023238665563	23.660983621209752	23.805666659218378	26.213326480906307	0.0
216.0	26.237141189253204	23.57669758646791	23.805453839557796	26.38070738472109	0.0
217.0	26.36269939472824	23.80083849830038	23.614815890687975	26.2216462162834	0.0
218.0	26.241477455233074	23.8164800388804	23.61258138489083	26.329461120995695	0.0
219.0	26.284771005052775	23.64190927347837	23.66313707855126	26.410182642917597	0.0
220.0	26.29538490758922	23.75614838235746	23.747489672393517	26.2009770376598	0.0
221.0	26.307542337138536	23.66606241568185	23.76521916434603	26.261176082833593	0.0
222.0	26.239536111413702	23.595527586678845	23.67401547971186	26.490920822195598	0.0
223.0	26.281712879555997	23.667870520114967	23.76451397559334	26.285902624735698	0.0
224.0	26.376401120617178	23.60027596454917	23.78211090534807	26.241212009485583	0.0
225.0	26.192890281746394	23.650552906705546	23.786300650527767	26.37025616102029	0.0
226.0	26.20154908845111	23.884340687732706	23.7108852372932	26.20322498652299	0.0
227.0	26.274729970923165	23.685467449869698	23.82791878597944	26.2118837932277	0.0
228.0	26.361597354315574	23.671222316258724	23.679881122963433	26.28729920646226	0.0
229.0	26.33506230151082	23.712561135365082	23.744123882385473	26.208252680738624	0.0
230.0	26.281154246865373	23.642452732691467	23.79859056972155	26.277802450721616	0.0
231.0	26.261748809407425	23.720793821487927	23.716324734997137	26.30113263410751	0.0
232.0	26.33185760373169	23.722469728921972	23.74677038671564	26.198902280630698	0.0
233.0	26.252545312853513	23.822452382748015	23.69564063674021	26.229361667658257	0.0
234.0	26.319582359201256	23.682233227470665	23.608771797514603	26.38941261581348	0.0
235.0	26.155341595649297	23.87468541469396	23.597878277483094	26.37209471217365	0.0
236.0	26.29723667708534	23.80848633142557	23.731114407099223	26.163162584389866	0.0
237.0	26.319023717148355	23.76547089335244	23.733907617363712	26.181597772135497	0.0
238.0	26.346897276038522	23.69081137851668	23.77656365220889	26.185727693235904	0.0
239.0	26.242709660119328	23.7810328260821	23.765390717525868	26.210866796272708	0.0
240.0	26.317274360113185	23.664987862891174	23.80242071772353	26.21531705927211	0.0
241.0	26.2301493079319	23.569423299858933	23.813288266268138	26.387139125941033	0.0
242.0	26.35969237387804	23.798841792679212	23.621730494710405	26.21973533873234	0.0
243.0	26.22495132042475	23.816534572974664	23.63075599310524	26.32775811349535	0.0
244.0	26.276456652437254	23.632188275260933	23.69420915003464	26.397145922267168	0.0
245.0	26.28460154442743	23.747806845993093	23.77071622542829	26.19687538415118	0.0
246.0	26.294717196213636	23.671475988779488	23.775969780618915	26.25783703438796	0.0
247.0	26.214631175137676	23.61507318940395	23.695820422623754	26.47447521283462	0.0
248.0	26.291348724926728	23.681129697877346	23.766907608528616	26.26061396866731	0.0
249.0	26.38047951807902	23.610439758480698	23.79065719291089	26.218423530529396	0.0
