# Position (bp)	A	C	G	T	N
0.0	26.265653966653996	23.807881729842524	23.805523871838627	26.120940431664852	0.0
1.0	26.135971776439693	24.00888912467469	23.778113772543332	26.077025326342284	0.0
2.0	26.06408374741384	23.879035442933517	23.868720270198583	26.188160539454064	0.0
3.0	26.019161683705494	23.995720891304156	23.871945019936756	26.113172405053593	0.0
4.0	26.016550065716963	24.009383085691383	23.74710462258424	26.226962226007416	0.0
5.0	26.09762925636152	23.888667874876603	23.871576124592966	26.142126744168912	0.0
6.0	26.12347134227199	23.881538234860763	23.797259466627377	26.197730956239873	0.0
7.0	26.042679584872968	23.850061585426943	23.864500274040417	26.242758555659673	0.0
8.0	26.184730435705006	23.781531670894953	23.76886154498926	26.26487634841078	0.0
9.0	26.205762674908883	23.79173283911477	23.86568883676939	26.136815649206962	0.0
10.0	26.15815696662021	23.822249460071834	23.889722065899228	26.129871507408726	0.0
11.0	26.09746108539557	23.797499683261787	23.91565040350975	26.189388827832893	0.0
12.0	26.20264763683828	23.781883752655446	23.820186978670996	26.195281631835282	0.0
13.0	26.180767122964777	23.821000713027182	23.802733074443573	26.195499089564468	0.0
14.0	26.373755885420657	23.762367485960436	23.768554911932306	26.095321716686605	0.0
15.0	26.027260030996057	23.832491646974937	23.80332235310756	26.33692596892144	0.0
16.0	26.14040153448164	23.868143006146177	23.774447698572175	26.217007760800005	0.0
17.0	26.175463614988892	23.90968715195729	23.80008132045563	26.11476791259819	0.0
18.0	26.055840046199446	23.976864919651856	23.83101845031497	26.136276583833727	0.0
19.0	26.121544617234044	23.88022321875792	23.82807205699503	26.170160107013007	0.0
20.0	26.201609315289677	23.82181444258822	23.955874943650393	26.02070129847171	0.0
21.0	26.230483884749216	23.862769189066558	23.866010212169158	26.04073671401507	0.0
22.0	26.161833122666835	23.769368796018846	23.898125804731304	26.17067227658302	0.0
23.0	26.1415030686596	23.8035468578281	23.74786018815612	26.30708988535617	0.0
24.0	26.20868063842262	23.805903965539084	23.849215819728403	26.136199576309888	0.0
25.0	26.28646519288507	23.762297472885898	23.817689504094	26.133547830135033	0.0
26.0	26.165074145769434	23.950571451300682	23.788814934634456	26.095539468295424	0.0
27.0	26.092593083656702	23.855403227469733	23.840376665812215	26.21162702306135	0.0
28.0	26.037201052448594	23.955874943650393	23.86925123527176	26.137672768629255	0.0
29.0	26.050165144859	23.979151382296354	23.74344061119803	26.227242861646616	0.0
30.0	26.105262537603235	23.868956596807887	23.856581781325225	26.169199084263656	0.0
31.0	26.12618186853821	23.893116950845464	23.793529150056422	26.187172030559903	0.0
32.0	26.043388460189927	23.82476082722695	23.89665261241194	26.235198100171186	0.0
33.0	26.180395345890823	23.77084198833821	23.770547349874338	26.27821531589663	0.0
34.0	26.20337714607291	23.807966434786195	23.8775011122602	26.11115530688069	0.0
35.0	26.177448961252097	23.791761319273185	23.905491766328126	26.125297953146593	0.0
36.0	26.09377163751219	23.78822565770671	23.90784887403911	26.210153830741987	0.0
37.0	26.20543961532002	23.79323451159255	23.818868057949494	26.182457815137933	0.0
38.0	26.18562168532705	23.825574543311724	23.782262816735418	26.20654095462581	0.0
39.0	26.36564525633471	23.769888037713613	23.766647024160285	26.097819681791396	0.0
40.0	26.026812021213907	23.82911019446081	23.819387153800825	26.324690630524454	0.0
41.0	26.142899233942252	23.875368296994697	23.780200353565114	26.20153211549794	0.0
42.0	26.157336476134358	23.92044784914555	23.815262227460224	26.106953447259873	0.0
43.0	26.06658809664113	23.97436652916912	23.844725987035943	26.1143193871538	0.0
44.0	26.13464938126105	23.869475545079553	23.836770771950498	26.159104301708897	0.0
45.0	26.20351737325465	23.829039985150306	23.912716815801957	26.054725825793092	0.0
46.0	26.232391772564018	23.875297951390834	23.860271478280854	26.032038797764294	0.0
47.0	26.179357161587617	23.749488068685714	23.90623480779373	26.164919961932938	0.0
48.0	26.152250582644125	23.81136178149151	23.730336681388682	26.30605095447568	0.0
49.0	26.199392459067596	23.823147250597376	23.835521993158533	26.141938297176498	0.0
50.0	26.29367621191452	23.768639455982747	23.818727699682675	26.11895663242006	0.0
51.0	26.15372376628236	23.94247512529427	23.801638769479172	26.1021623389442	0.0
52.0	26.090966143293628	23.844361094987935	23.853494833544982	26.211177928173456	0.0
53.0	26.034690528313114	23.961331875863653	23.870878400476133	26.1330991953471	0.0
54.0	26.05649364615897	23.97547443879069	23.743889970860426	26.22414194418991	0.0
55.0	26.098626698212442	23.892386881594337	23.84760209899205	26.161384321201176	0.0
56.0	26.14223293390414	23.874119404480247	23.781898108726846	26.201749552888764	0.0
57.0	26.05737755634191	23.811656418219158	23.882074596126706	26.24889142931223	0.0
58.0	26.176116157583508	23.788380116735073	23.784549839275666	26.250953886405753	0.0
59.0	26.199392459067596	23.805469046938576	23.88354777976494	26.111590714228893	0.0
60.0	26.196446091791124	23.783665929092727	23.89916352633021	26.120724452785936	0.0
61.0	26.086251955651278	23.78219274545449	23.91684172998901	26.214713568905218	0.0
62.0	26.208231560896994	23.791326484011538	23.820495520048556	26.17994643504291	0.0
63.0	26.199609902121967	23.828085868674904	23.787131484198678	26.185172745004447	0.0
64.0	26.359891809712376	23.785952940760513	23.77210505536208	26.082050194165028	0.0
65.0	26.036381635936145	23.82985368383215	23.820719972186374	26.313044708045325	0.0
66.0	26.14156663779235	23.875522242061038	23.773283598800244	26.20962752134637	0.0
67.0	26.16867313687014	23.924137158885333	23.811291624681058	26.09589807956347	0.0
68.0	26.07380039009788	23.963912999923394	23.85371918845499	26.108567421523738	0.0
69.0	26.155119887331246	23.867567073853422	23.82749659695582	26.149816441859507	0.0
70.0	26.189515119194585	23.828310297787585	23.93261108475765	26.04956349826018	0.0
71.0	26.241370877688176	23.863666496760487	23.871032371546512	26.023930254004824	0.0
72.0	26.173015559673896	23.746696405158467	23.914932985271196	26.165355049896437	0.0
73.0	26.148560855384307	23.81623026313851	23.74109834032109	26.29411054115609	0.0
74.0	26.213969823484177	23.803266323515114	23.83980106245378	26.14296279054693	0.0
75.0	26.3035388608822	23.759365709790426	23.821239057993004	26.115856371334374	0.0
76.0	26.16594431987932	23.94351257944096	23.797373623686298	26.093169476993427	0.0
77.0	26.111731481454196	23.866612846674897	23.85305963706862	26.168596034802285	0.0
78.0	26.03659955863678	23.955592614090033	23.872800181495155	26.135007645778032	0.0
79.0	26.051625943200268	23.970913633644958	23.75347300996161	26.223987413193168	0.0
80.0	26.10230316172809	23.883701676178468	23.859836241871758	26.154158920221683	0.0
81.0	26.151801840290155	23.868380656623543	23.79531117874621	26.18450632434009	0.0
82.0	26.033358573730936	23.84687230224836	23.88163923123838	26.238129892782325	0.0
83.0	26.162408699982027	23.78175796913993	23.79943606862638	26.256397262251657	0.0
84.0	26.19835416893781	23.810042928318254	23.887531931067198	26.10407097167674	0.0
85.0	26.193934644066196	23.795900448729093	23.904326125579324	26.105838781625383	0.0
86.0	26.08668750718173	23.78175796913993	23.926129114945947	26.205425408732392	0.0
87.0	26.210434203586885	23.796784353703416	23.80886438835249	26.18391705435721	0.0
88.0	26.19444673604318	23.826766920837702	23.79583033788641	26.1829560052327	0.0
89.0	26.367691600570414	23.783750338829243	23.76548302318181	26.083075037418535	0.0
90.0	26.0350496753132	23.83236496918127	23.813803019410496	26.318782336095037	0.0
91.0	26.12373454644023	23.87479228294304	23.79583033788641	26.205642832730312	0.0
92.0	26.167929664942076	23.90189862229084	23.828829359701125	26.101342353065967	0.0
93.0	26.060682844044265	23.96524495881015	23.847096675348553	26.12697552179703	0.0
94.0	26.132278936017254	23.87361374644966	23.83796301752484	26.15614430000825	0.0
95.0	26.183173494792356	23.832589384363814	23.951031952976532	26.033205167867298	0.0
96.0	26.221475817975577	23.868534641504986	23.877079005907397	26.032910534612043	0.0
97.0	26.169325731795347	23.754216938465845	23.91950619466419	26.156951135074614	0.0
98.0	26.16254916692447	23.80430459185928	23.73624430989526	26.29690193132099	0.0
99.0	26.19260175896053	23.80076899279622	23.852919078976445	26.1537101692668	0.0
100.0	26.2974911978315	23.770127134249645	23.817563088345782	26.11481857957308	0.0
101.0	26.164316966456003	23.951031952976532	23.78692122979921	26.09772985076826	0.0
102.0	26.108631281212713	23.8532137122317	23.854686878507977	26.18346812804761	0.0
103.0	26.05353486247993	23.946907087402955	23.87354340684433	26.12601464327279	0.0
104.0	26.083292821260734	23.952210485997554	23.75215450567906	26.212342187062653	0.0
105.0	26.11305078004154	23.867650741739222	23.859401010592066	26.159897467627168	0.0
106.0	26.129550242335853	23.879141438694184	23.785448063522928	26.205860255447032	0.0
107.0	26.040570999248686	23.83936594923469	23.891221402159662	26.228841649356966	0.0
108.0	26.172566697603163	23.787215863054463	23.799001193264687	26.24121624607769	0.0
109.0	26.189950059663236	23.80518849162505	23.904185265390904	26.100676183320807	0.0
110.0	26.19260175896053	23.794876327691107	23.916265228856382	26.09625668449198	0.0
111.0	26.086828420323805	23.768064701462855	23.933648590916455	26.211458287296885	0.0
112.0	26.210279754275867	23.80960799045388	23.80518849162505	26.174923763645204	0.0
113.0	26.186631939329295	23.8283943124164	23.80069886802237	26.184274880231932	0.0
114.0	26.37313424040824	23.770646364530975	23.770057099756634	26.08616229530415	0.0
115.0	26.041378172454227	23.820733870349965	23.841652769839072	26.296235187356736	0.0
116.0	26.10708119479326	23.878776450622556	23.820144605575624	26.193997749008563	0.0
117.0	26.167480834163214	23.905587997855076	23.829278209577907	26.0976529584038	0.0
118.0	26.04727082019764	23.983960212842437	23.847840049969655	26.120928916990273	0.0
119.0	26.14155318409221	23.882017406881435	23.841652769839072	26.134776639187287	0.0
120.0	26.192012492450022	23.814027489282715	23.948380253679233	26.045579764588027	0.0
121.0	26.220002651699296	23.88031997171521	23.873248773589076	26.026428602996422	0.0
122.0	26.18111106200557	23.76040423682621	23.912729629793315	26.145755071374904	0.0
123.0	26.172861330858417	23.799001193264687	23.75215450567906	26.27598297019785	0.0
124.0	26.19024469291849	23.806072391390817	23.83936594923469	26.164316966456003	0.0
125.0	26.300732163639314	23.762466669613	23.82551818623768	26.11128298051001	0.0
126.0	26.181994961771338	23.928639825577115	23.791929995138553	26.097435217513	0.0
127.0	26.132201941633156	23.837303516447903	23.854392245252722	26.176102296666226	0.0
128.0	26.055008028756205	23.94455002136091	23.872364873823308	26.128077076059576	0.0
129.0	26.07828405592139	23.951621219487045	23.75834180403942	26.211752920552144	0.0
130.0	26.118648811891397	23.860579543613085	23.87560583963112	26.145165804864394	0.0
131.0	26.15113551991137	23.88363130664341	23.795241069639722	26.169992103805495	0.0
132.0	26.049486747357133	23.830597164441198	23.896595208070618	26.223320880131052	0.0
133.0	26.142591130334353	23.80201765447667	23.806437166326855	26.24895404886212	0.0
134.0	26.1797150298759	23.823525945480903	23.91721959670481	26.079539427938386	0.0
135.0	26.213008685813953	23.780803997595786	23.902782524660875	26.10340479192938	0.0
136.0	26.07865552556835	23.763420584318393	23.956700569233128	26.20122332088013	0.0
137.0	26.19474137016653	23.78316107058255	23.823525945480903	26.19857161377002	0.0
138.0	26.20748785367248	23.78853457394307	23.805918038438083	26.19805953394637	0.0
139.0	26.373367353853677	23.78499895404578	23.775865269311115	26.065768422789425	0.0
140.0	26.049858133251618	23.80621267342952	23.828899567770467	26.31502962554839	0.0
141.0	26.11615100632581	23.87132700653795	23.807096578403844	26.205425408732392	0.0
142.0	26.17389946464822	23.901379775664918	23.838622522488016	26.086098237198847	0.0
143.0	26.073428932566888	23.985056113234123	23.844809857308274	26.096705096890716	0.0
144.0	26.14657544740455	23.86933488901067	23.843406933371046	26.140682730213726	0.0
145.0	26.193871538008253	23.830878020035357	23.95668827342369	26.018562168532704	0.0
146.0	26.24454920447849	23.860636417206834	23.875368296994697	26.019446081319973	0.0
147.0	26.191219799646436	23.733647613435473	23.92398350029464	26.151149086623455	0.0
148.0	26.168238067177374	23.80082498526812	23.74690630524455	26.284030642309958	0.0
149.0	26.196600461403836	23.77997578071827	23.864831658313665	26.15859209956423	0.0
150.0	26.291179408307038	23.77496692683243	23.823287634907587	26.11056602995295	0.0
151.0	26.190118415198633	23.934366335787672	23.79411842698417	26.08139682202953	0.0
152.0	26.127949699321444	23.842439135059326	23.855697865933607	26.17391329968562	0.0
153.0	26.040442075551194	23.936723443498657	23.87543864301309	26.14739583793706	0.0
154.0	26.066959537299756	23.95233928208392	23.77879722686278	26.201903953753547	0.0
155.0	26.119405183869134	23.841260581203834	23.887813458495753	26.15152077643128	0.0
156.0	26.145410403125535	23.878160743433963	23.79065286183183	26.185775991608672	0.0
157.0	26.037277768283847	23.842214744930732	23.8905355953777	26.22997189140773	0.0
158.0	26.17457969699291	23.779751206548063	23.79831348446367	26.247355611995353	0.0
159.0	26.199624040212377	23.792715337155787	23.91764241392112	26.09001820871072	0.0
160.0	26.202275794200318	23.778572649220088	23.910865709285265	26.108285847294326	0.0
161.0	26.080295110754925	23.761188928632464	23.94003500315264	26.21848095745997	0.0
162.0	26.218186318127977	23.78328687853199	23.80479554976753	26.1937312535725	0.0
163.0	26.203236917238513	23.788955117458315	23.809874571666807	26.19793339363636	0.0
164.0	26.37236039210718	23.77098206525102	23.782178392855567	26.07447914978624	0.0
165.0	26.046193690574754	23.80103536566322	23.84140107307961	26.311369870682416	0.0
166.0	26.126925105407533	23.867918691090377	23.82342802087231	26.181728182629783	0.0
167.0	26.174362177626794	23.900034472903414	23.83874931127853	26.086854038191266	0.0
168.0	26.07271130858552	23.9748730837338	23.836097549477454	26.116318058203227	0.0
169.0	26.15175193579182	23.868872938985728	23.840882037501913	26.138493087720537	0.0
170.0	26.19197746571831	23.83660288632091	23.9697814339676	26.00163821399318	0.0
171.0	26.260923881977877	23.82835288779413	23.895236804421998	26.015486425805996	0.0
172.0	26.180486396341713	23.735540404367786	23.929710012551784	26.154263186738717	0.0
173.0	26.17370961183757	23.816272532808476	23.729647548277224	26.280370307076733	0.0
174.0	26.202367167266267	23.786583695008442	23.85788746379566	26.15316167392963	0.0
175.0	26.275438798089528	23.77303008606542	23.823708797765423	26.12782231807963	0.0
176.0	26.18409925956045	23.935084106036363	23.812217694531117	26.068598939872068	0.0
177.0	26.135188409896493	23.827833809182863	23.846101716888683	26.190876064031965	0.0
178.0	26.04031314729532	23.925655508510783	23.86790534866659	26.166125995527313	0.0
179.0	26.081268617797065	23.938914473781132	23.778333672173556	26.20148323624824	0.0
180.0	26.10808119201044	23.83225346427298	23.90561973876892	26.154045604947658	0.0
181.0	26.135854704884025	23.884181123892137	23.794019894399394	26.18594427682444	0.0
182.0	26.040095229115597	23.83527013011503	23.895966905525174	26.228667735244198	0.0
183.0	26.159131623609277	23.7713322647558	23.81405572317556	26.25548038845936	0.0
184.0	26.17857816330379	23.819359324910426	23.903922308127477	26.098140203658303	0.0
185.0	26.20568546105978	23.78930558174618	23.906279464454084	26.09872949273996	0.0
186.0	26.090774090137657	23.748349990571374	23.943404676598153	26.217471242692813	0.0
187.0	26.212462285498773	23.77663586649067	23.801975297001697	26.208926551008865	0.0
188.0	26.222262817811902	23.783482767663255	23.806465109563895	26.187789304960944	0.0
189.0	26.366049777395396	23.76816120639616	23.76315223444346	26.102636781764986	0.0
190.0	26.05578816173676	23.800866846793227	23.832393905554362	26.310951085915658	0.0
191.0	26.120904797121902	23.868340645450235	23.828268869828605	26.18248568759926	0.0
192.0	26.205762674908883	23.901930222074245	23.807938336608807	26.084368766408065	0.0
193.0	26.070520432185884	23.980305900863605	23.84712617600349	26.102047490947022	0.0
194.0	26.15781254603848	23.856035828987302	23.837767759804354	26.148383865169865	0.0
195.0	26.20481572713237	23.81993470600021	23.960187160418165	26.015062406449257	0.0
196.0	26.247539689087418	23.8340778106474	23.894186005397952	26.02419649486723	0.0
197.0	26.2216106639009	23.737138614211464	23.90744516600469	26.133805555882944	0.0
198.0	26.183601070161583	23.803139769231677	23.727120581753038	26.286138578853702	0.0
199.0	26.20459829044719	23.78906675859712	23.846817939402513	26.159517011553184	0.0
200.0	26.287983923957015	23.769619932407547	23.833264090846143	26.109132052789292	0.0
201.0	26.200473206103947	23.920774808699214	23.817647700118155	26.061104285078684	0.0
202.0	26.12594030932604	23.829419858979385	23.84709900024456	26.197540831450013	0.0
203.0	26.06009175528388	23.92149236403924	23.878767520868877	26.139648359808003	0.0
204.0	26.083817796622654	23.9169188429455	23.786091655641627	26.213171704790224	0.0
205.0	26.13037341732989	23.830290029730772	23.901302084100667	26.138034468838672	0.0
206.0	26.155496231340862	23.866013707429474	23.807671681723626	26.170818379506038	0.0
207.0	26.0628329640281	23.827554099288108	23.9029866578662	26.206626278817595	0.0
208.0	26.169358878405536	23.78290617430917	23.80530034710968	26.242434600175617	0.0
209.0	26.20341340373871	23.81691850734306	23.888227528818273	26.091440560099947	0.0
210.0	26.211074703566627	23.78362131962943	23.896478159402182	26.10882581740176	0.0
211.0	26.11354046344971	23.741484170575895	23.936552650809737	26.20842271516466	0.0
212.0	26.226102637844463	23.760637420145684	23.814855849697082	26.19840409231277	0.0
213.0	26.207181058742062	23.79001959542086	23.80740500640903	26.195394339428052	0.0
214.0	26.350405615259266	23.78263854715185	23.781754532783673	26.085201304805206	0.0
215.0	26.063843893929437	23.788672173126393	23.837293249921174	26.310190683022995	0.0
216.0	26.14193228999378	23.862929817685696	23.816960799625175	26.17817709269535	0.0
217.0	26.203378742739947	23.902262219432632	23.824468038083786	26.069890999743635	0.0
218.0	26.076232853501498	23.97607225471851	23.860264324969428	26.087430566810564	0.0
219.0	26.15027375542943	23.880372708145476	23.82497333168314	26.144380204741953	0.0
220.0	26.20641693580707	23.817746764421603	23.952120512034703	26.023715787736627	0.0
221.0	26.250184175629883	23.840577574775306	23.892441432149695	26.016796817445115	0.0
222.0	26.200088404302342	23.75305731545602	23.91012229261824	26.136731987623396	0.0
223.0	26.166354302957433	23.80535615356507	23.731096101936654	26.297193441540838	0.0
224.0	26.229662787579457	23.783156176235703	23.837084230906374	26.150096805278466	0.0
225.0	26.29007399636354	23.789934019172453	23.816456013272784	26.10353597119122	0.0
226.0	26.19077789925649	23.9284251348954	23.811432292971293	26.069364672876816	0.0
227.0	26.10767467149176	23.819094292694285	23.878916828993006	26.194314206820945	0.0
228.0	26.074233427144268	23.917662486922953	23.870216747461946	26.137887338470833	0.0
229.0	26.06643032065847	23.955524514267694	23.782832792566595	26.195212372507243	0.0
230.0	26.14098835067618	23.82526898356482	23.9092572782488	26.124485387510205	0.0
231.0	26.165525208350527	23.86924899508446	23.793511958789622	26.171713837775396	0.0
232.0	26.064303185689447	23.82017505083547	23.88058821795892	26.234933545516164	0.0
233.0	26.177326952093548	23.77758393059223	23.810885043379855	26.234204073934364	0.0
234.0	26.20254507517933	23.809243137786527	23.901485904244346	26.086725882789796	0.0
235.0	26.215217404117624	23.78154083731677	23.8929394498441	26.11030230872151	0.0
236.0	26.093504105245163	23.774467909537254	23.94834405078362	26.18368393443396	0.0
237.0	26.217589399913944	23.773569336138962	23.805987303944974	26.20285396000212	0.0
238.0	26.20972376537297	23.79484428831197	23.810758797924038	26.184673148391013	0.0
239.0	26.35324906502256	23.775982647290263	23.797496706580652	26.07327158110653	0.0
240.0	26.082445969802627	23.78036021113996	23.82663181069316	26.31056200836425	0.0
241.0	26.134588518241248	23.875727262545464	23.83004309049003	26.15964112872326	0.0
242.0	26.20609769037598	23.89264197880192	23.82927174335939	26.071988587462712	0.0
243.0	26.06923262847003	23.9964982815641	23.85442519350826	26.079843896457604	0.0
244.0	26.136427280739767	23.88877589220706	23.823630848683685	26.15116597836949	0.0
245.0	26.20673187470152	23.810071280754197	23.97338616009575	26.00981068444853	0.0
246.0	26.22674382611413	23.832069125116814	23.92964850786089	26.01153854090817	0.0
247.0	26.2032448177554	23.760639411298193	23.92839348206152	26.107722288884894	0.0
248.0	26.159511517721047	23.798474524800028	23.77400323728599	26.26801072019294	0.0
249.0	26.208096234926437	23.771559984668457	23.89450717929062	26.125836601114482	0.0
