# Position (bp)	A	C	G	T	N
0.0	26.363452513368347	23.669559424462143	23.669856829307463	26.297131232862046	0.0
1.0	26.397951475425437	23.819451466503292	23.62019022013907	26.162406837932206	0.0
2.0	26.324852414162294	23.702657288584216	23.779089651890732	26.193400645362757	0.0
3.0	26.34034783022459	23.859202512371528	23.613853730491055	26.186595926912826	0.0
4.0	26.30685231334717	23.64883752743364	23.631291893917318	26.413018265301876	0.0
5.0	26.287632777837256	23.742104699710953	23.75816293758698	26.212099584864813	0.0
6.0	26.165397882716785	23.72487213036755	23.776912097061974	26.332817889853693	0.0
7.0	26.142912367302028	23.70602753575783	23.70097237503345	26.45008772190669	0.0
8.0	26.26070097918234	23.784347950199376	23.5375452347748	26.417405835843482	0.0
9.0	26.25866764989236	23.742224389547676	23.760957217788455	26.238150742771506	0.0
10.0	26.312909959145326	23.652598464530172	23.81554142854594	26.218950147778564	0.0
11.0	26.074959487385343	23.76700414789706	23.77770839837652	26.380327966341078	0.0
12.0	26.235820584868353	23.664719087759988	23.73697277849635	26.362487548875315	0.0
13.0	26.388058813909577	23.680478123188085	23.688208970756584	26.243254092145758	0.0
14.0	26.497777381324056	23.663232386304507	23.613873897982547	26.225116334388893	0.0
15.0	26.186759436837487	23.69683183919837	23.721213743068255	26.395194980895887	0.0
16.0	26.42136092651235	23.641823885345584	23.738162139660734	26.198653048481336	0.0
17.0	26.26406791252249	23.66204302514012	23.767301488188156	26.306587574149237	0.0
18.0	26.15167328248814	23.88594026433552	23.761057342075137	26.201329111101202	0.0
19.0	26.343457770245156	23.764922765859385	23.58889731353047	26.30272215036499	0.0
20.0	26.23009312670227	23.73006339276157	23.717575137668145	26.322268342868014	0.0
21.0	26.266368534354594	23.874867683963892	23.62986001260719	26.228903769074325	0.0
22.0	26.283911559366786	23.68278642705075	23.771690909739647	26.261611103842814	0.0
23.0	26.16348909953734	23.7966674199265	23.636698818967876	26.40314466156829	0.0
24.0	26.169435887677068	23.737794217343215	23.748795775401703	26.343974119578018	0.0
25.0	26.40046860690541	23.61410102403692	23.68516514230664	26.30026522675103	0.0
26.0	26.432581262859927	23.787449898309923	23.613209005815957	26.16675983301419	0.0
27.0	26.337432652624315	23.688733215190474	23.761581369902114	26.21225276228309	0.0
28.0	26.36121980518322	23.83264548817184	23.623913224467465	26.182221482177475	0.0
29.0	26.33802733143829	23.612019648188014	23.641456249479656	26.40849677089404	0.0
30.0	26.306212014890757	23.734226144459377	23.732144768610475	26.227417072039394	0.0
31.0	26.173895978781857	23.71787247707513	23.774366964402528	26.333864579740485	0.0
32.0	26.139107268164462	23.693787985109243	23.728576695726638	26.438528050999654	0.0
33.0	26.267855231389525	23.77406962499554	23.51538434091747	26.44269080269746	0.0
34.0	26.265476516133635	23.744633023703898	23.76752815804184	26.222362302120622	0.0
35.0	26.327620452193774	23.644726982956506	23.811831729682797	26.215820835166927	0.0
36.0	26.087887320593367	23.761213379044175	23.76180805608994	26.389091244272517	0.0
37.0	26.236259243511327	23.6568475575127	23.743967744717036	26.362925454258928	0.0
38.0	26.39652470734456	23.671417145133905	23.672903837748315	26.25915430977322	0.0
39.0	26.481563524888724	23.67557988445425	23.619382903629614	26.223473687027415	0.0
40.0	26.195821204399422	23.6877707638924	23.708287121971235	26.408120909736944	0.0
41.0	26.413770341671693	23.642277969891502	23.741291698011104	26.202659990425698	0.0
42.0	26.240124644308793	23.674985207408486	23.778459013371315	26.306431134911406	0.0
43.0	26.165492675065487	23.884014188994314	23.743075729148394	26.207417406791805	0.0
44.0	26.344193127317382	23.759429347906885	23.603921300439765	26.292456224335968	0.0
45.0	26.232910519210982	23.731408964135134	23.6966204603976	26.33906005625628	0.0
46.0	26.271267074613906	23.859561486450325	23.64458637361069	26.22458506532508	0.0
47.0	26.284052593081547	23.68026689026457	23.762332078568498	26.27334843808538	0.0
48.0	26.172253640899385	23.799796621055073	23.618717999036626	26.409231739008916	0.0
49.0	26.171956303260608	23.744491820241556	23.735571691078086	26.34798018541975	0.0
50.0	26.410718427202827	23.610689882789504	23.688295006511694	26.290296683495978	0.0
51.0	26.413394465951868	23.770954870093185	23.627340790561313	26.188309873393635	0.0
52.0	26.33906005625628	23.689781694705605	23.760845390374584	26.210312858663524	0.0
53.0	26.372659209438687	23.836963825902867	23.62674611528375	26.163630849374698	0.0
54.0	26.366415119024257	23.617528648481496	23.616339297926366	26.39971693456788	0.0
55.0	26.315570382792476	23.7269488995534	23.743302469686427	26.214178247967695	0.0
56.0	26.171658965621823	23.70197253789568	23.77630694759127	26.35006154889123	0.0
57.0	26.15500805785001	23.699593836785425	23.690673707621954	26.454724397742613	0.0
58.0	26.274835126279296	23.76768415606658	23.535166122538786	26.42231459511534	0.0
59.0	26.27037506169756	23.743302469686427	23.764710779678758	26.22161168893726	0.0
60.0	26.329545251815244	23.63804494555748	23.802175322165333	26.230234480461945	0.0
61.0	26.087434846083628	23.747394586687044	23.77207353732617	26.393097029903156	0.0
62.0	26.23104849859806	23.66086959107276	23.758098709855823	26.34998320047336	0.0
63.0	26.389528988846898	23.686440551975952	23.672168387750915	26.251862071426235	0.0
64.0	26.48467675034714	23.675141755297798	23.63886667122583	26.20131482312923	0.0
65.0	26.193286730752646	23.684061857938445	23.73460910623545	26.388042305073455	0.0
66.0	26.39934110175161	23.648678784130542	23.740258504574527	26.21172160954332	0.0
67.0	26.249780714143416	23.65640953975244	23.778020272419933	26.31578947368421	0.0
68.0	26.17277049467916	23.858301196185764	23.75512534230894	26.213802966826137	0.0
69.0	26.349388526963985	23.748881270460487	23.593374147758528	26.308356054817004	0.0
70.0	26.21313035204567	23.749405328258803	23.711049000951476	26.32641531874405	0.0
71.0	26.283598953377734	23.864474310180782	23.626605613701237	26.225321122740247	0.0
72.0	26.280328258801145	23.68904614652712	23.75921741198858	26.27140818268316	0.0
73.0	26.165259276879162	23.804709800190295	23.622740247383444	26.407290675547095	0.0
74.0	26.181612749762127	23.737809229305423	23.74018791627022	26.340390104662227	0.0
75.0	26.403722645099904	23.620361560418647	23.68904614652712	26.28686964795433	0.0
76.0	26.434348239771644	23.783004281636536	23.60936013320647	26.173287345385347	0.0
77.0	26.34931018078021	23.689343482397717	23.778246907706947	26.18309942911513	0.0
78.0	26.369826355851572	23.83265937202664	23.634633682207422	26.162880589914366	0.0
79.0	26.361203615604182	23.628686964795435	23.637607040913416	26.372502378686963	0.0
80.0	26.320765937202662	23.721158420551856	23.758028068506185	26.200047573739294	0.0
81.0	26.170611322549952	23.715509039010467	23.779733587059944	26.334146051379637	0.0
82.0	26.143553758325407	23.704804947668887	23.705696955280686	26.445944338725024	0.0
83.0	26.263380114176975	23.778841579448144	23.542162226450998	26.415616079923883	0.0
84.0	26.290140342530922	23.736025214081828	23.77408420551855	26.199750237868695	0.0
85.0	26.33265937202664	23.637904376784018	23.79697906755471	26.232457183634633	0.0
86.0	26.08400902709019	23.741306668331745	23.78828559620125	26.386398708376817	0.0
87.0	26.25408463937726	23.661620891945493	23.75230806283283	26.331986405844415	0.0
88.0	26.390858733174554	23.671432946500516	23.678866321163415	26.258841999161515	0.0
89.0	26.50027800821239	23.666675586716263	23.629806048388296	26.20324035668305	0.0
90.0	26.19372563711454	23.680947666069024	23.730602608817172	26.39472408799926	0.0
91.0	26.399778782770035	23.633968738199517	23.759741437495727	26.206511041534725	0.0
92.0	26.253787304390748	23.644375462727574	23.802260340567493	26.299576892314185	0.0
93.0	26.170533508166304	23.845373913612292	23.767769482131655	26.21632309608975	0.0
94.0	26.328418386006224	23.748442708008124	23.6036405695749	26.319498336410753	0.0
95.0	26.223083830376844	23.742425413740403	23.72964004733559	26.304850708547168	0.0
96.0	26.253709242927908	23.866711068559297	23.650251841984765	26.22932784652803	0.0
97.0	26.279874643942414	23.69544662555527	23.741533411433092	26.283145319069224	0.0
98.0	26.17134769655271	23.793566879359663	23.63360113224826	26.401484291839367	0.0
99.0	26.172537032962456	23.740046740920903	23.730532049642903	26.356884176473738	0.0
100.0	26.410106980810056	23.619923763536136	23.671065229155396	26.298904026498416	0.0
101.0	26.41843233567831	23.784944190388973	23.616653088409322	26.179970385523397	0.0
102.0	26.34796415340061	23.68236392504802	23.769482817062222	26.20018910448915	0.0
103.0	26.37977890236143	23.83459898549604	23.6362771391702	26.149344972972333	0.0
104.0	26.392266934663805	23.604165056106947	23.641629153014076	26.361938856215172	0.0
105.0	26.332502780073856	23.711205332984463	23.753426775530592	26.20286511141109	0.0
106.0	26.15202097989427	23.732910722462403	23.765617473730533	26.349450823912797	0.0
107.0	26.153507650406453	23.682661259150457	23.719530687852714	26.444300402590375	0.0
108.0	26.27303595958635	23.773645494496346	23.548563578951125	26.40475496696618	0.0
109.0	26.29117333983504	23.732910722462403	23.767996146550033	26.207919791152527	0.0
110.0	26.335178786995794	23.63003312301901	23.821813619091227	26.21297447089396	0.0
111.0	26.090989911483902	23.734326822726963	23.79528013249168	26.37940313329746	0.0
112.0	26.249171183653807	23.672778846525514	23.750382816518645	26.327667153302038	0.0
113.0	26.376132467895445	23.669508181123504	23.68586150813355	26.2684978428475	0.0
114.0	26.517365746618577	23.661480184227663	23.6335308617014	26.18762320745236	0.0
115.0	26.217653862507174	23.65523618664201	23.745922818243177	26.381187132607643	0.0
116.0	26.374348468585257	23.6427481914707	23.78665746915911	26.196245870784928	0.0
117.0	26.249171183653807	23.64928952227472	23.814904124903737	26.28663516916773	0.0
118.0	26.159376551707737	23.846421446050375	23.773574807551075	26.220627194690817	0.0
119.0	26.321423155716378	23.766438810310326	23.606770872048596	26.305367161924696	0.0
120.0	26.218921152942716	23.734992061179465	23.721909360672214	26.324177425205608	0.0
121.0	26.27630663471316	23.853628368052046	23.642223821218952	26.227841176015843	0.0
122.0	26.2813613144546	23.692770618633332	23.754318777837906	26.27154928907416	0.0
123.0	26.175807708089273	23.78524152449141	23.646683832755514	26.392266934663805	0.0
124.0	26.16986102604052	23.74539875476478	23.741830745535527	26.34290947365917	0.0
125.0	26.412782987731998	23.624978443277573	23.695743959657708	26.266494609332725	0.0
126.0	26.435677713619686	23.780781512954846	23.60713839713132	26.176402376294146	0.0
127.0	26.35272149903961	23.663334542492017	23.77929484244266	26.204649116025713	0.0
128.0	26.37948156825899	23.828652303447292	23.641926487116514	26.149939641177205	0.0
129.0	26.391077598254054	23.60357038790207	23.640737150706766	26.364614863137113	0.0
130.0	26.336070789303108	23.686526602482143	23.76442813732078	26.21297447089396	0.0
131.0	26.16785749328766	23.727331923965497	23.7817442264979	26.32306635624894	0.0
132.0	26.133366634851825	23.68481302089373	23.730305273830655	26.451515070423792	0.0
133.0	26.26270735398622	23.77966288159229	23.54268689733915	26.414942867082342	0.0
134.0	26.268951388703055	23.743090678250837	23.78531224633609	26.202645686710017	0.0
135.0	26.334365085736543	23.633374068226487	23.823965794583152	26.208295051453817	0.0
136.0	26.085275927687917	23.73364652711703	23.794897716460515	26.38617982873454	0.0
137.0	26.23899857278782	23.650987155090387	23.777949571836345	26.33206470028544	0.0
138.0	26.37934110371075	23.656041864890582	23.686667459562322	26.277949571836345	0.0
139.0	26.50005946717412	23.658717887725974	23.644445765937203	26.1967768791627	0.0
140.0	26.215211703139868	23.638201712654613	23.752378686964796	26.394207897240722	0.0
141.0	26.378151760228352	23.63701236917222	23.772894862036157	26.211941008563272	0.0
142.0	26.247323977164605	23.643851094196002	23.820765937202665	26.288058991436724	0.0
143.0	26.171205994291153	23.843958135109418	23.772894862036157	26.211941008563272	0.0
144.0	26.329983349191245	23.745837297811608	23.61887488106565	26.305304471931496	0.0
145.0	26.21358357269013	23.747762534268162	23.733192989967826	26.305460903073875	0.0
146.0	26.276024476834426	23.846775967982683	23.652911827496595	26.224287727686296	0.0
147.0	26.281971229610075	23.670752085823533	23.76857616898293	26.278700515583463	0.0
148.0	26.17255097853817	23.813176814800276	23.632395530420613	26.38187667624094	0.0
149.0	26.183927663484152	23.724640740729726	23.75318523892637	26.338246356859745	0.0
150.0	26.41830897132459	23.617669096920753	23.68278642705075	26.281235504703908	0.0
151.0	26.451610984907052	23.764257424564992	23.624805242688424	26.159326347839535	0.0
152.0	26.35259696238062	23.66583808085253	23.764257424564992	26.217307532201854	0.0
153.0	26.364193199253084	23.83175346995088	23.651863128724177	26.15219020207186	0.0
154.0	26.373410720869657	23.60845157530418	23.6578099168639	26.360327786962262	0.0
155.0	26.329107149228705	23.685462481713625	23.76871751566979	26.216712853387886	0.0
156.0	26.161188171803218	23.718835020739483	23.789899350311465	26.33007745714583	0.0
157.0	26.125507336871685	23.67274727561958	23.72834991005456	26.47339547745417	0.0
158.0	26.27239344067318	23.759570640619657	23.53656542229755	26.431470496409617	0.0
159.0	26.2938019416321	23.71942970132168	23.798819559044347	26.187948798001877	0.0
160.0	26.356838083344485	23.629335593119546	23.825580185243002	26.18824613829297	0.0
161.0	26.083957254232654	23.71593213485017	23.794430205105943	26.40568040581124	0.0
162.0	26.254333747628706	23.63118989991496	23.763209381708762	26.351266970747577	0.0
163.0	26.381595770619125	23.638920770470452	23.696902299636648	26.28258115927377	0.0
164.0	26.518670052391514	23.635055335192707	23.657653264508763	26.188621347907016	0.0
165.0	26.21359800662476	23.643975570449044	23.75131573470031	26.391110688225883	0.0
166.0	26.393192076452365	23.631784582265382	23.77540036989242	26.19962297138983	0.0
167.0	26.252549700577436	23.637731405769607	23.83397658140904	26.275742312243917	0.0
168.0	26.156805842159407	23.851222369571293	23.756965217029325	26.23500657123997	0.0
169.0	26.335805229636588	23.731691217136365	23.625540417585945	26.306963135641098	0.0
170.0	26.222079497609364	23.753241038083683	23.727966887889817	26.296712576417136	0.0
171.0	26.29700991936059	23.829360831608746	23.657496610290444	26.21613263874022	0.0
172.0	26.2788719998097	23.666119555650706	23.765432098765434	26.28957634577416	0.0
173.0	26.175099312543114	23.807357453792907	23.633411831870408	26.38413140179357	0.0
174.0	26.173393079619757	23.73576838105206	23.752716979224587	26.338121560103595	0.0
175.0	26.391721923225596	23.63206565371235	23.686479735957896	26.289732687104163	0.0
176.0	26.44256786893045	23.7697362552407	23.637417858523385	26.15027801730546	0.0
177.0	26.355148523683507	23.675180636912373	23.75754512206	26.212125717344115	0.0
178.0	26.363176830900066	23.83247598941453	23.634444411406143	26.169902768279268	0.0
179.0	26.40450774582974	23.59549225417026	23.660313401326157	26.339686598673843	0.0
180.0	26.337307840980046	23.66536826142547	23.784008801403466	26.213315096191014	0.0
181.0	26.160465524264886	23.706174975989345	23.797757419515982	26.335602080229787	0.0
182.0	26.12983892789072	23.666330666143338	23.742748484280828	26.461081921685114	0.0
183.0	26.26691524758481	23.754939653711318	23.566125200336597	26.412019898367273	0.0
184.0	26.28713474810368	23.722231638166093	23.79359458117386	26.19703903255637	0.0
185.0	26.354037507173462	23.631243885831186	23.816192846459654	26.198525760535695	0.0
186.0	26.094829739405544	23.698217110505844	23.800801646110116	26.4061515039785	0.0
187.0	26.258964996372374	23.627745994742913	23.768390879788765	26.344898129095952	0.0
188.0	26.387716022217727	23.623285797542728	23.703272000666058	26.285726179573487	0.0
189.0	26.512006850862903	23.635774349703247	23.663130225864386	26.189088573569464	0.0
190.0	26.21614710325059	23.647965555383756	23.75144213042806	26.384445210937592	0.0
191.0	26.40050192085826	23.629232727142977	23.763038643148544	26.20722670885022	0.0
192.0	26.26966946965282	23.63607169618326	23.81418223771067	26.28007659645325	0.0
193.0	26.16232739036835	23.842430153311845	23.764228029068594	26.23101442725121	0.0
194.0	26.355602602376393	23.705650772506154	23.626259262342852	26.3124873627746	0.0
195.0	26.24336170035622	23.75515155840217	23.710549321153948	26.29093742008766	0.0
196.0	26.290342723591014	23.8303806652275	23.650484974993013	26.22879163618847	0.0
197.0	26.305507484255408	23.660892163684263	23.756043603147134	26.277556748913195	0.0
198.0	26.184486747188572	23.806295457113464	23.632941428342047	26.37627636735592	0.0
199.0	26.182780511737857	23.724000535228438	23.748085814959634	26.34513313807407	0.0
200.0	26.415683429278268	23.620890622769874	23.68392882630001	26.27949712165184	0.0
201.0	26.458064477761063	23.759597028860966	23.63233046487978	26.150008028498196	0.0
202.0	26.36887522375988	23.670078323391756	23.748877483660323	26.212168969188042	0.0
203.0	26.38627875443062	23.844470347550967	23.62115517282394	26.14809572519447	0.0
204.0	26.399957180579015	23.58755382163332	23.660703665818207	26.351785331969456	0.0
205.0	26.342269905083615	23.675868877417514	23.788864571686847	26.192996645812023	0.0
206.0	26.169583252798883	23.7029988551718	23.802613776594953	26.324804115434365	0.0
207.0	26.13137948158302	23.661509457526623	23.756664575236474	26.450446485653877	0.0
208.0	26.265050209491186	23.763645176350245	23.55162641878611	26.41967819537246	0.0
209.0	26.29450439654224	23.71278104714128	23.80258529172998	26.1901292645865	0.0
210.0	26.367061468329133	23.612569025861838	23.816264083952102	26.204105421856926	0.0
211.0	26.102484195000685	23.70839107188524	23.786300946218397	26.40282378689568	0.0
212.0	26.250275063487628	23.61472080312591	23.78600358028583	26.34900055310063	0.0
213.0	26.388566738630075	23.613514847657623	23.713728358936844	26.284190054775458	0.0
214.0	26.498296072938782	23.65247024818456	23.662580810153383	26.186652868723275	0.0
215.0	26.215809538536565	23.642343537192442	23.755642652805122	26.386204271465868	0.0
216.0	26.4027168159488	23.62969703457874	23.7727343015856	26.19485184788686	0.0
217.0	26.26295067147224	23.649323769760557	23.81763789268339	26.270087666083814	0.0
218.0	26.141621763075566	23.841427874721955	23.783142418727472	26.233807943475	0.0
219.0	26.357218475300055	23.718017342896903	23.617504668783976	26.307259513019066	0.0
220.0	26.246907265546938	23.76082457058572	23.707296474282725	26.284971689584623	0.0
221.0	26.315304277489656	23.822976637959748	23.646928676785457	26.214790407765143	0.0
222.0	26.283484798020652	23.677856021316078	23.753092734453062	26.28556644621021	0.0
223.0	26.168399390969217	23.797104724746635	23.647820811723843	26.386675072560305	0.0
224.0	26.190808979875875	23.735290531518487	23.7483755274889	26.32552496111675	0.0
225.0	26.41571155824922	23.626220030809307	23.675288911622484	26.28277949931898	0.0
226.0	26.438172842443347	23.76910723844644	23.628144887884375	26.16457503122584	0.0
227.0	26.34257028829054	23.677949669598938	23.762706017403303	26.216774024707217	0.0
228.0	26.384502376151648	23.82664501662414	23.644641911865293	26.14421069535892	0.0
229.0	26.39372148766721	23.61341588899	23.660106227955914	26.332756395386873	0.0
230.0	26.352995057307872	23.669606904304487	23.79362029894068	26.183777739446967	0.0
231.0	26.17969207709671	23.70328294468748	23.80201812325838	26.315006854957428	0.0
232.0	26.128398131157976	23.657922206922805	23.737921969005296	26.475757692913927	0.0
233.0	26.25778073856421	23.764970393787898	23.558277099870036	26.418971767777855	0.0
234.0	26.291089585929388	23.723334334581423	23.81642066695019	26.169155412539	0.0
235.0	26.367818895038468	23.61567538149039	23.80155064580502	26.21495507766612	0.0
236.0	26.086258275191376	23.717456861940363	23.801621431927813	26.39466343094044	0.0
237.0	26.24812264866392	23.621169088016178	23.796933783401983	26.333774479917913	0.0
238.0	26.389843059929873	23.632016131190838	23.714991836261277	26.263148972618016	0.0
239.0	26.49869290959217	23.662946143116734	23.671570857980686	26.16679008931041	0.0
240.0	26.23052718610032	23.637423491693387	23.759063520482513	26.37298580172378	0.0
241.0	26.380689236735893	23.652472882903513	23.782444598440936	26.184393281919654	0.0
242.0	26.27740482854415	23.62250861815121	23.82446632897989	26.275620224324754	0.0
243.0	26.148231213804056	23.839127162833034	23.793319868765078	26.219321754597836	0.0
244.0	26.344095617150643	23.737112328734526	23.617531397431094	26.301260656683738	0.0
245.0	26.242124239197047	23.74954634427858	23.7355648236841	26.272764592840268	0.0
246.0	26.279886833877246	23.824086772593805	23.68813272922536	26.207893664303583	0.0
247.0	26.27272943640518	23.684132235338918	23.778739051789792	26.26439927646611	0.0
248.0	26.15486684854561	23.818505835696076	23.678972750884352	26.347654564873956	0.0
249.0	26.18915863382125	23.717422349161012	23.79953588004284	26.293883136974888	0.0
