# Position (bp)	A	C	G	T	N
0.0	26.363379028670792	23.715745346219688	23.780985887015245	26.139889738094276	0.0
1.0	26.276571366951085	23.7890735573618	23.631363985603947	26.302991090083168	0.0
2.0	26.41446871832474	23.756442882097954	23.650768832625246	26.17831956695206	0.0
3.0	26.225950716659884	23.77310577775861	23.82594209032314	26.17500141525837	0.0
4.0	26.257008841923657	23.743799870605994	23.703364244123357	26.295827043346993	0.0
5.0	26.21264482459309	23.774146417731004	23.780346446844185	26.232862310831724	0.0
6.0	26.27712827756497	23.7224673759802	23.717884782825518	26.282519563629307	0.0
7.0	26.160721987406195	23.82391313723799	23.75679289226257	26.258571983093248	0.0
8.0	26.211443651056786	23.63720170466032	23.785726030572828	26.36562861371006	0.0
9.0	26.30232620825359	23.631095177767595	23.816275371303806	26.250303242675006	0.0
10.0	26.15216254535065	23.78206890603184	23.755653669292016	26.310114879325496	0.0
11.0	26.188011795211835	23.83516892274352	23.691771923298777	26.285047358745867	0.0
12.0	26.174804176841924	23.62923789346573	23.86913136998043	26.326826559711915	0.0
13.0	26.249127356138423	23.791708333445644	23.790899705929128	26.168264604486808	0.0
14.0	26.330529192801063	23.6450772104507	23.852355397184358	26.17203819956388	0.0
15.0	26.209504607829132	23.77364898557678	23.83240925177696	26.184437154817132	0.0
16.0	26.365300176011257	23.71192375181604	23.688743096342577	26.234032975830125	0.0
17.0	26.34104135051577	23.782274345752956	23.74777290504826	26.128911398683012	0.0
18.0	26.204652842730034	23.679039566144382	23.75532009520241	26.360987495923172	0.0
19.0	26.231068008269563	23.673918258539782	23.737530289839057	26.357483443351597	0.0
20.0	26.21839951051081	23.803029118676868	23.75370284016938	26.224868530642944	0.0
21.0	26.19117571745476	23.86125029986604	23.648581263022272	26.298992719656926	0.0
22.0	26.163412839387707	23.778500750675878	23.775266240609813	26.282820169326605	0.0
23.0	26.36826514357182	23.839147814414595	23.621357469966224	26.171229572047366	0.0
24.0	26.31112213240467	23.67095329097922	23.805724543731923	26.212200032884187	0.0
25.0	26.364761091000243	23.71515826188211	23.77203173054375	26.148048916573902	0.0
26.0	26.275812064183462	23.792786503467664	23.62701786258184	26.304383569767037	0.0
27.0	26.40700808625337	23.758760107816713	23.64743935309973	26.186792452830186	0.0
28.0	26.232884097035043	23.766846361185983	23.82021563342318	26.180053908355795	0.0
29.0	26.261185983827495	23.739622641509435	23.699460916442046	26.299730458221028	0.0
30.0	26.22210242587601	23.77897574123989	23.774393530997305	26.22452830188679	0.0
31.0	26.276280323450134	23.72156334231806	23.71752021563342	26.28463611859838	0.0
32.0	26.164959568733153	23.82991913746631	23.74878706199461	26.256334231805926	0.0
33.0	26.210512129380053	23.635309973045825	23.781132075471696	26.373045822102426	0.0
34.0	26.304312668463613	23.628032345013477	23.809703504043124	26.257951482479786	0.0
35.0	26.147708894878708	23.78247978436658	23.755256064690027	26.314555256064693	0.0
36.0	26.197843665768193	23.829649595687332	23.680592991913745	26.29191374663073	0.0
37.0	26.175471698113206	23.63396226415094	23.864420485175202	26.326145552560646	0.0
38.0	26.24440365389851	23.796162274495217	23.784572009239866	26.17486206236641	0.0
39.0	26.322301018056553	23.65141872932957	23.850609567090117	26.175670685523762	0.0
40.0	26.20990239918491	23.777294400823717	23.830124447103916	26.182678752887455	0.0
41.0	26.364618963291203	23.71556949981267	23.68565044299072	26.234161093905406	0.0
42.0	26.335778070679055	23.782146139767818	23.751957541893418	26.130118247659713	0.0
43.0	26.20639836550306	23.685919984043167	23.754383411365467	26.353298239088303	0.0
44.0	26.230387519171106	23.67325155457802	23.748183967159118	26.348176959091756	0.0
45.0	26.20747652971286	23.809908868170165	23.757887445047317	26.224727157069655	0.0
46.0	26.182139670782554	23.868399276551816	23.65249689353937	26.296964159126258	0.0
47.0	26.16704537184536	23.78376338608252	23.77567715450902	26.273514087563104	0.0
48.0	26.361384470661804	23.844679663936216	23.62446462408457	26.16947124131741	0.0
49.0	26.306667637014456	23.67244293142067	23.808291621855467	26.212597809709408	0.0
50.0	26.35518502645545	23.72042123875677	23.788076042921716	26.13631769186606	0.0
51.0	26.265966938094504	23.801283554491768	23.633898560920322	26.298850946493406	0.0
52.0	26.40443986824869	23.767257319367552	23.653241761499938	26.175061050883823	0.0
53.0	26.2284300354176	23.772648125886114	23.829251594331026	26.16967024436526	0.0
54.0	26.26185303583269	23.738955585145092	23.699063616907726	26.30012776211449	0.0
55.0	26.221691527269396	23.775882609797254	23.773187206537973	26.22923865639538	0.0
56.0	26.27559959245503	23.719279141352338	23.720087762330124	26.285033503862515	0.0
57.0	26.15619322806885	23.835181481501447	23.749198117530362	26.259427172899336	0.0
58.0	26.203632325432206	23.643538309766523	23.77642169044911	26.37640767435216	0.0
59.0	26.297701899181135	23.635721640314607	23.80849698923456	26.258079471269696	0.0
60.0	26.146489776335436	23.784777440552883	23.754319383723	26.31441339938868	0.0
61.0	26.196893817284007	23.823860787812464	23.680734874744612	26.298510520158917	0.0
62.0	26.16778346208376	23.63868658389982	23.86240505442019	26.33112489959623	0.0
63.0	26.246957571771656	23.794416756737817	23.782287474764356	26.176338196726174	0.0
64.0	26.32054188241065	23.6545257046439	23.845090201426945	26.179842211518505	0.0
65.0	26.20437031506484	23.78713918755374	23.825683350269404	26.18280714711202	0.0
66.0	26.35908604512632	23.7229887628941	23.684175060579022	26.23375013140056	0.0
67.0	26.334557941579988	23.782287474764356	23.742395614051638	26.140758969604022	0.0
68.0	26.198709983477226	23.68902677336841	23.75479443562451	26.35746880752986	0.0
69.0	26.222699007824733	23.684983679377254	23.738352520060484	26.35396479273753	0.0
70.0	26.202213998269556	23.815440845491814	23.750751341633354	26.231593814605276	0.0
71.0	26.18523300350671	23.874470017762658	23.64455273946572	26.295744239264913	0.0
72.0	26.169060627542095	23.788486885550792	23.76908003439325	26.27337245251386	0.0
73.0	26.353695253138117	23.843472963830482	23.62514588830818	26.177685894723226	0.0
74.0	26.30517812524427	23.681479664584923	23.79899892992779	26.214343280243018	0.0
75.0	26.3585469659275	23.72110198569823	23.78040069756848	26.13995035080579	0.0
76.0	26.269598898122116	23.796842613132508	23.631345299094615	26.302213189650757	0.0
77.0	26.400793522441806	23.774406744940755	23.64826255242531	26.176537180192128	0.0
78.0	26.21912432210973	23.77413720606786	23.834783452469516	26.171955019352893	0.0
79.0	26.258476997552588	23.736671302735278	23.70378756024194	26.301064139470192	0.0
80.0	26.21696801112656	23.770363661847313	23.78114521676316	26.231523110262962	0.0
81.0	26.27330163556188	23.71888173712413	23.71888173712413	26.288934890189864	0.0
82.0	26.15982577007256	23.829662213884486	23.748800552015613	26.261711464027343	0.0
83.0	26.20079567875279	23.645836702569245	23.770363661847313	26.383003956830652	0.0
84.0	26.29998598397861	23.635863764272084	23.813220342637813	26.25092990911149	0.0
85.0	26.146348826427747	23.78276245000054	23.76119934016884	26.309689383402873	0.0
86.0	26.186510118489288	23.825349591918147	23.69004107772423	26.298099211868337	0.0
87.0	26.169529169496826	23.63316837554312	23.863354572996517	26.33394788196354	0.0
88.0	26.244390237328336	23.79536663926362	23.777577121602135	26.182666001805906	0.0
89.0	26.322556299780324	23.65332003611811	23.84280535302759	26.181318311073976	0.0
90.0	26.20988935459091	23.781889731944315	23.829058907561894	26.179162005902885	0.0
91.0	26.36729963208043	23.713966119054998	23.68458646109891	26.234147787765664	0.0
92.0	26.33630274524602	23.778116197894906	23.751970997695448	26.133610059163626	0.0
93.0	26.20045551946739	23.689707685880244	23.750084230670744	26.35975256398162	0.0
94.0	26.222827185617444	23.689168609587473	23.74065039554723	26.347353809247853	0.0
95.0	26.20449859166318	23.807495855851	23.759787603940648	26.22821794854517	0.0
96.0	26.18886537917279	23.874610854301153	23.646042506165685	26.29048126036037	0.0
97.0	26.171345399657685	23.776229430870206	23.777846659748523	26.27457850972359	0.0
98.0	26.356518106224986	23.840918586002886	23.62879206479697	26.173771242975164	0.0
99.0	26.30530585841161	23.676230778560935	23.805609088826294	26.21285427420116	0.0
100.0	26.354092262907507	23.723130416032127	23.779733426773227	26.14304389428714	0.0
101.0	26.27511758601636	23.795097101117236	23.63148744626083	26.29829786660557	0.0
102.0	26.40927639984259	23.770235521797492	23.65056090737077	26.169927170989148	0.0
103.0	26.227877716263347	23.77104413405713	23.828455604491573	26.172622545187945	0.0
104.0	26.264265267947152	23.73250028301429	23.70446839134677	26.298766057691793	0.0
105.0	26.22221743044587	23.770235521797492	23.773739508255932	26.23380753950071	0.0
106.0	26.279089826040547	23.71524988814197	23.71605850040161	26.28960178541587	0.0
107.0	26.161301973552987	23.828455604491573	23.75055929014625	26.25968313180919	0.0
108.0	26.204697498153667	23.646787383492452	23.77562627019509	26.372888848158787	0.0
109.0	26.30712171770807	23.64247478477437	23.802580012183093	26.24782348533447	0.0
110.0	26.15483307547587	23.78209516827221	23.75810633790289	26.30496541834903	0.0
111.0	26.203349811054267	23.81470919607769	23.68155771065697	26.300383282211072	0.0
112.0	26.17289208260783	23.63034560087977	23.86053055745729	26.336231759055114	0.0
113.0	26.258534205554074	23.792003924454256	23.773944965997945	26.175516903993724	0.0
114.0	26.327535599058777	23.654540210831602	23.84671987320994	26.171204316899683	0.0
115.0	26.211095747519586	23.79038670429399	23.826504621206606	26.172012926979814	0.0
116.0	26.373626373626376	23.71383828337471	23.68715415073031	26.22538119226861	0.0
117.0	26.33912567687402	23.777988016398613	23.748069443433682	26.134816863293686	0.0
118.0	26.19573215599706	23.690388591050844	23.752382030527727	26.361497222424372	0.0
119.0	26.21594740800039	23.690119054357464	23.737018439005194	26.35691509863695	0.0
120.0	26.200044743091098	23.806558905896654	23.763433034956215	26.229963316056033	0.0
121.0	26.177673197540745	23.87771659294838	23.64861040357729	26.29599980593358	0.0
122.0	26.170665243512925	23.777988016398613	23.77960523655888	26.271741503529583	0.0
123.0	26.3563760252502	23.84186821272914	23.627047468107072	26.17470829391359	0.0
124.0	26.292765365613047	23.680685270089246	23.804941685736388	26.22160767856132	0.0
125.0	26.357454172023708	23.717881333775374	23.777718479705236	26.146946014495683	0.0
126.0	26.273628260383227	23.791464851067502	23.632707738668003	26.302199149881268	0.0
127.0	26.399303515307032	23.77050505921737	23.65379535640933	26.17639606906627	0.0
128.0	26.22086974334647	23.772930895996293	23.82737745481205	26.17882190584519	0.0
129.0	26.263726193107388	23.73708241915225	23.702312091987732	26.29687929575263	0.0
130.0	26.21709621946815	23.78182563085233	23.765114310819772	26.23596383885975	0.0
131.0	26.28219641836746	23.707022026716693	23.719959892615712	26.290821662300136	0.0
132.0	26.154974070360424	23.828584058392902	23.75095686299878	26.26548500824789	0.0
133.0	26.19783075115093	23.645297624823453	23.77198089508469	26.38489072894093	0.0
134.0	26.301135031253114	23.639970566275746	23.806276499111867	26.252617903359273	0.0
135.0	26.151071961876216	23.77938663403432	23.758901569263777	26.31063983482569	0.0
136.0	26.19258117206915	23.81415733607905	23.6777699311594	26.315491560692394	0.0
137.0	26.172096107298614	23.633026237055326	23.856475167249773	26.33840248839629	0.0
138.0	26.253298508629356	23.789154207131517	23.772981743984516	26.184565540254606	0.0
139.0	26.313945245430602	23.64710607249037	23.851957272352365	26.186991409726655	0.0
140.0	26.196694887614857	23.78430246818742	23.835784809205364	26.183217834992355	0.0
141.0	26.357071813822603	23.71961261559942	23.686998148252968	26.236317422325005	0.0
142.0	26.336047611731505	23.768130005040415	23.751418459788518	26.144403923439558	0.0
143.0	26.193729936037908	23.68726768930542	23.755731116627718	26.363271258028952	0.0
144.0	26.21583230233881	23.682146409308867	23.73740232506112	26.364618963291203	0.0
145.0	26.193999477090358	23.804518047121167	23.76004377346692	26.241438702321556	0.0
146.0	26.171627569737012	23.873251015495914	23.652766434591822	26.30235498017526	0.0
147.0	26.16569766658311	23.781337516610467	23.78349384503007	26.269470971776354	0.0
148.0	26.346290171724608	23.847105533408268	23.626081870399272	26.180522424467856	0.0
149.0	26.282408942293955	23.69131080509217	23.809369786065265	26.216910466548608	0.0
150.0	26.356064690026955	23.72210242587601	23.774393530997305	26.147439353099735	0.0
151.0	26.275003436666942	23.794673301006203	23.626748320076334	26.303574942250517	0.0
152.0	26.403107294378948	23.762661793325034	23.653227241117204	26.18100367117882	0.0
153.0	26.21766155073612	23.775330325230865	23.827621712246426	26.179386411786588	0.0
154.0	26.261866640790515	23.73597701335317	23.70740543075704	26.294750915099275	0.0
155.0	26.216583377807968	23.787998857136696	23.75834910161241	26.23706866344293	0.0
156.0	26.28438042458679	23.71508048604298	23.71831502226439	26.282224067105847	0.0
157.0	26.150955805453428	23.83880149651209	23.747425848257127	26.262816849777355	0.0
158.0	26.19785658066394	23.643381599801614	23.77464986145403	26.384111958080407	0.0
159.0	26.306014905861264	23.636437148748634	23.81298939338805	26.24455855200205	0.0
160.0	26.149209960268898	23.78555987428368	23.76237890639741	26.302851259050016	0.0
161.0	26.195841442179656	23.813862218795993	23.67908914968975	26.311207189334603	0.0
162.0	26.169425920634836	23.633266306193633	23.863997800503512	26.333309972668022	0.0
163.0	26.25170825325545	23.787780362432713	23.78292851886693	26.177582865444897	0.0
164.0	26.31424312588108	23.652198289455594	23.848967500734517	26.184591083928808	0.0
165.0	26.197798880302326	23.78131123767834	23.842228829115374	26.178661052903962	0.0
166.0	26.358448811702644	23.71931545878224	23.687778475604663	26.234457253910453	0.0
167.0	26.33230276582038	23.770529363087714	23.751930629418883	26.145237241673026	0.0
168.0	26.198607520896623	23.685083006957004	23.75516519179607	26.361144280350302	0.0
169.0	26.222058098131228	23.682657085174114	23.73980102050443	26.355483796190228	0.0
170.0	26.201302989544278	23.80718773669584	23.757052019849432	26.234457253910453	0.0
171.0	26.175696037391543	23.871878984239594	23.655432851832785	26.29699212653608	0.0
172.0	26.166800990854277	23.78858900302701	23.78050259708404	26.264107409034672	0.0
173.0	26.351979686948273	23.842767922844903	23.63144318086864	26.173809209338184	0.0
174.0	26.285132064486394	23.684543913227472	23.81662187696264	26.2137021453235	0.0
175.0	26.366067192823568	23.716683917712512	23.778410316125413	26.138838573338507	0.0
176.0	26.275570027305246	23.792221374642512	23.630492383912276	26.301716214139965	0.0
177.0	26.400711609477344	23.76613924903636	23.6494245127901	26.183724628696194	0.0
178.0	26.21984420065231	23.765869699991914	23.831100568748482	26.183185530607293	0.0
179.0	26.259198361141813	23.735410657969215	23.71681177390226	26.28857920698671	0.0
180.0	26.215261866896682	23.78662497641446	23.763982856680773	26.234130300008086	0.0
181.0	26.284947222012573	23.70319255609346	23.725295696895856	26.286564524998113	0.0
182.0	26.148824220729512	23.835272299912667	23.75548535262596	26.26041812673186	0.0
183.0	26.20057791626683	23.644969648613973	23.774084336959685	26.380368098159508	0.0
184.0	26.299034737066258	23.638833705763275	23.813233347799247	26.24889820937122	0.0
185.0	26.145191462750617	23.788768309316254	23.759656698635528	26.3063835292976	0.0
186.0	26.197754093146376	23.81464529658801	23.675017386100823	26.312583224164793	0.0
187.0	26.174303073431343	23.62002878814834	23.8639733035748	26.34169483484552	0.0
188.0	26.255508982842972	23.78128495761284	23.78371093170883	26.179495127835356	0.0
189.0	26.320740730757308	23.65513430462148	23.841664757335202	26.182460207286006	0.0
190.0	26.198363815248594	23.779667641548848	23.837891019852556	26.184077523350002	0.0
191.0	26.359017210938447	23.724139790018466	23.686941520546654	26.229901478496437	0.0
192.0	26.333948811946573	23.76888553445557	23.75217326846099	26.144992385136867	0.0
193.0	26.201328894699245	23.685593757159992	23.755407900588974	26.35766944755179	0.0
194.0	26.219119371403153	23.687480625901316	23.738965187271724	26.354434815423804	0.0
195.0	26.20078978934458	23.806353356604713	23.7564861112983	26.236370742752403	0.0
196.0	26.168443468064744	23.87562839467903	23.653247435880157	26.30268070137607	0.0
197.0	26.16089599309945	23.79071930131946	23.78074585225818	26.26763885332291	0.0
198.0	26.349313314554497	23.84975133765516	23.62763993153362	26.17329541625672	0.0
199.0	26.28408156664016	23.685593757159992	23.812283515506017	26.21804116069383	0.0
200.0	26.362862010221466	23.72366463243698	23.778653526836738	26.134819830504817	0.0
201.0	26.28395371216471	23.798125520576416	23.62129801096007	26.296622756298802	0.0
202.0	26.39858537610989	23.77392973243985	23.641847852456454	26.185637038993804	0.0
203.0	26.217174957275557	23.767999525583452	23.83377091071804	26.181054606422954	0.0
204.0	26.25518219212792	23.741583149586774	23.715975438161422	26.287259220123886	0.0
205.0	26.209896976133614	23.790103023866386	23.76611264158369	26.233887358416315	0.0
206.0	26.28767049436627	23.706399266806834	23.72284220173594	26.283088037090945	0.0
207.0	26.14642298776214	23.830934282171544	23.752493395870395	26.270149334195914	0.0
208.0	26.200873362445414	23.651679335813252	23.76354520459324	26.383902097148095	0.0
209.0	26.295558508702648	23.63664789651166	23.81886845347041	26.248925141315276	0.0
210.0	26.143868369552912	23.787394400746138	23.75855172004809	26.31018550965286	0.0
211.0	26.194545229097145	23.813541503808853	23.672562793481013	26.31935047361299	0.0
212.0	26.163006970763764	23.61999902959205	23.869339960860213	26.34765403878397	0.0
213.0	26.25337958957024	23.786110729236583	23.781797793394198	26.178711887798972	0.0
214.0	26.32049965361734	23.655105303024175	23.837057283874742	26.187337759483743	0.0
215.0	26.192728929286723	23.781797793394198	23.83274434803236	26.192728929286723	0.0
216.0	26.36093342713969	23.72033845764023	23.67720909921639	26.24151901600369	0.0
217.0	26.33640360453613	23.766702517945856	23.74432916326349	26.152564714254524	0.0
218.0	26.195424514188208	23.68906967278295	23.753224593438407	26.362281219590432	0.0
219.0	26.22291948018341	23.68340894448982	23.73408594063783	26.35958563468894	0.0
220.0	26.20324171040253	23.81091011033029	23.74891165759602	26.236936521671154	0.0
221.0	26.176555419877783	23.87156077061381	23.644862080398514	26.30702172910989	0.0
222.0	26.161999261409736	23.787188963197178	23.777215299061666	26.273596476331416	0.0
223.0	26.34772506112239	23.84568315555951	23.625723427597936	26.180868355720165	0.0
224.0	26.28114411405559	23.685834970901162	23.814683929192377	26.218336985850875	0.0
225.0	26.367473906667815	23.717437246614338	23.77593159665315	26.13915725006469	0.0
226.0	26.28532920008087	23.79971696205944	23.610755441741357	26.304198396118338	0.0
227.0	26.395919929698575	23.776868459784247	23.636966472043863	26.190245138473315	0.0
228.0	26.21666208413528	23.772016367723882	23.827006744407964	26.184314803732878	0.0
229.0	26.25844398798838	23.737512601961324	23.712982580989504	26.291060829060797	0.0
230.0	26.21450559877512	23.78953781127518	23.769859882363722	26.226096707585977	0.0
231.0	26.282037458352654	23.71095392644189	23.725510281099382	26.28149833410608	0.0
232.0	26.15049114218863	23.833604692537442	23.75138824493493	26.264515920338997	0.0
233.0	26.20278619410629	23.648954638085893	23.763248978359552	26.38501018944826	0.0
234.0	26.298012513107494	23.640392375684353	23.81129522253761	26.250299888670543	0.0
235.0	26.14416260074939	23.789794322991078	23.75232498584791	26.313718090411626	0.0
236.0	26.191875353802196	23.81621155349489	23.670377658570775	26.321535434132144	0.0
237.0	26.16114510607327	23.6196997061757	23.865811251583686	26.353343936167345	0.0
238.0	26.249902282940084	23.790936708997247	23.783658472810394	26.17550253525227	0.0
239.0	26.313249894196012	23.657771943208193	23.837571333453738	26.191406829142057	0.0
240.0	26.18434034385901	23.783581244642367	23.83021624623281	26.201862165265823	0.0
241.0	26.361332758248867	23.720347207246064	23.67478973474229	26.243530299762778	0.0
242.0	26.326771027369748	23.778766811247664	23.74237445310373	26.15208770827886	0.0
243.0	26.18984076149809	23.69221976908126	23.750448169983798	26.367491299436857	0.0
244.0	26.225309815148794	23.684785157987527	23.733040029977328	26.356864996886348	0.0
245.0	26.19925701869315	23.81826612533631	23.748982309712137	26.233494546258406	0.0
246.0	26.16956975361729	23.88259684520135	23.642657450118218	26.30517595106315	0.0
247.0	26.15422774244512	23.803310156664935	23.773654086202107	26.268808014687846	0.0
248.0	26.34622695176958	23.85287956280146	23.6234419948936	26.177451490535365	0.0
249.0	26.27720695484313	23.69219238245706	23.819987220516197	26.21061344218362	0.0
