# Position (bp)	A	C	G	T	N
0.0	26.128257577624613	23.65117049621153	23.91897849594865	26.301593430215203	0.0
1.0	26.165224939551518	23.882558798642886	23.69991264749293	26.252303614312666	0.0
2.0	26.255418308474603	23.629438357927366	23.788804398721787	26.326338934876244	0.0
3.0	26.196161112784427	23.71347991566496	23.781386051860572	26.308972919690042	0.0
4.0	26.260264333102423	23.56655285429918	23.796550581702586	26.376632230895815	0.0
5.0	26.240855127699653	23.76708503088448	23.722182065098348	26.269877776317518	0.0
6.0	26.325357777467477	23.806472986329574	23.720776145065862	26.147393091137083	0.0
7.0	26.21129031816477	23.819784203191777	23.7047947849561	26.264130693687353	0.0
8.0	26.324665582513372	23.86615634804606	23.755277034019418	26.053901035421152	0.0
9.0	26.183169116459375	23.75728572640985	23.7868529768472	26.272692180283574	0.0
10.0	26.308873290333885	23.72945389239917	23.689210350529464	26.27246246673748	0.0
11.0	26.27054610760083	23.73575050099103	23.804191898728632	26.189511492679507	0.0
12.0	26.208329569066763	23.85751087530833	23.838621101246453	26.09553845437846	0.0
13.0	26.358626467037343	23.674635961202046	23.709677860911036	26.257059710849575	0.0
14.0	26.264725126410916	23.754575294913174	23.79783013986646	26.182869438809455	0.0
15.0	26.229683226701926	23.78496319231706	23.757860473010894	26.22749310797012	0.0
16.0	26.257059710849575	23.816446149086858	23.875579354845776	26.050914785217792	0.0
17.0	26.17704871358253	23.802966507700983	23.73808441789541	26.281900360821076	0.0
18.0	26.300790083169527	23.73151407968725	23.739179474263437	26.228516362879777	0.0
19.0	26.292303396317322	23.702768850026555	23.724669977387087	26.280257776269032	0.0
20.0	26.235360465179948	23.701126265474514	23.74465475610357	26.31885851324197	0.0
21.0	26.139269268885617	23.827879040073586	23.766282119372097	26.2665695716687	0.0
22.0	26.186904220894768	23.790920887652693	23.788457010824633	26.233717880627903	0.0
23.0	26.218934619659546	23.829795388717635	23.667727046249706	26.28354294537311	0.0
24.0	26.330356605106246	23.74958250975969	23.67621373310191	26.243847152032153	0.0
25.0	26.134889043413512	23.640898165233054	23.929171754116044	26.295041037237393	0.0
26.0	26.16801449854631	23.883726914842942	23.70824413186669	26.24001445474406	0.0
27.0	26.25999923346054	23.636791703852957	23.788183246732626	26.315025815953874	0.0
28.0	26.18060764677862	23.729871495135214	23.782434200800488	26.307086657285684	0.0
29.0	26.265474515300674	23.570814557679356	23.792289708112722	26.371421218907244	0.0
30.0	26.242752095664123	23.766829647556108	23.72247986465103	26.267938392128737	0.0
31.0	26.31803722096595	23.796943697676838	23.72275362874304	26.162265452614175	0.0
32.0	26.21044793280734	23.81638094820931	23.701947557750536	26.271223561232816	0.0
33.0	26.33090413329026	23.858266854286324	23.760806837531963	26.050022174891453	0.0
34.0	26.180060118594607	23.758342960703903	23.78927830310065	26.272318617600842	0.0
35.0	26.295041037237393	23.723574921019058	23.697567332278428	26.283816709465118	0.0
36.0	26.27177108941683	23.727407618307154	23.811453194553188	26.18936809772283	0.0
37.0	26.210649941551527	23.856285195699726	23.840680685174895	26.09238417757385	0.0
38.0	26.35985096323632	23.674780099595104	23.708179227385095	26.25718970978348	0.0
39.0	26.265402610059706	23.757730392385	23.790034466804826	26.186832530750472	0.0
40.0	26.219410368512836	23.78729683337942	23.75745662904246	26.23583616906529	0.0
41.0	26.261843686606678	23.81220929755064	23.869973362826773	26.05597365301591	0.0
42.0	26.183201927288657	23.78367279894875	23.740692071835305	26.292433201927288	0.0
43.0	26.294897065265005	23.720433639947437	23.74726237406921	26.237406920718353	0.0
44.0	26.27710249671485	23.701817783618047	23.73111038107753	26.289969338589575	0.0
45.0	26.22673017958826	23.706197985107316	23.745346035917652	26.32172579938677	0.0
46.0	26.136662286465178	23.843626806833115	23.755201489268508	26.264509417433203	0.0
47.0	26.196890056942618	23.805026281208935	23.77299605781866	26.225087604029785	0.0
48.0	26.221802452912833	23.84417433201927	23.664586070959263	26.269437144108633	0.0
49.0	26.338425317564607	23.758486640385456	23.66978756022777	26.233300481822162	0.0
50.0	26.132282084975913	23.65828953131844	23.936158563293912	26.273269820411738	0.0
51.0	26.172251423565484	23.881679807271134	23.714410862899694	26.23165790626369	0.0
52.0	26.245346035917656	23.638304862023656	23.788874288217258	26.32747481384144	0.0
53.0	26.17060884800701	23.73056285589137	23.787505475251862	26.31132282084976	0.0
54.0	26.251916338151553	23.56329391151993	23.805300043802017	26.3794897065265	0.0
55.0	26.239597021462984	23.76834209373631	23.725361366622867	26.266699518177838	0.0
56.0	26.31625054752519	23.78914805081034	23.729194042925975	26.165407358738502	0.0
57.0	26.201270258431887	23.816798072711347	23.706471747700395	26.275459921156376	0.0
58.0	26.31707183530442	23.862516425755583	23.759581690757773	26.060830048182215	0.0
59.0	26.1747152869032	23.754653964082348	23.802014892685065	26.26861585632939	0.0
60.0	26.298182216381953	23.72262374069207	23.698806395094174	26.280387647831798	0.0
61.0	26.26834209373631	23.730289093298293	23.81488173455979	26.186487078405605	0.0
62.0	26.2178980018123	23.840550151800944	23.83233729649229	26.109214549894467	0.0
63.0	26.36217049340097	23.672734141660804	23.709144466862497	26.25595089807573	0.0
64.0	26.280589464001686	23.747471124969543	23.77621611854983	26.195723292478938	0.0
65.0	26.229395999244414	23.781143831735022	23.757326551339926	26.232133617680635	0.0
66.0	26.271555323162165	23.813447729282387	23.865736241414144	26.049260706141297	0.0
67.0	26.18579617939017	23.800515765901416	23.73508686439518	26.27860119031324	0.0
68.0	26.304060972070893	23.727147792664297	23.738645758619366	26.23014547664544	0.0
69.0	26.280517517972417	23.703056816377483	23.74631106925608	26.270114596394016	0.0
70.0	26.22056383834955	23.729064120323475	23.74001456409021	26.310357477236767	0.0
71.0	26.13761422681654	23.84541258534502	23.753976379892794	26.262996807945644	0.0
72.0	26.19537781768606	23.815025103892335	23.76656939022454	26.223027688197064	0.0
73.0	26.228776671174597	23.849519001757546	23.65569614708636	26.266008179981494	0.0
74.0	26.334448453523578	23.76301049600035	23.66609906866476	26.236441981811314	0.0
75.0	26.12803258852065	23.657064952557203	23.933289896573058	26.28161256234909	0.0
76.0	26.170191797022575	23.88209657196358	23.707984516072514	26.23972711494133	0.0
77.0	26.246571142295544	23.63571158721207	23.786553950098828	26.331163320393557	0.0
78.0	26.180047196412637	23.721125048592594	23.782173772592134	26.316653982402638	0.0
79.0	26.26518689669899	23.55823719756243	23.79257669417053	26.38399921156805	0.0
80.0	26.24383353135386	23.771770851013738	23.722220092969266	26.26217552466314	0.0
81.0	26.320760398815164	23.796409349488886	23.722493854063437	26.160336397632516	0.0
82.0	26.206602022546967	23.818583998116523	23.69374893917576	26.28106504016075	0.0
83.0	26.308988671765928	23.869229800537667	23.763831779282853	26.057949748413556	0.0
84.0	26.161431442009185	23.74384721940857	23.81612014826901	26.27860119031324	0.0
85.0	26.2892778729858	23.698402877776623	23.71373349905005	26.298585750187524	0.0
86.0	26.26463937451065	23.71044836592003	23.822416653434882	26.20249560613444	0.0
87.0	26.22350342063551	23.83083800779122	23.836860735375037	26.10879783619823	0.0
88.0	26.356550948168955	23.672057007854182	23.704634488875747	26.266757555101112	0.0
89.0	26.267031315445834	23.754458871614613	23.778002261260447	26.20050755167911	0.0
90.0	26.22843110684045	23.77937106298404	23.75801775609596	26.23418007407955	0.0
91.0	26.273327803374368	23.817971271589425	23.859035323297277	26.049665601738926	0.0
92.0	26.191675518226916	23.79573154039049	23.730850516310596	26.281742425071997	0.0
93.0	26.307749586623014	23.719626372904372	23.74207465971682	26.230549380755797	0.0
94.0	26.28502754021528	23.702379518402118	23.736051948620798	26.2765409927618	0.0
95.0	26.22151531411176	23.72592284359567	23.740158342549904	26.312403499742665	0.0
96.0	26.145136387030366	23.843639469563406	23.74919240919394	26.262031734212282	0.0
97.0	26.20399470001424	23.812978394892742	23.765891744505645	26.21713516058738	0.0
98.0	26.22726426561251	23.85376857458854	23.649543916514272	26.269423243284677	0.0
99.0	26.33649434412676	23.767808061672564	23.662136857896872	26.233560736303808	0.0
100.0	26.143767589053997	23.649543916514272	23.921387194621172	26.28530129981056	0.0
101.0	26.175249942510487	23.8803232553301	23.70730719111705	26.237119611042363	0.0
102.0	26.249712552424963	23.636129696345858	23.784507396984264	26.329650354244915	0.0
103.0	26.171143548581377	23.724827805214574	23.78423363738899	26.31979500881506	0.0
104.0	26.265864368546115	23.561393326836104	23.787244992937	26.385497311680773	0.0
105.0	26.245332398900583	23.76561798491037	23.722911488047657	26.266138128141392	0.0
106.0	26.322258845172524	23.792720184842477	23.73030299712005	26.15471797286495	0.0
107.0	26.204815978800056	23.817632308012396	23.700463201235202	26.277088511952346	0.0
108.0	26.304738231075	23.86335016042312	23.768081821267835	26.063829787234045	0.0
109.0	26.160193164770423	23.74207465971682	23.819548625179312	26.278183550333438	0.0
110.0	26.27216083923741	23.705390873950133	23.711961104236703	26.31048718257575	0.0
111.0	26.27106580085632	23.703200797187943	23.82146494234623	26.20426845960951	0.0
112.0	26.21377828271076	23.835635188962044	23.833718877041214	26.11686765128598	0.0
113.0	26.361608059460423	23.66125080416661	23.701493354504017	26.275647781868948	0.0
114.0	26.274826505331454	23.739819592920597	23.772670654420523	26.21268324732743	0.0
115.0	26.22993005461489	23.77486072518718	23.74721108175808	26.247998138439847	0.0
116.0	26.272088916873127	23.81838838167458	23.856714620091164	26.05280808136113	0.0
117.0	26.192223037417463	23.79573154039049	23.724554045619296	26.287491376572746	0.0
118.0	26.322258845172524	23.718257574928	23.72893419914368	26.230549380755797	0.0
119.0	26.286670097786928	23.704843354759582	23.734683150644432	26.273803396809058	0.0
120.0	26.227538025207785	23.72373276683348	23.73550442943025	26.313224778528486	0.0
121.0	26.15061157893584	23.840080594824848	23.747823611217573	26.261484215021735	0.0
122.0	26.21220748787245	23.81352591408329	23.76917685964893	26.205089738395333	0.0
123.0	26.232465697922713	23.84938842106416	23.660494300325226	26.257651580687902	0.0
124.0	26.339505699674774	23.775473330340226	23.661863098301595	26.2231578716834	0.0
125.0	26.143767589053997	23.64844887813318	23.924672309764457	26.283111223048365	0.0
126.0	26.177166259677403	23.87840693816318	23.709223508283966	26.235203293875447	0.0
127.0	26.252723907972975	23.636677215536405	23.789161310103918	26.321437566386702	0.0
128.0	26.17470242331994	23.729481718334227	23.783138599007895	26.312677259337942	0.0
129.0	26.260662936235914	23.563583403598294	23.79408898281885	26.38166467734694	0.0
130.0	26.246023620107206	23.764105540377024	23.709900843731692	26.27996999578408	0.0
131.0	26.32240296538017	23.796683110583057	23.713185976861713	26.167727947175056	0.0
132.0	26.204685694887786	23.825428025470732	23.680334645561512	26.28955163407997	0.0
133.0	26.302562417871222	23.85786246167324	23.761771791502408	26.07780332895313	0.0
134.0	26.162943495400786	23.73357424441524	23.821725799386773	26.281756460797194	0.0
135.0	26.274638633377133	23.695521243977222	23.713315812527377	26.316524310118268	0.0
136.0	26.26368812965396	23.714410862899694	23.830486202365307	26.19141480508103	0.0
137.0	26.21119746823661	23.83931186846219	23.822338541224653	26.127152122076552	0.0
138.0	26.357660856495997	23.65835429904265	23.70982180744034	26.274163037021015	0.0
139.0	26.270128504864786	23.73589430515936	23.77860150351239	26.21537568646346	0.0
140.0	26.220577204211587	23.77312622167226	23.758069196611896	26.248227377504257	0.0
141.0	26.267938392128737	23.813643307289244	23.85936191065435	26.05905638992767	0.0
142.0	26.195534335680414	23.80391813313768	23.718503268761157	26.282044262420744	0.0
143.0	26.3209189763357	23.726168705307767	23.726442470898718	26.22646984745781	0.0
144.0	26.292447354876856	23.72507364294397	23.719050799943055	26.263428202236117	0.0
145.0	26.23769423668678	23.71932456553401	23.728906361217273	26.31407483656194	0.0
146.0	26.150636778764554	23.841697784688836	23.745606062265246	26.262059374281364	0.0
147.0	26.218256879729303	23.80884591377479	23.76093693535847	26.211960271137443	0.0
148.0	26.233861518413477	23.851279580372104	23.664571447343928	26.250287453870495	0.0
149.0	26.348295535430744	23.771887558996486	23.66730910325343	26.21250780231934	0.0
150.0	26.160290192320858	23.649031551570733	23.91376360276504	26.27691465334337	0.0
151.0	26.183560331257272	23.877352679488055	23.710081445486278	26.22900554376839	0.0
152.0	26.263773869002804	23.631784272123742	23.780713161316815	26.323728697556636	0.0
153.0	26.178085004448704	23.727876257614124	23.780986927657246	26.313051810279926	0.0
154.0	26.255013346109095	23.574019574293338	23.789473684210527	26.381493395387036	0.0
155.0	26.254883333835238	23.77016642346957	23.702545767138552	26.272404475556637	0.0
156.0	26.32688427559661	23.80548247475176	23.715139087750806	26.152494161900826	0.0
157.0	26.19958223027708	23.836692008443	23.680370572147407	26.28335518913251	0.0
158.0	26.300948334391904	23.87672747979588	23.763113515407696	26.05921067040452	0.0
159.0	26.148185461792856	23.74148579688561	23.837031034407236	26.2732977069143	0.0
160.0	26.263442037714363	23.709728640574696	23.733820276396767	26.293009045314175	0.0
161.0	26.25468144286997	23.72588098731904	23.839221183118333	26.180216386692656	0.0
162.0	26.200820760476468	23.837096292889388	23.838191370242914	26.123891576391227	0.0
163.0	26.33414642826833	23.67064453515335	23.717732861354992	26.27747617522333	0.0
164.0	26.244695704547322	23.750650203958713	23.779943603361897	26.224710488132068	0.0
165.0	26.212390834177455	23.786787855558902	23.755578065540558	26.24524324472308	0.0
166.0	26.260574369644374	23.810879623292358	23.86453856051688	26.064007446546388	0.0
167.0	26.189811316622315	23.795952560859423	23.725867034615682	26.28836908790258	0.0
168.0	26.323411851024453	23.706976795120298	23.733806410635477	26.23580494321977	0.0
169.0	26.29630846392238	23.71026205416297	23.72395063350745	26.269478848407196	0.0
170.0	26.229508196721312	23.717380115422102	23.730247380005913	26.322864307850676	0.0
171.0	26.14984066493643	23.8361969841322	23.749958934261965	26.264003416669407	0.0
172.0	26.217462246898165	23.800332906249658	23.763647513606447	26.21855733324573	0.0
173.0	26.236352486393557	23.852623279345575	23.662078254870398	26.248945979390477	0.0
174.0	26.344492263214953	23.773229519147584	23.679325864844444	26.20295235279302	0.0
175.0	26.150459800638988	23.65447740967566	23.92277429934815	26.272288490337203	0.0
176.0	26.17126649820542	23.888005212625284	23.70786301527376	26.232865273895534	0.0
177.0	26.26270645856319	23.633123167436423	23.79026848853031	26.31390188547008	0.0
178.0	26.187692838389452	23.723741810784986	23.77575855470108	26.312806796124477	0.0
179.0	26.246553890715557	23.578368700156325	23.7858881311479	26.38918927798022	0.0
180.0	26.24669760311007	23.767675523250244	23.707992827125512	26.277634046514176	0.0
181.0	26.327187110727827	23.802718574185867	23.71209943465703	26.157994880429275	0.0
182.0	26.197144538896417	23.82817954088128	23.685269598784444	26.28940632143786	0.0
183.0	26.307547417758116	23.875334004993647	23.75350431468746	26.06361426256078	0.0
184.0	26.156423846861447	23.739541810854615	23.82413815760655	26.27989618467738	0.0
185.0	26.264291033334793	23.709700381094223	23.722567786587234	26.303440798983747	0.0
186.0	26.248412107407244	23.726126856191687	23.83645801392965	26.189003022471418	0.0
187.0	26.201942162222835	23.830773990248122	23.838439699613705	26.128844147915338	0.0
188.0	26.325688613410065	23.671710520912328	23.72646558780933	26.276135277868274	0.0
189.0	26.254578905005175	23.73529137988622	23.79853365529401	26.211596059814603	0.0
190.0	26.215702701074843	23.782107090253024	23.760752555699742	26.241437652972387	0.0
191.0	26.264161067945746	23.808663370402616	23.875738510986636	26.051437050665	0.0
192.0	26.18518315720309	23.80906751355199	23.72885068170618	26.276898647538736	0.0
193.0	26.324535946996658	23.72118490937962	23.723375130044353	26.23090401357937	0.0
194.0	26.298253299019876	23.718173355965614	23.719816021464162	26.263757323550347	0.0
195.0	26.224607129168266	23.729672014455456	23.73952800744675	26.306192848929527	0.0
196.0	26.133439193998797	23.855335925094455	23.761156436510976	26.250068444395776	0.0
197.0	26.204895143185674	23.81618573071237	23.764441767508078	26.21447735859388	0.0
198.0	26.228713792914636	23.85451459234518	23.664239172096586	26.252532442643595	0.0
199.0	26.330285276241582	23.776487981164102	23.6702622789246	26.22296446366971	0.0
200.0	26.139260086678217	23.663756402990753	23.922203148998385	26.274780361332645	0.0
201.0	26.171839708261807	23.896741764063307	23.70181159122705	26.229606936447837	0.0
202.0	26.255342099715545	23.64130657971467	23.788599322672404	26.314751997897385	0.0
203.0	26.179505501575594	23.73521254780854	23.77518418437328	26.310097766242585	0.0
204.0	26.252330538056555	23.57751622821067	23.777648189367	26.392505044365777	0.0
205.0	26.253295624724508	23.757244898797286	23.71124988706582	26.278209589412388	0.0
206.0	26.334060675086306	23.806251488677834	23.70851208874847	26.151175747487386	0.0
207.0	26.205657934002634	23.821583159254992	23.68414568372406	26.288613223018313	0.0
208.0	26.31770593775325	23.875309372056858	23.757036160939176	26.049948529250717	0.0
209.0	26.1591869811858	23.74088310664301	23.819731914054803	26.28019799811639	0.0
210.0	26.266782749633133	23.714873951420373	23.728015419322336	26.290327879624154	0.0
211.0	26.245154083711153	23.72582517467201	23.841634360558075	26.187386381058765	0.0
212.0	26.19485017316669	23.84827038644235	23.83595022655405	26.12092921383691	0.0
213.0	26.332288401253916	23.67879974264555	23.727259038206185	26.261652817894348	0.0
214.0	26.266652795041256	23.73635880784331	23.790567659765532	26.2064207373499	0.0
215.0	26.215455546003604	23.794400608891348	23.748679001461998	26.241464843643055	0.0
216.0	26.2710333083279	23.81219644411834	23.86503638563849	26.05173386191527	0.0
217.0	26.17781695925005	23.80520845881747	23.727180138644005	26.289794443288468	0.0
218.0	26.31717280124407	23.723620952109776	23.727180138644005	26.23202610800215	0.0
219.0	26.29061579402714	23.712669608927538	23.71705014620043	26.279664450844898	0.0
220.0	26.22216989913813	23.714586093984426	23.741416884780918	26.321827122096526	0.0
221.0	26.137570773055312	23.851204100182887	23.74908282500849	26.26214230175331	0.0
222.0	26.215872876808337	23.803565757340138	23.754010929440497	26.226550436411028	0.0
223.0	26.243798801923056	23.836146003307306	23.65216343784565	26.267891756923987	0.0
224.0	26.35303845016591	23.762498220406734	23.66475748250523	26.219705846922125	0.0
225.0	26.154069393376062	23.665917410219272	23.92245332661649	26.25755986978817	0.0
226.0	26.182816747934982	23.903835992235475	23.69439098044906	26.21895627938048	0.0
227.0	26.267142321307812	23.638265192976885	23.78693008369587	26.30766240201943	0.0
228.0	26.177888630010592	23.740660532072468	23.77406222022664	26.307388617690304	0.0
229.0	26.24113281004022	23.57146181666854	23.78501359339194	26.402391779899304	0.0
230.0	26.219921204438617	23.765431253747444	23.721077949563174	26.293569592250766	0.0
231.0	26.316567601827796	23.802392340567668	23.725184736987647	26.155855320616894	0.0
232.0	26.18597176172967	23.821557348548524	23.698079939986147	26.294390949735657	0.0
233.0	26.29774837918346	23.86953521990538	23.765496320308394	26.06722008060277	0.0
234.0	26.154010425792883	23.743045820921672	23.8131351848607	26.289808568424743	0.0
235.0	26.260513404590853	23.710739004731032	23.719773961801298	26.30897362887682	0.0
236.0	26.239979411249344	23.722238041002278	23.83859733660417	26.19918521114421	0.0
237.0	26.202816176450455	23.83400821909557	23.829353834528415	26.133821769925557	0.0
238.0	26.332865157003344	23.66535522536804	23.723671926121227	26.27810769150739	0.0
239.0	26.2584668962836	23.734140825635325	23.79629071913176	26.211101558949313	0.0
240.0	26.214009571893243	23.792835317438588	23.750944594727795	26.24221051594038	0.0
241.0	26.27146256184476	23.8121835889264	23.875705379364728	26.040648469864113	0.0
242.0	26.184015618026447	23.793395195759256	23.731240707630217	26.29134847858408	0.0
243.0	26.311869530454214	23.725369930230773	23.73221541932728	26.23054511998773	0.0
244.0	26.29936007491806	23.719122998693862	23.70597947968094	26.275537446707137	0.0
245.0	26.23531248031852	23.727583648008853	23.72977428249875	26.307329589173882	0.0
246.0	26.144021731689215	23.85091228733149	23.745211278790517	26.25985470218878	0.0
247.0	26.2314026502507	23.80159540820378	23.745731475218594	26.221270466326917	0.0
248.0	26.244358760899093	23.838890592823027	23.651579546948255	26.265171099329628	0.0
249.0	26.34321736844411	23.762213556500022	23.67211803882049	26.222451036235377	0.0
