# Position (bp)	A	C	G	T	N
0.0	26.28669631801347	23.820748169001572	23.67193616631407	26.220619346670887	0.0
1.0	26.145658076660393	23.66971509164709	23.880717185009967	26.30390964668255	0.0
2.0	26.201150972885788	23.863115844060665	23.770393956975933	26.165339226077617	0.0
3.0	26.119494131885457	23.86745944505513	23.76503114486526	26.248015278194153	0.0
4.0	26.18597563514335	23.765311305593258	23.80167262048502	26.24704043877837	0.0
5.0	26.196648329993504	23.64098607263987	23.9207544865639	26.241611110802726	0.0
6.0	26.318827708703374	23.783581261101244	23.718361456483127	26.179229573712252	0.0
7.0	26.0949077285972	23.785208824753713	23.882336617177742	26.23754682947135	0.0
8.0	26.339083792805866	23.68935864386462	23.832264545184625	26.139293018144887	0.0
9.0	26.31675333107654	23.777310388075275	23.674644971891873	26.231291308956312	0.0
10.0	26.232173575273293	23.685700016647246	23.861328450141503	26.220797957937965	0.0
11.0	26.2854447588924	23.788912934909273	23.654902613617445	26.27073969258088	0.0
12.0	26.21968814161256	23.82636923589146	23.715665057432993	26.238277565062983	0.0
13.0	26.284334942567007	23.723711225792133	23.74784973086954	26.24410410077132	0.0
14.0	26.133399922312854	23.812773985905334	23.820820154264467	26.23300593751734	0.0
15.0	26.266577881360636	23.72315631762943	23.7128905166195	26.297375284390434	0.0
16.0	26.19776926918595	23.932634149048333	23.773652960435047	26.09594362133067	0.0
17.0	26.240979299208426	23.700616778711563	23.843505234156723	26.214898687923288	0.0
18.0	26.19492204949212	23.78385277217476	23.798002891063504	26.22322228726961	0.0
19.0	26.29896704132112	23.725032670127437	23.7450093085586	26.23099097999284	0.0
20.0	26.313117160209863	23.73529844265456	23.783297865551674	26.168286531583895	0.0
21.0	26.111131149405836	23.865424045768698	23.780523332436236	26.242921472389234	0.0
22.0	26.067293526181885	23.832129648383418	23.721148323765817	26.379428501668883	0.0
23.0	26.287036548924732	23.688686286315168	23.692570632676787	26.331706532083317	0.0
24.0	26.283984562497746	23.793008731455714	23.718096337338835	26.204910368707708	0.0
25.0	26.303406294305827	23.81298536988688	23.66510275483393	26.21850558097336	0.0
26.0	26.14775498652964	23.674536167426428	23.895389003415453	26.282319842628482	0.0
27.0	26.205187822019248	23.86126224609554	23.781078239059322	26.15247169282589	0.0
28.0	26.12611362822921	23.86070733947245	23.773864452959177	26.239314579339162	0.0
29.0	26.18243665047264	23.776084079451532	23.797725437751964	26.24375383232387	0.0
30.0	26.186598450145805	23.642351583287322	23.922579427946765	26.24847053862011	0.0
31.0	26.314504426767588	23.779136065878514	23.71587671084648	26.190482796507418	0.0
32.0	26.1007929593643	23.798214315441342	23.857311706832547	26.24368101836181	0.0
33.0	26.344673743556164	23.683903868243338	23.82706937978259	26.14435300841791	0.0
34.0	26.307772555504382	23.779902447686325	23.677799912324996	26.2345250844843	0.0
35.0	26.231473106525126	23.677245007241513	23.87395885933711	26.21732302689625	0.0
36.0	26.276975323370937	23.798491767983087	23.646170322566327	26.278362586079652	0.0
37.0	26.218432837063222	23.830953715366988	23.711926574959353	26.23868687261044	0.0
38.0	26.265877221701228	23.731625705423088	23.759648412139104	26.242848660736577	0.0
39.0	26.125763688121147	23.803485913734455	23.824849759448647	26.24590063869575	0.0
40.0	26.260328170866376	23.734400230840517	23.707764786833213	26.297506811459897	0.0
41.0	26.19901115914123	23.929449367685656	23.786006403604667	26.085533069568452	0.0
42.0	26.245272915435475	23.701595070236916	23.846147443420648	26.20698457090696	0.0
43.0	26.176464875992934	23.784830601820637	23.800645352821544	26.238059169364885	0.0
44.0	26.307144660579375	23.72934024743149	23.75347855159077	26.210036540398363	0.0
45.0	26.321294700948606	23.734056927554565	23.774009982714755	26.17063838878207	0.0
46.0	26.09544895858477	23.878886752510244	23.79010218548761	26.235562103417376	0.0
47.0	26.070755750881602	23.82311894634915	23.722958856676737	26.38316644609251	0.0
48.0	26.28855539185901	23.698265648973567	23.69160680644687	26.321572152720552	0.0
49.0	26.273018092630046	23.808414002436027	23.72073924250117	26.197828662432755	0.0
50.0	26.30270543222824	23.823673849893044	23.66524888811202	26.20837182976669	0.0
51.0	26.146222632850847	23.674682248358177	23.896366214142827	26.28272890464815	0.0
52.0	26.206707119135014	23.865291615684903	23.782888439417018	26.14511282576306	0.0
53.0	26.141505952727766	23.841985666841463	23.76762859196	26.24887978847077	0.0
54.0	26.178961941940443	23.758472683485792	23.808691454207974	26.253873920365795	0.0
55.0	26.181181556116005	23.64610471584777	23.915232934635135	26.25748079340109	0.0
56.0	26.306312305263535	23.785662957136473	23.72073924250117	26.187285495098816	0.0
57.0	26.09038243846137	23.8147293188023	23.859676381151086	26.235211861585245	0.0
58.0	26.34868932146583	23.682940092779614	23.822497946862583	26.14587263889197	0.0
59.0	26.320666770248373	23.77227931547289	23.67156460169134	26.235489312587397	0.0
60.0	26.236321665593852	23.68432734779038	23.866612656204914	26.21273833041085	0.0
61.0	26.291534415022305	23.7875391205913	23.661576365613833	26.259350098772554	0.0
62.0	26.206356957361333	23.824440103877656	23.72095088007458	26.24825205868644	0.0
63.0	26.27821676691896	23.737597940203763	23.74397931325328	26.240205979623997	0.0
64.0	26.11313342063791	23.809180298759237	23.826382260892725	26.25130401971012	0.0
65.0	26.270448138858676	23.739540097218832	23.700142054913105	26.289869709009388	0.0
66.0	26.19858832930105	23.9204381506226	23.79558519965374	26.085388320422613	0.0
67.0	26.244572379829368	23.711174308108482	23.830200457792884	26.214052854269266	0.0
68.0	26.18075882638552	23.792744676423666	23.801623083859333	26.224873413331483	0.0
69.0	26.315599639314698	23.72809877228272	23.729486023444547	26.226815564958034	0.0
70.0	26.306166331414303	23.733647776930013	23.790802524797115	26.16938336685857	0.0
71.0	26.11611292224457	23.87930914892141	23.777484913643615	26.227093015190402	0.0
72.0	26.090864951099395	23.805229936880075	23.720885066241244	26.383020045779286	0.0
73.0	26.288132066310606	23.697301796490255	23.68564888673094	26.328917250468198	0.0
74.0	26.267323298883262	23.797461330373864	23.716723312755775	26.2184920579871	0.0
75.0	26.288132066310606	23.8277034057016	23.66594992023306	26.218214607754735	0.0
76.0	26.15495595477561	23.67149892488035	23.884858153568704	26.28868696677533	0.0
77.0	26.201845044045225	23.858777831726435	23.79829368107096	26.14108344315738	0.0
78.0	26.139141291530834	23.83741416383436	23.76999375736977	26.253450787265038	0.0
79.0	26.17520982173823	23.755011444822085	23.8277034057016	26.242075327738085	0.0
80.0	26.19435388777138	23.657071512797394	23.918984532149544	26.229590067281684	0.0
81.0	26.295900672816813	23.79607407921204	23.718388014149962	26.189637233821184	0.0
82.0	26.0993934954748	23.817094216288503	23.846781308784603	26.236730979452094	0.0
83.0	26.36408028277649	23.686692968875718	23.811267777574315	26.13795897077347	0.0
84.0	26.325237358015237	23.767153313024032	23.66283231509381	26.244777013866926	0.0
85.0	26.230072192350164	23.67892438392347	23.873139007729744	26.21786441599663	0.0
86.0	26.292775770893336	23.801002147458842	23.65117943766543	26.255042643982396	0.0
87.0	26.22063891062243	23.796008057132394	23.726645691487295	26.256707340757877	0.0
88.0	26.294995366593977	23.717767308684724	23.73524662482729	26.251990699894012	0.0
89.0	26.124641396569615	23.808215833485928	23.80738348509819	26.259759284846268	0.0
90.0	26.280845444002377	23.734969175364707	23.69390665490281	26.29027872573011	0.0
91.0	26.19955275146632	23.923634809919374	23.803499192622063	26.073313245992242	0.0
92.0	26.23804542944896	23.720198542284567	23.824519250777552	26.21723677748892	0.0
93.0	26.196428125528886	23.795942035419102	23.7953871380335	26.21224270101851	0.0
94.0	26.3198927938251	23.736568015159794	23.7379552586238	26.205583932391303	0.0
95.0	26.30740760264908	23.72741220829738	23.786508779863883	26.178671409189658	0.0
96.0	26.114858209845544	23.871685528553634	23.775688280844665	26.23776798075616	0.0
97.0	26.101540672591124	23.7981616249615	23.70937804326535	26.39091965918203	0.0
98.0	26.27744314382663	23.69356346777572	23.69800264686053	26.330990741537118	0.0
99.0	26.282992117682635	23.78983816417749	23.70937804326535	26.217791674874526	0.0
100.0	26.283547015068237	23.821189866463943	23.672477367122884	26.222785751344937	0.0
101.0	26.16923815363444	23.673864610586886	23.87002083639683	26.286876399381843	0.0
102.0	26.213629944482513	23.837836788031975	23.803710598817513	26.144822668667995	0.0
103.0	26.14149328435439	23.81813793084314	23.764590333132645	26.275778451669822	0.0
104.0	26.171180294484042	23.771249101759857	23.833952506332768	26.223618097423333	0.0
105.0	26.196705574221685	23.660824522025266	23.9130253837809	26.229444519972144	0.0
106.0	26.27966273336903	23.797051830190302	23.728799451761382	26.194485984679282	0.0
107.0	26.107017212869145	23.81252288945365	23.855249869599476	26.22521002807773	0.0
108.0	26.35061648928496	23.688226219938517	23.80780627476223	26.15335101601429	0.0
109.0	26.31343846759963	23.779784034536718	23.651603094099237	26.255174403764414	0.0
110.0	26.232978569922427	23.6746312717103	23.86995460951979	26.222435548847482	0.0
111.0	26.295126904679993	23.799760284994505	23.656597156713683	26.248515653611815	0.0
112.0	26.23575304915267	23.794488774457033	23.70903481416538	26.26072336222491	0.0
113.0	26.292352425449746	23.704873095320007	23.744270700389535	26.258503778840712	0.0
114.0	26.12394153617366	23.815019920760875	23.8108582019155	26.250180341149964	0.0
115.0	26.28985539414252	23.724571897854773	23.702653511935807	26.2829191960669	0.0
116.0	26.189696693930546	23.928496121278037	23.800315180840556	26.081492003950856	0.0
117.0	26.249143377160976	23.730464143918187	23.823686904699148	26.196705574221685	0.0
118.0	26.19753792030009	23.808982123980723	23.787618574635086	26.205861381084105	0.0
119.0	26.312679127812288	23.746556168100614	23.741007194244602	26.19975750984249	0.0
120.0	26.28465680983944	23.74211698901581	23.783179395550277	26.190046805594474	0.0
121.0	26.10403771082633	23.868078695547226	23.77985001123667	26.24803358238978	0.0
122.0	26.086558443179896	23.792890099798296	23.72214068313417	26.398410773887637	0.0
123.0	26.266067747421808	23.689401737383715	23.69855754424613	26.345972970948345	0.0
124.0	26.304078218335476	23.77263634522386	23.71575936319976	26.207526073240906	0.0
125.0	26.274668656898626	23.80787232920952	23.68690469914851	26.230554314743348	0.0
126.0	26.187272318666473	23.6802459305213	23.863362067769618	26.269119683042614	0.0
127.0	26.23638073729216	23.834229955025567	23.783456844243076	26.1459324634392	0.0
128.0	26.150649091216806	23.804820393588717	23.759596256662235	26.28493425853224	0.0
129.0	26.16119214154323	23.782069600779078	23.83561719848957	26.22112105918813	0.0
130.0	26.214739739253716	23.650836369084445	23.89832060306248	26.236103288599356	0.0
131.0	26.291593027159454	23.775965729537464	23.728522003068584	26.2039192402345	0.0
132.0	26.112711069678657	23.823753003390433	23.859821433525884	26.203714493405027	0.0
133.0	26.354092102123598	23.698068396841514	23.80655113671045	26.14128836432444	0.0
134.0	26.320520717151368	23.77242485281306	23.655063730141553	26.251990699894012	0.0
135.0	26.250676284941388	23.68259693417493	23.853506277311507	26.21322050357217	0.0
136.0	26.3022820281612	23.797461330373864	23.66678227093015	26.233474370534786	0.0
137.0	26.244294929597007	23.77831726434071	23.71589096205868	26.261496844003606	0.0
138.0	26.30672123187903	23.700076298813897	23.74141638343622	26.251786085870847	0.0
139.0	26.133037386418813	23.817437747104115	23.80134563362697	26.248179232850106	0.0
140.0	26.294659330841817	23.71435785174642	23.70381468441248	26.287168132999284	0.0
141.0	26.20060318015221	23.92161432538989	23.78732766776815	26.09045482668975	0.0
142.0	26.253946762406287	23.726631559671716	23.80792515440234	26.21149652351965	0.0
143.0	26.17986693376098	23.814029110320682	23.804595723901425	26.201508232016913	0.0
144.0	26.296119548751186	23.750769930803337	23.764087652806985	26.18902286763849	0.0
145.0	26.270316462369113	23.744665974884995	23.785174045979435	26.199843516766457	0.0
146.0	26.108634069601937	23.86264951265326	23.787737118536377	26.240979299208426	0.0
147.0	26.094483950713194	23.81409518313306	23.72974937642368	26.361671489730064	0.0
148.0	26.281837855834862	23.702624715609566	23.680150935020254	26.335386493535317	0.0
149.0	26.289884024193995	23.777814771655294	23.728150491093725	26.20415071305699	0.0
150.0	26.291271294600744	23.82137506242717	23.698462904389324	26.188890738582764	0.0
151.0	26.164824828879716	23.679939181896625	23.880816494135992	26.274419495087663	0.0
152.0	26.233078722264917	23.835591353397017	23.789256393253407	26.14207353108465	0.0
153.0	26.139853892275376	23.812840055601953	23.77038946337457	26.276916588748094	0.0
154.0	26.14873244751248	23.79730258393703	23.825880433606443	26.228084534944053	0.0
155.0	26.214211792386084	23.637766044520404	23.902180517675262	26.24584164541825	0.0
156.0	26.27109003687375	23.78481711563486	23.73764979093777	26.206443056553624	0.0
157.0	26.11994961405923	23.812628670044226	23.862848137440416	26.204573578456124	0.0
158.0	26.341914110837973	23.689160918711053	23.800143167100423	26.168781803350555	0.0
159.0	26.331648252861957	23.781831096116175	23.656976066678133	26.229544584343735	0.0
160.0	26.252368783936387	23.66647522175702	23.856810305840177	26.224345688466418	0.0
161.0	26.289825396693274	23.78938840287778	23.672024349572858	26.248761850856088	0.0
162.0	26.236831226052043	23.787446208142235	23.715030090145582	26.260692475660136	0.0
163.0	26.29065776586565	23.70837113676658	23.748879769822178	26.25209132754559	0.0
164.0	26.129455602815625	23.826845015634667	23.799099376555493	26.24460000499422	0.0
165.0	26.30994825409597	23.717658809982936	23.691022848660573	26.28137008726052	0.0
166.0	26.190918801936657	23.93185633228362	23.771208190558106	26.10601667522162	0.0
167.0	26.268957365696117	23.733539762606338	23.799020015870635	26.19848285582691	0.0
168.0	26.193488599222004	23.815667537886988	23.782649952554564	26.208193910336448	0.0
169.0	26.313350757739713	23.746580321519144	23.754626623827043	26.1854422969141	0.0
170.0	26.274229081001295	23.73659180830933	23.79125117226301	26.197927938426364	0.0
171.0	26.10394186669182	23.87510994331503	23.788265129171258	26.23268306082189	0.0
172.0	26.101444731460855	23.814623778831507	23.736657667731187	26.34727382197645	0.0
173.0	26.283253609757722	23.718133691442016	23.690387667447254	26.308225031353004	0.0
174.0	26.27770440495877	23.78944097310855	23.718688611921912	26.214166010010764	0.0
175.0	26.296849161515155	23.82606572478164	23.69316226984673	26.18392284385648	0.0
176.0	26.156249393054043	23.67963241965423	23.8885605600273	26.27555762726443	0.0
177.0	26.232828631756522	23.83778519523544	23.810594016275864	26.118792156732173	0.0
178.0	26.132942668231546	23.802270185982117	23.785345064384828	26.27944208140151	0.0
179.0	26.15680431507362	23.783402837316288	23.84805125259773	26.211741595012363	0.0
180.0	26.23088640468798	23.640510417273614	23.89299993618397	26.235603241854438	0.0
181.0	26.26889856302943	23.78395775933587	23.74594560099442	26.20119807664028	0.0
182.0	26.116922393940236	23.81398962292944	23.87419882911129	26.194889154019034	0.0
183.0	26.374129463666378	23.683582586498712	23.789018062761855	26.153269887073055	0.0
184.0	26.322244110873726	23.781804056491218	23.672484115313118	26.22346771732194	0.0
185.0	26.23685867999967	23.683648299570763	23.8609468686964	26.218546151733168	0.0
186.0	26.287911789106268	23.79685301976366	23.67005263464564	26.245182556484437	0.0
187.0	26.226315103118957	23.77854049149716	23.734146483578378	26.260997921805508	0.0
188.0	26.295125815393067	23.731094395533965	23.716943805509853	26.25683598356312	0.0
189.0	26.12726097295018	23.80545435879792	23.809616297040307	26.257668371211594	0.0
190.0	26.294439342188134	23.725954268368817	23.694045898109636	26.28556049133341	0.0
191.0	26.203986049105595	23.945428362934127	23.768406274017988	26.082179313942294	0.0
192.0	26.23457989045687	23.751546866589347	23.799270822350348	26.214602420603427	0.0
193.0	26.180196778078056	23.82646237853976	23.77957081735598	26.213770026026207	0.0
194.0	26.310327796984513	23.747384893703213	23.759593347502538	26.18269396180974	0.0
195.0	26.291182721708296	23.737673623635565	23.774298985033546	26.196844669622593	0.0
196.0	26.10174664613421	23.867870867496286	23.79240021642319	26.237982269946308	0.0
197.0	26.115342461952523	23.812655207336192	23.731635243684188	26.340367087027094	0.0
198.0	26.28050743055016	23.708116447098256	23.703676984717152	26.307699137634433	0.0
199.0	26.269408774597398	23.80828181707195	23.726151763021498	26.196157645309153	0.0
200.0	26.280784896948976	23.826317132995197	23.7014572535266	26.19144071652923	0.0
201.0	26.162379336465015	23.67682843927492	23.889368290497025	26.27142393376304	0.0
202.0	26.24256734821852	23.84247633898719	23.806405607056544	26.10855070573774	0.0
203.0	26.155997591584974	23.809180278743515	23.775051816993752	26.259770312677755	0.0
204.0	26.158772263271953	23.788092773922525	23.841089003143704	26.212045959661822	0.0
205.0	26.20705155062527	23.662400146502666	23.902409247425798	26.228139055446263	0.0
206.0	26.26171258285863	23.778103955849424	23.754796713678854	26.20538674761309	0.0
207.0	26.10806821271802	23.803419514875056	23.88083306973879	26.207679202668132	0.0
208.0	26.354182274238212	23.672732115804017	23.812575956848185	26.16050965310958	0.0
209.0	26.333649646783314	23.776227656894246	23.66413060970805	26.22599208661439	0.0
210.0	26.235221322915308	23.65559474030316	23.867025896154562	26.24215804062697	0.0
211.0	26.276286691768334	23.802653155790356	23.668080832184152	26.252979320257158	0.0
212.0	26.230504354871382	23.77379641010985	23.713030762955707	26.282668472063065	0.0
213.0	26.313467498702835	23.702486952033986	23.72523938612823	26.258806163134953	0.0
214.0	26.151425772958454	23.800155937414157	23.79682631291256	26.251591976714828	0.0
215.0	26.303624593852927	23.73952202975036	23.695959200774695	26.260894175622017	0.0
216.0	26.203457834233724	23.944572543209055	23.76588170333436	26.086087919222862	0.0
217.0	26.23211005610464	23.751796624842537	23.797024400801337	26.219068918251487	0.0
218.0	26.189656990327357	23.81561495901753	23.791752451456446	26.202975599198663	0.0
219.0	26.30286516573344	23.749576856697317	23.763450407604925	26.184107569964315	0.0
220.0	26.27040105660964	23.743749965316123	23.788700270256772	26.19714870781747	0.0
221.0	26.110372727852894	23.871730341817496	23.79320582579766	26.224691104531946	0.0
222.0	26.123968845467637	23.81734587135853	23.71856591481061	26.340119368363226	0.0
223.0	26.275263876402622	23.71197238593103	23.68616743804038	26.326596299625965	0.0
224.0	26.277483656866334	23.824903717022387	23.707255352445642	26.190357273665633	0.0
225.0	26.288305086626934	23.82518118958035	23.685057547808523	26.201456175984195	0.0
226.0	26.172394178609583	23.685955687509537	23.87630239043272	26.26534774344816	0.0
227.0	26.233160837414506	23.839120964497287	23.820530251529572	26.107187946558636	0.0
228.0	26.14131716588743	23.808321425103014	23.783071352266262	26.2672900567433	0.0
229.0	26.153525992313988	23.78279387893839	23.852439684235353	26.211240444512274	0.0
230.0	26.21734485772555	23.654046254803756	23.904882143203984	26.223726744266706	0.0
231.0	26.261185643530016	23.77724441238086	23.733403626576397	26.22816631751273	0.0
232.0	26.111145024611954	23.79479125623623	23.878310959671914	26.215752759479905	0.0
233.0	26.370028357852792	23.67159275681615	23.80145063458326	26.15692825074779	0.0
234.0	26.328684717281643	23.76870869104369	23.663268533882363	26.239338057792306	0.0
235.0	26.242740563773438	23.65833964588657	23.862006198788542	26.23691359155145	0.0
236.0	26.28907886668165	23.779596163077528	23.66305671863771	26.26826825160311	0.0
237.0	26.231919043932596	23.782925861490096	23.720771491122193	26.264383603455116	0.0
238.0	26.292686039961932	23.72854078741818	23.716886842974198	26.261886329645694	0.0
239.0	26.141462237057876	23.794857280801793	23.817332745086613	26.246347737053714	0.0
240.0	26.284929378139132	23.719510503094043	23.722840414018926	26.2727197047479	0.0
241.0	26.186016178939624	23.951768444129932	23.776935991896657	26.08527938503379	0.0
242.0	26.232019604632512	23.755907893750887	23.7983697959886	26.213702705628005	0.0
243.0	26.18145585447561	23.82173595672459	23.79314843032276	26.203659758477034	0.0
244.0	26.29811282000039	23.756706719626504	23.77391589156001	26.171264568813097	0.0
245.0	26.278036864312682	23.741949811236953	23.763046857650455	26.216966466799914	0.0
246.0	26.12406027561547	23.846512609241223	23.790989750480275	26.23843736466303	0.0
247.0	26.126318711826762	23.810383120488616	23.715435868961688	26.34786229872293	0.0
248.0	26.295944602706562	23.709053148305482	23.6774007252292	26.317601523758754	0.0
249.0	26.287615017686484	23.814283572392423	23.70849784263748	26.18960356728361	0.0
