# Position (bp)	A	C	G	T	N
0.0	26.087389297949233	23.908878007238663	23.856343783957154	26.14738891085495	0.0
1.0	26.265176169370335	23.789155277339226	23.653672280455336	26.291996272835107	0.0
2.0	26.27211900022119	23.71267418712674	23.822716213227164	26.192490599424907	0.0
3.0	26.36568736417777	23.707027642761954	23.70453929651687	26.22274569654341	0.0
4.0	26.265689798175284	23.785457561515067	23.881669892175836	26.06718274813381	0.0
5.0	26.17627787776497	23.791237804557756	23.713828366688507	26.318655950988767	0.0
6.0	26.2761978220663	23.710946895241886	23.781443606777636	26.231411675914178	0.0
7.0	26.27436561624863	23.728260659222787	23.782721318998476	26.21465240553011	0.0
8.0	26.17205317675549	23.71916613451209	23.8148157362946	26.293964952437822	0.0
9.0	26.136991905878187	23.733911274271307	23.87213056747313	26.256966252377374	0.0
10.0	26.268272186470288	23.790884362767866	23.755224573741128	26.185618877020723	0.0
11.0	26.146918330790154	23.87657842942126	23.668977642141577	26.307525597647007	0.0
12.0	26.348437603662177	23.746655167075787	23.66013180300316	26.244775426258876	0.0
13.0	26.167097901324667	23.688604347729935	23.91997832769411	26.224319423251284	0.0
14.0	26.123698003051814	23.903115946836508	23.721223379552843	26.251962670558836	0.0
15.0	26.11982794842876	23.762411818041087	23.827926314159978	26.289833919370174	0.0
16.0	26.161016386917	23.775404144275637	23.809128905990846	26.254450562816515	0.0
17.0	26.306419867754705	23.73504500320662	23.78120922621022	26.177325902828457	0.0
18.0	26.249474778301156	23.786737875671733	23.746655167075787	26.217132178951324	0.0
19.0	26.25776775249342	23.75854176341803	23.757159601052656	26.226530883035892	0.0
20.0	26.20966850217829	23.774298414383335	23.79337225502554	26.222660828412835	0.0
21.0	26.33406311506225	23.80221809416396	23.69883234923373	26.16488644154006	0.0
22.0	26.22542515314359	23.818251177602335	23.76462327782569	26.19170039142838	0.0
23.0	26.279882350339463	23.713483270306728	23.788120038037107	26.218514341316702	0.0
24.0	26.129226652513328	23.821844799752316	23.820739069860014	26.22818947787435	0.0
25.0	26.088867511444302	23.90892102877109	23.85418739910215	26.148024060682456	0.0
26.0	26.266613591631838	23.780932793737144	23.657920343218557	26.294533271412458	0.0
27.0	26.26384926690108	23.714312567725955	23.824885556956147	26.19695260841682	0.0
28.0	26.353413388177536	23.710166080629826	23.707401755899067	26.22901877529357	0.0
29.0	26.26045948478658	23.788054280130368	23.87734172211426	26.074144512968793	0.0
30.0	26.167578430586612	23.791371460637507	23.71341771871968	26.3276323900562	0.0
31.0	26.27089126865218	23.70367708442754	23.781907041801887	26.243524605118395	0.0
32.0	26.271996992431323	23.719986510169893	23.786606367863243	26.22141012953554	0.0
33.0	26.166676802467975	23.71501075316375	23.818395926513595	26.299916517854676	0.0
34.0	26.137651553265478	23.740442400084035	23.87257639169159	26.2493296549589	0.0
35.0	26.272549854320893	23.795728589041172	23.74099526197361	26.19072629466433	0.0
36.0	26.152578824283907	23.88722723176523	23.65944813326183	26.30074581068903	0.0
37.0	26.360178463817952	23.744036002366247	23.66331816648883	26.23246736732697	0.0
38.0	26.174416868921973	23.6851562111269	23.929244735372656	26.21118218457847	0.0
39.0	26.12825290114277	23.90215450278366	23.731596609850893	26.237995986222685	0.0
40.0	26.100886237608982	23.77471983723746	23.834705352255952	26.289688572897607	0.0
41.0	26.152578824283907	23.78052488707796	23.818672357458386	26.248223931179755	0.0
42.0	26.293835037069393	23.73187304079568	23.78992353920067	26.18436838293426	0.0
43.0	26.250711809682826	23.782183472746674	23.74956462126196	26.21754009630854	0.0
44.0	26.26121618558468	23.753987516378533	23.75619896393682	26.228597334099966	0.0
45.0	26.209523598909755	23.773614113458315	23.7893706773111	26.227491610320826	0.0
46.0	26.320648838713602	23.803192224550386	23.704506377261897	26.17165255947412	0.0
47.0	26.21781652725333	23.81563161706574	23.763662599446032	26.2028892562349	0.0
48.0	26.27337914715525	23.713628598439822	23.787988522587174	26.225003731817754	0.0
49.0	26.13433438192805	23.82585956202281	23.821713097851028	26.218092958198113	0.0
50.0	26.09425189493413	23.895520160108802	23.852949794611806	26.157278150345263	0.0
51.0	26.26840339014911	23.781354179912316	23.65834240948269	26.291900020455888	0.0
52.0	26.26812695920432	23.717775062611608	23.811485152893955	26.202612825290117	0.0
53.0	26.36819496121674	23.706164962930607	23.70174206781404	26.22389800803861	0.0
54.0	26.27275365924452	23.789304916310762	23.87029895924037	26.06764246520435	0.0
55.0	26.1782145374632	23.790134206852702	23.71052231482633	26.32112894085776	0.0
56.0	26.275445327790003	23.704375324804563	23.78039341434558	26.23978593305985	0.0
57.0	26.27240460420836	23.731465407622817	23.79421488517122	26.201915102997603	0.0
58.0	26.174548590762836	23.73865257245215	23.80416634416568	26.282632492619335	0.0
59.0	26.14220634903084	23.754409049193377	23.86553367463152	26.23785092714426	0.0
60.0	26.27351032187441	23.809418503079424	23.73561184887051	26.181459326175656	0.0
61.0	26.15519853160694	23.888753745618594	23.657105894580877	26.29894182819359	0.0
62.0	26.352016276164044	23.757173343358506	23.651853735667135	26.23895664481031	0.0
63.0	26.16874357301607	23.685578124481697	23.928559581596435	26.217118720905802	0.0
64.0	26.12893773703823	23.901469498778184	23.72648967812559	26.243103086058007	0.0
65.0	26.101847654219974	23.76325479052179	23.831256426983934	26.303641128274307	0.0
66.0	26.15409281394089	23.776523402514403	23.813288514910603	26.256095268634105	0.0
67.0	26.310551863687127	23.73063611937328	23.77707626134743	26.181735755592168	0.0
68.0	26.26742887471113	23.77956412609604	23.7375468547861	26.215460144406727	0.0
69.0	26.26134742754785	23.754409049193377	23.754132619776865	26.230110903481908	0.0
70.0	26.205785114828778	23.77818197901348	23.786198432092352	26.229834474065395	0.0
71.0	26.31469830493482	23.80306062649963	23.705204613054104	26.17703645551145	0.0
72.0	26.196386514667346	23.810800650161987	23.78702772034189	26.205785114828778	0.0
73.0	26.272957463041386	23.70686318955318	23.79449131458773	26.2256880328177	0.0
74.0	26.129767025287766	23.811353508995015	23.819369962073882	26.239509503643337	0.0
75.0	26.0938312011411	23.88433087495439	23.86359866871593	26.15823925518858	0.0
76.0	26.2688110217937	23.774588396598812	23.65517088866529	26.3014296929422	0.0
77.0	26.2732338924579	23.709074624885282	23.808589214829887	26.209102267826935	0.0
78.0	26.37219562356948	23.703822465971538	23.701334601222925	26.22264730923606	0.0
79.0	26.267079835359098	23.79663696901511	23.866020560763165	26.07026263486263	0.0
80.0	26.188850526734797	23.78917339540078	23.697122654157347	26.324853423707072	0.0
81.0	26.28055219234958	23.70921997578492	23.783302649837736	26.226925182027767	0.0
82.0	26.272259355701877	23.742667750263987	23.789660491267643	26.19541240276649	0.0
83.0	26.17689173425329	23.735480625169313	23.80127046257443	26.286357178002973	0.0
84.0	26.137086118344303	23.75704200045334	23.873970997185964	26.231900884016383	0.0
85.0	26.28055219234958	23.8123275781047	23.738797759828394	26.168322469717324	0.0
86.0	26.16030606095788	23.884475256939723	23.65808081645741	26.297137865644988	0.0
87.0	26.353252726961117	23.76063556300068	23.647576556703655	26.238535153334553	0.0
88.0	26.178273873694568	23.68655288894786	23.913223757318427	26.221949480039143	0.0
89.0	26.133768983685222	23.897467367687792	23.73050492318069	26.238258725446293	0.0
90.0	26.109719757406886	23.76395269765976	23.82780753984708	26.298520005086274	0.0
91.0	26.148143233874578	23.7777740920726	23.81840899164635	26.25567368240647	0.0
92.0	26.29658500986848	23.726911360633352	23.781367654619938	26.19513597487823	0.0
93.0	26.259543672842067	23.781644082508198	23.732992774175003	26.225819470474736	0.0
94.0	26.259543672842067	23.747367024364355	23.757594856229854	26.235494446563724	0.0
95.0	26.20646951829676	23.78468478927902	23.78302622194948	26.225819470474736	0.0
96.0	26.303219279186642	23.800441178909658	23.71336639410877	26.182973147794936	0.0
97.0	26.191542412330893	23.80431116934525	23.79601833269755	26.208128085626303	0.0
98.0	26.25733224973601	23.700374283360702	23.798506183691863	26.24378728321143	0.0
99.0	26.12934613747312	23.808734015557363	23.83057181872965	26.23134802823987	0.0
100.0	26.09313408411148	23.887792391598804	23.85351533345496	26.16555819083476	0.0
101.0	26.272535783590133	23.764781981324532	23.65006440769796	26.31261782738737	0.0
102.0	26.281381476014353	23.70120356702547	23.805969736674793	26.211445220285384	0.0
103.0	26.37232625125084	23.704797129572807	23.699544999695927	26.223331619480426	0.0
104.0	26.27080459643022	23.79457041842774	23.851790833123708	26.08283415201833	0.0
105.0	26.198657117030947	23.789041875945035	23.689251684132255	26.323049322891762	0.0
106.0	26.290634674922604	23.7093653250774	23.767138434321097	26.232861565678906	0.0
107.0	26.27294338788147	23.741154356479434	23.782894736842106	26.203007518796994	0.0
108.0	26.184486952675805	23.731479433878818	23.8000331711632	26.284000442282174	0.0
109.0	26.146340114993365	23.745577178239717	23.87245687748784	26.23562582927908	0.0
110.0	26.279577620521895	23.810260946483858	23.73700796107917	26.173153471915082	0.0
111.0	26.164307828394517	23.88848960636886	23.656015037593985	26.291187527642634	0.0
112.0	26.368863334807607	23.75829279080053	23.646340114993368	26.226503759398494	0.0
113.0	26.187251216275985	23.678958425475454	23.912815126050422	26.22097523219814	0.0
114.0	26.14578726227333	23.894294559929236	23.72871517027864	26.2312030075188	0.0
115.0	26.111786819991156	23.759122069880583	23.8312693498452	26.297821760283064	0.0
116.0	26.154356479433876	23.786211853162317	23.811919504643964	26.24751216275984	0.0
117.0	26.308325961963735	23.718487394957982	23.782894736842106	26.19029190623618	0.0
118.0	26.26658558160106	23.77073197700133	23.727333038478548	26.235349402919063	0.0
119.0	26.268244139761165	23.74613003095975	23.746959310039806	26.238666519239274	0.0
120.0	26.22512162759841	23.783171163202123	23.76686200796108	26.224845201238388	0.0
121.0	26.31191950464396	23.806943830163643	23.709918177797434	26.17121848739496	0.0
122.0	26.19471472799646	23.805285272003538	23.79782176028306	26.20217823971694	0.0
123.0	26.261333480760722	23.702731092436974	23.800586023883238	26.235349402919063	0.0
124.0	26.13030738611234	23.816618752764263	23.834862892525432	26.218210968597965	0.0
125.0	26.08718487394958	23.889595311808932	23.856147722246792	26.16707209199469	0.0
126.0	26.271008403361346	23.764927023440954	23.65269792127377	26.31136665192393	0.0
127.0	26.272114108801414	23.701348960636885	23.80611455108359	26.22042237947811	0.0
128.0	26.364164086687307	23.70577178239717	23.703836797877045	26.226227333038477	0.0
129.0	26.266730797936745	23.79601833269755	23.85793817966707	26.079312689698636	0.0
130.0	26.19845310953732	23.789660491267643	23.69291073037777	26.318975668817274	0.0
131.0	26.286429841025882	23.705968371033595	23.772034818953053	26.235566968987467	0.0
132.0	26.28255983989252	23.745497668324315	23.77701053469594	26.194931957087213	0.0
133.0	26.183321953687145	23.734716950881392	23.796913397667495	26.285047697763968	0.0
134.0	26.147734937361093	23.746116166697995	23.872444410044338	26.23370448589657	0.0
135.0	26.283738210285385	23.80831278541337	23.740034719534712	26.167914284766532	0.0
136.0	26.165702849434425	23.890412322117673	23.65517088866529	26.288713939782614	0.0
137.0	26.362797023408042	23.761596214022713	23.649918729751544	26.2256880328177	0.0
138.0	26.18919934983801	23.6770088125698	23.909209522440538	26.22458231515165	0.0
139.0	26.140547772531765	23.893176616282798	23.738376143035637	26.2278994681498	0.0
140.0	26.11345768971351	23.75662048452548	23.836508585897676	26.293413239863334	0.0
141.0	26.1521578080253	23.78426342617676	23.8110770795785	26.252501686219443	0.0
142.0	26.30004754585964	23.72538396045954	23.784816285009786	26.189752208671035	0.0
143.0	26.26059073129604	23.76580835095576	23.73374245000069	26.239858467747506	0.0
144.0	26.25644427858634	23.742864645962047	23.749775400478224	26.250915674973395	0.0
145.0	26.217059706484815	23.77644414835537	23.76234613120002	26.2441500139598	0.0
146.0	26.320998029041913	23.79828225336072	23.704848335742895	26.17587138185447	0.0
147.0	26.186099355084824	23.79247718747322	23.803810887539285	26.21761256990267	0.0
148.0	26.24359715054194	23.704848335742895	23.804087319248215	26.247467194466946	0.0
149.0	26.12943085475449	23.81238027051607	23.828413309633923	26.22977556509552	0.0
150.0	26.094047596011645	23.885081809964255	23.856056480526767	26.164814113497332	0.0
151.0	26.27241867356642	23.770428359760277	23.654603153541654	26.302549813131648	0.0
152.0	26.27414989868722	23.698897860683175	23.805877523489915	26.221074717139693	0.0
153.0	26.367031466395392	23.707467291037204	23.698897860683175	26.22660338188422	0.0
154.0	26.270977943270058	23.796610356904928	23.863507570166053	26.068904129658964	0.0
155.0	26.19772273040147	23.799374704560343	23.68990653740577	26.31299602763242	0.0
156.0	26.28542521313179	23.7142983513385	23.768203279631127	26.232073155898583	0.0
157.0	26.289848181607084	23.7430476464279	23.781472185057	26.185631986908014	0.0
158.0	26.193925052799187	23.7383482424229	23.787830202240233	26.27989650253768	0.0
159.0	26.150320527882748	23.740901790477874	23.874144084125092	26.234633597514286	0.0
160.0	26.291026601464562	23.811945918003467	23.730397211310667	26.166630269221308	0.0
161.0	26.179069902445633	23.890453825463652	23.657141593434087	26.273334678656628	0.0
162.0	26.382250578442946	23.7596994584613	23.650783558674984	26.20726640442077	0.0
163.0	26.19676182525356	23.67732144288688	23.90814574827158	26.21777098358798	0.0
164.0	26.138710203540043	23.899852659455366	23.72984433872292	26.23159279828167	0.0
165.0	26.11659530003013	23.754447168877697	23.83710162074599	26.29185591034618	0.0
166.0	26.161377979637702	23.77960287162022	23.813328099472837	26.245691049269244	0.0
167.0	26.29766107251753	23.737308118657516	23.781537925677338	26.183492883147615	0.0
168.0	26.270090063193514	23.77607492550021	23.730186373864534	26.223648637441745	0.0
169.0	26.253503839710735	23.760594450249624	23.75783007966916	26.22807163037048	0.0
170.0	26.210452114058246	23.79714992605288	23.761489446986136	26.230908512902733	0.0
171.0	26.31605136214737	23.810142503697357	23.707584071652686	26.16622206250259	0.0
172.0	26.177832451035947	23.802125806852896	23.824793708275166	26.195248033835988	0.0
173.0	26.242518901436096	23.71200707680825	23.814289071030696	26.231184950724955	0.0
174.0	26.120886259658043	23.820094265297378	23.834469032052965	26.224550442991614	0.0
175.0	26.079697024146842	23.89141522343087	23.86045418734191	26.168433565080374	0.0
176.0	26.255031182272546	23.776206377991066	23.658719978769515	26.31004246096687	0.0
177.0	26.26450269943026	23.704674312979105	23.808339069449858	26.22248391814078	0.0
178.0	26.354345488371578	23.7096502212897	23.704674312979105	26.231329977359618	0.0
179.0	26.267412319864214	23.789949162522355	23.867076167755382	26.07556234985805	0.0
180.0	26.195814132210614	23.784143904063956	23.703976049162247	26.31606591456318	0.0
181.0	26.28600652402278	23.702935810250455	23.769558246254217	26.241499419472547	0.0
182.0	26.28351854923426	23.731132857853705	23.777022170619784	26.208326422292256	0.0
183.0	26.185381765909217	23.732515066069553	23.798031735500636	26.284071432520594	0.0
184.0	26.140946925822213	23.746402793174084	23.876330724638485	26.236319556365224	0.0
185.0	26.284420535247786	23.8102609892768	23.738938848175064	26.166379627300344	0.0
186.0	26.163062318411896	23.893193711488117	23.66512872540699	26.278615244693	0.0
187.0	26.369288354310704	23.763542222431088	23.657388338000604	26.209781085257607	0.0
188.0	26.194576752852193	23.68282103947874	23.90646294704193	26.216139260627138	0.0
189.0	26.138182501748496	23.89927544445028	23.730922018361305	26.231620035439917	0.0
190.0	26.119937302862006	23.751931641321505	23.837075902791792	26.291055153024693	0.0
191.0	26.156704143042358	23.782340306132323	23.807773007610457	26.25318254321486	0.0
192.0	26.29271380746892	23.736450866508726	23.78703982705763	26.183795498964724	0.0
193.0	26.270118151811534	23.768031005866124	23.730987620874778	26.230863221447564	0.0
194.0	26.252149345659014	23.755038176801996	23.761672812919848	26.231139664619146	0.0
195.0	26.220707309454106	23.791041557816868	23.757868285522356	26.230382847206673	0.0
196.0	26.318292018787133	23.808457525771487	23.70313238623641	26.170118069204975	0.0
197.0	26.189745588645895	23.794082441110532	23.813157072679875	26.203014897563698	0.0
198.0	26.245034375803417	23.712255036117398	23.806522418220975	26.23618816985821	0.0
199.0	26.12008171682742	23.817580175652477	23.837484139029183	26.22485396849092	0.0
200.0	26.061752046376235	23.888349823214103	23.875356958232086	26.17454117217758	0.0
201.0	26.260034942610076	23.769544640290157	23.67002454828936	26.300395868810405	0.0
202.0	26.263701328320455	23.69607585663538	23.81135361521556	26.2288691998286	0.0
203.0	26.35713989522717	23.707963011596885	23.709345238917994	26.22555185425795	0.0
204.0	26.2679932436355	23.789645954336486	23.867327559277147	26.075033242750866	0.0
205.0	26.201645965394366	23.79268687125587	23.695377529835543	26.310289633514223	0.0
206.0	26.295710636603896	23.721429124324086	23.760131810290492	26.22272842878153	0.0
207.0	26.284376278570875	23.737463094224452	23.78832948149459	26.189831145710084	0.0
208.0	26.167991772914757	23.742715601605607	23.81542136167107	26.27387126380857	0.0
209.0	26.136548982531217	23.753562730316176	23.87602942518059	26.23385886197202	0.0
210.0	26.281408007607865	23.82350420616425	23.729788157498252	26.165299628729638	0.0
211.0	26.162811592039386	23.88598157194158	23.662334718340425	26.288872117678608	0.0
212.0	26.354666865709603	23.766832259330826	23.6556999538331	26.22280092112647	0.0
213.0	26.196814760139443	23.69163826158112	23.907268108069253	26.204278870210185	0.0
214.0	26.133784497319834	23.911138387365195	23.723153392990927	26.231923722324048	0.0
215.0	26.118579828657207	23.755221421443007	23.828756728065883	26.297442021833906	0.0
216.0	26.16806411394102	23.78120758243004	23.79779449369836	26.252933809930585	0.0
217.0	26.30407678634123	23.72812946637142	23.78397206764142	26.183821679645924	0.0
218.0	26.26544660382053	23.767174411854146	23.735106294750228	26.232272689575098	0.0
219.0	26.258535371686065	23.76440991900036	23.75473419401211	26.22232051530147	0.0
220.0	26.223222357068416	23.79792607172773	23.764475615723374	26.214375955480484	0.0
221.0	26.31942697433714	23.814513074705097	23.703380154756736	26.162679796201022	0.0
222.0	26.183413549922737	23.79792607172773	23.812025024258492	26.206635354091045	0.0
223.0	26.251143812080315	23.71664975713863	23.80677247331566	26.225433957465395	0.0
224.0	26.125082589452326	23.81561887490359	23.83856422902228	26.220734306621807	0.0
225.0	26.071174829775885	23.895789389294194	23.8642740836372	26.168761697292727	0.0
226.0	26.26890923566879	23.773940640481246	23.656449044585987	26.300701079263977	0.0
227.0	26.268428953326676	23.70710508200936	23.804692489087074	26.219773475576886	0.0
228.0	26.35634055517006	23.719545403024934	23.70185250202501	26.22226153978	0.0
229.0	26.265533208929437	23.78436657681941	23.869514133665078	26.080586080586084	0.0
230.0	26.19365540120257	23.791830810698738	23.70419517589329	26.310318612205403	0.0
231.0	26.291592484877974	23.71393659254017	23.760933750594376	26.233537171987482	0.0
232.0	26.27749333746171	23.728588647698245	23.78719686833055	26.206721146509494	0.0
233.0	26.183499021353295	23.729694463181875	23.79853147703774	26.288275038427088	0.0
234.0	26.137679937410667	23.751876435836262	23.861076016731033	26.249367610022034	0.0
235.0	26.298576535083473	23.80965545458818	23.728101337211072	26.163666673117277	0.0
236.0	26.18716531710729	23.869922565056687	23.65649958670032	26.286412531135706	0.0
237.0	26.371560558770106	23.766252076865445	23.654840858889262	26.207346505475183	0.0
238.0	26.19849995714953	23.70128523759894	23.909455577886945	26.190759227364584	0.0
239.0	26.143209030114207	23.910284941792476	23.722295789872362	26.22421023822096	0.0
240.0	26.11337655336384	23.752401752761152	23.834510595358225	26.299711098516788	0.0
241.0	26.153284711893082	23.772345496065867	23.806351014359727	26.268018777681323	0.0
242.0	26.28876810191815	23.7269907271732	23.789749572852788	26.19449159805586	0.0
243.0	26.240834743372815	23.77354212976787	23.7486590801013	26.236964046758015	0.0
244.0	26.239420926175278	23.759611370240627	23.76901191934329	26.231955784240807	0.0
245.0	26.20823137433813	23.78388840501569	23.770063456513626	26.237816764132553	0.0
246.0	26.302691791901122	23.807496094344057	23.712930831870153	26.17688128188467	0.0
247.0	26.181535636862364	23.789983630491527	23.81265761182144	26.215823120824673	0.0
248.0	26.248828251377752	23.710385218408415	23.80523118358363	26.2355553466302	0.0
249.0	26.12467128821836	23.812420673655218	23.8342656627189	26.228642375407517	0.0
