# Position (bp)	A	C	G	T	N
0.0	27.535976811137115	23.171638323575877	23.118415828201165	26.129992424946423	0.043976612139422284
1.0	26.784713598206768	20.944647666141954	25.41139487055294	26.85896226459371	2.816005046281043E-4
2.0	27.020976421589747	22.740930351747192	23.69804353356068	26.540049693102386	0.0
3.0	27.958049034157202	22.63256109088281	23.295260945107614	26.114128929852377	0.0
4.0	27.144223575781982	23.135264925061414	23.516035740736047	26.20447575842056	0.0
5.0	26.455604058612302	23.731073521633245	24.32055696799002	25.492765451764438	0.0
6.0	26.664410734793933	23.470593177104575	24.097811073371446	25.76718501473005	0.0
7.0	25.935722837649404	24.07664411204128	24.030320850771044	25.95731219953827	0.0
8.0	25.52660442985546	24.57460743734744	24.4070552157317	25.491639050274586	9.3866790821142E-5
9.0	25.972424752860473	24.189518928003704	24.32905191255933	25.509004406576498	0.0
10.0	25.659660605844426	24.342662597228397	24.3799746465798	25.617420549974913	2.8160037246342595E-4
11.0	25.588462645006594	24.611450152744734	24.508759883586407	25.291327318662265	0.0
12.0	26.143262312154953	24.002348547106344	24.266395829686218	25.587993311052486	0.0
13.0	25.925679091031544	24.009106956045468	24.233589386294227	25.831624566628758	0.0
14.0	25.66153794166085	24.501344407111535	24.4216984350998	25.415419216127816	0.0
15.0	26.119514014077204	24.069040901984767	24.326282842230107	25.485162241707926	0.0
16.0	25.864243276439108	24.190269862330272	24.379458379230282	25.56602848200034	0.0
17.0	25.52341295896754	24.655802211407725	24.679691309671707	25.141093519953028	0.0
18.0	25.881420899159373	24.315582028076495	24.382602916722792	25.420394156041336	0.0
19.0	25.530546835069945	24.447699536157252	24.406679748568415	25.615073880204385	0.0
20.0	25.39584799024161	24.734462582115842	24.61196642009425	25.2577230075483	0.0
21.0	25.87541342454682	24.219227767298595	24.313751625655485	25.5916071824991	0.0
22.0	25.646847788897343	24.170933303421116	24.232416051408965	25.94980285627258	0.0
23.0	25.54246791750423	24.52635990686537	24.448732070856284	25.482440104774113	0.0
24.0	25.928495094756176	24.147701272692885	24.202801078904894	25.721002553646045	0.0
25.0	25.59977359330054	24.311358022489543	24.262641158053373	25.826227226156544	0.0
26.0	25.45625127013501	24.54297432884071	24.523403102954504	25.47732436467436	4.6933395410571E-5
27.0	25.86856114881688	24.177644778964826	24.341207661970667	25.612586410247623	0.0
28.0	25.521113222592422	24.351533008960992	24.294180399769274	25.833173368677308	0.0
29.0	25.301089464907665	24.72432496870716	24.528518843054258	25.44601978993551	4.6933395410571E-5
30.0	25.785207438567703	24.254521680647343	24.220354168788447	25.739916711996504	0.0
31.0	25.462821945492493	24.25851101925724	24.1691029010001	26.109564134250164	0.0
32.0	25.33107990457502	24.621071498803904	24.373216237640676	25.67435075860794	2.8160037246342595E-4
33.0	25.894374516292697	24.05547715071111	24.017648834010192	26.032499498986006	0.0
34.0	25.60000826027759	24.12855244736537	23.942414601167044	26.32902469118999	0.0
35.0	25.462386072767057	24.434248933320788	24.177285934661917	25.92607905925024	0.0
36.0	26.053624340536242	23.942039459420393	23.88195899881959	26.122088121220884	2.890800028908E-4
37.0	25.69067272087906	24.062608668433565	23.983719359475543	26.262999251211827	0.0
38.0	25.5909241368616	24.39506008395551	24.15326304237835	25.860752736804542	0.0
39.0	26.04031473992195	23.992371657228144	23.836700478844342	26.13061312400557	0.0
40.0	25.673046135409194	24.108945498423235	23.867257356945846	26.35069953144932	5.147777241264994E-5
41.0	25.6058614746551	24.413524623492595	24.078740611908152	25.90187328994415	0.0
42.0	26.0632564969502	23.97827089775163	23.798140471764047	26.16033213353412	0.0
43.0	25.739735033827156	24.016542213851892	23.844441541790296	26.399281210530663	0.0
44.0	25.60238187158387	24.380661428620115	24.028509603861323	25.988447095934692	0.0
45.0	26.116710826819805	23.88951884103031	23.74577925714926	26.247991075000627	0.0
46.0	25.810221763385282	23.974288744214793	23.748147679947188	26.46704918685198	2.9262560076035837E-4
47.0	25.760260578503473	24.292227034419877	23.887742492771704	26.059769894304946	0.0
48.0	26.203198691500283	23.844209827275577	23.68347588683445	26.269115594389685	0.0
49.0	25.93844149242454	23.901585601744724	23.680657121900424	26.479252715566094	6.306836421475787E-5
50.0	25.769491674628263	24.306952611015745	23.890554567368063	26.033001146987928	0.0
51.0	26.275014938011402	23.877356101587782	23.617411440356626	26.230217520044185	0.0
52.0	25.88218670904221	23.994741282570054	23.646276167306944	26.476795841080797	0.0
53.0	25.740003887094637	24.35917315743645	23.869848284030144	26.030974671438766	0.0
54.0	26.278822691894625	23.898212053653538	23.60948926431587	26.213475990135965	0.0
55.0	25.90637112663575	24.00964897514862	23.71933436012508	26.364645538090535	0.0
56.0	25.776176371145066	24.298886384676972	23.82568955082172	26.099247693356244	0.0
57.0	26.349647713080564	23.772572676359466	23.60448036697536	26.273299243584606	0.0
58.0	25.995547040350804	23.86595507735258	23.603355005050624	26.534819378542817	3.234987031745736E-4
59.0	25.870560586553054	24.283589472825117	23.738026512810862	26.107823427810967	0.0
60.0	26.38130641134674	23.860027845600943	23.445344434994926	26.31332130805739	0.0
61.0	26.021831943329172	23.90003277353312	23.60895786348366	26.469089081289848	8.83383642031747E-5
62.0	25.846686254592054	24.26408746846089	23.791683505728923	26.09754277121813	0.0
63.0	26.227477065553924	23.900783255533014	23.651765959382512	26.219973719530554	0.0
64.0	26.08082061751236	23.94179817464414	23.58115409970441	26.396227108139094	0.0
65.0	25.889700119457636	24.310625746610214	23.749334407587853	26.050339726344298	0.0
66.0	26.365702883121962	23.877660176299358	23.54110737392127	26.21552956665741	0.0
67.0	26.074907749860483	23.820163684318857	23.581448544686413	26.523480021134247	0.0
68.0	25.879492473071174	24.27411273143458	23.806232921346467	26.040161874147778	0.0
69.0	26.355859312748724	23.910932885458497	23.48313857484027	26.25006922695251	0.0
70.0	26.07884061893701	23.870701291610423	23.608669224765414	26.44120553417325	5.833305139025162E-4
71.0	25.879772284312143	24.33163325535621	23.718858337810392	26.069736122521252	0.0
72.0	26.36455429243629	23.79473800706805	23.586949222937097	26.2535097776374	2.48699921162125E-4
73.0	26.009639098980596	23.909435629727064	23.607571522525486	26.473353748766854	0.0
74.0	25.805316269420693	24.415553023239752	23.732890266610355	26.045974813197436	2.656275317624121E-4
75.0	26.354124626961966	23.8204859995772	23.57312094531338	26.252268428147453	0.0
76.0	26.035016354884664	23.929404846954355	23.489818498418483	26.5288585952269	0.016901704515595726
77.0	25.791129706621053	24.458778075129583	23.726910534336785	26.006722012312423	0.016459671600159306
78.0	26.316750120160865	23.77253396445672	23.596247330603603	26.30153988428053	0.012928700498287328
79.0	25.83302222495262	23.893438684870052	23.62297129769213	26.634027853257656	0.01653993922753758
80.0	25.796962816291686	24.311344793644214	23.691861176904606	26.182854587035408	0.016976626124089345
81.0	26.346346380203755	23.783028695899233	23.452234383667285	26.400971412336126	0.017419127893604645
82.0	26.035063243884615	23.89404261360151	23.48655464983201	26.56856576505208	0.01577372762978711
83.0	25.77189505645352	24.263558844384647	23.776840421083254	26.17043326484973	0.017272413228850383
84.0	26.376192209545973	23.870218195329045	23.475659782012134	26.26038969244436	0.01754012066848606
85.0	26.014556143306972	23.941117875797232	23.566744359445543	26.46368694311206	0.013894678338196471
86.0	25.88895211771401	24.31997398585481	23.666775058938295	26.10519469961792	0.019104137874969517
87.0	26.288073382877187	23.77007486454941	23.50983243595778	26.41513416309792	0.01688515351770514
88.0	25.92834791157379	23.856599268820414	23.51339252406178	26.68586049655257	0.015799798991446165
89.0	25.774791619579883	24.38307752368037	23.788813778334827	26.036879510343113	0.016437568061805255
90.0	26.404589088094443	23.827500813205024	23.4920092218637	26.255956578413148	0.01994429842368813
91.0	26.012270848577135	23.881434532402555	23.500751478236793	26.58922815274784	0.01631498803567544
92.0	25.86170481297747	24.428835623142266	23.578335162089626	26.111291411027143	0.019832990763492875
93.0	26.47594815763129	23.71447512151394	23.404483736858914	26.39033148948847	0.01476149450738209
94.0	26.070598773899167	23.905886963580887	23.428883352461998	26.57531562298799	0.01931528706995493
95.0	25.886552769920986	24.20086925809493	23.70173180264514	26.194208254157292	0.016637915181659763
96.0	26.399185795296994	23.82859040810792	23.35201250559918	26.399490512625963	0.02072077836994512
97.0	26.057955340670524	23.959221324511738	23.42133723519308	26.541446656912015	0.020039442712640753
98.0	25.925827400567286	24.41983034672182	23.637071003654427	25.994659679248233	0.022611569808233936
99.0	26.463081320546078	23.81927685706139	23.407562470008138	26.288867715889253	0.021211636495142187
100.0	26.02533523371826	23.867040926146778	23.57689287064778	26.512914860816196	0.01781610867099101
101.0	25.87699767453367	24.45317287235055	23.46741873237346	26.187186718580513	0.015224002161808307
102.0	26.409086380392548	23.909136196074524	23.358772541596096	26.3042741855136	0.018730696423234033
103.0	26.254292951422357	23.723798912521858	23.368261161673697	26.636955061196726	0.016691913185359522
104.0	25.87394531386759	24.251216608899625	23.614028638448342	26.24549242026398	0.015317018520463537
105.0	26.41356916166427	23.870499565974214	23.269752766053212	26.426429184904173	0.019749321404130823
106.0	26.23705519577659	23.90192350380744	23.276036790750197	26.56278652292666	0.022197986739115747
107.0	25.829522209419782	24.432645892868926	23.507824436198995	26.214272299516274	0.01573516199603068
108.0	26.527737763692823	23.87453717041732	23.21990674050599	26.356477480072986	0.021340845310882765
109.0	26.2058085415766	23.955602216520603	23.415507784209254	26.40567716725523	0.017404290438307407
110.0	25.959044449445123	24.3577748036905	23.605107007923444	26.061492544384308	0.0165811945566307
111.0	26.416767080183057	23.63474037122825	23.392499266409025	26.527898308682595	0.028094973497075
112.0	26.426509549606546	23.901696389734667	23.076568204884865	26.575454413644934	0.01977144212898889
113.0	25.932095882676855	24.521318491360383	23.297343640000836	26.22693720507155	0.02230478089037897
114.0	26.531123942685635	23.860829037705656	23.23031201374601	26.35487415470159	0.022860851161110005
115.0	26.30305301202938	23.80896622249284	23.326541923296098	26.54270391794103	0.018734924240650104
116.0	26.035223296462746	24.33624649674135	23.43742226497073	26.168720253395467	0.02238768842971095
117.0	26.27261994960619	23.925607456874527	23.162652194597644	26.62150018501225	0.01762021390939686
118.0	25.947675018526684	24.070617149611174	23.228239355365236	26.718760260030205	0.034708216466703565
119.0	26.05967819404419	24.526697086135126	23.11279218699968	26.27081332052514	0.03001921229586936
120.0	26.840646700692282	23.725911897195562	23.25190725344804	26.154784450935704	0.02674969772841567
121.0	26.184992953631458	24.19482349706115	23.176250873635123	26.411851648162788	0.03208102750948109
122.0	26.28273798529792	24.16238779505744	23.43220912908032	26.10665780109096	0.016007289473360175
123.0	26.428884084307146	23.932564895013993	23.10222705627993	26.505816344125954	0.030507620272976876
124.0	26.383898535579824	24.13645017678973	22.80229611921497	26.648725253016874	0.028629915398599996
125.0	26.25783237173522	24.27104659097959	23.29393882995223	26.143060983932003	0.03412122340095539
126.0	26.567879565246745	23.881050428677515	22.85323702153514	26.667454263147235	0.030378721393370688
127.0	26.12240380713469	24.17641199690117	22.947947024753752	26.720035415206407	0.033201756003984215
128.0	25.969786069147315	24.499645138396026	23.05180979418027	26.43414782520531	0.04461117307107371
129.0	26.639225073264576	24.077761123912218	22.735509272723206	26.511711147401623	0.035793382698373635
130.0	26.24947397083942	23.922568507562442	22.72445973710919	27.053989157610715	0.04950862687823353
131.0	26.414466385622365	24.930663412469492	22.323607721322386	26.286887064566226	0.04437541601952519
132.0	26.548311076197955	24.13197172034564	22.149253731343283	27.120188531029065	0.050274941084053414
133.0	26.497787053362597	23.907020258357022	22.017919470332124	27.51970062250369	0.057572595444568386
134.0	26.295505006074315	24.61564241129404	22.382807590800553	26.622261321268486	0.08378367056260735
135.0	27.284098869208446	23.851696187331132	21.835284699289502	26.963874712298608	0.06504553187231062
136.0	27.059111491861458	24.04846408028393	21.674213682535797	27.144780320646188	0.07343042467262269
137.0	26.929674099485418	24.528301886792452	21.88523312022454	26.58662092624357	0.07016996725401528
138.0	27.755574253260413	23.853596970971815	21.18216238956668	27.071939419436262	0.13672696676482962
139.0	27.284324669111786	24.36612980385903	21.89443469940998	26.26375378727476	0.19135704034444267
140.0	25.24850894632207	25.513585155732272	22.829688535453943	25.944333996023854	0.46388336646785955
