# Position (bp)	A	C	G	T	N
0.0	26.250112826067333	23.71970620092066	23.733809459337486	26.296371513674522	0.0
1.0	26.22782967776875	23.79445347052983	23.789658362668114	26.188058489033306	0.0
2.0	26.05794477394318	23.963630107818005	23.632815254146465	26.345609864092346	0.0
3.0	26.30670569721992	23.80384326863963	23.668195175327273	26.22125585881318	0.0
4.0	26.11536455028693	23.748572395414747	23.76464616555983	26.37141688873849	0.0
5.0	26.286449036907953	23.741325686120252	23.75993616043357	26.21228911653823	0.0
6.0	26.22994267927178	23.789370994527324	23.670105534424863	26.31058079177604	0.0
7.0	26.286764705882355	23.662204529050886	23.806838686394805	26.244192078671958	0.0
8.0	26.243364166640827	23.797937993194306	23.78102243285227	26.177675407312595	0.0
9.0	26.15015519589076	23.805442710021904	23.787681872386973	26.25672022170036	0.0
10.0	26.286041293145246	23.764137433329953	23.832921755015054	26.11689951850975	0.0
11.0	26.263770959484905	23.660397144886844	23.82502847219873	26.25080342342952	0.0
12.0	26.101676758792554	23.7985295941725	23.741303293754157	26.35849035328079	0.0
13.0	26.217256971460145	23.779923998962595	23.68915124657488	26.31366778300238	0.0
14.0	26.260106221034473	23.754270829809546	23.769493589526743	26.216129359629242	0.0
15.0	26.22176741878376	23.828693210649167	23.772312619104	26.177226751463078	0.0
16.0	26.169333468646755	23.75821747121771	23.74243090558506	26.330018154550476	0.0
17.0	26.23896349920503	23.751733703190013	23.75934508304861	26.249957714556345	0.0
18.0	26.224022642445565	23.812624742058794	23.696762626433475	26.266589989062165	0.0
19.0	26.158829316697346	23.646235337563745	23.843003047362384	26.351932298376525	0.0
20.0	26.242554259118826	23.7161470739965	23.861044785796643	26.180253881088028	0.0
21.0	26.281738659780736	23.865555220405206	23.77478272390784	26.077923395906215	0.0
22.0	26.287094800878407	23.797898701276736	23.66371327167193	26.251293226172923	0.0
23.0	26.414514578570365	23.824679406765085	23.691057781486357	26.069748233178192	0.0
24.0	26.3141574085298	23.672170336562992	23.779011256353368	26.234660998553842	0.0
25.0	26.271026377585393	23.707690009105438	23.73277930161558	26.288504311693583	0.0
26.0	26.223384912032433	23.798462505602807	23.80466435318958	26.173488229175184	0.0
27.0	26.056498831515533	23.960838151511137	23.656101913269982	26.326561103703348	0.0
28.0	26.295269963606433	23.813967124569746	23.667659901954426	26.223103009869398	0.0
29.0	26.129511491741674	23.74912962707163	23.765479952527677	26.35587892865902	0.0
30.0	26.276590346569545	23.758083521737415	23.77133288604983	26.193993245643217	0.0
31.0	26.233741338580458	23.78570985583564	23.676050223547783	26.304498582036118	0.0
32.0	26.299142456037483	23.650115297659653	23.806288655725137	26.244453590577727	0.0
33.0	26.234023239948804	23.805442951620087	23.776970913416815	26.183562895014294	0.0
34.0	26.142687196603653	23.798395417411356	23.79022027772923	26.26869710825576	0.0
35.0	26.275462741096145	23.762312042262653	23.838989214453647	26.123236002187554	0.0
36.0	26.267851404150715	23.64504107302937	23.823766540562787	26.263340982257127	0.0
37.0	26.089971640722343	23.798113516043006	23.750190283423635	26.361724559811012	0.0
38.0	26.213726341427662	23.7814813353104	23.685916771440006	26.31887555182193	0.0
39.0	26.253474434364904	23.753291198475477	23.77499760383837	26.21823676332125	0.0
40.0	26.210343525007467	23.8375797076119	23.77753471615351	26.174542051227117	0.0
41.0	26.166366911544987	23.76456725320945	23.747935072476842	26.321130762768725	0.0
42.0	26.237406056369	23.74821697384519	23.769077675103034	26.245299294682777	0.0
43.0	26.219082467426297	23.817282809090756	23.705367965856105	26.258266757626842	0.0
44.0	26.15388952316518	23.647793423259618	23.845123824826985	26.35319322874822	0.0
45.0	26.24578911018084	23.707274444303494	23.862883560968047	26.184052884547622	0.0
46.0	26.290611301393994	23.862037859247042	23.770702073378718	26.076648765980238	0.0
47.0	26.286100892215313	23.794663622140472	23.66555315940068	26.25368232624353	0.0
48.0	26.42000366470746	23.82482698352291	23.693743216767444	26.061426135002186	0.0
49.0	26.311471943845405	23.66780836399002	23.792690318124798	26.228029374039775	0.0
50.0	26.264676448616576	23.709811549466504	23.738847308554273	26.28666469336265	0.0
51.0	26.232257882644795	23.801429235908493	23.799174031319154	26.167138850127557	0.0
52.0	26.062553737296856	23.956192650852046	23.65343143473297	26.327822177118133	0.0
53.0	26.29794071630936	23.807912949102853	23.664707457679675	26.229438876908112	0.0
54.0	26.12513566465108	23.75125093379565	23.770138272231385	26.35347512932189	0.0
55.0	26.29702088313563	23.749210680618827	23.764715168463308	26.189053267782235	0.0
56.0	26.23979522800054	23.78473005277164	23.67789003653421	26.29758468269361	0.0
57.0	26.297302782914617	23.653364755762034	23.804181137521986	26.245151323801363	0.0
58.0	26.243741824906408	23.803335438185016	23.77429976094899	26.178622975959588	0.0
59.0	26.15156059717649	23.797133643047225	23.787267150782554	26.26403860899373	0.0
60.0	26.292510486671777	23.754566776419647	23.82955211763114	26.123370619277438	0.0
61.0	26.26403860899373	23.645189662171305	23.823350322493347	26.26742140634162	0.0
62.0	26.097153939831312	23.798543141942176	23.748928780839837	26.35537413738668	0.0
63.0	26.21216904965947	23.77429976094899	23.693394524378693	26.320136665012857	0.0
64.0	26.246278922917327	23.749492580397817	23.78021965630779	26.224008840377067	0.0
65.0	26.204557755626716	23.841673808127734	23.77148076315908	26.182287673086464	0.0
66.0	26.172421180821793	23.774017861169998	23.743854584818006	26.309706373190206	0.0
67.0	26.256709214739978	23.72778629741554	23.77599115962293	26.239513328221552	0.0
68.0	26.216115646565335	23.812074331333726	23.71651030625592	26.25529971584502	0.0
69.0	26.149795482286876	23.646814400527717	23.841606598691424	26.36178351849398	0.0
70.0	26.248178227813845	23.709395975046302	23.86584991134277	26.17657588579708	0.0
71.0	26.290181176477223	23.869232699154587	23.76352058003535	26.077065544332847	0.0
72.0	26.28369749983791	23.791710478467145	23.674158602006557	26.25043341968839	0.0
73.0	26.424646991996887	23.8255383565853	23.688253551222456	26.06156110019536	0.0
74.0	26.312169297254023	23.666265430445655	23.78860958963965	26.232955682660673	0.0
75.0	26.252406712578612	23.714470156764026	23.74435144910173	26.288771681555634	0.0
76.0	26.22590820805273	23.80073124596532	23.80636922565168	26.166991320330276	0.0
77.0	26.070581867693534	23.95718518226179	23.647096299512032	26.32513665053265	0.0
78.0	26.301457135849937	23.80862441752622	23.674440500990876	26.215477945632966	0.0
79.0	26.120477987917813	23.76041969120785	23.775642236361023	26.343460084513314	0.0
80.0	26.29236225044963	23.755560441790845	23.771628638600884	26.180448669158647	0.0
81.0	26.23682830708861	23.783750260755827	23.68001172696469	26.299409705190875	0.0
82.0	26.302510585277023	23.656896075413403	23.800100355755514	26.24049298355406	0.0
83.0	26.245285252778107	23.79530808653147	23.773038129549132	26.18636853114129	0.0
84.0	26.148594173728217	23.806020217738162	23.781776973428276	26.263608635105346	0.0
85.0	26.291234657691025	23.753023358083993	23.834210036703144	26.12153194752183	0.0
86.0	26.263608635105346	23.641955471361964	23.8271625819619	26.267273311570793	0.0
87.0	26.08995935028105	23.798408966617615	23.745130208773798	26.36650147432753	0.0
88.0	26.217941128382073	23.767963962135436	23.704536869464224	26.309558040018267	0.0
89.0	26.23541881614036	23.76486308204929	23.77332002773878	26.226398074071568	0.0
90.0	26.19538927321009	23.84266698239264	23.780649380669676	26.1812943637276	0.0
91.0	26.180166770969	23.76373548929069	23.753023358083993	26.303074381656323	0.0
92.0	26.25515168941585	23.734699975756758	23.767963962135436	26.242184372691955	0.0
93.0	26.21484024829592	23.809966792393258	23.715530898860568	26.259662060450246	0.0
94.0	26.145137692782583	23.639915543540464	23.854721358519924	26.360225405157028	0.0
95.0	26.25056731850741	23.7064433287572	23.870789510034136	26.172199842701254	0.0
96.0	26.29708038868013	23.86994381784918	23.761695218174488	26.071280575296203	0.0
97.0	26.28073033977093	23.78142803582352	23.677125999678637	26.26071562472691	0.0
98.0	26.42675319037377	23.816383312801808	23.689247587663044	26.067615909161386	0.0
99.0	26.308356284479572	23.667541488249107	23.787347881118233	26.236754346153084	0.0
100.0	26.249721626322454	23.713490763631853	23.747318451030193	26.2894691590155	0.0
101.0	26.22519655295865	23.801724648262525	23.80454362221239	26.168535176566433	0.0
102.0	26.068179703951355	23.95620442071495	23.655701797659688	26.319914077674007	0.0
103.0	26.306101105319684	23.804825519607373	23.67036046219897	26.218712912873972	0.0
104.0	26.117229850678953	23.753802091114874	23.779736651453604	26.349231406752573	0.0
105.0	26.299261430907144	23.746123921745504	23.767548063370356	26.187066583976996	0.0
106.0	26.233579523030954	23.781924789987034	23.683260979872582	26.301234707109433	0.0
107.0	26.30489936291368	23.665219597451657	23.79912048260698	26.230760557027683	0.0
108.0	26.25246659525286	23.797147206404688	23.767829959970683	26.182556238371763	0.0
109.0	26.156339854541354	23.790099791396514	23.794892033602075	26.258668320460053	0.0
110.0	26.28291142808818	23.75486271635564	23.838304110052434	26.123921745503747	0.0
111.0	26.26571573546823	23.64210407622484	23.835203247448835	26.256976940858095	0.0
112.0	26.094040705869087	23.794610137001747	23.750070474150082	26.361278682979083	0.0
113.0	26.2194846930146	23.77177651237526	23.702711845295145	26.306026949314994	0.0
114.0	26.23555279923324	23.764729097367084	23.77572306477984	26.223995038619837	0.0
115.0	26.196651068388118	23.83125669504426	23.79235496419913	26.1797372723685	0.0
116.0	26.173253650560973	23.76444720076676	23.75204375035237	26.3102553983199	0.0
117.0	26.24203642104076	23.73343857473079	23.780515306985397	26.244009697243055	0.0
118.0	26.2330157298303	23.795737723403057	23.71088684670463	26.26035970006202	0.0
119.0	26.15782307555696	23.637378466985588	23.85359376893998	26.35120468851747	0.0
120.0	26.252258702877327	23.703060560017363	23.869380023059207	26.175300714046102	0.0
121.0	26.295670901705197	23.85754033246979	23.776635780108755	26.07015298571626	0.0
122.0	26.278193263216053	23.783683214983412	23.67909928144354	26.259024240356993	0.0
123.0	26.423088524238945	23.811872954482027	23.698832099092574	26.066206422186454	0.0
124.0	26.317095103724146	23.661057848164425	23.78875736809316	26.233089680018267	0.0
125.0	26.248030241952534	23.717437327161658	23.74590896405526	26.28862346683054	0.0
126.0	26.22519655295865	23.791576342043022	23.81328244145696	26.169944663541365	0.0
127.0	26.074381446641056	23.95535872852999	23.657675079424592	26.312584745404365	0.0
128.0	26.31822269330409	23.800033263892608	23.675152717913733	26.206591324889565	0.0
129.0	26.11863933765388	23.758594346829643	23.782555625403464	26.340210690113015	0.0
130.0	26.30166489070807	23.740619837739402	23.765144980238937	26.192570291313586	0.0
131.0	26.23682830708861	23.767682063945784	23.69297904368858	26.302510585277023	0.0
132.0	26.296872621484024	23.668172002999395	23.810530588772558	26.22442478674402	0.0
133.0	26.24789632882953	23.801295043933955	23.775360337376704	26.17544828985981	0.0
134.0	26.158326191872266	23.797415542826215	23.78980424879347	26.25445401650805	0.0
135.0	26.294201885345718	23.747801181723872	23.833216814758018	26.124780118172385	0.0
136.0	26.266293807225654	23.635041270127644	23.842519507464708	26.25614541518199	0.0
137.0	26.096308240494338	23.782756754318704	23.76076857155744	26.360166433629516	0.0
138.0	26.226264038608992	23.76076857155744	23.704388615759324	26.308578774074242	0.0
139.0	26.242050426232467	23.757667673988543	23.77937395697082	26.220907942808175	0.0
140.0	26.202094521262353	23.832438299011937	23.788179908946113	26.177287270779598	0.0
141.0	26.184126697750994	23.750190283423635	23.759493028579158	26.306189990246214	0.0
142.0	26.25093732204976	23.725382963008904	23.77471570247002	26.248964012471315	0.0
143.0	26.220773875636393	23.798395417411356	23.72256394932541	26.258266757626842	0.0
144.0	26.157701708045206	23.630166914270735	23.859071470655394	26.353059907028666	0.0
145.0	26.256085562944527	23.69387680311671	23.872038970155018	26.177998663783747	0.0
146.0	26.302599419845347	23.85089630792737	23.77478272390784	26.071721548319438	0.0
147.0	26.28512148573716	23.786622614755323	23.68147310794316	26.24678279156436	0.0
148.0	26.41592408938554	23.8119938094285	23.701488161518665	26.070593939667297	0.0
149.0	26.315003115018904	23.665404684650145	23.786058810429253	26.2335333899017	0.0
150.0	26.252984639151133	23.712200443714003	23.74236397515878	26.292450941976075	0.0
151.0	26.232687683412593	23.777319843375157	23.83285456949311	26.157137903719136	0.0
152.0	26.061854972613208	23.951535380130974	23.66145805436765	26.325151592888176	0.0
153.0	26.306546050127842	23.800717722907088	23.68541973822565	26.20731648873942	0.0
154.0	26.112315459796527	23.75561337682144	23.79705299478763	26.33501816859441	0.0
155.0	26.300982149904716	23.73453762276874	23.771748813188548	26.192731414138	0.0
156.0	26.237553984416408	23.763291724456774	23.69394359685622	26.305210694270603	0.0
157.0	26.309721141594217	23.662934271506376	23.81093332431244	26.21641126258697	0.0
158.0	26.252286944191518	23.79549574184382	23.77604438292678	26.176172931037883	0.0
159.0	26.154540072731375	23.792743776957124	23.794717108786966	26.25799904152454	0.0
160.0	26.2935190144617	23.751303808530434	23.83277422264821	26.122402954359654	0.0
161.0	26.272094268880558	23.640233416965014	23.84038564542046	26.247286668733967	0.0
162.0	26.109999154286356	23.78344092690215	23.753559044907394	26.353000873904097	0.0
163.0	26.226425732247062	23.754122854001636	23.709018126462382	26.310433287288927	0.0
164.0	26.252079046035014	23.754968567642994	23.770473317734613	26.22247906858738	0.0
165.0	26.201973901203452	23.824948058940766	23.804932779671244	26.168145260184534	0.0
166.0	26.17413905865903	23.758203468573104	23.765814934259488	26.30184253850838	0.0
167.0	26.244897498928754	23.723529013779572	23.778500710403463	26.25307277688821	0.0
168.0	26.220653571186936	23.792877923366635	23.731140479465957	26.255328025980468	0.0
169.0	26.15758033642773	23.63592283643478	23.857219777462667	26.349277049674818	0.0
170.0	26.258221110882452	23.695687105858873	23.86454935767506	26.181542425583622	0.0
171.0	26.30389003374426	23.840869175450415	23.780259185232588	26.074981605572734	0.0
172.0	26.281337479244606	23.776594395126395	23.68976706030271	26.252301065326293	0.0
173.0	26.421445224073725	23.802811739732242	23.701607151415033	26.074135884778997	0.0
174.0	26.312629148612878	23.663267808765614	23.788998300101206	26.235104742520303	0.0
175.0	26.26752403961356	23.708091010833684	23.74051030792694	26.283874641625815	0.0
176.0	26.23848762569525	23.7827963476138	23.822545224919445	26.156170801771506	0.0
177.0	26.066524397635366	23.956732924192405	23.66495925035309	26.31178342781914	0.0
178.0	26.32024063575651	23.80055648428228	23.67087929590925	26.20832358405196	0.0
179.0	26.11078378584094	23.75516946835172	23.795482159519857	26.338564586287482	0.0
180.0	26.29353360058186	23.73240191020675	23.772996622745442	26.201067866465948	0.0
181.0	26.22813100815841	23.759746959625176	23.702519691254658	26.309602340961757	0.0
182.0	26.302554647812677	23.667281225509264	23.811899888928355	26.2182642377497	0.0
183.0	26.24850236098386	23.795052505461978	23.791105786172388	26.16533934738177	0.0
184.0	26.149908097563173	23.79737486045489	23.794837676616186	26.25787936536575	0.0
185.0	26.28973511800724	23.755370372458586	23.821900970895683	26.132993538638488	0.0
186.0	26.27451201497502	23.638096097247438	23.84473562544401	26.24265626233353	0.0
187.0	26.098036783527473	23.78976330893878	23.75198746067365	26.360212446860093	0.0
188.0	26.226869340670493	23.74775882094248	23.715339249670166	26.310032588716865	0.0
189.0	26.246321083433884	23.74634927436542	23.780178392214793	26.2271512499859	0.0
190.0	26.197342715301797	23.82873396988636	23.793213296008435	26.180710018803406	0.0
191.0	26.17711898331651	23.756913864942124	23.773546608329905	26.29242054341146	0.0
192.0	26.25097964039445	23.724776021786077	23.77749336099819	26.246750976821286	0.0
193.0	26.2188417972384	23.79158890624207	23.731823794408015	26.25774550211151	0.0
194.0	26.162251459597822	23.62532807474043	23.859032873723294	26.353387591938453	0.0
195.0	26.261766289562782	23.68706673695665	23.87284654700455	26.17832042647602	0.0
196.0	26.318712452885507	23.83732567285275	23.77643274573538	26.067529128526363	0.0
197.0	26.28403731383256	23.787709213720078	23.679173209367363	26.24908026308	0.0
198.0	26.43063139763363	23.805469650795978	23.695524087945174	26.068374863625216	0.0
199.0	26.31645715928857	23.659157478694524	23.781225244628878	26.24316011738803	0.0
200.0	26.27078746395054	23.706518644230254	23.742885253480907	26.2798086383383	0.0
201.0	26.2378037950953	23.782070979727727	23.829995968662697	26.150129256514276	0.0
202.0	26.07344927421833	23.95431902819399	23.653237333002558	26.318994364585123	0.0
203.0	26.31279230719354	23.79954950510401	23.66592335948534	26.22173482821711	0.0
204.0	26.107278678172424	23.764028630952215	23.789118772218167	26.3395739186572	0.0
205.0	26.290313486693726	23.727728912945423	23.774526387009473	26.207431213351374	0.0
206.0	26.226601262967975	23.762404149751916	23.701229138475416	26.30976544880469	0.0
207.0	26.30512125124747	23.663586285443646	23.81497414847851	26.21631831483037	0.0
208.0	26.261780517990395	23.795307244930466	23.780647671242143	26.162264565836992	0.0
209.0	26.15444468250657	23.79170942387713	23.79706582167142	26.25678007194488	0.0
210.0	26.293429109484773	23.74998590421633	23.83512443757823	26.121460548720666	0.0
211.0	26.26354604810609	23.64990584016509	23.840762751045908	26.24578536068291	0.0
212.0	26.105391355337794	23.791145592530363	23.75816145874446	26.345301593387386	0.0
213.0	26.229716167300037	23.742938012381735	23.717283686103812	26.310062134214412	0.0
214.0	26.248886433090135	23.748012494502643	23.785225363389305	26.217875709017918	0.0
215.0	26.20469954752407	23.828425637483612	23.792622246028504	26.17425256896382	0.0
216.0	26.197443574259825	23.74983789757382	23.767316767874963	26.28540176029139	0.0
217.0	26.24536950895651	23.723619592122102	23.781130713758124	26.24988018516326	0.0
218.0	26.222534210659852	23.79522657690421	23.72643876475132	26.255800447684614	0.0
219.0	26.164251098775633	23.63798338374968	23.862672075734466	26.335093441740227	0.0
220.0	26.272507632931415	23.67435081319264	23.877613732792426	26.17552782108352	0.0
221.0	26.310848488778248	23.8485761728496	23.77753282230987	26.06304251606228	0.0
222.0	26.28547586358549	23.786554200156182	23.684499863269743	26.243470072988583	0.0
223.0	26.431791335530413	23.81023531700276	23.700005356443096	26.057967991023727	0.0
224.0	26.321843293028447	23.650387778288362	23.777814740367564	26.249954188315623	0.0
225.0	26.270816124585227	23.707899062058623	23.747085672078555	26.2741991412776	0.0
226.0	26.25333720500799	23.77189446115592	23.82320354765684	26.15156478617925	0.0
227.0	26.069808549447014	23.957396543120776	23.659691074192377	26.313103833239833	0.0
228.0	26.30859314431667	23.805724628079602	23.6673028617502	26.218379365853522	0.0
229.0	26.100255699678332	23.75836239438645	23.798676676637168	26.34270522929805	0.0
230.0	26.290060668937056	23.735875865490875	23.77506258598525	26.19900087958682	0.0
231.0	26.224937414014747	23.7606847245089	23.697534901553936	26.316842959922415	0.0
232.0	26.30613004352827	23.66342272040416	23.807765172872642	26.22268206319493	0.0
233.0	26.27068233012227	23.779640326914024	23.78048608585581	26.169191257107897	0.0
234.0	26.15573285218911	23.78168080967551	23.791829945589356	26.270756392546023	0.0
235.0	26.295565391446534	23.73460009585295	23.838628738969863	26.131205773730652	0.0
236.0	26.266245665473203	23.646358997490907	23.836373375433453	26.251021961602433	0.0
237.0	26.0968114798004	23.782808491443713	23.759972935637563	26.360407093118322	0.0
238.0	26.217755349440385	23.739956584251924	23.740520425136026	26.301767641171665	0.0
239.0	26.247638916297824	23.746158833977052	23.782808491443713	26.22339375828141	0.0
240.0	26.19939723540241	23.82386192236234	23.794259357934475	26.182481484300773	0.0
241.0	26.177681290177063	23.754088192173224	23.773824292319837	26.294406225329876	0.0
242.0	26.246961896115174	23.719766989415277	23.780388087813186	26.252883026656367	0.0
243.0	26.224104532112214	23.795210448699695	23.733740874728955	26.24694414445914	0.0
244.0	26.193819828660697	23.627678234043394	23.84030139474026	26.33820054255565	0.0
245.0	26.27329437776374	23.675661041422256	23.88942784947207	26.161616731341937	0.0
246.0	26.310653599379542	23.83585983219347	23.781146442924626	26.072340125502365	0.0
247.0	26.31331037420003	23.771446622835594	23.676958789201873	26.23828421376251	0.0
248.0	26.455239879044996	23.79637360653518	23.683824524980817	26.064561989439007	0.0
249.0	26.334228460531662	23.653924267725777	23.784526334792616	26.22732093694995	0.0
