# Position (bp)	A	C	G	T	N
0.0	26.22439627850493	23.881295770331885	23.712472229236834	26.18183572192635	0.0
1.0	26.14523364326876	23.72580787029812	23.837600265577873	26.291358220855237	0.0
2.0	26.186511122522223	23.809375203910545	23.882286521619484	26.121827151947752	0.0
3.0	26.206098360097695	23.899285432640895	23.788653725593655	26.10596248166776	0.0
4.0	26.207900066372815	23.811955048021012	23.736505613324482	26.243639272281694	0.0
5.0	26.11139789093921	23.860522897320845	23.777703404108074	26.25037580763187	0.0
6.0	26.337522085244082	23.794493081611183	23.75393847611107	26.114046357033672	0.0
7.0	26.26768491709464	23.864322762320953	23.719979241756963	26.148013078827443	0.0
8.0	26.22061534098965	23.704522898057565	23.930242450021268	26.144619310931517	0.0
9.0	26.280598978639908	23.656877450966494	23.84770902863041	26.214814541763193	0.0
10.0	26.099506352766383	23.84392694814861	23.88759247024932	26.16897422883569	0.0
11.0	26.08135964228297	23.938630093483912	23.715482263008212	26.264528001224903	0.0
12.0	26.160184415945288	23.859238235118987	23.867177420955482	26.11339992798024	0.0
13.0	26.269064678845755	23.79317286726532	23.835420677609513	26.102341776279413	0.0
14.0	26.206968903910333	23.773608445025392	23.668981317394472	26.350441333669806	0.0
15.0	26.180032380536517	23.802529764858328	23.716332890062127	26.301104964543033	0.0
16.0	26.19023990518344	23.773608445025392	23.668414232691866	26.367737417099306	0.0
17.0	26.36546907828888	23.725122702952525	23.77530969913321	26.134098519625383	0.0
18.0	26.113683470331544	23.774175529727998	23.83286879644778	26.279272203492678	0.0
19.0	26.108863250359388	23.831451084691267	23.866610336252876	26.19307532869647	0.0
20.0	26.189105735778224	23.797993087237476	23.624465168239855	26.38843600874445	0.0
21.0	26.330876911429872	23.716616432413428	23.765669259188897	26.1868373969678	0.0
22.0	26.092134251632494	23.893830401977993	23.8515825916338	26.162452754755716	0.0
23.0	26.343069232535914	23.77842866499755	23.735330227599448	26.14317187486709	0.0
24.0	26.21178912388249	23.660758589206676	23.82152710239565	26.305925184515182	0.0
25.0	26.238084166472913	23.875615994011604	23.709744188815986	26.176555650699495	0.0
26.0	26.130905461577285	23.72250355844642	23.85321621177151	26.293374768204785	0.0
27.0	26.173436693678724	23.807849564196644	23.905671398029956	26.113042344094676	0.0
28.0	26.182226481646353	23.91332701980821	23.7996268593237	26.10481963922173	0.0
29.0	26.196687100560844	23.824294973942532	23.73497938652951	26.244038538967114	0.0
30.0	26.105103180769078	23.875615994011604	23.78346499112515	26.23581583409417	0.0
31.0	26.314640384255505	23.801328108607755	23.757095627222256	26.12693587991448	0.0
32.0	26.271258527512035	23.87334766163286	23.710878355005356	26.14451545584975	0.0
33.0	26.220788132084994	23.700954400848357	23.933174928122217	26.14508253894443	0.0
34.0	26.2978368676687	23.645880294768958	23.84350819290978	26.212774644652566	0.0
35.0	26.105312702908844	23.83840445952881	23.881502652523654	26.17478018503869	0.0
36.0	26.07610800633997	23.94189683086511	23.712795910208317	26.2691992525866	0.0
37.0	26.16031960712595	23.844642355883327	23.874414133938977	26.120623903051747	0.0
38.0	26.26494614143579	23.786232962745583	23.835001970608165	26.11381892521046	0.0
39.0	26.20511904458111	23.774324251523325	23.681606428435735	26.338950275459833	0.0
40.0	26.16882582942756	23.801827703631872	23.723570458457026	26.30577600848354	0.0
41.0	26.185554733287397	23.77545841449687	23.669697717213474	26.369289135002255	0.0
42.0	26.359648749727093	23.717049021359124	23.785665881258808	26.137636347654976	0.0
43.0	26.11155059926336	23.770071140372515	23.835001970608165	26.283376289755957	0.0
44.0	26.101910213988198	23.82677928904994	23.879234326576558	26.192076170385302	0.0
45.0	26.186688896260947	23.79417210356042	23.624331198271538	26.394807801907096	0.0
46.0	26.33980089768999	23.725838784404125	23.760430755097353	26.173929562808528	0.0
47.0	26.09368753242997	23.89454552671946	23.845492978113487	26.166273962737073	0.0
48.0	26.337532571742894	23.785382340515422	23.737747495626387	26.139337592115297	0.0
49.0	26.20682028904143	23.665444606062668	23.81798952600494	26.309745578890958	0.0
50.0	26.230279797212237	23.869809801408625	23.716698234113256	26.18321216726588	0.0
51.0	26.147486134896962	23.724353812478025	23.85308094498191	26.2750791076431	0.0
52.0	26.185764026720804	23.80090959612571	23.906386453595854	26.106939923557633	0.0
53.0	26.190867745630648	23.914325571900058	23.794955257397557	26.099851425071734	0.0
54.0	26.19710562429824	23.829547130008734	23.731158771024486	26.24218847466854	0.0
55.0	26.117714441256197	23.87009334134806	23.776525161334224	26.23566705606152	0.0
56.0	26.324982136983817	23.797223576913044	23.756677365573715	26.121116920529424	0.0
57.0	26.265438749702284	23.87009334134806	23.71981717344705	26.1446507355026	0.0
58.0	26.226026698120698	23.697417518231617	23.93729230699436	26.139263476653323	0.0
59.0	26.3025079036534	23.64291081276493	23.841388207607356	26.21319307597431	0.0
60.0	26.112536682875653	23.833732650949145	23.882784921388776	26.170945744786422	0.0
61.0	26.076810751804018	23.94686476600933	23.707274196520974	26.269050285665678	0.0
62.0	26.158753561960392	23.843940059826757	23.883068460524264	26.114237917688587	0.0
63.0	26.25118732012986	23.790634702354794	23.844223598962248	26.1139543785531	0.0
64.0	26.207522293264528	23.77447297163191	23.678920282972058	26.339084452131505	0.0
65.0	26.168960970838	23.79545486765811	23.735061031798914	26.300523129704978	0.0
66.0	26.19221117994811	23.78042729347718	23.658789004352325	26.36857252222238	0.0
67.0	26.366304209138463	23.716914527127607	23.78156145001914	26.135219813714787	0.0
68.0	26.115655613366034	23.768802188922127	23.83259849440719	26.28294370330465	0.0
69.0	26.105448204488425	23.824375859478003	23.873711669053122	26.196464266980453	0.0
70.0	26.18568977983186	23.79545486765811	23.624764308093624	26.394091044416406	0.0
71.0	26.339651530402485	23.725704240327772	23.75802770177354	26.17661652749621	0.0
72.0	26.093823099933367	23.888455704098558	23.858967634007684	26.158753561960392	0.0
73.0	26.34333753916384	23.78581453705148	23.744134284134567	26.126713639650113	0.0
74.0	26.214327232516265	23.65396883904901	23.81955569417469	26.312148234260036	0.0
75.0	26.228713359759105	23.871375671277	23.72280158554635	26.177109383417545	0.0
76.0	26.152158010241404	23.72677112218801	23.85322921805799	26.267841649512597	0.0
77.0	26.185331995032406	23.80134170338488	23.903699041073363	26.10962726050935	0.0
78.0	26.18845091667942	23.913622882677508	23.79850632006941	26.099419880573656	0.0
79.0	26.20716444656153	23.826009538229474	23.72932296717193	26.237503048037063	0.0
80.0	26.12493833041289	23.867122596303794	23.776106791877194	26.231832281406124	0.0
81.0	26.325683469148192	23.801908780047974	23.754274340348072	26.11813341045576	0.0
82.0	26.265573342860222	23.87052505628236	23.717130818915408	26.14677078194201	0.0
83.0	26.224743823117446	23.700969134017228	23.933470565885802	26.140816476979523	0.0
84.0	26.29243493522585	23.65099932801606	23.850042672397905	26.206523064360184	0.0
85.0	26.100196491506633	23.83076212052046	23.88321656312821	26.185824824844694	0.0
86.0	26.0692909009972	23.93878991853967	23.715362346783408	26.27655683367972	0.0
87.0	26.157754609611356	23.844655459373325	23.88973792626323	26.10785200475209	0.0
88.0	26.259261044495545	23.79021625407231	23.84352130926289	26.10700139216926	0.0
89.0	26.205672451777357	23.779158290495538	23.67878600572179	26.33638325200532	0.0
90.0	26.163992435218763	23.792484554293182	23.736627661354117	26.306895349133935	0.0
91.0	26.19319680056254	23.78312781588207	23.665459741924142	26.35821564163125	0.0
92.0	26.366721767459534	23.710542208814047	23.78341135340968	26.13932467031674	0.0
93.0	26.124580718881045	23.75874358850766	23.8318962706309	26.284779421980396	0.0
94.0	26.10444955442078	23.82707613266154	23.870457374385786	26.1980169385319	0.0
95.0	26.183556524623818	23.795887004624497	23.62463033794838	26.395926132803304	0.0
96.0	26.331846651563566	23.71082574634166	23.769234477029208	26.18809312506557	0.0
97.0	26.097644653758152	23.881798875490166	23.86308539866794	26.157471072083744	0.0
98.0	26.348858903220133	23.781993665771633	23.744283174599573	26.12486425640866	0.0
99.0	26.221834090851093	23.660072528899562	23.822255994692178	26.295837385557164	0.0
100.0	26.23338474799256	23.87520981717552	23.721816449666562	26.16958898516536	0.0
101.0	26.162500567073447	23.718697545706117	23.85677993013655	26.26202195708388	0.0
102.0	26.19113777616477	23.8031914893617	23.905264709885223	26.100406024588306	0.0
103.0	26.193973143401532	23.91774032572699	23.785612212493763	26.102674318377716	0.0
104.0	26.20729936941433	23.828709794492582	23.72833779431112	26.23565304178197	0.0
105.0	26.12167127886404	23.860749444268023	23.77767318423082	26.239906092637117	0.0
106.0	26.328653087147845	23.794118314204056	23.760377444086558	26.116851154561537	0.0
107.0	26.265140861044323	23.876060427346548	23.717846935535093	26.14095177607404	0.0
108.0	26.240189629360795	23.693462777298915	23.92794764777934	26.13839994556095	0.0
109.0	26.286898655756204	23.645761563303648	23.85557814391716	26.211761637022985	0.0
110.0	26.10089909240152	23.832895270337325	23.887050631009192	26.17915500625197	0.0
111.0	26.066024174272517	23.93922124024282	23.71721261508014	26.27754197040452	0.0
112.0	26.166962961702804	23.841401347929764	23.88846831060793	26.103167379759505	0.0
113.0	26.25769445602216	23.7861118435789	23.8499074255222	26.106286274876734	0.0
114.0	26.197868376955334	23.773069191270498	23.68375537654988	26.345307055224293	0.0
115.0	26.156472132672125	23.795752064850337	23.739895488659982	26.307880313817556	0.0
116.0	26.195033017757858	23.777605765986465	23.67524929895744	26.35211191729824	0.0
117.0	26.364871033686903	23.712392504444427	23.788096595017137	26.134639866851533	0.0
118.0	26.13123743581456	23.763712505918814	23.831194054818834	26.273856003447797	0.0
119.0	26.114225280629675	23.817300794751183	23.869471403984814	26.19900252063433	0.0
120.0	26.187377547924655	23.783276484381425	23.629316479958263	26.400029487735654	0.0
121.0	26.346157662983533	23.701618139494002	23.773069191270498	26.17915500625197	0.0
122.0	26.093527158488072	23.87967869709574	23.862383005991113	26.16441113842507	0.0
123.0	26.34105401642807	23.777889301906214	23.749535709931415	26.131520971734307	0.0
124.0	26.206941526387272	23.661923110729283	23.828358695621354	26.30277666726209	0.0
125.0	26.2413237762555	23.865286031846843	23.732023771718914	26.161366420178737	0.0
126.0	26.149457877784332	23.7297554779295	23.865002495123168	26.255784149163	0.0
127.0	26.190003629270066	23.801206732295967	23.906115320056255	26.102674318377716	0.0
128.0	26.18943655582271	23.921993376582133	23.79695368144082	26.091616386154335	0.0
129.0	26.196241437190942	23.827859184321554	23.739679263258175	26.236220115229326	0.0
130.0	26.114866397495806	23.857630540307582	23.77937440457288	26.248128657623738	0.0
131.0	26.32780247697682	23.79695368144082	23.766331715283766	26.1089121262986	0.0
132.0	26.26769269155741	23.87379213355714	23.712743274508917	26.145771900376534	0.0
133.0	26.234802431610944	23.694596924193622	23.93588667604228	26.134713968153157	0.0
134.0	26.289032484894538	23.65043225296084	23.854862810367266	26.205672451777357	0.0
135.0	26.109269692390136	23.827643207716758	23.885484863349088	26.17760223654402	0.0
136.0	26.06532137561067	23.940207606177715	23.719331872169942	26.275139146041678	0.0
137.0	26.1770351614888	23.83813409623831	23.888320238625184	26.096510503647714	0.0
138.0	26.259544582023153	23.782277203299245	23.85769818564336	26.100480029034244	0.0
139.0	26.206806601887795	23.761011888728532	23.6821884560531	26.34999305333057	0.0
140.0	26.167111348022466	23.791066866655136	23.738328886519774	26.30349289880262	0.0
141.0	26.196315713366243	23.769234477029208	23.67793539313896	26.356514416465593	0.0
142.0	26.365304079821485	23.703170233096202	23.80014006753864	26.131385619543675	0.0
143.0	26.129684394378017	23.761862501311363	23.83076212052046	26.27769098379016	0.0
144.0	26.111821530138624	23.816585244139986	23.871024449441006	26.200568776280384	0.0
145.0	26.19298752998418	23.77667386854029	23.6315022427882	26.398836358687333	0.0
146.0	26.34808299734041	23.69388067572855	23.780643405181948	26.177392921749092	0.0
147.0	26.091197268958787	23.884418434528165	23.86372013632523	26.160664160187814	0.0
148.0	26.352336072313616	23.773838485224818	23.74378342208083	26.130042020380735	0.0
149.0	26.209999829877002	23.645679159365553	23.835649841502075	26.30867116925537	0.0
150.0	26.23623413594039	23.857901123952317	23.730024611266742	26.175840128840548	0.0
151.0	26.143800115684297	23.727189211872385	23.871227501105803	26.25778317133751	0.0
152.0	26.191434825509518	23.80034251624684	23.902983974322623	26.105238683921016	0.0
153.0	26.197672704177112	23.915743271597236	23.794671717458122	26.091912306767533	0.0
154.0	26.19625500447993	23.817638452552426	23.758945685089202	26.227160857878438	0.0
155.0	26.118565061074506	23.8632883828016	23.779644100668023	26.238502455455876	0.0
156.0	26.3343389549852	23.793821097639814	23.762064624422997	26.10977532295199	0.0
157.0	26.264304589944537	23.87973369928888	23.705923716414695	26.150037994351884	0.0
158.0	26.24587449388121	23.68352406119926	23.939277086570414	26.13132435834912	0.0
159.0	26.284510452729503	23.644179050308633	23.85541690413204	26.21589359282982	0.0
160.0	26.102477295474973	23.828764074253648	23.88774054887817	26.181018081393205	0.0
161.0	26.078376332287068	23.9311222826164	23.713930073181867	26.276571311914665	0.0
162.0	26.17761559247256	23.836136133581714	23.89482906746285	26.091419206482875	0.0
163.0	26.258708245081273	23.772339466319615	23.86052063751301	26.1084316510861	0.0
164.0	26.207103829784824	23.766952192195255	23.684441835869606	26.341502142150315	0.0
165.0	26.167408125710622	23.784815259028647	23.746820799414774	26.300955815845956	0.0
166.0	26.198030525996437	23.77375717003655	23.683591213639442	26.344621090327575	0.0
167.0	26.37155746094935	23.698618873038964	23.800693540658322	26.129130125353363	0.0
168.0	26.125727636432718	23.76496740699155	23.83471842986478	26.27458652671096	0.0
169.0	26.10446208067868	23.817705985261554	23.874697674682363	26.203134259377403	0.0
170.0	26.191583352708676	23.77864478482032	23.63375505412808	26.396016808342925	0.0
171.0	26.339308498874342	23.697835443827582	23.78459915731452	26.178256899983555	0.0
172.0	26.094328601970044	23.88695765590532	23.864274332117887	26.154439410006745	0.0
173.0	26.354052659336176	23.769854996852686	23.74660458997057	26.129487753840568	0.0
174.0	26.199522516034275	23.652185254705373	23.83648726047828	26.311804968782077	0.0
175.0	26.247022796869686	23.848247703300444	23.728025405466713	26.176704094363163	0.0
176.0	26.14806623568107	23.724055801292955	23.871498242032438	26.256379720993532	0.0
177.0	26.1835091300896	23.798627651128502	23.911761370080526	26.106101848701375	0.0
178.0	26.194850856300327	23.915163887943745	23.80203016899172	26.087955086764204	0.0
179.0	26.19116479528184	23.820744017239424	23.75864806623568	26.22944312124305	0.0
180.0	26.111772711806736	23.85958942951117	23.794941590110014	26.233696268572075	0.0
181.0	26.329817398208004	23.804298514233864	23.769422706135874	26.09646138142225	0.0
182.0	26.271123965067485	23.872348871498243	23.712997618237498	26.14352954519678	0.0
183.0	26.23965067483271	23.68634456164228	23.93671316774413	26.137291595780876	0.0
184.0	26.29359842803229	23.638776337689514	23.865327961120453	26.202297273157743	0.0
185.0	26.110429030364724	23.823930543071743	23.882907686593192	26.182732739970344	0.0
186.0	26.076970843174674	23.924872192560372	23.7303610365233	26.267795927741656	0.0
187.0	26.170823893682353	23.834988757482016	23.894816532881176	26.099370815954455	0.0
188.0	26.265527576067754	23.76353567975411	23.861358345691126	26.10957839848701	0.0
189.0	26.21052004797564	23.757864800569354	23.683576283249074	26.34803886820593	0.0
190.0	26.17054034972312	23.777429333756757	23.75361164118079	26.29841867533933	0.0
191.0	26.193223866462134	23.777145789797522	23.684143371167547	26.34548697257279	0.0
192.0	26.365335049719434	23.705692712069613	23.79841158674035	26.130560651470603	0.0
193.0	26.12772521187822	23.758148344528593	23.835839389359727	26.278287054233452	0.0
194.0	26.11439864579405	23.81315587262071	23.873550735938345	26.19889474564689	0.0
195.0	26.193014591213515	23.777780298175674	23.640544632781175	26.388660477829635	0.0
196.0	26.339323689030785	23.702640935924553	23.78345119343991	26.17458418160475	0.0
197.0	26.092923289799764	23.890631113933956	23.86879816716665	26.147647429099628	0.0
198.0	26.356619919586706	23.767005597173625	23.74375492659026	26.132619556649406	0.0
199.0	26.200103210293808	23.638843364201907	23.845831041346496	26.31522238415779	0.0
200.0	26.250439496875316	23.849368825777766	23.71837040229559	26.18182127505132	0.0
201.0	26.15119826696458	23.725742607946103	23.865247422563485	26.257811702525828	0.0
202.0	26.186925109732446	23.807971055586428	23.896437523392574	26.108666311288548	0.0
203.0	26.196282139981175	23.920255418571156	23.789256995088977	26.0942054463587	0.0
204.0	26.200251789177603	23.814492622123424	23.74559085392825	26.239664734770724	0.0
205.0	26.12567909355896	23.854756206830068	23.787272170490763	26.232292529120212	0.0
206.0	26.33295149088682	23.805419138245867	23.76402136805453	26.097608002812777	0.0
207.0	26.270571289228638	23.878007009266295	23.714400753099163	26.137020948405905	0.0
208.0	26.242783744853632	23.689732218807062	23.9401036645533	26.127380371786003	0.0
209.0	26.30325370383498	23.63791025731906	23.859077053944848	26.199758984901113	0.0
210.0	26.108037757355962	23.83369296770663	23.8841646511074	26.174104623830008	0.0
211.0	26.081100622956676	23.923861480748457	23.71488602756661	26.280151868728257	0.0
212.0	26.173821075046856	23.828872638393072	23.90458016349423	26.09272612306584	0.0
213.0	26.272496051583193	23.76195512556958	23.859495906973315	26.10605291587391	0.0
214.0	26.207563380241755	23.765924808533683	23.681143722371715	26.345368088852844	0.0
215.0	26.168150099383848	23.772446430546143	23.759403186521226	26.300000283548787	0.0
216.0	26.197072075265186	23.774147723245047	23.688515990733624	26.340264210756136	0.0
217.0	26.379110394047743	23.690500832215676	23.80023421129488	26.130154562441692	0.0
218.0	26.12079745259773	23.758552540171774	23.847586858080998	26.273063149149493	0.0
219.0	26.114559379368423	23.817814235850207	23.87622528517919	26.191401099602178	0.0
220.0	26.184386625533072	23.78357227111877	23.64463297341439	26.387408129933764	0.0
221.0	26.347144088558206	23.691985754468742	23.777901279375737	26.18296887759731	0.0
222.0	26.106694038653476	23.877143634878866	23.882814626621904	26.13334769984575	0.0
223.0	26.361321567915795	23.77251383721985	23.736786589238726	26.129378005625625	0.0
224.0	26.21869612557844	23.632723890754015	23.83546184556755	26.313118138099988	0.0
225.0	26.257691326168942	23.847506167238492	23.703462160093007	26.191340346499558	0.0
226.0	26.15447869112768	23.72784756287748	23.857146907874217	26.260526838120622	0.0
227.0	26.19531006323192	23.806391243939093	23.9002466895398	26.098052003289197	0.0
228.0	26.20154818952562	23.92604984830011	23.785975557886978	26.086426404287295	0.0
229.0	26.19389230725607	23.821419457283014	23.746561941758586	26.23812629370233	0.0
230.0	26.11875124053648	23.857430459069384	23.792497235375848	26.231321065018285	0.0
231.0	26.324325857033486	23.80043666884056	23.78200584115462	26.09323163297133	0.0
232.0	26.27782346102589	23.874443530779484	23.71622196387558	26.13151104431905	0.0
233.0	26.25258740465591	23.67879320611336	23.933138628179318	26.13548076105141	0.0
234.0	26.30114923625269	23.63576044392901	23.857498107290407	26.205592212527897	0.0
235.0	26.114004916791668	23.8302771153688	23.885286203210377	26.170431764629154	0.0
236.0	26.084231956877414	23.923282171100947	23.718557627690554	26.273928244331085	0.0
237.0	26.167312692638138	23.825456731382687	23.911089435136063	26.096141140843116	0.0
238.0	26.27846507631802	23.771014747539475	23.853244827302657	26.097275348839847	0.0
239.0	26.198503412548312	23.768746331546012	23.690202427772217	26.342547828133462	0.0
240.0	26.162301037031995	23.77148431407579	23.762126355131706	26.304088293760508	0.0
241.0	26.200874600842837	23.764243458927226	23.687106160207364	26.347775780022577	0.0
242.0	26.37309343785274	23.69610718154953	23.79565397421426	26.135145406383476	0.0
243.0	26.10465231708251	23.75878176965599	23.839047924283204	26.297517988978292	0.0
244.0	26.127296502310333	23.80533659341875	23.86660502003988	26.20076188423104	0.0
245.0	26.183823466837623	23.77291694442632	23.647535054450348	26.39572453428571	0.0
246.0	26.333975415533097	23.683471442472175	23.776805040581674	26.20574810141305	0.0
247.0	26.115094237911364	23.864335993690048	23.861782505199187	26.158787263199407	0.0
248.0	26.36344804297426	23.752472353623897	23.752472353623897	26.13160724977795	0.0
249.0	26.23007573844272	23.634423675570453	23.84271148732821	26.292789098658613	0.0
