# Position (bp)	A	C	G	T	N
0.0	25.837849657175877	24.16324363159292	24.148874693488683	25.850032017742514	0.0
1.0	25.956861948865324	24.11326471644775	24.105455510956315	25.82441782373061	0.0
2.0	25.91292288374621	23.95604601549884	24.162509800001875	25.96852130075308	0.0
3.0	25.941750605137813	24.13742484578746	24.138049504177403	25.78277504489732	0.0
4.0	25.8665758892182	24.20790950571055	24.026458711355822	25.899055893715435	0.0
5.0	25.94850334931218	24.13722030510751	24.05602485829833	25.85825148728198	0.0
6.0	25.805605433679446	24.19548754781794	24.120540245140134	25.878366773362483	0.0
7.0	25.81718939308777	24.166260726196278	23.973595133710546	26.04295474700541	0.0
8.0	25.937976169660033	24.142582369545128	23.936502385531934	25.982939075262905	0.0
9.0	25.906556179319217	24.21365188992063	23.920469092475912	25.959322838284237	0.0
10.0	25.839083330731526	24.130943832152113	24.195884979237565	25.834087857878796	0.0
11.0	25.869992819007777	24.04196197196291	24.189640638171657	25.898404570857657	0.0
12.0	25.865309563208346	24.10284429735552	24.017296824752567	26.014549314683567	0.0
13.0	25.914639857629023	23.95953666989291	24.258328389896654	25.86749508258141	0.0
14.0	26.121015329857318	23.91083080957882	23.957975584626432	26.010178275937434	0.0
15.0	25.866558431421527	24.10971307252802	24.15030128945643	25.873427206594023	0.0
16.0	25.966780105529363	24.08504792531768	24.097224390396203	25.85094757875675	0.0
17.0	25.899653439070843	24.22179899466109	24.028224421617907	25.85032314465016	0.0
18.0	25.81878922226732	24.124075056979613	24.160292235161883	25.89684348559118	0.0
19.0	26.00611945424459	24.147803553030066	23.9673420962253	25.878734896500045	0.0
20.0	25.922907846589986	23.96656800669389	24.069286775817066	26.041237370899058	0.0
21.0	25.88669089455872	24.168571178799343	23.961572565034405	25.983165361607536	0.0
22.0	25.97005232725138	24.01340027225157	24.148277197057684	25.868270203439366	0.0
23.0	25.838921983689882	24.151087132991144	24.019332359222208	25.99065852409676	0.0
24.0	25.96880346683651	24.016210208185033	24.009653691006957	26.005332633971502	0.0
25.0	25.865460267505902	24.144842830916787	24.133915302286663	25.855781599290644	0.0
26.0	25.983165361607536	24.10800144867808	24.09801056535911	25.81082262435528	0.0
27.0	25.909794812233837	23.93753200204813	24.158892510584092	25.993780675133944	0.0
28.0	25.94601176426511	24.11112359971526	24.161702446517552	25.781162189502076	0.0
29.0	25.899491713811145	24.18262085846665	24.036504189926692	25.881383237795514	0.0
30.0	25.97255004808113	24.11861676220449	24.025576661296565	25.88325652841782	0.0
31.0	25.821750152985402	24.181996428259215	24.105503727848337	25.89074969090705	0.0
32.0	25.837985338378726	24.161390231413833	23.983739837398375	26.016884592809063	0.0
33.0	25.965369100695618	24.124236634071412	23.932848775492364	25.97754548974061	0.0
34.0	25.944450688746517	24.200729334482286	23.919423526032496	25.9353964507387	0.0
35.0	25.861089256053848	24.097073920047958	24.203851485519465	25.837985338378726	0.0
36.0	25.88200766800295	24.034630899304386	24.159829155895245	25.923532276797424	0.0
37.0	25.887627539869868	24.093015123699622	24.01527356287388	26.00408377355663	0.0
38.0	25.929152148664343	23.93784421715185	24.24069286775817	25.892310766425634	0.0
39.0	26.123037728073133	23.92036017134365	23.960323704619533	25.996278395963685	0.0
40.0	25.86140147115757	24.08895632735129	24.155458144443195	25.89418405704794	0.0
41.0	25.95881258351754	24.088331897143856	24.110499169507822	25.84235634983078	0.0
42.0	25.881383237795514	24.21446679904587	24.026201091504003	25.877948871654617	0.0
43.0	25.81456920559989	24.11112359971526	24.1607658012064	25.91354139347845	0.0
44.0	25.995029535548813	24.136725238220123	23.98311540719094	25.885129819040127	0.0
45.0	25.917750566666875	23.96017409005476	24.06851205454988	26.053563288728483	0.0
46.0	25.88153384078378	24.167483624420065	23.987336634467084	25.963645900329073	0.0
47.0	25.953655079395805	24.017933523575216	24.15437067194515	25.87404072508383	0.0
48.0	25.838448425509064	24.171854608578368	24.01231368680025	25.977383279112313	0.0
49.0	25.948971882083338	24.007942702641948	24.026675491891826	26.016409923382895	0.0
50.0	25.868733101463032	24.13345239061612	24.13345239061612	25.86436211730473	0.0
51.0	25.949284095237502	24.084434925412275	24.120651651295372	25.845629328054848	0.0
52.0	25.8884025301754	23.942377940267377	24.169669116499215	25.999550413058003	0.0
53.0	25.94584975054169	24.128769193303654	24.164049279724253	25.761331776430406	0.0
54.0	25.901203269496147	24.193085103061563	24.01075262102943	25.89495900641286	0.0
55.0	25.970826802874857	24.112846322441257	24.045096067987537	25.87123080669635	0.0
56.0	25.82783317826747	24.190275184674082	24.120339438141208	25.86155219891724	0.0
57.0	25.81159809425091	24.159366082411786	23.972974829375513	26.0560609939618	0.0
58.0	25.93648335591675	24.11909058552455	23.971725976758854	25.97270008179985	0.0
59.0	25.927429174445976	24.20994461338645	23.91864974055087	25.943976471616704	0.0
60.0	25.852810230600635	24.09754787788719	24.19620723460321	25.853434656908963	0.0
61.0	25.86717203569221	24.029173197125143	24.184967561053284	25.91868720612937	0.0
62.0	25.884343759171262	24.097860091041355	24.03510524705427	25.982690902733115	0.0
63.0	25.92961466652513	23.949246629659	24.241478141957078	25.879660561858792	0.0
64.0	26.107263951244793	23.921459658938353	23.967042779446384	26.00423361037047	0.0
65.0	25.851249164829817	24.09348910688305	24.17622559273667	25.879036135550464	0.0
66.0	25.942727619000046	24.09192804111223	24.100357796274675	25.864986543613057	0.0
67.0	25.885280398633753	24.216188876469744	24.033544181283446	25.864986543613057	0.0
68.0	25.84625375436318	24.093801320037215	24.16654698495757	25.89339794064204	0.0
69.0	26.008604594528776	24.137198948466096	23.973287042529677	25.88090941447545	0.0
70.0	25.891362989234956	23.974698403976323	24.088031071259085	26.045907535529633	0.0
71.0	25.889801933211782	24.164522816394836	23.986562429752478	25.959112820640907	0.0
72.0	25.95567849738992	24.022778929490222	24.152971001823314	25.86857157129655	0.0
73.0	25.831418437944905	24.174825786147814	23.997802033119363	25.99595374278792	0.0
74.0	25.95161975172965	24.011539326123334	24.043384868996178	25.993456053150837	0.0
75.0	25.871693683342905	24.14610235532133	24.12549641581537	25.85670754552039	0.0
76.0	25.9756600144866	24.09271423932862	24.11456902365312	25.817056722531657	0.0
77.0	25.90260259260184	23.9500337188101	24.17638684217099	25.970976846417066	0.0
78.0	25.920398631266078	24.1336139071359	24.168893773259732	25.777093688338287	0.0
79.0	25.905724704648204	24.204485850588206	23.99873866673327	25.891050778030323	0.0
80.0	25.95161975172965	24.12174988135974	24.078352523915378	25.84827784299523	0.0
81.0	25.84952668781377	24.18981192397033	24.09802182980743	25.862639558408475	0.0
82.0	25.810500287234305	24.165771661213377	23.99249444264056	26.03123360891176	0.0
83.0	25.939443514748856	24.137360441591525	23.960648899767715	25.9625471438919	0.0
84.0	25.915403251991908	24.216037665159725	23.930988835327323	25.93757024752104	0.0
85.0	25.8620151359992	24.094587506556437	24.20323700576966	25.8401603516747	0.0
86.0	25.870444838524364	24.00560731323526	24.20417363938357	25.919774208856804	0.0
87.0	25.895109523690586	24.077103679096837	24.035267377675652	25.99251941953693	0.0
88.0	25.905412493443563	23.937857481829308	24.255376276943828	25.9013537477833	0.0
89.0	26.105539875615058	23.939106326647853	23.95065814121937	26.004695656517722	0.0
90.0	25.84609236456278	24.091777605714714	24.183567699877614	25.878562329844897	0.0
91.0	25.945999950046208	24.08053800234783	24.136111596772984	25.83735045083298	0.0
92.0	25.87637685141244	24.209169018657743	24.07023503259485	25.844219097334964	0.0
93.0	25.82205210180583	24.105827109923318	24.160151859529936	25.911968928740915	0.0
94.0	25.99376826435547	24.14953667857232	24.002797412393537	25.853897644678668	0.0
95.0	25.90712399078358	23.963309168336984	24.12066263292309	26.00890420795634	0.0
96.0	25.86591236910627	24.17436262480565	24.007955091820744	25.951769914267338	0.0
97.0	25.945213519909583	24.000774278952726	24.17342599704026	25.880586204097433	0.0
98.0	25.825949584449482	24.168430648958157	24.006394045545086	25.999225721047274	0.0
99.0	25.94115479959288	24.03667834329281	24.006706254800218	26.015460602314093	0.0
100.0	25.85810713772799	24.16156204534527	24.12815565504624	25.852175161880496	0.0
101.0	25.95208212352247	24.11504286633073	24.130028910577025	25.802846099569777	0.0
102.0	25.92054898875422	23.941142311222674	24.159688789814485	25.978619910208618	0.0
103.0	25.93491061449026	24.1287800735565	24.172489369274864	25.763819942678378	0.0
104.0	25.909621664824634	24.21182773542139	24.016384741709285	25.862165858044694	0.0
105.0	25.973624562126517	24.10130565910496	24.06602601327514	25.859043765493382	0.0
106.0	25.818144353071204	24.211203316911124	24.1097353089935	25.86091702102417	0.0
107.0	25.81658330679555	24.150946930670813	24.011389393627187	26.021080368906457	0.0
108.0	25.939593753317226	24.13283879387321	23.960499285040807	25.967068167768765	0.0
109.0	25.913680385141337	24.208081224359816	23.944888822284245	25.9333495682146	0.0
110.0	25.858419346983126	24.075080081673942	24.21775971126888	25.848740860074056	0.0
111.0	25.875590856015336	23.998276604911677	24.197778318940486	25.928354220132498	0.0
112.0	25.879961785587174	24.10130565910496	24.026999856383743	25.991732698924125	0.0
113.0	25.8852693429244	23.94520103153938	24.258346914435933	25.911182711100288	0.0
114.0	26.112869889915018	23.92490742995585	23.954567309193315	26.00765537093582	0.0
115.0	25.86372690432035	24.078514383480385	24.178421345122356	25.87933736707691	0.0
116.0	25.939281544062094	24.073519035398284	24.155942278752914	25.83125714178671	0.0
117.0	25.873405391229415	24.21432540946244	24.057596363386597	25.854672835921548	0.0
118.0	25.806904819886476	24.11535507558586	24.188724250541682	25.889015853985974	0.0
119.0	26.010465254231995	24.1428294900374	24.011389393627187	25.835315862103414	0.0
120.0	25.909471239103826	23.95221919724255	24.10863701076504	26.029672552888577	0.0
121.0	25.891675200439597	24.156717536278943	23.997802033119363	25.953805230162104	0.0
122.0	25.958488398231637	24.017783550216052	24.170142618078277	25.853585433474034	0.0
123.0	25.83859929565152	24.15609311386967	24.005919524439893	25.999388066038915	0.0
124.0	25.940380148362763	24.02995978719684	24.012163748532608	26.017496315907785	0.0
125.0	25.87138147213827	24.13486275195444	24.151409945800133	25.84234583010715	0.0
126.0	25.975972225691237	24.091777605714714	24.119564402927292	25.81268576566676	0.0
127.0	25.91946199765217	23.92911556809951	24.192934036016684	25.958488398231637	0.0
128.0	25.936009191497867	24.108949221969677	24.180445587831258	25.7745959987012	0.0
129.0	25.906036915852837	24.20417363938357	24.010914903714063	25.87887454104953	0.0
130.0	25.96098608786872	24.099582885830607	24.085533381622	25.853897644678668	0.0
131.0	25.824318206653242	24.208620178273154	24.118703070606784	25.84835854446682	0.0
132.0	25.817137326527106	24.157417380852028	24.01629747576453	26.009147816856338	0.0
133.0	25.940461137388972	24.14180677188217	23.95760158603787	25.960130504690987	0.0
134.0	25.91485973867841	24.202063722505816	23.95229397898812	25.93078255982766	0.0
135.0	25.865298756767217	24.076941809712327	24.204636989765653	25.8531224437548	0.0
136.0	25.859366706838095	24.01356253941691	24.19683166091154	25.930239092833457	0.0
137.0	25.896520072183684	24.085059351720606	24.03947623121257	25.978944344883136	0.0
138.0	25.91119409042942	23.93301154564244	24.242726994573736	25.913067369354405	0.0
139.0	26.108282104198345	23.917787775567994	23.975859603550497	25.998070516683164	0.0
140.0	25.866003940142306	24.077953623713288	24.183481999294397	25.872560436850012	0.0
141.0	25.94155975934535	24.076704767197533	24.155382727689958	25.826352745767156	0.0
142.0	25.88411235962072	24.20845912960945	24.063591773782132	25.843836736987697	0.0
143.0	25.81729853602795	24.116355961572687	24.175052217813064	25.891293284586304	0.0
144.0	26.014617865516886	24.13758652234048	24.004271089283876	25.843524522858758	0.0
145.0	25.905504681680096	23.963208457309136	24.117130984011414	26.014155876999357	0.0
146.0	25.875219722065246	24.150225888332795	24.0293982659519	25.945156123650055	0.0
147.0	25.968572329537825	23.98350250241187	24.17801311931962	25.869912048730686	0.0
148.0	25.828699526368208	24.161153451080423	24.016597406733254	25.993549615818118	0.0
149.0	25.95210590402448	24.003871491460863	24.05132848356177	25.992694120952887	0.0
150.0	25.855006400449593	24.138124824377908	24.145930250710293	25.860938524462206	0.0
151.0	25.968965624902435	24.09472665396984	24.1387492584845	25.797558462643227	0.0
152.0	25.933997314933343	23.92363170876393	24.17715195603984	25.965219020262886	0.0
153.0	25.906522214243346	24.144369165443816	24.18402073121234	25.765087889100503	0.0
154.0	25.914327640575728	24.201504886196883	24.016360173592684	25.867807299634705	0.0
155.0	25.99519185737925	24.070373723812793	24.10284429735552	25.831590121452436	0.0
156.0	25.842598403317	24.180037403719766	24.110100565426848	25.86726362753638	0.0
157.0	25.81075216445148	24.16598759245556	24.007068616156037	26.016191626936923	0.0
158.0	25.949064750896845	24.116344925988717	23.968353580672456	25.966236742441986	0.0
159.0	25.90316870076712	24.19877048540537	23.96866579870055	25.929395015126964	0.0
160.0	25.862348886002597	24.087383854530923	24.206963732640624	25.843303526825856	0.0
161.0	25.84080577480268	23.99215705864722	24.202280447597165	25.96475671895294	0.0
162.0	25.898566290338692	24.078641722449795	24.028374462983315	25.994417524228197	0.0
163.0	25.911991707463283	23.92596663003297	24.232877909881108	25.929163752622642	0.0
164.0	26.09503351681461	23.882954974757016	23.99098308704381	26.031028421384573	0.0
165.0	25.860244093578572	24.063418121871948	24.192989412620555	25.88334837192893	0.0
166.0	25.953597866913114	24.07153584129234	24.16738737444854	25.807478917346003	0.0
167.0	25.886158351728294	24.209224851461343	24.074970261047124	25.82964653576324	0.0
168.0	25.843696434760076	24.108690018639535	24.14771751585297	25.89989603074742	0.0
169.0	26.016666302410023	24.136789816633208	24.00565742599606	25.84088645496071	0.0
170.0	25.932216619573197	23.97833179824219	24.093541689432847	25.99590989275177	0.0
171.0	25.891003325163524	24.140374978534744	24.036717298655887	25.931904397645845	0.0
172.0	25.97592768940163	23.994567338464183	24.171597171269337	25.857907800864854	0.0
173.0	25.836988931732673	24.164728288867725	23.99862622351968	25.99965655587992	0.0
174.0	25.957587640968637	24.013375629129147	24.02274231619438	26.00629441370784	0.0
175.0	25.84456295038154	24.159183724444556	24.12265364489016	25.87359968028375	0.0
176.0	25.965080990620827	24.094553583694474	24.141699241922794	25.79866618376191	0.0
177.0	25.923243121729467	23.917835421063806	24.185722671129373	25.973198786077354	0.0
178.0	25.91731088658815	24.125463651009728	24.154188158009767	25.80303730439235	0.0
179.0	25.935419814914262	24.17104819472718	24.023366761998727	25.87016522835983	0.0
180.0	26.00816775112088	24.034606786477003	24.109852505901014	25.847372956501108	0.0
181.0	25.835276926967715	24.171748110264986	24.118045603419475	25.874929359347824	0.0
182.0	25.829656897181557	24.145209080719237	24.025627335824883	25.999506686274326	0.0
183.0	25.96328871654131	24.1046199767081	23.981603769166643	25.95048753758395	0.0
184.0	25.908961761941786	24.175494796789092	23.957562530636967	25.957980910632163	0.0
185.0	25.86408227749296	24.09251846809999	24.195240444358408	25.848158810048645	0.0
186.0	25.847222135493098	23.985425343915676	24.20335829050649	25.963994230084737	0.0
187.0	25.899988135455633	24.0647304562854	24.02944904802643	26.005832360232546	0.0
188.0	25.936206218270147	23.88769896528684	24.237703024209914	25.938391792233094	0.0
189.0	26.104576918393533	23.86966445090405	23.992056974968857	26.03370165573356	0.0
190.0	25.856669611996963	24.06386891510892	24.18907147161399	25.890390001280128	0.0
191.0	25.964387522207062	24.058873301881786	24.156287759810915	25.820451416100237	0.0
192.0	25.918178099856064	24.200936053028435	24.050443204560995	25.83044264255451	0.0
193.0	25.846990611369392	24.114761724860358	24.14848211414352	25.889765549626738	0.0
194.0	26.032452752426778	24.113512821553574	24.004233782209997	25.849800643809655	0.0
195.0	25.91303207515947	24.007193727968428	24.093056366480475	25.986717830391626	0.0
196.0	25.890551675258134	24.152691871774294	24.013438283496576	25.94331816947099	0.0
197.0	26.004827041423262	23.98034213919739	24.16705434948904	25.847776469890317	0.0
198.0	25.84559087545546	24.16799103281826	24.011252689061724	25.97516540266455	0.0
199.0	25.957449465776605	24.01382548910634	24.009142057837256	26.019582987279797	0.0
200.0	25.87348174977363	24.144627970150186	24.117463390264465	25.86442688981172	0.0
201.0	25.97325956086229	24.099180675942346	24.127594734344164	25.799965028851197	0.0
202.0	25.935027384171512	23.91478120765133	24.17082477252715	25.97936663565001	0.0
203.0	25.919125683060106	24.119281811085088	24.158001561280248	25.80359094457455	0.0
204.0	25.94770303015163	24.160025979865605	24.01950987984312	25.872761110139642	0.0
205.0	26.00925567394047	24.04913876016438	24.1025368790517	25.839068686843454	0.0
206.0	25.8340125347798	24.173013687080182	24.131480908974513	25.861492869165502	0.0
207.0	25.8449633222056	24.137080328897856	24.01435258774409	26.003603761152455	0.0
208.0	25.937885483190982	24.134721983667223	23.975766282029262	25.951626251112536	0.0
209.0	25.914324706675952	24.154224272272174	23.968095837406196	25.96335518364568	0.0
210.0	25.858525921299186	24.07058088694566	24.212679575265458	25.858213616489696	0.0
211.0	25.85618898306673	23.993591465280858	24.21376773121631	25.93645182043611	0.0
212.0	25.908506040050465	24.043398418468687	24.028095291633875	26.02000024984697	0.0
213.0	25.942733286277353	23.877371277944697	24.244345474193125	25.93554996158483	0.0
214.0	26.08337159294274	23.88836314459634	24.001111871097912	26.02715339136301	0.0
215.0	25.86959169714441	24.05310779282839	24.18928162059348	25.888018889433724	0.0
216.0	25.973620346627268	24.02934681779424	24.156154055176764	25.84087878040172	0.0
217.0	25.88133142184284	24.22720500735549	24.057294741214797	25.834168829586872	0.0
218.0	25.864314560838565	24.095862471772545	24.145836391633114	25.89398657575578	0.0
219.0	26.02518092346711	24.11990142521153	24.001211882697252	25.853705768624106	0.0
220.0	25.9188460661488	23.9879184275215	24.089743469610223	26.003492036719482	0.0
221.0	25.904952288735146	24.13830800705908	24.011182083678218	25.94555762052756	0.0
222.0	25.976017716529288	23.983845224002273	24.17281737169416	25.86731968777428	0.0
223.0	25.81110670344121	24.15937579064748	24.02193978428794	26.00757772162337	0.0
224.0	25.94396201661773	24.018866745798714	24.029487099394014	26.00768413818954	0.0
225.0	25.87244171227228	24.12630881875203	24.110378089312043	25.890871379663643	0.0
226.0	25.984431519301292	24.100220532651953	24.11365240805413	25.80169553999263	0.0
227.0	25.922131147540984	23.907936825269893	24.17158136745302	25.998350659736108	0.0
228.0	25.912794112134353	24.10282522585563	24.178110434967323	25.8062702270427	0.0
229.0	25.908038723825648	24.168028165054213	24.02995192322711	25.893981187893022	0.0
230.0	26.01112732066489	24.034637768537987	24.11554669757242	25.838688213224703	0.0
231.0	25.832521117608838	24.16685410106463	24.120307892237715	25.880316889088817	0.0
232.0	25.823784472740453	24.139665362940008	24.00970922313719	26.02684094118235	0.0
233.0	25.93688301302077	24.11185114837678	23.9915777372354	25.959688101367057	0.0
234.0	25.896896008797142	24.14027940919201	23.994076924999376	25.96874765701147	0.0
235.0	25.863086963177246	24.076463366250028	24.205485143751503	25.854964526821224	0.0
236.0	25.839365434420618	24.006773031587695	24.23920548090711	25.914656053084574	0.0
237.0	25.894048217839416	24.048623976456547	24.029254363630116	26.028073442073925	0.0
238.0	25.92795083836582	23.895690859047697	24.23684810692093	25.939510195665555	0.0
239.0	26.082528336311718	23.881543594806363	24.021819272440982	26.014108796440933	0.0
240.0	25.892391280575627	24.06027487994701	24.186186017302628	25.861147822174736	0.0
241.0	25.970479428085785	24.068264760285956	24.16887466879968	25.792381142828575	0.0
242.0	25.914434091377792	24.2114900291844	24.076504371410536	25.79757150802727	0.0
243.0	25.857941939314394	24.111121527452266	24.179556888847223	25.851379644386114	0.0
244.0	26.01556909057386	24.147090717609448	24.01458781910854	25.822752372708152	0.0
245.0	25.92243022783386	23.966621870800388	24.125386755008282	25.985561146357472	0.0
246.0	25.886798585998132	24.136174256039357	24.042720109519507	25.934307048443006	0.0
247.0	25.9697470795835	23.99164746813878	24.191082922010736	25.847522530266986	0.0
248.0	25.816233384601915	24.1850170686874	24.02683472758875	25.971914819121935	0.0
249.0	25.957465432457695	24.021120354131693	24.027060062960913	25.9943541504497	0.0
