# Position (bp)	A	C	G	T	N
0.0	29.58961505841846	22.29353114174441	23.952412899741347	24.15600197470854	0.008438925387241189
1.0	27.756891437444352	20.828111748249977	23.389114630143	28.025882184162672	0.0
2.0	28.791925636189486	21.460398232889023	23.048393017633135	26.699072140153675	2.109731346810297E-4
3.0	29.96240458739984	21.571792048000606	21.650696000371315	26.81510736422824	0.0
4.0	29.334548538589093	22.091418878719985	21.220521778756694	27.353510803934228	0.0
5.0	28.19466069190749	22.507246927176293	22.757883011177356	26.54020936973886	0.0
6.0	28.038329599108852	22.467794950990942	23.12919572821597	26.364679721684244	0.0
7.0	26.689156402823667	23.59797803347722	23.202614379084967	26.51025118461415	0.0
8.0	26.127334945168084	24.21359764047646	23.644814069376405	26.01425334497905	0.0
9.0	26.441262969573454	24.069924935758678	23.5081034781031	25.98070861656477	0.0
10.0	26.074591661497827	24.026253496879708	23.46084549593455	26.438309345687923	0.0
11.0	26.39168428292341	24.019291383435235	23.59861095288126	25.990413380760096	0.0
12.0	27.166588606606833	23.204302164162417	23.21105330447221	26.418055924758544	0.0
13.0	26.8155293104976	23.274134271741836	23.015270235488213	26.89506618227235	0.0
14.0	26.682827208783234	23.60873766334595	23.42814466005899	26.280290467811827	0.0
15.0	27.242327961957326	23.26801605083609	23.543968910998874	25.94568707620771	0.0
16.0	26.902239268851503	23.454094355624754	23.469073448187107	26.174592927336633	0.0
17.0	26.22881302294966	23.907686595188967	23.98363692367414	25.879863458187234	0.0
18.0	26.625653489284673	23.669075979864722	23.74819090537011	25.95707962548049	0.0
19.0	26.442317835246858	23.830892374165074	23.618653400675957	26.108136389912108	0.0
20.0	26.439786157630685	23.92583028477154	23.571395418507407	26.062988139090372	0.0
21.0	27.05540576462993	23.177930522327287	23.252825985139054	26.513837727903727	0.0
22.0	26.809833035861214	23.12560918492639	23.05809778182846	27.006459997383935	0.0
23.0	26.65561167440938	23.519707000510557	23.389958522681724	26.43472280239834	0.0
24.0	26.74527525664882	23.30409245686654	23.431098283944525	26.51953400254012	0.0
25.0	26.307295029051005	23.562745519985484	23.59882192601594	26.531137524947574	0.0
26.0	26.29885610366376	23.743760469541808	24.09903922834466	25.858344198449768	0.0
27.0	26.66447254606598	23.34080178230104	23.928361962387708	26.066363709245266	0.0
28.0	26.318687578323775	23.49354633181011	23.705785305299223	26.481980784566893	0.0
29.0	26.164466216871947	23.76000540091225	23.671818630615576	26.40370975160023	0.0
30.0	26.55054705333823	23.246707764233303	23.175187871576433	27.027557310852035	0.0
31.0	26.294003721566096	23.032359059397375	22.999658223521816	27.67397899551471	0.0
32.0	26.25792731553564	23.237213973172658	23.17181230142154	27.333046409870164	0.0
33.0	26.588944163850176	22.79712401422803	22.857462330746802	27.756469491174997	0.0
34.0	26.1515968556564	22.96737933391562	22.79121676645696	28.08980704397102	0.0
35.0	26.2221650091856	23.270117776429878	23.14989767109001	27.35781954329451	0.0
36.0	26.596556369358254	22.998743448385163	22.833014478644284	27.571685703612303	0.0
37.0	26.346461222199697	23.039892877181238	22.84893890887488	27.764706991744188	0.0
38.0	26.39251774892201	23.055991292377627	23.166314109746576	27.38517684895378	0.0
39.0	26.780129126668832	22.76875196446698	22.793227290761724	27.657891618102465	0.0
40.0	26.53744940912014	23.014595029800663	22.52989522486937	27.918060336209834	0.0
41.0	26.28121751872909	23.132060682823763	22.944343786031137	27.642378012416007	0.0
42.0	26.667065635332666	22.967129969030058	22.65383982405482	27.71196457158246	0.0
43.0	26.375126390293225	22.851365015166834	22.765103640040447	28.008404954499493	0.0
44.0	26.271478410371852	23.27712793890883	22.71886487625559	27.732528774463727	0.0
45.0	26.697654974013048	22.799788844917927	22.612725282278205	27.88983089879082	0.0
46.0	26.670403334411702	22.88082036157903	22.555805502682126	27.892970801327145	0.0
47.0	26.600979304877708	23.195432579703645	22.636916510856032	27.566671604562615	0.0
48.0	26.906296247329113	22.571042294848446	22.577013131575917	27.94564832624652	0.0
49.0	26.64987771949124	22.88054694389643	22.375060231105614	28.094515105506712	0.0
50.0	26.553488552731224	23.212031768840905	22.687729382294116	27.546750296133755	0.0
51.0	27.025288882434705	22.91403024708006	22.410430886044438	27.6502499844408	0.0
52.0	26.5895697392712	22.836915605475138	22.687230775201105	27.886283880052552	0.0
53.0	26.481311319915818	23.421169635711532	22.635089071346002	27.462429973026648	0.0
54.0	26.984711032163926	22.694284082979127	22.535684831567597	27.785320053289347	0.0
55.0	26.78075258663442	22.874476049429685	22.378548767314996	27.9662225966209	0.0
56.0	26.60243562927711	23.15815556834994	22.626136007521154	27.613272794851802	0.0
57.0	26.982899372690554	22.760474036576124	22.383150921433984	27.873475669299335	0.0
58.0	26.633191104106764	23.103167883578813	22.362961162199998	27.900679850114425	0.0
59.0	26.970976776017796	22.957433205161685	22.52068906518744	27.55090095363308	0.0
60.0	27.286191375054454	22.634916025361793	22.247713082619427	27.831179516964326	0.0
61.0	26.933616746376586	22.79703666656247	22.389630416888085	27.879716170172863	0.0
62.0	26.893497757847534	23.06165919282511	22.446188340807176	27.598654708520183	0.0
63.0	27.162537764350454	22.78308157099698	22.378247734138974	27.676132930513596	0.0
64.0	26.734619490223643	22.63271629045276	22.60928428232966	28.023379936993937	0.0
65.0	27.201952615410512	22.867483061902956	22.47892381713869	27.451640505547843	0.0
66.0	27.10014381954432	22.79615471955189	22.425251684202557	27.678449776701235	0.0
67.0	27.192925098898225	22.648510805244058	22.413116683558375	27.745447412299345	0.0
68.0	27.029986225408827	22.798714371490128	22.735139335287677	27.43616006781337	0.0
69.0	27.145662910207275	22.475830902122304	22.496806056099004	27.881700131571417	0.0
70.0	27.05969565306921	22.902209501060476	22.218561456252704	27.81953338961761	0.0
71.0	27.262002804549603	23.04182340240835	22.08916687070136	27.607006922340688	0.0
72.0	27.47368926906627	22.406170407035418	22.47104618194051	27.649094141957807	0.0
73.0	26.887282936466672	22.631797857959864	22.0728917541853	28.40802745138817	0.0
74.0	27.405182336262317	22.90222060020774	21.972993458914686	27.719603604615255	0.0
75.0	27.29703451628585	22.590544482255712	22.429508993680116	27.682912007778317	0.0
76.0	27.17416378316032	22.3496457406492	22.4023727137914	28.07052232657769	0.003295435821387378
77.0	26.94109652730589	23.336075247666393	22.459854797754016	27.24866778727513	0.014305639998569436
78.0	27.15408744142818	22.731673314487086	22.731673314487086	27.382565929597646	0.0
79.0	26.904871612281656	22.372554768985882	22.380932434130607	28.34164118460185	0.0
80.0	27.42909008395734	23.303834808259587	21.978670297254368	27.288404810528704	0.0
81.0	27.783217467933024	21.903456379124645	22.246156858905316	28.067169294037015	0.0
82.0	27.240903786994803	23.12506629892861	22.085499098334573	27.537922987164524	0.010607828577490187
83.0	26.911157024793386	23.042929292929294	22.58953168044077	27.439164370982557	0.01721763085399449
84.0	27.74077071530847	22.517587001182843	21.888812799601567	27.852829483907115	0.0
85.0	27.459154171989514	22.134068446177636	22.470248100584953	27.9365292812479	0.0
86.0	26.926154965441977	23.259367042560932	21.826118588577664	27.981084030556563	0.007275372862859222
87.0	27.1946414499606	23.08904649330181	22.174940898345152	27.541371158392437	0.0
88.0	26.421034717494894	22.711027910142956	22.566371681415927	28.301565690946223	0.0
89.0	26.791824655507263	23.240543789882548	22.750393045408305	27.198742254693425	0.018496254508462037
90.0	26.66332162568991	22.990466633216258	23.120923231309582	27.225288509784246	0.0
91.0	26.880086814975584	22.76722734671731	22.58274552360282	27.76994031470429	0.0
92.0	26.932551319648095	23.04985337243402	23.46041055718475	26.557184750733136	0.0
93.0	28.261701313607958	22.280321387578113	23.326106363984188	26.13187093482974	0.0
94.0	27.450980392156865	22.60425296879315	21.706710853355425	28.23805578569456	0.0
95.0	26.85046448906203	22.670062930776147	22.789931075816604	27.68954150434522	0.0
96.0	27.58564702062023	23.169345672998865	21.951615522000324	27.27715538236727	0.01623640201331385
97.0	26.651400387528625	22.846573894662676	23.075568081733312	27.42645763607539	0.0
98.0	26.920877025738797	23.736892278360344	21.830314585319353	27.51191611058151	0.0
99.0	27.443686712130607	23.021285389543294	21.678032651374252	27.85699524695185	0.0
100.0	27.133528484575546	22.922765142985817	22.990317496059447	26.953388876379194	0.0
101.0	27.19255267025968	23.591376776090154	22.268495835374814	26.94757471827536	0.0
102.0	28.1076801266825	23.251517550804962	22.776458168382156	25.864344154130375	0.0
103.0	26.651415498999143	23.677437803831854	21.790105804975692	27.881040892193308	0.0
104.0	25.98327655620935	23.474759987612266	22.48374109631465	28.058222359863734	0.0
105.0	26.960619320094242	21.575227196230227	22.28205991248738	29.18209357118815	0.0
106.0	25.689404934687953	21.95210449927431	23.00435413642961	29.35413642960813	0.0
107.0	26.597856292179433	24.612941643509327	20.96069868995633	27.828503374354902	0.0
108.0	27.91986359761296	21.483375959079286	22.847399829497018	27.74936061381074	0.0
109.0	27.497665732959852	21.38188608776844	23.99626517273576	27.124183006535947	0.0
110.0	28.136293236964377	22.663913267940114	21.579762519359836	27.62003097573567	0.0
111.0	29.24634420697413	22.32845894263217	20.92238470191226	27.502812148481443	0.0
112.0	29.493365500603137	20.80820265379976	21.170084439083233	28.52834740651387	0.0
113.0	26.42857142857143	23.31168831168831	22.01298701298701	28.246753246753247	0.0
114.0	27.60084925690021	23.425336164189666	22.505307855626327	26.46850672328379	0.0
115.0	27.679259830377795	22.59059367771781	22.28218966846569	27.44795682343871	0.0
116.0	28.487886382623223	23.55889724310777	21.72096908939014	26.232247284878863	0.0
117.0	29.20035938903863	21.83288409703504	22.282120395327944	26.68463611859838	0.0
118.0	26.831683168316832	23.66336633663366	20.198019801980198	29.306930693069305	0.0
119.0	26.270270270270267	22.702702702702705	20.54054054054054	30.486486486486484	0.0
120.0	27.294117647058826	22.235294117647058	21.294117647058826	29.176470588235293	0.0
121.0	25.997425997426	23.552123552123554	21.364221364221365	29.08622908622909	0.0
122.0	27.37430167597765	21.92737430167598	24.441340782122907	26.256983240223462	0.0
123.0	25.851393188854487	22.291021671826623	23.8390092879257	28.01857585139319	0.0
124.0	28.09917355371901	23.471074380165287	21.487603305785125	26.942148760330582	0.0
125.0	26.47058823529412	21.139705882352942	22.794117647058822	29.59558823529412	0.0
126.0	29.878048780487802	22.15447154471545	20.73170731707317	27.235772357723576	0.0
127.0	29.931972789115648	23.356009070294785	21.08843537414966	25.623582766439913	0.0
128.0	27.77777777777778	19.576719576719576	23.28042328042328	29.365079365079367	0.0
129.0	27.083333333333332	26.488095238095237	20.535714285714285	25.892857142857146	0.0
130.0	29.152542372881356	22.71186440677966	20.33898305084746	27.796610169491526	0.0
131.0	30.303030303030305	20.075757575757574	20.454545454545457	29.166666666666668	0.0
132.0	27.876106194690266	21.238938053097346	19.469026548672566	31.41592920353982	0.0
133.0	26.373626373626376	21.978021978021978	21.428571428571427	30.21978021978022	0.0
134.0	26.174496644295303	22.818791946308725	18.79194630872483	32.21476510067114	0.0
135.0	31.147540983606557	22.131147540983605	22.131147540983605	24.59016393442623	0.0
136.0	24.210526315789473	21.052631578947366	25.263157894736842	29.47368421052631	0.0
137.0	27.77777777777778	27.77777777777778	19.444444444444446	25.0	0.0
138.0	23.214285714285715	23.214285714285715	23.214285714285715	30.357142857142854	0.0
139.0	24.324324324324326	16.216216216216218	24.324324324324326	35.13513513513514	0.0
140.0	29.411764705882355	23.52941176470588	17.647058823529413	29.411764705882355	0.0
