# Position (bp)	A	C	G	T	N
0.0	25.766892972665552	24.337319808830134	24.145051266225686	25.750735952278625	0.0
1.0	25.743950003716115	24.269137182797298	24.17833472822276	25.80857808526383	0.0
2.0	25.724293478612097	24.31351260525925	24.195893677659512	25.766300238469142	0.0
3.0	25.736866934207043	24.340357883716873	24.202710300304375	25.72006488177171	0.0
4.0	25.732481195233543	24.330524465582755	24.115982112854446	25.82101222632926	0.0
5.0	25.88307513367688	24.087039400352165	24.098347414503333	25.93153805146762	0.0
6.0	25.705691734594645	24.29543905220681	24.219191713594316	25.779677499604226	0.0
7.0	25.740648604640644	24.208951752033755	24.207982528123647	25.842417115201954	0.0
8.0	25.64678288512981	24.31606425183826	24.16745279971053	25.8697000633214	0.0
9.0	25.834870565583014	24.169490758838144	24.177567285543986	25.81807139003486	0.0
10.0	25.8551067348943	24.183658965214246	24.22468599782912	25.736548302062335	0.0
11.0	25.678722799400422	24.283157595492842	24.283157595492842	25.75496200961389	0.0
12.0	25.757546389621126	24.151677262624695	24.09546699746731	25.995309350286867	0.0
13.0	25.87965834496304	24.19108905773505	24.198842197756758	25.73041039954515	0.0
14.0	25.794613523370796	24.135123872164055	24.188749584077687	25.881513020387466	0.0
15.0	25.873113812497373	24.159675402919696	24.214916347119882	25.752294437463053	0.0
16.0	25.82724121555921	24.256912386570313	24.19327223448004	25.722574163390437	0.0
17.0	25.885952047138787	24.309813473578114	24.052669324253603	25.751565155029493	0.0
18.0	25.779670106023506	24.275570659723343	24.15410558416302	25.79065365009013	0.0
19.0	25.80131414874303	24.163473901161026	24.236805210076433	25.798406740019512	0.0
20.0	25.876260684727058	24.161535628678678	24.205792850358904	25.75641083623536	0.0
21.0	25.903719544893622	24.02294914619097	24.197716715015797	25.87561459389961	0.0
22.0	25.766102198647083	24.144414221751294	24.300768201993836	25.788715377607787	0.0
23.0	25.893382091654445	24.08432777479858	24.188994488845243	25.83329564470173	0.0
24.0	25.80842114784496	24.16541217364337	24.204500668704007	25.821666009807657	0.0
25.0	25.78160837850585	24.325319653436882	24.158951265368884	25.734120702688383	0.0
26.0	25.74736556465108	24.273632387240998	24.16767349153944	25.81132855656848	0.0
27.0	25.757703017890254	24.29882992951149	24.187702307190346	25.755764745407912	0.0
28.0	25.75931824495888	24.306906064854598	24.204500668704007	25.729275021482522	0.0
29.0	25.73444374810211	24.28978465792721	24.136984177235636	25.838787416735045	0.0
30.0	25.90436563572107	24.093050000969136	24.076897730282923	25.925686633026874	0.0
31.0	25.736705065998176	24.28590811296252	24.203531532462833	25.77385528857647	0.0
32.0	25.772886152335296	24.188671443431517	24.20773112284125	25.830711281391938	0.0
33.0	25.647544531810283	24.27621675055079	24.184794898466826	25.8914438191721	0.0
34.0	25.855262732834984	24.158305174541436	24.173488308986478	25.812943783637106	0.0
35.0	25.866246276901606	24.164443037402197	24.21871466690787	25.75059601878832	0.0
36.0	25.705046615453202	24.283000704239	24.25037311745285	25.761579562854948	0.0
37.0	25.77450137940392	24.134076768512116	24.099187863829897	25.99223398825407	0.0
38.0	25.871415003521196	24.197716715015797	24.183825762225652	25.747042519237358	0.0
39.0	25.78281726995203	24.135937070956697	24.195054190693092	25.886191468398184	0.0
40.0	25.890068000839918	24.138844470287992	24.22315905089564	25.74792847797645	0.0
41.0	25.846457010870445	24.262247419683096	24.1834245933679	25.70787097607856	0.0
42.0	25.880616108232434	24.318055537608704	24.05122174986109	25.750106604297766	0.0
43.0	25.788548760159713	24.24730904908966	24.15524170101694	25.808900489733684	0.0
44.0	25.795655713344274	24.176562560570623	24.234387316026826	25.79339441005828	0.0
45.0	25.896122187907842	24.15201126775123	24.176562560570623	25.775303983770304	0.0
46.0	25.883846541498144	24.011164377366292	24.220496452984275	25.88449262815129	0.0
47.0	25.76367442401375	24.13133649485069	24.32710075075269	25.77788833038287	0.0
48.0	25.896768274560984	24.10129346547959	24.18916125030689	25.81277700965253	0.0
49.0	25.80050136324284	24.17850082053005	24.198852550104018	25.82214526612309	0.0
50.0	25.78208789362829	24.31224075773043	24.16105648089522	25.744614867746062	0.0
51.0	25.748491387664913	24.27379860186848	24.163640827507784	25.81406918295882	0.0
52.0	25.757213557482327	24.305133804545868	24.179146907183192	25.75850573078861	0.0
53.0	25.774980940443733	24.29608859140188	24.205959503288582	25.72297096486581	0.0
54.0	25.73298530798951	24.29608859140188	24.12745997493184	25.843466125676777	0.0
55.0	25.903229141092403	24.079003475946195	24.066404786209926	25.951362596751476	0.0
56.0	25.754952254196333	24.25635426223365	24.200467766736875	25.78822571683314	0.0
57.0	25.795978756670845	24.179469950509763	24.1846386437349	25.839912649084496	0.0
58.0	25.672253162594167	24.26701469201049	24.17139386734549	25.889338278049852	0.0
59.0	25.864140898577315	24.165902130793782	24.15911822093579	25.81083874969311	0.0
60.0	25.872863068394736	24.14199692462753	24.21338949979971	25.77175050717802	0.0
61.0	25.708757058496683	24.251185569008516	24.274121645195056	25.765935727299745	0.0
62.0	25.77433485379059	24.135536058096115	24.107431288684438	25.982697799428863	0.0
63.0	25.869955678455593	24.208543849901147	24.179146907183192	25.742353564460064	0.0
64.0	25.78200460658295	24.136427216958428	24.19942046214429	25.882147714314325	0.0
65.0	25.834983540995683	24.136427216958428	24.23753945153881	25.79104979050708	0.0
66.0	25.8075249469403	24.265644130160197	24.19231353191819	25.734517390981303	0.0
67.0	25.873018949599107	24.31369888679989	24.051712441610295	25.761569721990707	0.0
68.0	25.78515173247017	24.249413680150408	24.16154646302147	25.803888124357954	0.0
69.0	25.81584065021741	24.17543723631759	24.22744687586817	25.78127523759683	0.0
70.0	25.88335626926133	24.147978730964795	24.199665329275934	25.768999670497937	0.0
71.0	25.910814774614128	23.98936548239748	24.2109717726565	25.88884797033189	0.0
72.0	25.749940237370705	24.120520225612	24.323390123983227	25.806149413034067	0.0
73.0	25.892078382726343	24.108890740991995	24.202572700430938	25.796458175850727	0.0
74.0	25.803565083118514	24.155085638232578	24.202249659191494	25.839099619457418	0.0
75.0	25.78515173247017	24.31434496927878	24.1567008444298	25.743802453821257	0.0
76.0	25.756401062159597	24.27525697930598	24.17123770020481	25.797104258329618	0.0
77.0	25.777721783962942	24.300777237222103	24.183190226064262	25.7383107527507	0.0
78.0	25.757047144638484	24.29560857739099	24.229062082065397	25.71828219590513	0.0
79.0	25.7651231756246	24.284302134010428	24.131826668992566	25.818748021372407	0.0
80.0	25.901446578670235	24.07367924589253	24.081432235639202	25.943441939798035	0.0
81.0	25.755754979680706	24.265888783362083	24.195788834402602	25.782567402554612	0.0
82.0	25.777721783962942	24.18189806110648	24.195465793163155	25.844914361767422	0.0
83.0	25.654320030495093	24.278487391700423	24.183513267303706	25.883679310500778	0.0
84.0	25.85234431027465	24.176729401275367	24.16800728781036	25.802919000639623	0.0
85.0	25.863327712415767	24.155731720711465	24.230354247023175	25.750586319849596	0.0
86.0	25.71214441235568	24.259104917333747	24.27816435046098	25.750586319849596	0.0
87.0	25.77061487669516	24.131180586513672	24.123104555527558	25.97509998126361	0.0
88.0	25.855574722669093	24.21258697885372	24.191266257050376	25.740572041426805	0.0
89.0	25.780868913518912	24.157914969359638	24.176328260525455	25.884887856595995	0.0
90.0	25.85322991739862	24.136271276234904	24.22381516932152	25.786683637044955	0.0
91.0	25.81995677722179	24.259026550673703	24.204755797763916	25.716260874340595	0.0
92.0	25.87091355472283	24.301266313477193	24.074169789378473	25.7536503424215	0.0
93.0	25.764956712753584	24.2463496575785	24.154606538312443	25.834087091355475	0.0
94.0	25.820196407804623	24.157836929835895	24.227613386742473	25.794353275617006	0.0
95.0	25.894172373691692	24.130378601886548	24.205323685230653	25.770125339191107	0.0
96.0	25.891911099625275	24.00891588060473	24.209523194211137	25.88964982555886	0.0
97.0	25.75591161648792	24.108734978679415	24.343584442434423	25.791768962398244	0.0
98.0	25.877051298617392	24.115195761726323	24.202093293707197	25.805659645949092	0.0
99.0	25.79047680578886	24.173019769996124	24.206615841840033	25.829887582374983	0.0
100.0	25.811797389843647	24.29189817805918	24.144915363742086	25.751389068355085	0.0
101.0	25.7194081922729	24.29480553043029	24.18626437524228	25.79952190205453	0.0
102.0	25.762695438687167	24.30449670500065	24.197570745574364	25.735237110737824	0.0
103.0	25.781108670370852	24.296420726192014	24.239888874531594	25.682581728905546	0.0
104.0	25.76883318258173	24.27154671146143	24.138131541542833	25.821488564414008	0.0
105.0	25.909678253004266	24.081276650730068	24.082245768187104	25.926799328078566	0.0
106.0	25.74202093293707	24.2734849463755	24.20726192014472	25.777232200542706	0.0
107.0	25.774647887323944	24.17721927897661	24.209200155058795	25.838932678640653	0.0
108.0	25.647047422147562	24.293190334668562	24.20467760692596	25.855084636257914	0.0
109.0	25.851531205582116	24.15557565576948	24.179157513890683	25.813735624757722	0.0
110.0	25.880281690140844	24.133285954257655	24.27025455485205	25.716177800749453	0.0
111.0	25.71682387905414	24.25927122367231	24.275100142137227	25.748804755136323	0.0
112.0	25.78983072748417	24.138131541542833	24.104858508851272	25.96717922212172	0.0
113.0	25.868006202351722	24.191433001679805	24.189171727613388	25.751389068355085	0.0
114.0	25.801699826528534	24.125132041826973	24.195877387655422	25.877290743989068	0.0
115.0	25.85920060989595	24.12222469884772	24.24788652317314	25.77068816808319	0.0
116.0	25.827865913341796	24.266945771592674	24.214613597966153	25.690574717099373	0.0
117.0	25.864129732523583	24.322909936684326	24.065770771417498	25.747189559374593	0.0
118.0	25.766894947667655	24.25022612740664	24.170112417625017	25.812766507300683	0.0
119.0	25.82084248610932	24.167528104406255	24.216307016410386	25.795322393074038	0.0
120.0	25.904832665719084	24.122302623077918	24.182387905414135	25.79047680578886	0.0
121.0	25.898371882672176	24.00826980230004	24.205646724382994	25.887711590644784	0.0
122.0	25.72845328853857	24.1235947796873	24.35327561700478	25.794676314769347	0.0
123.0	25.877374337769737	24.104212430546582	24.213722703191625	25.804690528492053	0.0
124.0	25.793061119007625	24.157836929835895	24.212753585734593	25.83634836542189	0.0
125.0	25.8085669983202	24.29189817805918	24.148468794417884	25.75106602920274	0.0
126.0	25.742343972089415	24.29189817805918	24.192725158289186	25.77303269156222	0.0
127.0	25.76883318258173	24.289636903992765	24.216307016410386	25.725222897015122	0.0
128.0	25.79079984494121	24.297066804496705	24.228582504199508	25.68355084636258	0.0
129.0	25.752681224964462	24.27833053366068	24.12424085799199	25.844747383382867	0.0
130.0	25.90774001809019	24.054787440237757	24.088060472929318	25.949412068742735	0.0
131.0	25.7500969117457	24.265085928414525	24.214045742343973	25.7707714174958	0.0
132.0	25.766894947667655	24.188525649308694	24.23375113063703	25.810828272386615	0.0
133.0	25.632833699444372	24.29868200025843	24.19724770642202	25.87123659387518	0.0
134.0	25.80994253114915	24.165344893865143	24.187957707577553	25.836754867408153	0.0
135.0	25.85452207818219	24.15856104975142	24.2629030330244	25.724013839041994	0.0
136.0	25.7007549449378	24.262256952632615	24.282608484973785	25.754379617455804	0.0
137.0	25.780868913518912	24.128195271337614	24.115919743893734	25.975016071249748	0.0
138.0	25.881980494832973	24.1785895418967	24.18117386346383	25.7582560998065	0.0
139.0	25.787736062385726	24.112444194625887	24.19772708183927	25.902092661149123	0.0
140.0	25.828116217316303	24.108244658513104	24.242629814122072	25.82100931004852	0.0
141.0	25.812287196583515	24.266857907080418	24.201603576712603	25.719251319623464	0.0
142.0	25.875363826371235	24.30473224640373	24.05857402675436	25.761329900470674	0.0
143.0	25.761652942753678	24.25046114285899	24.177130544616983	25.810755369770348	0.0
144.0	25.797187593884164	24.16420885329681	24.226879056199664	25.811724496619366	0.0
145.0	25.87342557267321	24.142565020335514	24.19812829301227	25.78588111397901	0.0
146.0	25.90411458955863	24.012702022567733	24.206527392370386	25.87665599550325	0.0
147.0	25.748408209150497	24.073433971772566	24.358034223099462	25.820123595977478	0.0
148.0	25.87665599550325	24.09927735441292	24.211373026615455	25.812693623468373	0.0
149.0	25.76843683069677	24.155163669372683	24.23301685957675	25.843382640353795	0.0
150.0	25.822061849675503	24.290518385951536	24.158394092202727	25.72902567217023	0.0
151.0	25.751075734277478	24.28898163821732	24.173655170631488	25.786287456873712	0.0
152.0	25.7597979040949	24.27379860186848	24.200790810063445	25.765612683973178	0.0
153.0	25.762059207380894	24.3025494579333	24.23697166263939	25.698419672046413	0.0
154.0	25.74655312770549	24.27605990515448	24.1423199679541	25.83506699918593	0.0
155.0	25.917766090788096	24.06414348292393	24.065758699556785	25.952331726731188	0.0
156.0	25.762059207380894	24.259584695499363	24.216942976391994	25.76141312072775	0.0
157.0	25.780795720322008	24.169455607386062	24.226957319515694	25.822791352776235	0.0
158.0	25.65319360632648	24.284135988318752	24.203698200002584	25.85897220535218	0.0
159.0	25.82707434866179	24.152735378204195	24.194731146322948	25.82545912681107	0.0
160.0	25.866162717449242	24.137229248437272	24.27872268256045	25.717885351553036	0.0
161.0	25.685580914538615	24.257724798501073	24.284537481223044	25.772156805737268	0.0
162.0	25.805753420232268	24.12043094118977	24.099756101500542	25.974059537077416	0.0
163.0	25.886191468398184	24.162426709308523	24.188916347660353	25.76246547463294	0.0
164.0	25.789361468435235	24.090465637659342	24.20999244073732	25.91018045316811	0.0
165.0	25.84169482545856	24.101449181725968	24.267171478966514	25.78968451384896	0.0
166.0	25.837172189666425	24.257480116554785	24.20611589577263	25.69923179800616	0.0
167.0	25.88086692747284	24.314091609514364	24.061792326354453	25.743249136658342	0.0
168.0	25.78233775799298	24.244636621192495	24.169366796639025	25.803658824175507	0.0
169.0	25.816257636010636	24.152568380858852	24.216208532949125	25.814965450181393	0.0
170.0	25.889589181820238	24.138031290279855	24.197471838425084	25.774907689474823	0.0
171.0	25.94095356853269	23.987491641172916	24.206517139229796	25.865037651064597	0.0
172.0	25.755201855578854	24.069222394872604	24.355441556050174	25.82013419349837	0.0
173.0	25.866329836893843	24.093773925628245	24.20619409277248	25.833702144705427	0.0
174.0	25.772969410730955	24.160321495834317	24.24657489993636	25.82013419349837	0.0
175.0	25.8181959147545	24.314091609514364	24.141907847767587	25.72580462796355	0.0
176.0	25.75496200961389	24.278957977981083	24.176551920194346	25.789528092210677	0.0
177.0	25.766268672145554	24.26442084044038	24.213056287796558	25.756254199617512	0.0
178.0	25.77369876466636	24.30803225306249	24.218548095311935	25.69972088695922	0.0
179.0	25.750116297100327	24.25828293792319	24.157815165141884	25.833785599834602	0.0
180.0	25.910670905049876	24.044748539825296	24.085452524939267	25.959128030185557	0.0
181.0	25.723949449527055	24.269266552953948	24.227916472838164	25.778867524680827	0.0
182.0	25.7698221946555	24.15555383263555	24.24536103788701	25.829262934821934	0.0
183.0	25.641249289295498	24.262159507934047	24.236638755362588	25.85995244740787	0.0
184.0	25.83580734677	24.16887685712532	24.17049209984784	25.82482369625684	0.0
185.0	25.877480609011116	24.15853930370117	24.25933044958666	25.704649637701056	0.0
186.0	25.68591282211978	24.245762410717457	24.278067265167937	25.790257501994823	0.0
187.0	25.814809191377186	24.09199130353318	24.100713614234813	25.992485890854816	0.0
188.0	25.90203229839348	24.14400211919845	24.188259769795607	25.76570581261246	0.0
189.0	25.780972379260213	24.10402196737199	24.181230818930704	25.933774834437084	0.0
190.0	25.853658536585368	24.103052818607658	24.240671943143273	25.802616701663705	0.0
191.0	25.844936197706346	24.237764496850268	24.189630108221614	25.727669197221775	0.0
192.0	25.886047120165145	24.326358670194377	24.055965291440128	25.73162891820035	0.0
193.0	25.7747611832775	24.257705614979308	24.174034960765248	25.793498240977947	0.0
194.0	25.826449618313212	24.138499161678194	24.203109705472837	25.831941514535757	0.0
195.0	25.900428690958076	24.1239617893244	24.212155181604086	25.763454338113434	0.0
196.0	25.94371775530049	23.97212701140699	24.196002545655425	25.888152687637096	0.0
197.0	25.7674974559434	24.076628600041996	24.367054870858844	25.78881907315576	0.0
198.0	25.88315107658014	24.114749067179247	24.180652247653814	25.821447608586794	0.0
199.0	25.763620798268427	24.16191506889144	24.240094332003427	25.83436980083671	0.0
200.0	25.82468881343667	24.298235128787464	24.17547271605377	25.701603341722095	0.0
201.0	25.76823673838599	24.265038444142924	24.18782709827486	25.778897719196227	0.0
202.0	25.752573189721456	24.268102785441528	24.208013232624104	25.77131079221291	0.0
203.0	25.784899686621653	24.29037573094692	24.239007527541755	25.685717054889672	0.0
204.0	25.745494724191182	24.22219781213856	24.172767392723067	25.85954007094719	0.0
205.0	25.92190538960074	24.046109808026568	24.08714081713093	25.94484398524176	0.0
206.0	25.754237233375765	24.260624584030655	24.23800877493393	25.747129407659653	0.0
207.0	25.762001072649383	24.153027003625038	24.232829532751346	25.852142390974237	0.0
208.0	25.609834900326323	24.27805240541501	24.247035636974573	25.86507705728409	0.0
209.0	25.80718119048927	24.153239225467928	24.176825426570986	25.86275415747182	0.0
210.0	25.89313697297891	24.130611084365377	24.270191503042014	25.706060439613697	0.0
211.0	25.691686833798066	24.25128514977528	24.286180479940032	25.770847536486624	0.0
212.0	25.810276807552995	24.083904967155963	24.12170873008436	25.984109495206674	0.0
213.0	25.88333371030855	24.134922660841863	24.208917510283346	25.772826118566243	0.0
214.0	25.764185084658138	24.119813881349362	24.192839601912887	25.923161432079617	0.0
215.0	25.8448096472124	24.10025914604592	24.251804651703836	25.803126555037835	0.0
216.0	25.82897653468098	24.270222762199577	24.211090933765888	25.68970976935356	0.0
217.0	25.886097423055176	24.327005412391955	24.066564342838678	25.72033282171419	0.0
218.0	25.738751110752077	24.265934243476856	24.20324743517247	25.792067210598596	0.0
219.0	25.824713785782837	24.1706007994287	24.204529665138253	25.800155749650212	0.0
220.0	25.900494072104152	24.132304043377527	24.203070420623714	25.764131463894607	0.0
221.0	25.922167898378145	23.979112069049087	24.229547503562646	25.869172529010115	0.0
222.0	25.775304644557114	24.093013937225933	24.354114761567768	25.777566656649185	0.0
223.0	25.869986007839486	24.128236696945315	24.178647252140024	25.82313004307517	0.0
224.0	25.769008295175095	24.168462823591	24.247310611813596	25.81521826942031	0.0
225.0	25.824756426620993	24.30304890856506	24.150199544360245	25.7219951204537	0.0
226.0	25.760542898691224	24.27435773145904	24.19453869768945	25.770560672160286	0.0
227.0	25.751993898734504	24.24283553728623	24.222476441617868	25.7826941223614	0.0
228.0	25.79466132368149	24.264800930713548	24.243148914167527	25.697388831437433	0.0
229.0	25.735208573016717	24.264791426983287	24.17236520637547	25.827634793624533	0.0
230.0	25.908606146786028	24.04808842064441	24.091717028083895	25.951588404485666	0.0
231.0	25.737979355322437	24.24553851324711	24.26072792848694	25.755754202943514	0.0
232.0	25.76496975024562	24.148417705155385	24.229536170432805	25.857076374166194	0.0
233.0	25.61986943313296	24.270247559950874	24.244069549479672	25.86581345743649	0.0
234.0	25.799164234673594	24.16609300717155	24.186130690944584	25.84861206721027	0.0
235.0	25.893379441849945	24.119709774897792	24.269993374593994	25.716917408658276	0.0
236.0	25.663110470471505	24.27079663750392	24.297298432838957	25.768794459185617	0.0
237.0	25.789322293001867	24.088994896755448	24.13327257272689	25.988410237515797	0.0
238.0	25.882736977508593	24.164288461476307	24.192406765199237	25.76056779581587	0.0
239.0	25.777780650666116	24.13495536608857	24.20056495349153	25.886699029753785	0.0
240.0	25.8574268306479	24.104594598962457	24.256508880521032	25.781469689868608	0.0
241.0	25.820934599981253	24.261975026909266	24.216398974700443	25.70069139840904	0.0
242.0	25.918071790627913	24.311122892314057	24.06835109134168	25.70245422571635	0.0
243.0	25.753735541144295	24.270510723314562	24.204237600460356	25.77151613508079	0.0
244.0	25.833702430870996	24.176481428197327	24.216246973130776	25.773569167800904	0.0
245.0	25.884254768832847	24.12673779502102	24.23278370514064	25.756223731005495	0.0
246.0	25.9113762387442	23.976914496338328	24.253358552791116	25.858350712126356	0.0
247.0	25.771009150580397	24.121317942251107	24.361561095482912	25.746111811685584	0.0
248.0	25.863183966992388	24.141019588568916	24.191462255304565	25.80433418913413	0.0
249.0	25.783003188276453	24.15297259893034	24.270350322384544	25.79367389040866	0.0
