# Position (bp)	A	C	G	T	N
0.0	22.969232709160835	26.840914822520652	38.03693020616607	12.099568123069163	0.05335413908328605
1.0	23.146948490006935	26.769828510182208	18.719500662001135	31.359939474181957	0.003782863627766219
2.0	25.79597755500914	25.021436227224008	20.437235987642648	28.745350230124206	0.0
3.0	20.805277094760736	28.778371477208246	15.76784250677763	34.64850892125339	0.0
4.0	34.116307294622025	16.652953786016013	16.775423995964942	32.45011348590883	0.005201437488178551
5.0	34.866654057121245	16.09379925603682	27.777173570392787	21.26190025849568	4.7285795347077735E-4
6.0	29.519733938591514	21.53607906184982	24.189836706386735	24.75435029317193	0.0
7.0	30.094413971376333	21.99073198411197	24.84821259693588	23.066641447575815	0.0
8.0	17.122816972448142	34.853808082718615	24.87760859970998	23.14576634512326	0.0
9.0	25.500756572725553	25.55734190782422	18.81580606519135	30.126095454258873	0.0
10.0	24.030010718113612	19.64149486161024	31.80765714645987	24.52083727381628	0.0
11.0	24.846242355463087	23.84732992875607	22.782926675493346	28.522870563016202	6.304772712943698E-4
12.0	22.559816531114055	24.38150179686022	27.10997099804552	25.9487106739802	0.0
13.0	21.85557341907824	29.11417943383141	22.924468822898938	26.105778324191416	0.0
14.0	26.96330622281067	24.65016392409054	25.13775928377782	23.248770569320975	0.0
15.0	26.940609041044073	23.886971187188703	24.58719500662001	24.585224765147217	0.0
16.0	26.419519576319274	23.913135993947417	23.19762310068722	26.469721329046088	0.0
17.0	26.63995019229557	23.36131076224702	23.716190656326837	26.28254838913057	0.0
18.0	26.35032469579472	23.75654120168968	24.041910976609294	25.85122312590631	0.0
19.0	26.20696992623416	24.026700712439318	23.974292289262973	25.79203707206355	0.0
20.0	25.89937582750142	24.158628081457664	23.97208561881344	25.96975285290965	1.5761931782359246E-4
21.0	25.749952714204653	24.177542399596494	24.233339638106045	25.839165248092804	0.0
22.0	25.91608347519072	24.112288002017525	24.157051888279426	25.814576634512328	0.0
23.0	25.927274446756194	24.024809280625433	24.157997604186367	25.88511127923838	0.00480738919361957
24.0	25.646160393417816	24.22088771199798	24.23869869491205	25.89425319967215	0.0
25.0	25.88006746106803	24.13262089401677	24.10361893953723	25.88369270537797	0.0
26.0	26.02499842380682	24.08044889981716	24.052471470903473	25.842081205472546	0.0
27.0	25.842081205472546	24.21150936258748	24.26115944770191	25.682491646176153	0.002758338061912868
28.0	26.01893008007061	24.14940735136498	24.038758590252822	25.792903978311582	0.0
29.0	25.867615534959963	24.15854927179875	24.133172561629156	25.840662631612133	0.0
30.0	25.740968413088712	24.310494294180696	24.22474938528466	25.72378790744594	0.0
31.0	25.947686148414352	24.190388373999117	24.156421411008132	25.7055040665784	0.0
32.0	25.90914822520648	24.116543723598767	24.261317067019732	25.712990984175022	0.0
33.0	25.75389319715024	24.224985814261395	24.34934745602421	25.671773532564153	0.0
34.0	25.990558602862368	24.20504697055671	24.04876741693462	25.75546939032848	1.5761931782359246E-4
35.0	25.909203096427845	24.07530214773875	24.175998347226045	25.83878672513407	7.096834732855427E-4
36.0	25.83733114505744	24.266980179270295	24.2182963009721	25.67715566216387	2.3671253629592226E-4
37.0	25.99055259353651	24.115045819842397	24.189023923271204	25.70537766334989	0.0
38.0	26.04605816209793	24.039822896980652	24.10231776149874	25.808956912516674	0.0028442669060064598
39.0	25.90556179655365	24.291642324138905	24.21140092004873	25.587600291873162	0.003794667385545321
40.0	26.007146920076167	24.216698667210952	24.05515327430044	25.72100113841244	0.0
41.0	25.92952929814284	24.156520637735312	24.16918668165482	25.744763382467028	0.0
42.0	25.790733248781432	24.32044907041758	24.274106600356006	25.614711080444984	0.0
43.0	25.869456813945874	24.31783642026937	24.05297009412625	25.759657394099055	7.927755945618766E-5
44.0	25.904081407590944	24.22004358854131	24.15474804886931	25.72112695499844	0.0
45.0	25.720306416062705	24.32455393723044	24.250077810878278	25.704903038117806	1.587977107722015E-4
46.0	25.91735902309409	24.172589042227916	24.080813410207675	25.82923852447032	0.0
47.0	25.915393723673358	24.072797309623155	24.19693062291703	25.814878343786457	0.0
48.0	25.7849492828937	24.222213026171076	24.17263393120045	25.820203759734774	0.0
49.0	25.96426620198181	24.147312319511187	24.089492186317813	25.798929292189182	0.0
50.0	25.955746273534004	24.200389902078147	24.104269316172967	25.73959450821488	0.0
51.0	25.796468929257355	24.195475456697483	24.294296306221806	25.713679549268452	7.975855490259885E-5
52.0	25.92390080987495	24.261925021512056	24.15201000011175	25.662164168501246	0.0
53.0	25.883823658628152	24.182795613033097	24.161947135930472	25.77143359240828	0.0
54.0	25.810755714023042	24.274544916737952	24.324670029659355	25.58946972906857	5.596105110842853E-4
55.0	25.8143751190139	24.28979704829524	24.1404196010094	25.75540823168146	0.0
56.0	25.887637930206115	24.165292035681684	24.166653320734774	25.78033663778607	8.007559135824218E-5
57.0	25.719375742295753	24.313321333720143	24.220359058772996	25.746943865211115	0.0
58.0	25.97276350415429	24.211109711954688	24.049814602861925	25.766312181029093	0.0
59.0	25.908999686925526	24.118775637989582	24.107135689687006	25.86492843438681	1.6055101106999221E-4
60.0	25.786754722135186	24.244016486297575	24.266994464396184	25.702153984590293	8.034258076437931E-5
61.0	25.94433767298986	24.31379013646196	23.99607581398715	25.742499417001053	0.0032969595599765195
62.0	25.901479695931943	24.15739425425659	24.142021835273667	25.79902373066878	8.048386902055156E-5
63.0	25.816238162945538	24.308989918112356	24.14883975719689	25.72552936959	4.0279215521998494E-4
64.0	25.919089929017623	24.268908945327524	24.121590076175224	25.6899272436696	4.838058100239726E-4
65.0	25.843062085107242	24.24753334274934	24.204031395653843	25.705211759246183	1.6141724339702589E-4
66.0	25.705962520468972	24.333985809254603	24.269034429886034	25.690936455092668	8.078529772209697E-5
67.0	25.84508619664917	24.32565748243843	24.131908083862115	25.697024782294736	3.2345475555311165E-4
68.0	25.9024217296774	24.18605178250248	24.080417808673804	25.831108679146315	0.0
69.0	25.809954281806235	24.245309468900768	24.20122811936322	25.743508129929776	0.0
70.0	25.96054781362914	24.26497669309684	24.0204691883227	25.753925181028038	8.112392328272823E-5
71.0	25.938989250595295	24.136457991560302	24.09146577180336	25.832924559254916	1.6242678612615364E-4
72.0	25.762571297316416	24.30617496757827	24.203807673075126	25.72744606203019	0.0
73.0	25.90908609849481	24.310110563040308	24.028268838904904	25.75212744912073	4.07050439248129E-4
74.0	25.794248853365243	24.232934561735693	24.13634581542502	25.836470769474047	0.0
75.0	25.76207941785702	24.371279379334773	24.208457592065724	25.65810199581152	8.16149309619299E-5
76.0	25.86266641603805	24.224209089646042	24.116411543082243	25.796712951233662	0.0
77.0	25.892312691478796	24.264144364476596	24.1721445052593	25.667469619174604	0.003928819610703087
78.0	25.723694889742593	24.32426449972208	24.205472781201887	25.74656782933344	0.0
79.0	25.830610759873128	24.330526167092916	24.13563425695509	25.703064558253217	1.642578256534587E-4
80.0	25.839059272730264	24.278778502834854	24.142837158398	25.73883133234038	4.937336965018968E-4
81.0	25.84717947702975	24.275118504517522	24.172694975804294	25.705007042648433	0.0
82.0	25.91925456083022	24.30042746029397	23.919507515481072	25.860810463394735	0.0
83.0	25.961404567396958	24.102169646172616	24.049204949339558	25.88722083709087	0.0
84.0	25.79339374199122	24.292961756613035	24.152265075208696	25.761213118053	1.663081340476822E-4
85.0	25.915555277273388	24.331016634316367	23.939473629286415	25.813954459123828	0.0
86.0	25.940768113985023	24.27675319152862	24.001989437195597	25.780489257290757	0.0
87.0	25.75976954985146	24.503796001696667	24.028863611257044	25.707570837194833	0.0
88.0	25.888919766699725	24.446642717949896	23.83169270176029	25.832744813590093	0.0
89.0	25.75524690005696	24.70797003023266	23.743241466941242	25.79354160276914	0.0
90.0	26.61781572575507	23.736459793551674	23.461195361284567	26.18452911940869	0.0
91.0	26.631679143834734	23.63844511332356	23.79022921972679	25.937073911141983	0.0025726119729361217
92.0	26.88958777356137	23.61204969589853	23.341737277122213	26.155325674481468	0.0012995789364245983
93.0	26.301628758547373	23.78433714383211	23.441785990839055	26.468310737206828	0.003937369574632841
94.0	26.32576259507593	23.772294808258025	23.60665730262635	26.293960193994646	0.0013251000450534014
95.0	26.75520805441011	23.165800888984094	23.646441385958337	26.42987200771167	0.0026776629357896427
96.0	26.34160844358555	23.617173669202806	23.55906320526508	26.479451869670388	0.0027028122761733587
97.0	26.32842990093065	23.850331595753392	23.671570099069346	26.146939221091124	0.0027291831554815643
98.0	26.663447609850316	23.578671449265364	23.40208318962544	26.354418155480445	0.001379595778436918
99.0	26.410460361982107	23.59721466348502	23.533023541396297	26.455115055609046	0.004186377527525432
100.0	26.540839662328132	23.54103729636636	23.741494677997686	26.175216691606202	0.001411671701629069
101.0	26.59335951445912	23.434487682970367	23.65298107818636	26.319171724384148	0.0
102.0	26.284302249967485	23.645612057629226	23.65717258421121	26.41146804236933	0.0014450658227482263
103.0	26.586779036081115	23.777543674831005	23.546367014894802	26.08638398735844	0.002926286834635531
104.0	26.922336281088448	23.300596957442714	23.469463330815152	26.30464086269979	0.002962567953902443
105.0	26.22446837227438	23.947991961848775	23.505593713445908	26.317446987192945	0.004498965237995261
106.0	26.469115571942282	23.693993050814026	23.569575310665027	26.267316066578665	0.0
107.0	27.07016143883126	23.589712110981523	23.19839175004604	26.141734700141185	0.0
108.0	26.508831616721817	23.509033571018005	23.496605614329432	26.485529197930745	0.0
109.0	26.44461584473233	23.757653984794345	23.57191204017063	26.22266996174975	0.0031481685529443247
110.0	26.65220373590263	23.632535213514334	23.80959977029463	25.905661280288406	0.0
111.0	26.40422156754832	23.953510958593675	23.115024766097964	26.525624008546732	0.0016186992133121823
112.0	26.47918788396465	23.66700614343441	23.67357666151976	26.17858668155984	0.0016426295213377575
113.0	26.54098743207654	23.427342734273427	23.54068740207354	26.489315598226487	0.001666833350001667
114.0	26.28461173921874	23.85925123552908	23.578295308374518	26.274456705707127	0.0033850111705368627
115.0	26.77725118483412	23.528401675939282	23.31375781303661	26.380589326189984	0.0
116.0	26.909737351203443	23.429248653641704	23.476305836833575	26.18296529968454	0.0017428586367359744
117.0	26.78002125398512	23.804463336875664	23.12256464753808	26.28940843074743	0.0035423308537017354
118.0	26.66966534724721	23.614609571788414	23.6541921554516	26.061532925512775	0.0
119.0	26.72702331961591	23.506172839506174	23.668952903520804	26.09419295839049	0.003657978966620942
120.0	26.260766039771568	23.853637665792363	23.397883066391355	26.485853005190023	0.0018602228546979929
121.0	26.527053918317065	23.627404529517673	23.587605420259642	26.254145740547713	0.003790391357907704
122.0	26.729426289594503	23.513638643466184	23.66410741155137	26.09282765538794	0.0
123.0	26.258455246185306	23.5193487494101	23.38170520685858	26.83459178857952	0.005899008966493629
124.0	26.771543086172343	23.326653306613228	23.45691382765531	26.440881763527052	0.004008016032064128
125.0	27.057934611693113	23.38009761277543	23.114623537339952	26.44326002164635	0.004084216545161224
126.0	26.425614246780537	23.444358915680198	23.25503984022302	26.872906567915617	0.0020804294006282896
127.0	26.972371939056995	23.309850188855407	23.390485082544668	26.323048847769808	0.004243941773118873
128.0	27.11772724322219	23.119198563299218	23.452409286626132	26.308501200856828	0.002163705995629314
129.0	26.953427200990255	23.39691872416613	23.266506045401293	26.37872726067063	0.004420768771689397
130.0	26.949393672515416	23.63209357992909	23.19174401011675	26.224510534516632	0.0022582029221145813
131.0	27.228821001062993	23.175578869529048	23.205620002773028	26.38998012663493	0.0
132.0	26.526365571056985	24.00567510049657	23.279735161976827	26.188224166469613	0.0
133.0	26.390406136965016	24.40463185492681	23.62294564610492	25.57716116815964	0.004855193843614206
134.0	26.766280662433072	23.46905740256506	23.606026646743867	26.158635288257997	0.0
135.0	26.524148851939827	23.84747018108446	23.203841340382603	26.42453962659311	0.0
136.0	26.760120529280755	23.393161273418052	23.348617843573955	26.49810035372724	0.0
137.0	26.849786330529202	23.586959443115543	23.474077458542748	26.08917676781251	0.0
138.0	26.638290815621456	23.87164533871369	23.45706309941682	26.027472983057404	0.005527763190624913
139.0	27.00059698098189	23.43292492253461	23.191289763197545	26.363817266964208	0.011371066321744321
140.0	27.12389639244577	23.282465064608548	23.522189089633397	26.068525989592466	0.002923463719815237
141.0	26.89415672655896	23.560320096632946	23.00166087875585	26.54386229805224	0.0
142.0	27.028630303787192	23.34446907490087	23.113428455462238	26.510349995316744	0.00312217053295451
143.0	27.041542642681506	23.061990423191407	23.689659635045942	26.203571890772615	0.0032354083085285364
144.0	26.93880286882499	23.24217440847242	23.466720289563643	26.352302433138952	0.0
145.0	27.566645785480613	23.557458063618014	22.774413586691725	26.10148256420965	0.0
146.0	27.31350842920194	23.18211417408292	23.319586137037838	26.181173576441648	0.0036176832356558863
147.0	26.958160572936297	23.452695062193744	22.940067847719565	26.649076517150394	0.0
148.0	26.903693204189306	23.09236947791165	23.348295141349713	26.64776754075124	0.007874635798094339
149.0	26.810280912760525	23.803443446741905	23.27621715133042	26.101820578301343	0.008237910865804433
150.0	27.125383584734408	23.525089683191425	22.422958897004797	26.92656783506937	0.0
151.0	27.121033009002453	23.069928162226063	23.80649267982177	26.002546148949712	0.0
152.0	26.830556489172707	23.48874057713545	23.43112306141067	26.244778412637444	0.004801459643731695
153.0	26.980564199357243	23.02198643064837	23.409682191501304	26.58776717849309	0.0
154.0	27.669034321964975	23.06566176869273	23.537385457897305	25.727918451444992	0.0
155.0	27.436593679588654	23.21913455427812	23.363568085966836	25.98070368016639	0.0
156.0	27.826519818306267	23.277954078775434	22.014809283803125	26.880716819115175	0.0
157.0	28.177795655671762	22.52614641995173	22.2579780101904	27.03807991418611	0.0
158.0	27.783452502553622	22.93156281920327	22.041441704363052	27.236246899168247	0.0072960747118050485
159.0	28.338788217450308	21.409754929352598	22.311806497964398	27.939650355232697	0.0
160.0	27.084252315835904	22.26731363034848	22.91133656815174	27.737097485663874	0.0
161.0	28.41280856548032	22.058094577178547	20.243878259145433	29.285218598195694	0.0
162.0	29.88362896847814	21.534289910744548	20.257598011524124	28.32448310925319	0.0
163.0	30.371144798745426	20.32148457919498	20.687401986408783	28.61996863565081	0.0
164.0	32.26961394769614	20.625778331257784	21.155043586550438	25.94956413449564	0.0
165.0	29.57801006581494	21.447928765001937	24.796747967479675	24.177313201703445	0.0
166.0	26.850168787327966	25.967281225655675	23.863931446377563	23.318618540638795	0.0
167.0	26.44984326018809	29.46708463949843	23.746081504702193	20.336990595611283	0.0
168.0	11.03230890464933	43.577620173364856	27.10795902285264	18.282111899133174	0.0
