# Position (bp)	A	C	G	T	N
0.0	26.344683769760934	23.767603686126137	23.794984124876926	26.092728419236007	0.0
1.0	26.287986901640615	23.894272786609584	23.643700286526613	26.174040025223196	0.0
2.0	26.142664738141924	23.813224406715914	23.79746065284066	26.24665020230151	0.0
3.0	26.197923148186558	23.7314196429806	23.8041509381784	26.266506270654443	0.0
4.0	26.24333913120425	23.692644631070138	23.689326294773345	26.374689942952266	0.0
5.0	26.1977314581824	23.727056038845046	23.8274315483268	26.247780954645755	0.0
6.0	26.215025756306353	23.732023812486347	23.814974879651825	26.237975551555472	0.0
7.0	26.320882791266097	23.808654827177186	23.650223545708666	26.220238835848047	0.0
8.0	26.193102799965718	23.769986424576217	23.724919335440152	26.311991440017916	0.0
9.0	26.28352935321733	23.642375683581328	23.832589618963887	26.24150534423746	0.0
10.0	26.316109590555968	23.785905836167096	23.69218434657599	26.205800226700948	0.0
11.0	26.302009897431645	23.81852865555279	23.618368306101573	26.261093140913992	0.0
12.0	26.174283265599513	23.742500898509856	23.705454645987118	26.377761189903516	0.0
13.0	26.21768820325675	23.800558458433553	23.7596417019159	26.222111636393798	0.0
14.0	26.185894777584252	23.78148240303005	23.737248071659618	26.29537474772608	0.0
15.0	26.12756075308949	23.83649885267203	23.707113433413507	26.32882696082497	0.0
16.0	26.27989273174643	23.713195653976943	23.88156257775566	26.125349036520966	0.0
17.0	26.28597495230986	23.700201819136876	23.743053827651988	26.270769400901273	0.0
18.0	26.185618313013187	23.81908158469492	23.792264521301597	26.203035580990296	0.0
19.0	26.15824832047773	23.73227170938044	23.795858560725446	26.31362140941638	0.0
20.0	26.212711840977576	23.823505017831963	23.770976749329574	26.192806391860884	0.0
21.0	26.336844433385863	23.7342069613779	23.724530701390616	26.204417903845624	0.0
22.0	26.223217494678057	23.71789555168505	23.77705896989301	26.281827983743884	0.0
23.0	26.247473811965904	23.72805914113754	23.80325729657102	26.221209750325535	0.0
24.0	26.267306586455526	23.80761489804043	23.740987304817093	26.184091210686955	0.0
25.0	26.34803379484231	23.772227628610608	23.791856504622462	26.08788207192462	0.0
26.0	26.28942362984916	23.898571238996773	23.636484274782145	26.17552085637192	0.0
27.0	26.134327863051265	23.80733843499801	23.805956119785908	26.252377582164815	0.0
28.0	26.19017339762021	23.724675985314285	23.811485380634316	26.273665236431192	0.0
29.0	26.231366390940856	23.684312381120893	23.702835404963064	26.381485822975186	0.0
30.0	26.200678993232184	23.723017207059762	23.828349626221968	26.247954173486086	0.0
31.0	26.221690184456143	23.724399522271863	23.808997213252532	26.24491308001946	0.0
32.0	26.306840801521652	23.80236210023444	23.665512894236297	26.22528420400761	0.0
33.0	26.19183217587473	23.7774804264166	23.721634891847657	26.30905250586102	0.0
34.0	26.285276684212853	23.650860352988012	23.817014641482725	26.246848321316406	0.0
35.0	26.308223116733753	23.789091874198256	23.69951784845402	26.203167160613972	0.0
36.0	26.299099836333877	23.8247556066705	23.612431990091565	26.263712566904058	0.0
37.0	26.17552085637192	23.735458043968684	23.714999778829565	26.374021320829833	0.0
38.0	26.218649090989516	23.80789136108285	23.755086919980535	26.218372627947094	0.0
39.0	26.17441500420224	23.797109302428453	23.738499137435305	26.289976555934004	0.0
40.0	26.12326934135445	23.833602424027955	23.712788074490202	26.330340160127395	0.0
41.0	26.282512053788647	23.707258813641793	23.88115406732428	26.129075065245278	0.0
42.0	26.283064979873487	23.69481797673287	23.744581324368557	26.27753571902508	0.0
43.0	26.19625558455346	23.820885124076614	23.787986022028576	26.194873269341358	0.0
44.0	26.164738797717526	23.72909939399301	23.799873932852655	26.306287875436812	0.0
45.0	26.219202017074355	23.819226345822088	23.771674702525765	26.18989693457778	0.0
46.0	26.338357588357585	23.724399522271863	23.73020524616269	26.207037643207855	0.0
47.0	26.22141372141372	23.721634891847657	23.782180298137746	26.274771088600872	0.0
48.0	26.241246513119513	23.731798414765297	23.7937259650607	26.23322910705449	0.0
49.0	26.259696887596277	23.807206798741547	23.740026650889927	26.193069662772245	0.0
50.0	26.34374118778925	23.779284185848486	23.797530645758805	26.07944398060346	0.0
51.0	26.284301962323823	23.901756636458636	23.640776967438363	26.17316443377917	0.0
52.0	26.132524591251656	23.804995106631203	23.805824491172583	26.256655810944558	0.0
53.0	26.196663662451552	23.712656961024457	23.82102987443118	26.26964950209281	0.0
54.0	26.220992275665306	23.68390496359002	23.70159850047275	26.39350426027193	0.0
55.0	26.198045970020512	23.714868653134797	23.84093510342425	26.246150273420437	0.0
56.0	26.219609968096343	23.71542157616238	23.813288952044985	26.25167950369629	0.0
57.0	26.308354114023786	23.806100952686375	23.65708819675213	26.22845673653771	0.0
58.0	26.205233969379123	23.762696495020926	23.72343896006237	26.308630575537578	0.0
59.0	26.290384115627262	23.648241428310765	23.813288952044985	26.248085504016988	0.0
60.0	26.30448365283069	23.7939366460795	23.69883388533482	26.20274581575499	0.0
61.0	26.300336730123796	23.81909464383463	23.604560509131524	26.27600811691004	0.0
62.0	26.190581509148114	23.728415267310638	23.710445268914114	26.370557954627138	0.0
63.0	26.219886429610135	23.80250695300707	23.751361572955428	26.226245044427365	0.0
64.0	26.185328740386048	23.783154647041584	23.734220959100284	26.29729565347208	0.0
65.0	26.12395428432408	23.822412182000143	23.719568498869272	26.334065034806503	0.0
66.0	26.275455193882458	23.71127465345549	23.882127868979357	26.13114228368269	0.0
67.0	26.281813808699688	23.698004500793445	23.74942634235888	26.270755348147983	0.0
68.0	26.196940123965344	23.82628264319324	23.78978972337261	26.186987509468807	0.0
69.0	26.16680581896194	23.728415267310638	23.801677568465692	26.303101345261727	0.0
70.0	26.222098121720478	23.811353721448437	23.775966647682974	26.190581509148114	0.0
71.0	26.341529495678905	23.727032959741674	23.729244651852017	26.202192892727403	0.0
72.0	26.2248627368584	23.720950806438236	23.782601724014	26.271584732689362	0.0
73.0	26.248012938363075	23.727520285307495	23.793870865183916	26.230595911145514	0.0
74.0	26.263698592265754	23.809286843822225	23.737960167645337	26.189054396266688	0.0
75.0	26.349677647657277	23.77528226564487	23.780811465348506	26.094228621349348	0.0
76.0	26.29576795054684	23.895265899213747	23.62322927379491	26.185736876444505	0.0
77.0	26.130168419422972	23.807628083911133	23.80375764411859	26.2584458525473	0.0
78.0	26.191818996118503	23.716949208771524	23.824768602992403	26.266463192117573	0.0
79.0	26.217253314755222	23.67852127083126	23.71169646905307	26.39252894536045	0.0
80.0	26.198454035762865	23.71805504871225	23.845779561866216	26.23771135365867	0.0
81.0	26.21393579493304	23.725519468312157	23.823386303066492	26.237158433688307	0.0
82.0	26.312355549657738	23.796293224518685	23.661657211735175	26.229694014088402	0.0
83.0	26.195412975925862	23.766988466089416	23.728560528149156	26.309038029835563	0.0
84.0	26.28996229085802	23.653916332150086	23.817304183392494	26.238817193599402	0.0
85.0	26.302955910161565	23.78799942496323	23.706720189319796	26.20232447555541	0.0
86.0	26.299638390339382	23.81785710336286	23.610788574461733	26.271715931836027	0.0
87.0	26.192648376074047	23.723860708401066	23.71363168894934	26.369859226575542	0.0
88.0	26.23909365358458	23.7990578243705	23.743489367348968	26.218359154695946	0.0
89.0	26.188501476296324	23.786893585022504	23.72717822822325	26.297426710457927	0.0
90.0	26.119386480000884	23.819792323259133	23.717502128741884	26.3433190679981	0.0
91.0	26.280562651361844	23.710314169127162	23.882272279910204	26.12685089960079	0.0
92.0	26.28498601112475	23.694003030001436	23.74514812726006	26.27586283161375	0.0
93.0	26.192924836059227	23.827809662829402	23.790764024815047	26.188501476296324	0.0
94.0	26.179378296785323	23.721096108549247	23.809286843822225	26.290238750843205	0.0
95.0	26.2236118944144	23.812327903659224	23.771411825852326	26.192648376074047	0.0
96.0	26.33806632827965	23.732707427926883	23.729666368089884	26.199559875703592	0.0
97.0	26.229970474073582	23.717225668756704	23.774452885689325	26.278350971480386	0.0
98.0	26.25588512566454	23.723518662379707	23.789315956949768	26.231280255005984	0.0
99.0	26.267700252683028	23.803349570660018	23.740040584101425	26.188909592555525	0.0
100.0	26.348426122006646	23.775427266544657	23.784826854068637	26.09131975738006	0.0
101.0	26.296175473711564	23.898727738182785	23.623375115421403	26.181721672684244	0.0
102.0	26.135829568890685	23.803902487573193	23.80307311220343	26.257194831332697	0.0
103.0	26.192227094034582	23.71184182152948	23.829060207122676	26.266870877313263	0.0
104.0	26.209920435256194	23.679219723652125	23.71902974140076	26.39183009969092	0.0
105.0	26.193885844774105	23.722347242879813	23.8578118866078	26.225955025738283	0.0
106.0	26.21683189667089	23.723176618249575	23.818001868859167	26.24198961622037	0.0
107.0	26.31469819030294	23.793120607766273	23.668714302301794	26.223466899628995	0.0
108.0	26.19526813705704	23.77625664191442	23.730364538120856	26.298110682907677	0.0
109.0	26.28843463692711	23.652403253363115	23.818278327315753	26.24088378239402	0.0
110.0	26.306680895061902	23.783997478698875	23.706312652397724	26.203008973841502	0.0
111.0	26.314421731846355	23.803626029116604	23.6145284448106	26.267423794226442	0.0
112.0	26.203561890754678	23.718476824487585	23.718200366031	26.359760918726742	0.0
113.0	26.231484194870035	23.801967278377077	23.742805168667307	26.22374335808558	0.0
114.0	26.18255104805401	23.792567690853094	23.729258704294505	26.295622556798392	0.0
115.0	26.130576858215516	23.81772541040258	23.714882864551946	26.33681486682996	0.0
116.0	26.288987553840283	23.70050702480938	23.88601064917975	26.124494772170586	0.0
117.0	26.291199221492985	23.6933191049381	23.74667558705953	26.26880608650938	0.0
118.0	26.19526813705704	23.819384161142104	23.78980310628722	26.19554459551363	0.0
119.0	26.172875002073436	23.720964950596873	23.813025616640587	26.2931344306891	0.0
120.0	26.228719610304157	23.805008321399544	23.77293914043537	26.19333292786093	0.0
121.0	26.342344035961716	23.723729535162754	23.732852664230148	26.20107376464539	0.0
122.0	26.233695862522737	23.709630153876777	23.78925018937404	26.267423794226442	0.0
123.0	26.25367345189748	23.719924692508233	23.792080549158594	26.234321306435692	0.0
124.0	26.262869212310207	23.808181003881497	23.746253967200786	26.182695816607506	0.0
125.0	26.35023056762764	23.77389996571896	23.788552344933596	26.0873171217198	0.0
126.0	26.299638390339382	23.905494918665475	23.620188213957913	26.174678477037233	0.0
127.0	26.142332658770968	23.79878136438532	23.803204724148227	26.255681252695485	0.0
128.0	26.191818996118503	23.71501398887525	23.82725674285904	26.26591027214721	0.0
129.0	26.217602255919715	23.678310271899146	23.714526630081696	26.389560842099442	0.0
130.0	26.206543825940308	23.719502923572424	23.85330992632321	26.22064332416405	0.0
131.0	26.225896078404272	23.71977938432191	23.815158342894268	26.239166194379553	0.0
132.0	26.32016919397869	23.79082979693958	23.667528302669226	26.221472706412506	0.0
133.0	26.198250003455758	23.76622479023541	23.735261186293076	26.300264020015756	0.0
134.0	26.290864354533266	23.652046500698063	23.819858175635513	26.237230969133158	0.0
135.0	26.31076952849619	23.776453837966354	23.703744660851775	26.209031972685676	0.0
136.0	26.30302862751061	23.804099912914864	23.613065535020667	26.279805924553862	0.0
137.0	26.201291071700094	23.72254399181676	23.717291237576546	26.3588736989066	0.0
138.0	26.22617253915375	23.79580609043031	23.75378405650858	26.224237313907356	0.0
139.0	26.17917421174129	23.793870865183916	23.73222011804874	26.294734805026053	0.0
140.0	26.129134816084488	23.82234632238088	23.708720954342507	26.339797907192125	0.0
141.0	26.290311433034297	23.696556681365163	23.893673195748033	26.11945868985251	0.0
142.0	26.28975851153533	23.68494532988679	23.748807763017847	26.276488395560037	0.0
143.0	26.19493247446194	23.823175704629335	23.79663547267877	26.185256348229963	0.0
144.0	26.181938819236137	23.717291237576546	23.81571126439324	26.285058678794076	0.0
145.0	26.22976652889706	23.815987725142723	23.76898939773026	26.185256348229963	0.0
146.0	26.34532712218183	23.725585060061096	23.72945551055389	26.199632307203185	0.0
147.0	26.237579966492863	23.713486345565833	23.78978972337261	26.259143964568693	0.0
148.0	26.258940098918202	23.72765148059373	23.786261483551876	26.22714693693619	0.0
149.0	26.269241827752467	23.805956119785908	23.742093156986773	26.182708895474853	0.0
150.0	26.352733666563456	23.766145441677356	23.782456761180164	26.098664130579024	0.0
151.0	26.29550581678241	23.902165258548237	23.628743309594373	26.17358561507498	0.0
152.0	26.149256867341975	23.78439200247711	23.816738178440307	26.249612951740612	0.0
153.0	26.200402530189766	23.704770646260005	23.828349626221968	26.266477197328257	0.0
154.0	26.21125705328287	23.673595771209612	23.726123894490353	26.389023281017167	0.0
155.0	26.206280704761536	23.707877283245463	23.85937944933939	26.226462562653612	0.0
156.0	26.22314499697272	23.719765226935316	23.82648025633724	26.230609519754722	0.0
157.0	26.32405428643309	23.793304599528355	23.660049044679315	26.22259206935924	0.0
158.0	26.202686675273906	23.76538175504754	23.738288301986945	26.293643267691607	0.0
159.0	26.298896080019684	23.64235536104791	23.82509793730354	26.23365062162887	0.0
160.0	26.322671967399387	23.772293350216056	23.704559717564575	26.200474964819982	0.0
161.0	26.310231096096054	23.79966326708339	23.614985444180576	26.275120192639978	0.0
162.0	26.202133747660426	23.719212299321836	23.72750621352406	26.351147739493687	0.0
163.0	26.236691723503018	23.788051787200278	23.76538175504754	26.209874734249166	0.0
164.0	26.186651774482943	23.78971057004072	23.734417808692577	26.289219846783755	0.0
165.0	26.131359013134798	23.819568661168724	23.714512414607242	26.33455991108924	0.0
166.0	26.29281387627139	23.699583369043243	23.888131685240428	26.119471069444945	0.0
167.0	26.29391973149835	23.678295655924206	23.75653491323183	26.27124969934561	0.0
168.0	26.194669224878425	23.815145240260872	23.79911033946991	26.191075195390795	0.0
169.0	26.178910787894203	23.71036545750613	23.82150390781591	26.289219846783755	0.0
170.0	26.239179897763687	23.813762921227166	23.77035810356887	26.176699077440276	0.0
171.0	26.343130289098205	23.722529865002723	23.73635305533976	26.197986790559312	0.0
172.0	26.233446683807472	23.71623676425866	23.78673522988029	26.263581322053582	0.0
173.0	26.257018763702312	23.732060855549626	23.7923302986655	26.21859008208256	0.0
174.0	26.269255863845974	23.798478330587102	23.749267364835724	26.182998440731197	0.0
175.0	26.35440742256184	23.767514127417698	23.78576088999967	26.09231756002079	0.0
176.0	26.28958325269694	23.900073540389155	23.630794070322306	26.179549136591596	0.0
177.0	26.14333187727049	23.789486489027002	23.820174395779997	26.24700723792251	0.0
178.0	26.200560676350403	23.70378152422133	23.82736255411854	26.268295245309726	0.0
179.0	26.214456532256953	23.67011791376951	23.730940960174728	26.384484593798813	0.0
180.0	26.21086244315119	23.710482299111156	23.859222294411193	26.219432963326465	0.0
181.0	26.230491699036506	23.716841072144426	23.820793187818804	26.231874041000264	0.0
182.0	26.322279205429837	23.790934601401695	23.65988858323772	26.226897609930745	0.0
183.0	26.20146251779765	23.76467010409035	23.74282910106302	26.29103827704898	0.0
184.0	26.29435589776199	23.644129884850916	23.82576961888832	26.235744598498776	0.0
185.0	26.3112204697198	23.780152334084406	23.705229399648886	26.203397796546913	0.0
186.0	26.303479354722768	23.808075641752257	23.62339475539459	26.265050248130382	0.0
187.0	26.202568391368658	23.713799919824165	23.730111554996476	26.353520133810704	0.0
188.0	26.22855642028725	23.78734051229593	23.758587799449828	26.22551526796699	0.0
189.0	26.18004274224986	23.790513211115197	23.73826039596022	26.291183650674725	0.0
190.0	26.139401663795987	23.81207786498868	23.70757223467873	26.340948236536605	0.0
191.0	26.289248361224544	23.69291932884162	23.887554153545864	26.130278156387977	0.0
192.0	26.292842470203453	23.678542892925964	23.758719170147884	26.269895466722698	0.0
193.0	26.201883866044795	23.81180139506722	23.784707342764644	26.20160739612334	0.0
194.0	26.185019200836045	23.715313392479466	23.810142575538496	26.289524831145993	0.0
195.0	26.242801414420118	23.801019068130483	23.77834853457118	26.17783098287822	0.0
196.0	26.344818815436977	23.7144839827151	23.73881333580313	26.201883866044795	0.0
197.0	26.230432787211573	23.7123377808251	23.782561335021647	26.274668096941685	0.0
198.0	26.249581836931608	23.740603426587153	23.798385959673872	26.21142877680736	0.0
199.0	26.265966270389825	23.807022394249376	23.753386784628145	26.17362455073265	0.0
200.0	26.353680823004765	23.779164443363126	23.779717389320954	26.087437344311155	0.0
201.0	26.304264883963967	23.901984528529326	23.621087205348108	26.172663382158596	0.0
202.0	26.151098430182085	23.785589082604826	23.819871826772612	26.243440660440477	0.0
203.0	26.21302854867873	23.70347638084811	23.825401301638383	26.258093768834772	0.0
204.0	26.225818848373084	23.659029519183182	23.738654177391574	26.376497455052156	0.0
205.0	26.222224679773404	23.70603018548675	23.853391098073804	26.218354036666046	0.0
206.0	26.23936609924882	23.72400102848517	23.81053754938526	26.226095322880756	0.0
207.0	26.3311556357946	23.797266773017196	23.65377650353749	26.21780108765071	0.0
208.0	26.206959474030533	23.75903387946717	23.742721748218106	26.291284898284182	0.0
209.0	26.289626037479195	23.646507821528694	23.82760012607342	26.236266014918684	0.0
210.0	26.29874977190664	23.795805293977782	23.710926916122467	26.19451801799311	0.0
211.0	26.29653795749999	23.812946855629345	23.62715444547048	26.263360741400188	0.0
212.0	26.210553672441346	23.719221220147418	23.730556768981515	26.33966833842972	0.0
213.0	26.22299512847877	23.79386995637196	23.762628077877984	26.220506837271284	0.0
214.0	26.19071975404556	23.797529949432253	23.73145181134277	26.280298485179422	0.0
215.0	26.140677314739296	23.814948036041617	23.709610083689757	26.33476456552933	0.0
216.0	26.28278678326647	23.691362564384715	23.908120975523442	26.117729676825373	0.0
217.0	26.284998603788296	23.682791759862646	23.75578183708283	26.276427799266227	0.0
218.0	26.181595994393035	23.821583497607087	23.797529949432253	26.199290558567622	0.0
219.0	26.16362495265322	23.717904410646597	23.823242362998453	26.29522827370173	0.0
220.0	26.225002972133826	23.81163030525888	23.782600160909944	26.18076656169735	0.0
221.0	26.339188206572977	23.717904410646597	23.73946966073438	26.203437722046047	0.0
222.0	26.238069960076526	23.706357895668138	23.79234265618261	26.263229488072724	0.0
223.0	26.25003110389808	23.735453743665172	23.799873372574933	26.214641779861815	0.0
224.0	26.26641599159501	23.788327020376563	23.755702397080373	26.18955459094805	0.0
225.0	26.34335022629939	23.776780604331346	23.778163007445624	26.101706161923644	0.0
226.0	26.30969233151224	23.885780009289775	23.626993430802237	26.177534228395743	0.0
227.0	26.148227201344802	23.785417265709672	23.815000774147883	26.25135475879764	0.0
228.0	26.20379996018668	23.696666740395038	23.836013359580633	26.26351993983765	0.0
229.0	26.223094681836407	23.6589850284087	23.735018040560156	26.38290224919474	0.0
230.0	26.22420061655861	23.708752090907833	23.855564925280284	26.211482367253275	0.0
231.0	26.2236611820914	23.732792156624207	23.820161965931305	26.223384695353086	0.0
232.0	26.32291992114598	23.795554646221394	23.66367047204581	26.217854960586816	0.0
233.0	26.206038487060386	23.760506525105065	23.745299712452997	26.288155275381552	0.0
234.0	26.295343950453436	23.636363636363637	23.83045786330458	26.237834549878347	0.0
235.0	26.31193320061933	23.788155275381552	23.690278699402786	26.20963282459633	0.0
236.0	26.30280911302809	23.805021013050208	23.626686573766868	26.265483300154834	0.0
237.0	26.203550099535498	23.712397699623978	23.742258349922587	26.341793850917938	0.0
238.0	26.221245299712454	23.792302587923025	23.75912408759124	26.22732802477328	0.0
239.0	26.186480276709457	23.796515694856488	23.72462874537919	26.292375283054863	0.0
240.0	26.1373156778548	23.816646989047815	23.705217287917204	26.34082004518018	0.0
241.0	26.28786161052521	23.695824093173986	23.89629637822622	26.120017918074584	0.0
242.0	26.284541806889415	23.681583510080827	23.758734828981243	26.275139854048508	0.0
243.0	26.187006191873408	23.818109916123483	23.79819857689234	26.19668531511077	0.0
244.0	26.167640161069073	23.716480817735295	23.827105181645205	26.288773839550423	0.0
245.0	26.22983463920149	23.79768400848515	23.796024592544242	26.176456759769117	0.0
246.0	26.337624980984913	23.718936261426336	23.736637579344773	26.20680117824397	0.0
247.0	26.240177462583773	23.700769760552745	23.787343620778834	26.27170915608465	0.0
248.0	26.252593145797032	23.73606616325063	23.799131469034382	26.21220922191796	0.0
249.0	26.268708734292407	23.79477165040702	23.75660043869233	26.17991917660824	0.0
