# Position (bp)	A	C	G	T	N
0.0	26.234737527975298	23.707187172441145	23.769795178333663	26.288280121249898	0.0
1.0	26.02538315533018	24.013428142440297	23.80152412249639	26.15966457973314	0.0
2.0	26.164248142556488	23.692566543639654	23.83957579757477	26.302759751755474	8.497644736133968E-4
3.0	26.249454788514587	23.734684513728	23.79416213031829	26.21999920696511	0.0016993604740082816
4.0	26.27089121697977	23.78051370939648	23.727551057978527	26.22076079291037	2.832227348553723E-4
5.0	26.40065026650731	23.731045694250124	23.72113309505333	26.147170944189234	0.0
6.0	26.343574406380277	23.730061627696212	23.647929128149357	26.27843483777415	0.0
7.0	26.204441373138216	23.841581017817038	23.694875796187365	26.25881859814381	2.832147135707994E-4
8.0	26.23976889744824	23.731343283582092	23.778356792885667	26.250247812172532	2.832139114673313E-4
9.0	26.284084601180428	23.68419562040488	23.814756494058205	26.216396859741938	5.664246145480498E-4
10.0	26.21638307995559	23.801175884178807	23.669483653170808	26.312107755397967	8.496272968257925E-4
11.0	26.240739062464595	23.685060153612618	23.739719509708408	26.33334843781861	0.0011328363957677232
12.0	26.31578947368421	23.697238144867118	23.770022883295194	26.216666289054537	2.832090989419308E-4
13.0	26.2231800983302	23.68534336271156	23.856684867571428	26.234225253188935	5.664181978838616E-4
14.0	26.187495751863516	23.89718376872012	23.714797109001516	26.198824115821196	0.001699254593651585
15.0	26.36697564691855	23.760043274227762	23.69348932446325	26.178925337796695	5.664165937405302E-4
16.0	26.22622112337403	23.769105939727613	23.774770105665016	26.228769998045863	0.0011328331874810604
17.0	26.101892681047982	23.843589721804488	23.72407582052524	26.32987536002855	5.664165937405302E-4
18.0	26.20214841814006	23.744466817899898	23.768539523133867	26.28427882423243	5.664165937405302E-4
19.0	26.297023197591596	23.696604615728823	23.69065724149455	26.315148528591294	5.664165937405302E-4
20.0	26.13134634392249	23.667717369448056	23.911559713053354	26.288526948685487	8.496248906107954E-4
21.0	26.336955567450303	23.72549186200959	23.668283786041798	26.2684191596077	8.496248906107954E-4
22.0	26.261055743889074	23.723792612228365	23.852935595601206	26.16164963168761	5.664165937405302E-4
23.0	26.209795042155555	23.787797687321046	23.66176999521378	26.340070858715876	5.664165937405302E-4
24.0	26.283145991044954	23.746449275977987	23.706233697822412	26.262754993670296	0.0014160414843513256
25.0	26.242930412889375	23.699436698697525	23.763158565493335	26.294191114622894	2.832082968702651E-4
26.0	26.033922689799123	24.01351469992665	23.79091297858662	26.16164963168761	0.0
27.0	26.164690822377924	23.700785617590583	23.832193895179245	26.301480042367842	8.496224844094274E-4
28.0	26.25645005069414	23.735336931956567	23.791695223422394	26.21481854895808	0.0016992449688188547
29.0	26.27599136783556	23.78065013112507	23.725141462143654	26.217933831400913	2.8320749480314247E-4
30.0	26.399753043064532	23.74270032682145	23.710131464919087	26.147415165194932	0.0
31.0	26.347926071515555	23.730805612039717	23.64357770364035	26.277690612804378	0.0
32.0	26.19952534423871	23.846920684909005	23.696254297673732	26.257016465683748	2.8320749480314247E-4
33.0	26.24568816589162	23.734487309472158	23.78065013112507	26.238891186016346	2.8320749480314247E-4
34.0	26.292134195039335	23.679545055480347	23.81095333306901	26.216801001421704	5.664149896062849E-4
35.0	26.205472701629578	23.80387314569893	23.665384680740193	26.324419849446894	8.496224844094274E-4
36.0	26.239740808500756	23.695687882684126	23.732221649513733	26.331216829322173	0.0011328299792125699
37.0	26.31139230468595	23.7019184475698	23.77696843369263	26.20943760655682	2.8320749480314247E-4
38.0	26.2252972262658	23.678129018006334	23.847770307393414	26.24823703334485	5.664149896062849E-4
39.0	26.18423213951934	23.897331618983962	23.71579561481515	26.200941381712727	0.0016992449688188547
40.0	26.360312546906105	23.76642244809529	23.703267355614148	26.169431235998967	5.664133854811256E-4
41.0	26.22324050761968	23.77123696187188	23.778317129190395	26.226072574547082	0.0011328267709622513
42.0	26.102877663204936	23.846853148833613	23.719976550485843	26.329726224090127	5.664133854811256E-4
43.0	26.20624810605524	23.75367814692197	23.763590381167887	26.27591695246942	5.664133854811256E-4
44.0	26.303671208357997	23.696470394988374	23.687407780820678	26.311884202447473	5.664133854811256E-4
45.0	26.127799852166106	23.668999345792542	23.911990688163943	26.29036049379919	8.496200782216885E-4
46.0	26.338505631565084	23.73073840480998	23.667300105636098	26.262606237910614	8.496200782216885E-4
47.0	26.260623791061434	23.716861276865693	23.857048589772273	26.16489992891512	5.664133854811256E-4
48.0	26.20284962574236	23.78964539690002	23.666733692250617	26.34020487172153	5.664133854811256E-4
49.0	26.282147499709712	23.745181946139752	23.711480349703624	26.259774170983206	0.0014160334637028141
50.0	26.239100082413145	23.697320015066595	23.768121688251735	26.29517500757578	2.832066927405628E-4
51.0	26.033208816790758	24.0213084715618	23.78511408981617	26.16036862183127	0.0
52.0	26.173322005097706	23.695836873406968	23.83319173038799	26.296799773435286	8.496176720475786E-4
53.0	26.252902860379496	23.732370433305015	23.79241008212971	26.22061738884169	0.0016992353440951572
54.0	26.273293684508637	23.783913905409232	23.722458227131124	26.22005097706032	2.832058906825262E-4
55.0	26.38685924667233	23.743132257150947	23.71651090342679	26.15349759274993	0.0
56.0	26.344661568960635	23.73406966864911	23.64570943075616	26.275559331634096	0.0
57.0	26.20305862361937	23.844519966015294	23.69612007929765	26.256018125177004	2.832058906825262E-4
58.0	26.2463891248938	23.738034551118663	23.779665817048993	26.23562730104786	2.832058906825262E-4
59.0	26.29481733220051	23.67827810818465	23.80826961200793	26.218068535825545	5.664117813650524E-4
60.0	26.20843953554234	23.806003964882468	23.66723307844803	26.317473803455112	8.496176720475786E-4
61.0	26.25233644859813	23.693004814500142	23.727555933163412	26.32596998017559	0.0011328235627301047
62.0	26.307844803171903	23.698102520532426	23.78108184650241	26.212687623902575	2.832058906825262E-4
63.0	26.22458227131124	23.68734069668649	23.848484848484848	26.239025771736053	5.664117813650524E-4
64.0	26.191447182101385	23.88473520249221	23.72104219767771	26.201076182384593	0.0016992353440951572
65.0	26.368376186983326	23.76600462757115	23.700301047009212	26.164751728259056	5.664101772580649E-4
66.0	26.226207232491554	23.77478398531865	23.77110231916647	26.22677364266881	0.0011328203545161299
67.0	26.09508327645631	23.85323179486889	23.725506299897198	26.32561221860034	5.664101772580649E-4
68.0	26.206099671198892	23.754959629114616	23.76742065301429	26.270953636494944	5.664101772580649E-4
69.0	26.300123760623727	23.69492015032526	23.68812322819816	26.316266450675585	5.664101772580649E-4
70.0	26.132749553243972	23.66320118039881	23.91808576016494	26.285113890926393	8.496152658870976E-4
71.0	26.339206062854537	23.73032078640389	23.66858207708276	26.261041458392924	8.496152658870976E-4
72.0	26.26868799578591	23.71276207090889	23.85634705084381	26.161636472284133	5.664101772580649E-4
73.0	26.20638287628752	23.790643470281875	23.6660332312851	26.336374011968246	5.664101772580649E-4
74.0	26.281432224774214	23.743065015392197	23.71276207090889	26.261324663481556	0.0014160254431451623
75.0	26.248863639581877	23.702849892806874	23.7626061665076	26.28539709601502	2.8320508862903247E-4
76.0	26.03730943837599	24.01465869538744	23.792059495725017	26.155972370511556	0.0
77.0	26.164394424274008	23.698251496734652	23.839287231451536	26.297217234680065	8.496128597402451E-4
78.0	26.25360377454673	23.735068053990066	23.794257749885304	26.215371195858424	0.0016992257194804901
79.0	26.269463214595216	23.78491200842816	23.72685512967924	26.218486443010804	2.8320428658008167E-4
80.0	26.385576972093048	23.75007788117881	23.71835900108184	26.1459861456463	0.0
81.0	26.353574887709502	23.731386398264522	23.647557929436818	26.267480784589154	0.0
82.0	26.203759820108637	23.845234521469717	23.7061812167589	26.24454123737617	2.8320428658008167E-4
83.0	26.25020532310777	23.740448935435086	23.78038073984288	26.228681797327685	2.8320428658008167E-4
84.0	26.295234804674006	23.678427196674047	23.813232437086167	26.21253915299262	5.664085731601633E-4
85.0	26.209140701553657	23.810400394220366	23.660302122332926	26.319307169033312	8.496128597402451E-4
86.0	26.24000996879089	23.691171389570155	23.732519215410843	26.335166609081796	0.0011328171463203267
87.0	26.31845755617357	23.690604980996994	23.777831901263657	26.212822357279197	2.8320428658008167E-4
88.0	26.233213065912963	23.68409128240565	23.842119274317337	26.24000996879089	5.664085731601633E-4
89.0	26.189316401493052	23.881201465865388	23.725439108246345	26.202627002962313	0.0014160214329004084
90.0	26.371833794009696	23.76013865603335	23.707462957089128	26.15999818750283	5.664053649916172E-4
91.0	26.22032035887444	23.77373238479315	23.778546830395577	26.22655081788935	8.496080474874258E-4
92.0	26.09599438125878	23.851613122479495	23.724738320721375	26.32708777017536	5.664053649916172E-4
93.0	26.212107481082057	23.757873034573386	23.760421858715848	26.269031220263717	5.664053649916172E-4
94.0	26.30329874484571	23.693019620281845	23.69726766051928	26.30584756898817	5.664053649916172E-4
95.0	26.129412297793287	23.664982554714758	23.916466536771036	26.28828900267343	8.496080474874258E-4
96.0	26.341247904300147	23.734933617291222	23.668380986904708	26.25458788345643	8.496080474874258E-4
97.0	26.268464814898728	23.714543024151524	23.858409986859396	26.158015768725363	5.664053649916172E-4
98.0	26.203611400607187	23.790724545742897	23.661584122524808	26.343513525760116	5.664053649916172E-4
99.0	26.276960895373602	23.750226562145997	23.715109429516517	26.256287099551407	0.001416013412479043
100.0	26.248923829806515	23.702931714169196	23.764669898953283	26.283191354388507	2.832026824958086E-4
101.0	26.03878743939463	24.011339435407134	23.794689383297836	26.1551837419004	0.0
102.0	26.161130998232817	23.707746159771624	23.83518736689474	26.29508586705333	8.496080474874258E-4
103.0	26.254304680773938	23.737482441433684	23.799787031582763	26.20672663011464	0.0016992160949748517
104.0	26.269880828311205	23.78789251891794	23.725587928768864	26.216355521319496	2.832026824958086E-4
105.0	26.385710725451993	23.752208980923466	23.71567583488151	26.146404458743035	0.0
106.0	26.35484163305995	23.731251982418776	23.650256015224976	26.2636503692963	0.0
107.0	26.197947346957267	23.840851420544656	23.714543024151524	26.246375005664053	2.832026824958086E-4
108.0	26.248074221759026	23.736916036068695	23.783927681363	26.230798858126786	2.832026824958086E-4
109.0	26.29593547510082	23.680275499569532	23.806300693280168	26.21692192668449	5.664053649916172E-4
110.0	26.213240291812046	23.804884679867687	23.6621505278898	26.318874892382983	8.496080474874258E-4
111.0	26.245525397616564	23.691037201504372	23.728703158276314	26.33360143187276	0.0011328107299832344
112.0	26.31377724409806	23.689054782726902	23.781945262585527	26.21493950790702	2.832026824958086E-4
113.0	26.231931668856767	23.678009878109567	23.846798676877068	26.24269337079161	5.664053649916172E-4
114.0	26.18350401014998	23.87483574244415	23.734650414608726	26.20559381938466	0.001416013412479043
115.0	26.37240019937469	23.74937695409851	23.71284380805655	26.16481263310526	5.664053649916172E-4
116.0	26.222585980334408	23.7771308169831	23.776847614300603	26.222585980334408	8.496080474874258E-4
117.0	26.102224840273685	23.855294757351942	23.71425982146903	26.32765417554035	5.664053649916172E-4
118.0	26.210408264987084	23.7499433594635	23.769767547238207	26.269314422946216	5.664053649916172E-4
119.0	26.30726358240065	23.69415243101183	23.694435633694322	26.303581947528208	5.664053649916172E-4
120.0	26.135642756808192	23.669797000317185	23.91363450994608	26.280076124881052	8.496080474874258E-4
121.0	26.340964701617654	23.7298359690063	23.676877067379582	26.251472653948976	8.496080474874258E-4
122.0	26.271296841723686	23.713976618786532	23.86237482441434	26.15178530971045	5.664053649916172E-4
123.0	26.20134577914722	23.789591735012912	23.66441614934977	26.34407993112511	5.664053649916172E-4
124.0	26.283191354388507	23.743712900448593	23.720490280483936	26.251189451266484	0.001416013412479043
125.0	26.25741991028139	23.70406452489918	23.765236304318275	26.27299605781866	2.832026824958086E-4
126.0	26.04246907426707	24.00935701662966	23.79582219402782	26.152351715075444	0.0
127.0	26.167644659930218	23.708595767819112	23.83575377225973	26.28715619194345	8.496080474874258E-4
128.0	26.26166795051883	23.726154334133852	23.79865422085278	26.211824278399565	0.0016992160949748517
129.0	26.268181612216228	23.792990167202863	23.725021523403868	26.213523494494538	2.832026824958086E-4
130.0	26.386277130816982	23.743712900448593	23.724738320721375	26.14527164801305	0.0
131.0	26.35229280891749	23.732667995831257	23.651672028637456	26.263367166613804	0.0
132.0	26.200212968417237	23.841984231274637	23.71341021342154	26.24410938420409	2.832026824958086E-4
133.0	26.246091802981557	23.73181838778377	23.790724545742897	26.23108206080928	2.832026824958086E-4
134.0	26.304431555575697	23.674894648602113	23.80799990937514	26.212107481082057	5.664053649916172E-4
135.0	26.207009832797134	23.7972382074403	23.672345824459647	26.322556527255426	8.496080474874258E-4
136.0	26.248074221759026	23.682541121029498	23.737199238751188	26.3310526077303	0.0011328107299832344
137.0	26.3242557433504	23.68508994517196	23.787609316235443	26.2027617925597	2.832026824958086E-4
138.0	26.233914087634236	23.678009878109567	23.847931487607053	26.239578141284152	5.664053649916172E-4
139.0	26.178972767230054	23.869738094159228	23.7431464950836	26.20672663011464	0.001416013412479043
140.0	26.373533010104673	23.75079296751099	23.721339888531425	26.153767728487924	5.664053649916172E-4
141.0	26.22513480447687	23.774581992840634	23.777697222348092	26.22173637228692	8.496080474874258E-4
142.0	26.10760569124111	23.84708187955956	23.717941456341475	26.32680456749286	5.664053649916172E-4
143.0	26.215505913272008	23.740031265576146	23.776847614300603	26.267048801486247	5.664053649916172E-4
144.0	26.312078028003082	23.692170012234357	23.697550863201776	26.297634691195793	5.664053649916172E-4
145.0	26.13790837826816	23.662433730572296	23.919864968960987	26.27894331415107	8.496080474874258E-4
146.0	26.342663917712628	23.720490280483936	23.683390729076987	26.252605464678965	8.496080474874258E-4
147.0	26.273279260501152	23.717091848293986	23.86152521636685	26.147537269473016	5.664053649916172E-4
148.0	26.207009832797134	23.78930853233042	23.668664189587204	26.334451039920246	5.664053649916172E-4
149.0	26.29395305632335	23.739464860211157	23.723322307308894	26.24184376274412	0.001416013412479043
150.0	26.259119126376362	23.70378132221668	23.761837872128325	26.27497847659613	2.832026824958086E-4
151.0	26.03793783134714	24.007657800534687	23.794689383297836	26.159714984820337	0.0
152.0	26.171892700167653	23.70378132221668	23.842833839322125	26.280642530246045	8.496080474874258E-4
153.0	26.268181612216228	23.722472699261406	23.796105396710317	26.211541075717072	0.0016992160949748517
154.0	26.280359327563552	23.787609316235443	23.716525442928997	26.215222710589515	2.832026824958086E-4
155.0	26.390808373736917	23.74399610313109	23.728136752911325	26.137058770220673	0.0
156.0	26.3582400652499	23.727287144863837	23.650539217907472	26.263933571978793	0.0
157.0	26.200496171099736	23.841701028592144	23.708312565136616	26.249207032489014	2.832026824958086E-4
158.0	26.249207032489014	23.72700394218134	23.791007748425393	26.23249807422176	2.832026824958086E-4
159.0	26.297634691195793	23.681408310299513	23.809132720105126	26.211257873034572	5.664053649916172E-4
160.0	26.209558656939596	23.78930853233042	23.677443472744574	26.322839729937925	8.496080474874258E-4
161.0	26.247224613711538	23.67631066201459	23.744279305813585	26.3310526077303	0.0011328107299832344
162.0	26.325105351397887	23.684806742489464	23.783927681363	26.205877022067153	2.832026824958086E-4
163.0	26.23448049299923	23.676877067379582	23.84934750101953	26.238728533236667	5.664053649916172E-4
164.0	26.184070415514977	23.869738094159228	23.74059767094114	26.20417780597218	0.001416013412479043
165.0	26.370417780597215	23.75815623725588	23.72162309121392	26.14923648556799	5.664053649916172E-4
166.0	26.228816439349313	23.776564411618107	23.77571480357062	26.21805473741447	8.496080474874258E-4
167.0	26.105056867098646	23.845382663464587	23.72020707780144	26.328786986270337	5.664053649916172E-4
168.0	26.21975395350945	23.741730481671123	23.7771308169831	26.260818342471342	5.664053649916172E-4
169.0	26.31292763605057	23.686222755901944	23.696418052471792	26.303865150210704	5.664053649916172E-4
170.0	26.138191580950654	23.660451311794827	23.919298563595994	26.28120893561104	8.496080474874258E-4
171.0	26.349743984775024	23.72218949657891	23.67885948615705	26.248357424441526	8.496080474874258E-4
172.0	26.271863247088678	23.72020707780144	23.85586116271693	26.15150210702796	5.664053649916172E-4
173.0	26.20559381938466	23.788742126965428	23.66469935203226	26.34039829625266	5.664053649916172E-4
174.0	26.29070353608872	23.737900096855867	23.72628872110608	26.24369162451643	0.0014160214329004084
175.0	26.263232720290453	23.706464421045474	23.75857400977621	26.271445644601275	2.8320428658008167E-4
176.0	26.03950133389219	24.009493007686164	23.800488244190063	26.150517414231583	0.0
177.0	26.169208897145868	23.712128506777077	23.843535295750236	26.273994483180495	0.0011328171463203267
178.0	26.266347967442837	23.72373988252686	23.797089792751102	26.21112313155972	0.0016992257194804901
179.0	26.271445644601275	23.781513556989196	23.724023086813443	26.222734507309504	2.8320428658008167E-4
180.0	26.394639509263612	23.738466505429027	23.732236011124265	26.134657974183096	0.0
181.0	26.356690134861882	23.729970376831623	23.64472588657102	26.268613601735474	0.0
182.0	26.20092777724284	23.836455188585735	23.7061812167589	26.255869408839374	5.664085731601633E-4
183.0	26.24057637736405	23.71807579679526	23.794824158458464	26.24624046309565	2.8320428658008167E-4
184.0	26.300332481832445	23.677860788100887	23.803603491342447	26.217636830151058	5.664085731601633E-4
185.0	26.21310556156578	23.795673771318203	23.673046315229026	26.31732473902725	8.496128597402451E-4
186.0	26.24907250596145	23.67616156238141	23.75036108546539	26.32327202904543	0.0011328171463203267
187.0	26.325254459051493	23.68777293813119	23.78916007272686	26.197529325803874	2.8320428658008167E-4
188.0	26.229531410187423	23.674179132375347	23.84891617719526	26.24680687166881	5.664085731601633E-4
189.0	26.18761717577357	23.874687767274043	23.735068053990066	26.201210981529417	0.0014160214329004084
190.0	26.369151123471408	23.75545876262383	23.7231734739537	26.151650231377904	5.664085731601633E-4
191.0	26.23632831306535	23.772451019818636	23.775283062684437	26.21508799157184	8.496128597402451E-4
192.0	26.113134448403013	23.841269661457595	23.72373988252686	26.32128959903937	5.664085731601633E-4
193.0	26.222734507309504	23.739316118288766	23.77811510555024	26.259267860278335	5.664085731601633E-4
194.0	26.31959037331989	23.68720652955803	23.689472163850674	26.303164524698246	5.664085731601633E-4
195.0	26.146269349932883	23.659735713759762	23.914902775968415	26.2782425474792	8.496128597402451E-4
196.0	26.35329168342292	23.713261323923398	23.68069283096669	26.251904548827248	8.496128597402451E-4
197.0	26.27739293461946	23.716376571075777	23.860244348658462	26.14541973707314	5.664085731601633E-4
198.0	26.201285184692196	23.792059495725017	23.660369129512517	26.345719779893006	5.664101772580649E-4
199.0	26.297649391107335	23.73888416879071	23.71651090342679	26.24553950722175	0.0014160294534126309
200.0	26.258283772302466	23.708297932597	23.762956669498724	26.270178419711133	2.832058906825262E-4
201.0	26.056641178136502	24.00424808836024	23.795242141036532	26.143868592466724	0.0
202.0	26.174171622769755	23.70971396205041	23.843387142452563	26.271594449164542	0.0011328235627301047
203.0	26.267346360804307	23.723874256584537	23.79694137638063	26.21013877088643	0.0016992353440951572
204.0	26.274426508071368	23.78108184650241	23.72783913905409	26.21636930048145	2.832058906825262E-4
205.0	26.400736335315774	23.73661852166525	23.730104786179552	26.132540356839424	0.0
206.0	26.3613707165109	23.724723874256583	23.641744548286606	26.27216086094591	0.0
207.0	26.207873123760972	23.833474936278677	23.701500991220616	26.256584536958368	5.664117813650524E-4
208.0	26.24723874256584	23.719059756442935	23.7958085528179	26.237609742282643	2.832058906825262E-4
209.0	26.300481450014164	23.6839422259983	23.797790994052676	26.217218918153495	5.664117813650524E-4
210.0	26.218068535825545	23.794675729255168	23.677428490512604	26.30926083262532	5.664117813650524E-4
211.0	26.257434154630417	23.67148116680827	23.743981874822996	26.32596998017559	0.0011328235627301047
212.0	26.32427074483149	23.679694137638062	23.786745964316058	26.209005947323703	2.832058906825262E-4
213.0	26.24582271311243	23.67827810818465	23.843103936561878	26.232228830359674	5.664117813650524E-4
214.0	26.193146417445483	23.868026054941943	23.731520815632965	26.205890682526196	0.0014160294534126309
215.0	26.369866893231382	23.75446049277825	23.72982158028887	26.145284621920133	5.664117813650524E-4
216.0	26.244973095440383	23.772302463891247	23.773435287453978	26.20843953554234	8.496176720475786E-4
217.0	26.114981591617102	23.841404701217787	23.726989521382045	26.3160577740017	5.664117813650524E-4
218.0	26.22061738884169	23.738317757009344	23.77824978759558	26.26224865477202	5.664117813650524E-4
219.0	26.30926083262532	23.69243840271878	23.691022373265362	26.306711979609176	5.664117813650524E-4
220.0	26.13990370999717	23.656188048711414	23.915321438685925	26.287737184933448	8.496176720475786E-4
221.0	26.353724157462477	23.710280373831775	23.68592466723308	26.249221183800625	8.496176720475786E-4
222.0	26.278674596431607	23.722175021240442	23.863494760691022	26.135089209855565	5.664117813650524E-4
223.0	26.19945114542947	23.796725564218534	23.66220238516677	26.34105449179975	5.664133854811256E-4
224.0	26.2977983449354	23.732504857008536	23.71947731224759	26.248803448334456	0.0014160374740157123
225.0	26.262397408085008	23.704184107528224	23.76082560648885	26.272309670403114	2.8320749480314247E-4
226.0	26.052257446941073	23.99617103467026	23.797359373318454	26.154212145070204	0.0
227.0	26.174184924213247	23.711115390715275	23.84394045811904	26.269626390556677	0.0011328363957677232
228.0	26.269626390556677	23.73094002764121	23.794945284002083	26.20278904320638	0.001699254593651585
229.0	26.27019280875456	23.779651992659222	23.72584226386025	26.224029725627023	2.832090989419308E-4
230.0	26.401110182811994	23.74346847165777	23.72930797660686	26.126113368923377	0.0
231.0	26.36146079666945	23.72930797660686	23.643212166697346	26.26601906002634	0.0
232.0	26.205412141208456	23.837777368696813	23.70976649343661	26.246477576856087	5.664198020362792E-4
233.0	26.24279584814285	23.719395630071226	23.798411192455287	26.239114119429612	2.832099010181396E-4
234.0	26.30623486597091	23.67776377462156	23.79048131522678	26.22495362437871	5.664198020362792E-4
235.0	26.22410399467565	23.791614154830853	23.670966736997126	26.31246548379331	8.496297030544188E-4
236.0	26.251858564975432	23.669550687492034	23.74969908948017	26.327758818448295	0.0011328396040725583
237.0	26.330307707557456	23.677480564720543	23.77858649938402	26.213342018436965	2.832099010181396E-4
238.0	26.24449510754896	23.680879083532762	23.837210948894775	26.236848440221472	5.664198020362792E-4
239.0	26.186153867939222	23.876293915235276	23.72562624789363	26.210509919426784	0.001416049505090698
240.0	26.377694072332837	23.757398963437083	23.722846866238072	26.14149367016908	5.664278229346626E-4
241.0	26.243255873231657	23.771896285596952	23.773029157285073	26.210969030120225	8.496537660903182E-4
242.0	26.108665975609064	23.8451691108581	23.724517250950207	26.321364442254207	2.832203284222928E-4
243.0	26.218225589463994	23.740848261700773	23.78049989379027	26.25985980315797	5.664518869928486E-4
244.0	26.307456573890235	23.702598061013227	23.690419207468185	26.29895969932393	5.664583044203575E-4
245.0	26.140290255701455	23.66286381093727	23.910691424881325	26.285588045362367	5.664631175864139E-4
246.0	26.35890115305854	23.70921738736366	23.68712488776727	26.244473334636226	2.832371743126542E-4
247.0	26.278726556325722	23.719715489183546	23.860497922255238	26.140493503329775	5.665289057210922E-4
248.0	26.199811883095542	23.802171277041808	23.65881712997065	26.338916401300956	2.83308591049715E-4
249.0	26.301310872564603	23.738210787855092	23.717812511509447	26.241532590496103	0.0011332375747582664
