# Position (bp)	A	C	G	T	N
0.0	26.264818979902778	23.76231589639411	23.743452078647607	26.229413045055505	0.0
1.0	26.21780454182689	23.786983965754914	23.822099688021474	26.17311180439672	0.0
2.0	26.123320786694563	23.89481718376811	23.747972174902273	26.233889854635052	0.0
3.0	26.196045201019167	23.87534315745486	23.819335217676453	26.109276423849515	0.0
4.0	26.225983093490733	23.880081601620425	23.69348899161639	26.20044631327245	0.0
5.0	26.23392752988152	23.85008023539585	23.648983926804426	26.267008307918204	0.0
6.0	26.12426224370767	23.894308612815053	23.85223401600576	26.129195127471522	0.0
7.0	26.10006412507	23.838567312463184	23.726566058977657	26.334802503489158	0.0
8.0	26.160024140572407	23.84548873053086	23.70824725517049	26.286239873726235	0.0
9.0	26.200175246186074	23.820134742266248	23.88541684800585	26.094273163541832	0.0
10.0	26.224656771153693	23.774762960298027	23.840333306254134	26.16024696229415	0.0
11.0	26.11549051408743	23.803127058134034	23.861153744607144	26.220228683171392	0.0
12.0	26.16510333102194	23.83127000107349	23.745680638525656	26.25794602937891	0.0
13.0	26.235315621654397	23.74539050509329	23.912507362135845	26.106786511116464	0.0
14.0	26.26723029921461	23.7436497044991	23.81444226199629	26.174677734289997	0.0
15.0	26.109107578575387	23.825177198993817	23.795583588892534	26.270131633538263	0.0
16.0	26.31017004720471	23.77295318116802	23.760187310143934	26.156689461483335	0.0
17.0	26.265779632052784	23.812991594834465	23.72479103139534	26.196437741717414	0.0
18.0	26.022937949162824	23.94558257342552	23.82430679869672	26.20717267871494	0.0
19.0	26.22632148525107	23.69084541980857	23.81850413004941	26.264328964890954	0.0
20.0	26.19636173731395	23.76592102590884	23.83874430614791	26.1989729306293	0.0
21.0	26.149070125047146	23.88168392955581	23.657701569617316	26.311544375779732	0.0
22.0	26.216090753474337	23.7299445846752	23.90866626048104	26.145298401369427	0.0
23.0	26.144428003597643	23.794354019787043	23.75025386601677	26.310964110598544	0.0
24.0	26.26976528273421	23.735166971305887	23.77984739025735	26.215220355702556	0.0
25.0	26.271506078277774	23.7583775785534	23.74038935793658	26.229726985232247	0.0
26.0	26.254968520613918	23.764180230365277	23.812342240403865	26.168509008616937	0.0
27.0	26.139495749557547	23.874720747381552	23.74213015348014	26.243653349580757	0.0
28.0	26.20622624539414	23.85586212899295	23.812632372994457	26.125279252618444	0.0
29.0	26.249165868802045	23.870078625932052	23.70267212115937	26.178083384106536	0.0
30.0	26.253227725070357	23.84367656018801	23.639713349000495	26.263382365741144	0.0
31.0	26.137174688832797	23.894159630951346	23.848608814228104	26.120056865987756	0.0
32.0	26.101198247599157	23.835552847651375	23.73226564539995	26.330983259349523	0.0
33.0	26.165027417529814	23.832361389154844	23.71775901587025	26.284852177445096	0.0
34.0	26.21696115124612	23.832941654336032	23.87210955406621	26.07798764035164	0.0
35.0	26.237270432587696	23.764760495546465	23.83642324542316	26.161545826442683	0.0
36.0	26.123462664395902	23.79254419431864	23.855792915562958	26.228200225722503	0.0
37.0	26.180328487166022	23.832582375656784	23.74177113827389	26.2453179989033	0.0
38.0	26.24473773540565	23.735968503297347	23.897571887394065	26.121721873902935	0.0
39.0	26.245027867154473	23.754827066971114	23.823008027945487	26.177137037928922	0.0
40.0	26.11533897542874	23.824748818438454	23.79457511656043	26.265337089572377	0.0
41.0	26.300152899431634	23.77832773862611	23.76091983369648	26.160599528245776	0.0
42.0	26.257213400605217	23.829681058168514	23.72668428733488	26.18642125389139	0.0
43.0	26.020465893562267	23.940511386220482	23.829681058168514	26.209341662048736	0.0
44.0	26.225589039983056	23.695930321959203	23.817495524717774	26.26098511333997	0.0
45.0	26.207814966112707	23.767233775879674	23.83309349178349	26.191857766224118	0.0
46.0	26.15269009377031	23.87197103333024	23.67381162380466	26.301527249094793	0.0
47.0	26.197370253458363	23.728066103425867	23.913459753040573	26.161103890075204	0.0
48.0	26.146017082907807	23.797987652028596	23.742282517872063	26.31371274719153	0.0
49.0	26.266421409339895	23.752437099619346	23.767814037693807	26.213327453346952	0.0
50.0	26.289051620090987	23.757659455946524	23.737930554266086	26.215358369696407	0.0
51.0	26.2513346021725	23.748375266920434	23.82409943366447	26.176190697242596	0.0
52.0	26.148338130164326	23.862976975211215	23.74634435057098	26.242340544053476	0.0
53.0	26.212166929718688	23.869359855166653	23.804950793798163	26.1135224213165	0.0
54.0	26.2646806238975	23.87603286602915	23.68976882369325	26.169517686380097	0.0
55.0	26.25626682759261	23.858915142512302	23.63464395135085	26.25017407854424	0.0
56.0	26.146887475629004	23.88183548417046	23.849050691672083	26.122226348528454	0.0
57.0	26.1059790177328	23.820617862779685	23.72226348528456	26.35113963420295	0.0
58.0	26.179092006313248	23.816846160987836	23.73009701977532	26.273964812923587	0.0
59.0	26.211876798811623	23.838896109924796	23.869069724259585	26.08015736700399	0.0
60.0	26.235667533190977	23.768974561322068	23.833383622690558	26.161974282796397	0.0
61.0	26.112866398006222	23.7810910631236	23.864648521932384	26.24139401693779	0.0
62.0	26.190040995378226	23.817647451352443	23.752948446788697	26.239363106480635	0.0
63.0	26.251258439158278	23.750047146135614	23.884377366373343	26.11431704833277	0.0
64.0	26.24139401693779	23.75381883698462	23.832444084683164	26.17234306139442	0.0
65.0	26.105323016308212	23.832153954617855	23.79936925723802	26.263153771835913	0.0
66.0	26.298549639803525	23.75991156835609	23.769485860511267	26.172052931329116	0.0
67.0	26.265184682293075	23.816777061156515	23.720744009539477	26.197294247010934	0.0
68.0	26.036562190830146	23.919192974210336	23.83650590559748	26.207738929362034	0.0
69.0	26.237912456154096	23.695792823922964	23.818227711483058	26.248067008439886	0.0
70.0	26.203891213146335	23.762163667697592	23.84194920417554	26.19199591498053	0.0
71.0	26.16501389718981	23.863999025165807	23.66816179926539	26.30282527837899	0.0
72.0	26.198378757898766	23.735471779130425	23.919123577641482	26.147025885329327	0.0
73.0	26.139772654740423	23.804812663560348	23.745916431178447	26.30949825052078	0.0
74.0	26.26655912543447	23.74707694807267	23.764194572262486	26.222169354230374	0.0
75.0	26.28454713729495	23.75984263390914	23.745046043507777	26.210564185288128	0.0
76.0	26.272071580682038	23.75694134167358	23.81264615259637	26.15834092504802	0.0
77.0	26.157180408153792	23.870091738860488	23.75345979099091	26.21926806199481	0.0
78.0	26.21433586519436	23.8634187667187	23.815837574055486	26.106407794031462	0.0
79.0	26.2703308053407	23.870381868084046	23.687890586467212	26.171396740108044	0.0
80.0	26.254953956492223	23.843689979516878	23.648142882840016	26.253213181150887	0.0
81.0	26.161822475730688	23.88227716624985	23.846011013305326	26.109889344714137	0.0
82.0	26.1035065017959	23.82976377678618	23.72879880698863	26.337930914429286	0.0
83.0	26.167915189425372	23.832374939798186	23.72531725630596	26.274392614470486	0.0
84.0	26.207662893052564	23.839918299610645	23.887789621497415	26.064629185839372	0.0
85.0	26.243348787549976	23.760713021579814	23.842819591846208	26.153118599024005	0.0
86.0	26.114165518241823	23.767607166171032	23.890911728439836	26.227315587147316	0.0
87.0	26.19801262058461	23.83085515340538	23.736563429317474	26.234568796692535	0.0
88.0	26.24472329005585	23.744977152389932	23.89207224196707	26.118227315587145	0.0
89.0	26.261840864582574	23.752810618698774	23.81460796402408	26.170740552694564	0.0
90.0	26.097628200478713	23.83636759265975	23.812577065351416	26.253427141510116	0.0
91.0	26.299847682599548	23.753390875462394	23.777181402770726	26.169580039167332	0.0
92.0	26.27460651338217	23.802712700369913	23.73540291579024	26.187277870457677	0.0
93.0	26.036411111917023	23.91731341118445	23.827663741205484	26.21861173569304	0.0
94.0	26.23311815478349	23.689562631464423	23.824762457387394	26.252556756364694	0.0
95.0	26.21157260731818	23.746358899372165	23.86328029801901	26.178788195290647	0.0
96.0	26.138750594761458	23.861249405238542	23.69442606970024	26.305573930299758	0.0
97.0	26.197066230314846	23.739105710870497	23.916663765391267	26.14716429342339	0.0
98.0	26.12975664101939	23.80322389722522	23.76376655177616	26.303252909979225	0.0
99.0	26.257702886188767	23.75100094001323	23.769569102577492	26.221727071220506	0.0
100.0	26.285555130035164	23.7530318327937	23.733013032529097	26.22840000464204	0.0
101.0	26.254511483248034	23.755933108194363	23.81947103946895	26.170084369088652	0.0
102.0	26.162831180586988	23.860959277698477	23.75419234295396	26.22201719876058	0.0
103.0	26.223467836460905	23.839779967273614	23.827884738130884	26.108867458134593	0.0
104.0	26.27888219661363	23.854286344276947	23.69268530445984	26.174146154649584	0.0
105.0	26.268437605171236	23.84616277315508	23.643363622648515	26.24203599902517	0.0
106.0	26.135849319360794	23.903317898548202	23.838619457113346	26.12221332497766	0.0
107.0	26.08681776508953	23.824113080110017	23.7469391544523	26.342130000348153	0.0
108.0	26.170084369088652	23.830205758451413	23.731562394828767	26.268147477631164	0.0
109.0	26.212733117478443	23.81976116700902	23.894323944806136	26.073181770706405	0.0
110.0	26.238844596084437	23.75854425605496	23.857767874757744	26.144843273102857	0.0
111.0	26.113723863211064	23.767759380521476	23.898606521467926	26.21991023479954	0.0
112.0	26.20424339308976	23.837099661422144	23.737876330593572	26.220780614894522	0.0
113.0	26.243120370665867	23.752962918906686	23.89077310061304	26.113143609814404	0.0
114.0	26.27416392738709	23.74106772427519	23.817371045935758	26.167397302401955	0.0
115.0	26.104439808864534	23.817371045935758	23.822883453204014	26.255305691995694	0.0
116.0	26.279676334655345	23.752962918906686	23.797352303751047	26.17000844268692	0.0
117.0	26.275034307482077	23.810988258572518	23.730333036437013	26.18364439750839	0.0
118.0	26.01188939209753	23.928199444697498	23.846963969165337	26.212947194039636	0.0
119.0	26.23006466924106	23.698128972922476	23.819401932824064	26.252404425012404	0.0
120.0	26.21302324501851	23.731562394828767	23.86240991539881	26.193004444753914	0.0
121.0	26.139911104921726	23.865311190799478	23.678469054996576	26.31630864928222	0.0
122.0	26.19242418967378	23.74229711381123	23.91782427555153	26.147454420963456	0.0
123.0	26.141651870162125	23.787847137601688	23.773921015678493	26.296579976557695	0.0
124.0	26.261474544209634	23.7478095370725	23.774211143218558	26.21650477549931	0.0
125.0	26.282073599554362	23.76028502129536	23.741136603650965	26.21650477549931	0.0
126.0	26.27162900811197	23.74316749643143	23.824403207650082	26.160800287806516	0.0
127.0	26.162541053046915	23.85370608919681	23.761735658995693	26.22201719876058	0.0
128.0	26.224048091541043	23.834557671552414	23.84355162529448	26.097842611612066	0.0
129.0	26.280332834313963	23.85312583411668	23.70312989590224	26.163411435667115	0.0
130.0	26.28323410971463	23.823242697489817	23.650906938690248	26.242616254105304	0.0
131.0	26.139696815841006	23.899325451512293	23.86683107274969	26.094146659897007	0.0
132.0	26.10081961267861	23.825052585769203	23.750489591644303	26.323638209907884	0.0
133.0	26.156234133604116	23.837528106186987	23.733372017117574	26.272865743091316	0.0
134.0	26.193370566475664	23.835207079132516	23.90077609342134	26.07064626097048	0.0
135.0	26.250525857692033	23.749038949735258	23.86480017407703	26.135635018495684	0.0
136.0	26.095673012759885	23.769416898286497	23.904326987240115	26.2305831017135	0.0
137.0	26.191125527309865	23.82541183843284	23.74736707729623	26.236095556961068	0.0
138.0	26.25408356882155	23.73373100378909	23.893592205968538	26.11859322142082	0.0
139.0	26.273232097576262	23.736052037577537	23.836146619704415	26.154569245141783	0.0
140.0	26.105827535584346	23.79726930374789	23.819609253961715	26.277293906706046	0.0
141.0	26.281355715835836	23.743015138942887	23.796689045300777	26.178940099920506	0.0
142.0	26.283966878847835	23.8071336973488	23.7296691946593	26.179230229144064	0.0
143.0	26.041128718731322	23.908098667146348	23.841659074951984	26.209113539170346	0.0
144.0	26.245959950561982	23.681507743548977	23.836436748927973	26.236095556961068	0.0
145.0	26.20802905942734	23.730608431759958	23.872191903630398	26.189170605182305	0.0
146.0	26.159867468586167	23.841728246773027	23.688249442224947	26.310154842415855	0.0
147.0	26.203677108447714	23.724225570323178	23.914550893165405	26.1575464280637	0.0
148.0	26.134916282969655	23.79298639580124	23.783702233711374	26.288395087517735	0.0
149.0	26.262069445733914	23.723714139819887	23.79160477207316	26.22261164237304	0.0
150.0	26.286150311020336	23.756498932318262	23.742572648779127	26.214778107882275	0.0
151.0	26.280714072260213	23.744382324013337	23.82184750095018	26.153056102776272	0.0
152.0	26.157483970174372	23.84628775350335	23.758087445962804	26.238140830359473	0.0
153.0	26.209997969071864	23.837873908376128	23.842225897235036	26.109902225316972	0.0
154.0	26.271506078277774	23.857022659355327	23.725592595816288	26.145878666550615	0.0
155.0	26.27730873008965	23.824817941799402	23.652769315577217	26.245104012533726	0.0
156.0	26.130867586002804	23.892488155302622	23.85883267714822	26.117811581546352	0.0
157.0	26.093730506660012	23.824596932129086	23.74829183941695	26.333380721793954	0.0
158.0	26.175838268019465	23.821405464373065	23.729723299745554	26.27303296786192	0.0
159.0	26.20630227841784	23.819084396914143	23.9069948269209	26.067618497747112	0.0
160.0	26.24982229327268	23.750903040308238	23.864925479227896	26.13434918719119	0.0
161.0	26.095256884886325	23.75996611231678	23.893718012696276	26.251058990100617	0.0
162.0	26.1985446864809	23.81422122158135	23.745169264335534	26.242064827602213	0.0
163.0	26.273689463483702	23.71934731393689	23.891977207051422	26.114986015527986	0.0
164.0	26.274559866306124	23.714415031276477	23.840623440528276	26.17040166188912	0.0
165.0	26.1033806445623	23.78810913690856	23.833660217948864	26.27485000058027	0.0
166.0	26.291097519932226	23.737915907481984	23.80754813327608	26.16343843930971	0.0
167.0	26.287325774368377	23.80522705908294	23.71934731393689	26.188099852611792	0.0
168.0	26.03984123852519	23.906193786484383	23.838012232060997	26.215952742929428	0.0
169.0	26.2516392586489	23.673796232896585	23.837141829238572	26.237422679215943	0.0
170.0	26.200071373238515	23.744657887178057	23.870866662604776	26.18440407697865	0.0
171.0	26.153069484458914	23.836340583809882	23.713323294658323	26.297266637072887	0.0
172.0	26.200071373238515	23.740886130671054	23.90800395744298	26.151038538647448	0.0
173.0	26.142334485169744	23.789338695030278	23.778313560625183	26.2900132591748	0.0
174.0	26.244828326553822	23.72934957321001	23.80507505817226	26.220747042063913	0.0
175.0	26.271520834663125	23.770548879204796	23.735442428321914	26.22248785781017	0.0
176.0	26.27594911000537	23.730288831183906	23.830386027011734	26.16337603179899	0.0
177.0	26.15793932641645	23.84264094886614	23.751247591857577	26.248172132859825	0.0
178.0	26.219158368730128	23.819139799921082	23.839739572453173	26.12196225889562	0.0
179.0	26.284729475663255	23.834226957268527	23.73325905809716	26.147784508971057	0.0
180.0	26.280377411043798	23.81275677181255	23.659564097207717	26.24730171993594	0.0
181.0	26.125229572074755	23.902768791544204	23.86330995784288	26.108691678538165	0.0
182.0	26.100277662528327	23.816307523581003	23.754798165164235	26.328616648726438	0.0
183.0	26.162077159428193	23.813696277233124	23.748995395502273	26.27523116783641	0.0
184.0	26.211980978521048	23.800930183976813	23.90508989940899	26.081998938093154	0.0
185.0	26.25056939677308	23.767564258420546	23.859538157562604	26.12232818724377	0.0
186.0	26.090778791975904	23.75631778379978	23.897035356378133	26.255868067846176	0.0
187.0	26.197550063540515	23.804190772408912	23.740069981605167	26.258189182445413	0.0
188.0	26.278789074513583	23.704382844641998	23.888331176631016	26.128496904213407	0.0
189.0	26.269794755441563	23.712216606414398	23.8416187453215	26.17636989282253	0.0
190.0	26.122694117715326	23.77807823316757	23.823920246502368	26.275307402614732	0.0
191.0	26.29996924523156	23.73339677713238	23.799258403885545	26.16737557375052	0.0
192.0	26.305481892404732	23.809123140932275	23.719470089536994	26.165924877125995	0.0
193.0	26.052770540413505	23.912412740598036	23.842489163296214	26.19232755569224	0.0
194.0	26.256158207171083	23.65360846278383	23.844229999245638	26.24600333079945	0.0
195.0	26.196755652655796	23.750003626752083	23.864318852437613	26.18892186815451	0.0
196.0	26.15671630964919	23.84052735876702	23.697198116410036	26.305558215173754	0.0
197.0	26.220257006159674	23.747102225084937	23.89478356994264	26.137857198812746	0.0
198.0	26.16629093515077	23.791783810758975	23.769152877755243	26.272772376335006	0.0
199.0	26.250217605756397	23.72395984448442	23.80287819880462	26.222944350954563	0.0
200.0	26.272130633845727	23.77487248228679	23.732221506536916	26.22077537733057	0.0
201.0	26.28019323671498	23.72894633764199	23.84065224644935	26.150208179193683	0.0
202.0	26.17583055273466	23.82271870013057	23.75453358479617	26.246917162338608	0.0
203.0	26.230821011582833	23.82720921055686	23.854193263851815	26.0877765140085	0.0
204.0	26.281459816739495	23.823865647650052	23.744653934762045	26.150020600848407	0.0
205.0	26.29538715087365	23.809358007926974	23.66167023554604	26.233584605653338	0.0
206.0	26.141253412951954	23.892259526524548	23.88123362435912	26.08525343616438	0.0
207.0	26.111077259657094	23.808114483683116	23.753855438816398	26.32695281784339	0.0
208.0	26.166800623260862	23.817385728254784	23.758483514634154	26.257330133850203	0.0
209.0	26.222082945243834	23.793440634638767	23.89441644396858	26.090059976148815	0.0
210.0	26.250961161808874	23.752956025940488	23.862056958811493	26.134025853439148	0.0
211.0	26.10479523204327	23.758538043257484	23.896945745341437	26.239720979357813	0.0
212.0	26.205343670930155	23.787692379117438	23.754903781424826	26.252060168527592	0.0
213.0	26.270065113687803	23.716006824750167	23.879951716053252	26.13397634550878	0.0
214.0	26.267743770094132	23.721520015785135	23.84252005060529	26.168216163515446	0.0
215.0	26.133118993453735	23.77460652769395	23.829448906634475	26.262825572217835	0.0
216.0	26.290972189980966	23.730210316170666	23.823645480291564	26.155172013556804	0.0
217.0	26.30302186163391	23.81681958783827	23.72657578448271	26.153582766045112	0.0
218.0	26.04753061342928	23.91300562938889	23.855551041727118	26.183912715454703	0.0
219.0	26.258777784226105	23.67099994196506	23.826533573211073	26.24368870059776	0.0
220.0	26.20139922639205	23.746224090952616	23.85852201996988	26.193854662685457	0.0
221.0	26.152939913353592	23.850977456263294	23.697474602386983	26.298608027996135	0.0
222.0	26.206332210354045	23.747674968588502	23.913365194606218	26.13262762645124	0.0
223.0	26.15396222473064	23.78524564951816	23.778861750871258	26.28193037487994	0.0
224.0	26.24228108459467	23.73711579533847	23.800956449066764	26.219646671000092	0.0
225.0	26.28522843346643	23.773388894047727	23.725218218961835	26.216164453524005	0.0
226.0	26.26673282899071	23.730510407507683	23.84136131883566	26.161395444665953	0.0
227.0	26.147403976738516	23.818063632459285	23.768151269283003	26.266381121519196	0.0
228.0	26.224165849298608	23.821103766083773	23.87043603925688	26.084294345360735	0.0
229.0	26.276109831051475	23.84402876361716	23.7308547251612	26.149006680170167	0.0
230.0	26.293246043215575	23.818478342880688	23.661774009135282	26.226501604768455	0.0
231.0	26.129362704840727	23.896029274776044	23.885001900771048	26.089606119612185	0.0
232.0	26.116455549267982	23.804175916655783	23.741493637458465	26.33787489661777	0.0
233.0	26.171592739302657	23.80388572091876	23.76325831773531	26.26126322204327	0.0
234.0	26.221796601807917	23.78008967048274	23.909516969195725	26.088596758513617	0.0
235.0	26.266196549572683	23.74990931383218	23.851477821790798	26.132416314804335	0.0
236.0	26.10376268884542	23.769421406060466	23.897398097471225	26.229417807622884	0.0
237.0	26.1956168454288	23.79973998235595	23.756790639364812	26.24785253285044	0.0
238.0	26.286021068516206	23.718331930700252	23.87155750311965	26.12408949766389	0.0
239.0	26.268609071650367	23.728488928871993	23.83963550886561	26.16326649061203	0.0
240.0	26.141313653393546	23.77728313516996	23.836775678287545	26.244627533148957	0.0
241.0	26.304043092264696	23.722802506363134	23.834248018504596	26.13890638286757	0.0
242.0	26.309327900112322	23.81561876899233	23.718389653661184	26.156663677234164	0.0
243.0	26.04961527409725	23.92760012887084	23.85358646972261	26.1691981273093	0.0
244.0	26.270630511387054	23.679153822486168	23.833283988459105	26.21693167766767	0.0
245.0	26.211258733748043	23.73895853955187	23.865810152192907	26.18397257450718	0.0
246.0	26.133668525512437	23.85428429599482	23.714072555946807	26.297974622545933	0.0
247.0	26.196641739049653	23.758941427841513	23.920641924845558	26.123774908263275	0.0
248.0	26.1580848197696	23.8012704384987	23.78617382014121	26.25447092159049	0.0
249.0	26.250925401733223	23.720477870196984	23.824413186430345	26.20418354163945	0.0
