# Position (bp)	A	C	G	T	N
0.0	25.900388986347345	24.082068492105865	24.172984516817937	25.844558004728853	0.0
1.0	25.878727785828694	24.184577835405385	24.141865609030585	25.794828769735332	0.0
2.0	25.728153858826474	24.222575439088903	24.217999212889094	25.83127148919553	0.0
3.0	25.877916856064655	24.303142532024786	24.039866623143265	25.779073988767305	0.0
4.0	25.849435336754055	24.181070511217	24.1636821778735	25.805811974155446	0.0
5.0	25.75263487027744	24.237451001326967	24.10078855452008	25.909125573875507	0.0
6.0	25.799356975956755	24.194542226669025	24.086558113145387	25.91954268422883	0.0
7.0	25.822421097903568	24.234770911686386	24.00112248850822	25.941685501901823	0.0
8.0	25.913657742071262	24.113793166553812	24.011614784449364	25.96093430692556	0.0
9.0	25.858025162028213	24.139992375142967	24.18238658025162	25.8195958825772	0.0
10.0	25.87141301728949	24.14063381591829	24.173876975909383	25.814076190882833	0.0
11.0	25.836644941702474	24.171132127836724	24.21016996709232	25.78205296336848	0.0
12.0	25.87621382911238	24.133240618747863	24.073159127506955	25.9173864246328	0.0
13.0	25.907626994583516	24.103047382032887	24.209791148196945	25.77953447518665	0.0
14.0	26.009796027911968	24.0081979212414	24.0454057483043	25.936600302542335	0.0
15.0	25.8771287756795	24.190577270287413	24.0081979212414	25.92409603279168	0.0
16.0	26.071402430098082	23.990203972088032	24.088408236958962	25.849985360854927	0.0
17.0	25.844800663641244	24.071329234372712	24.131410725613627	25.95245937637242	0.0
18.0	25.824976821353633	24.203386522227103	24.07163421656175	25.900002439857513	0.0
19.0	25.869809203142534	24.08505343287952	23.99203386522227	26.053103498755675	0.0
20.0	25.983793295901968	24.023678744941122	24.16427510529478	25.828252853862132	0.0
21.0	25.810868922104735	24.13530188569912	24.068206008740763	25.985623183455374	0.0
22.0	25.72577915087118	24.10144896596104	24.2234414695217	25.94933041364608	0.0
23.0	25.780675777473473	24.250584801563942	24.120967766530747	25.847771654431835	0.0
24.0	25.959089813930937	24.03221822019037	24.142316454653862	25.866375511224838	0.0
25.0	25.90266828103413	24.077050465248913	24.169459786696105	25.85082146702085	0.0
26.0	25.906938018658753	24.16610499284819	24.113648216317106	25.81330877217595	0.0
27.0	25.766951620822898	24.200872856362977	24.19263836237263	25.839537160441488	0.0
28.0	25.8965686558561	24.281387908713008	24.030693313895863	25.791350121535032	0.0
29.0	25.874000042697375	24.15878544263455	24.166409974107093	25.800804540560986	0.0
30.0	25.769696452153013	24.232285926029846	24.088639753087175	25.909377868729965	0.0
31.0	25.800499559302082	24.203007725175286	24.09229952819399	25.904193187328637	0.0
32.0	25.822153228684098	24.230761019735336	24.019713988575404	25.927371763005162	0.0
33.0	25.91761236272031	24.10327885351445	24.01361436339737	25.965494420367868	0.0
34.0	25.881624574169916	24.15482068626883	24.174034505579634	25.789520233981623	0.0
35.0	25.888029180606853	24.12584746667317	24.15878544263455	25.827337910085426	0.0
36.0	25.84655172939623	24.16580001158929	24.19812802503286	25.789520233981623	0.0
37.0	25.883680502607582	24.122419103967793	24.07789197596755	25.916008417457075	0.0
38.0	25.907163987922775	24.0900911891183	24.19225959925585	25.810485223703072	0.0
39.0	25.99042361767666	24.005306657720578	24.061728018542805	25.942541706059956	0.0
40.0	25.858672115648538	24.178535484461253	24.0226905364604	25.94010186342981	0.0
41.0	26.059959132635946	24.000731952789046	24.083686602214158	25.855622312360854	0.0
42.0	25.839763335264877	24.07972185794016	24.129128671200707	25.951386135594255	0.0
43.0	25.81109518436061	24.212388300954586	24.076672054652477	25.899844460032327	0.0
44.0	25.855622312360854	24.094970874378603	24.00957638232334	26.039830430937204	0.0
45.0	25.978755135090626	24.020482416412772	24.14460903165991	25.85615341683669	0.0
46.0	25.800342186885278	24.131494917518324	24.09367747208676	25.97448542350964	0.0
47.0	25.738431368961027	24.10099697765416	24.225428572299943	25.93514308108487	0.0
48.0	25.774113958602097	24.265990832319275	24.10801150382292	25.851883705255712	0.0
49.0	25.95161196861152	24.041525994919045	24.13118993811968	25.875672098349757	0.0
50.0	25.905865058815277	24.07995339914789	24.16687252776075	25.84730901427609	0.0
51.0	25.894275841666897	24.14582894925448	24.136374587896587	25.823520621182038	0.0
52.0	25.74697079212299	24.197980426422195	24.2104845817665	25.844564199688314	0.0
53.0	25.901900326632937	24.28184976104864	24.030546736567945	25.78570317575048	0.0
54.0	25.8723173249647	24.172057177537656	24.148268784443612	25.80735671305403	0.0
55.0	25.771369144014322	24.218109066732545	24.085138048924794	25.92538374032834	0.0
56.0	25.813151321628226	24.164432692571616	24.099777060059594	25.922638925740564	0.0
57.0	25.83510983833042	24.220243922523032	23.99974381730514	25.944902421841405	0.0
58.0	25.915929378970446	24.089407760505775	24.023532210399186	25.971130650124586	0.0
59.0	25.87140238676877	24.156198248808295	24.179071703706416	25.79332766071652	0.0
60.0	25.900070450241085	24.123260473755	24.150708619632745	25.82596045637117	0.0
61.0	25.843649261492384	24.135459649700664	24.222378778313526	25.798512310493425	0.0
62.0	25.89084210654728	24.119527161382408	24.07927000353775	25.910360728532567	0.0
63.0	25.913715491686283	24.102143388676758	24.18570748905127	25.79843363058568	0.0
64.0	26.001854269088604	23.999365644785478	24.064631037048784	25.93414904907714	0.0
65.0	25.86888365681383	24.162529125443744	24.036268039476415	25.932319178266017	0.0
66.0	26.06833957522599	23.989301355324315	24.073475412635865	25.86888365681383	0.0
67.0	25.84174057311554	24.066155929391385	24.122271967599087	25.969831529893987	0.0
68.0	25.83228624059141	24.193026972295755	24.089639271467433	25.885047515645393	0.0
69.0	25.87040854915643	24.090249228404474	24.00760006343552	26.031742159003574	0.0
70.0	25.969142372664255	24.020335902260797	24.168554985925287	25.84196673914966	0.0
71.0	25.825192974537426	24.116708804396556	24.07858661209602	25.97951160897	0.0
72.0	25.737664421015396	24.097190241938684	24.222536010222846	25.942609326823078	0.0
73.0	25.75779293855008	24.26462291052264	24.12067351239581	25.85691063853147	0.0
74.0	25.94626905728393	24.041989307487505	24.13195768131677	25.879783953911794	0.0
75.0	25.90967175267542	24.083771230248892	24.161845480080395	25.8447115369953	0.0
76.0	25.926750494826056	24.15025633362103	24.124333242856665	25.79865992869625	0.0
77.0	25.759012848703694	24.208812020994657	24.209421976071464	25.822753154230192	0.0
78.0	25.89869256129286	24.2759070794436	24.05083365610123	25.77456670316231	0.0
79.0	25.87032965022126	24.18227897515348	24.145071715468156	25.802319659157103	0.0
80.0	25.77029701762465	24.210031931148272	24.11640382685815	25.903267224368925	0.0
81.0	25.81939840130774	24.170384851155713	24.094750421631446	25.915466325905097	0.0
82.0	25.81482373823168	24.232295291451784	24.006611913032604	25.94626905728393	0.0
83.0	25.919431033904356	24.089565803478575	24.03040016102814	25.960603001588932	0.0
84.0	25.845016514533704	24.176484401923798	24.20149256007295	25.77700652346955	0.0
85.0	25.892593010524774	24.12067351239581	24.163370367772412	25.823363109307003	0.0
86.0	25.842576694226473	24.135312434239218	24.23900479729668	25.783106074237633	0.0
87.0	25.89464888043087	24.141338359347838	24.072718622481656	25.891294137739635	0.0
88.0	25.91172757049534	24.09955656401154	24.20172372779008	25.78699213770304	0.0
89.0	26.025178868780763	23.995559540583237	24.047710540601535	25.931551050034464	0.0
90.0	25.851647178661395	24.185254990942195	24.0288019908873	25.934295839509108	0.0
91.0	26.08220949453177	23.98122563999341	24.091322195587598	25.84524266988722	0.0
92.0	25.839753090937922	24.06997383300701	24.141338359347838	25.948934716707228	0.0
93.0	25.823589330698336	24.186779873983667	24.079123131255834	25.910507664062166	0.0
94.0	25.8668960090761	24.085527640030012	24.03337664001171	26.014199710882174	0.0
95.0	25.967459095137162	24.024764025069	24.178166791198404	25.829610088595434	0.0
96.0	25.801857301880176	24.126320925906157	24.099483066225467	25.972338705988196	0.0
97.0	25.72988304182741	24.09612833376538	24.226047972674177	25.947940651733028	0.0
98.0	25.75062138794431	24.274844081184526	24.128455755653487	25.84607877521768	0.0
99.0	25.937266502996387	24.047637200933224	24.12754082861892	25.887555467451474	0.0
100.0	25.918358010948626	24.08209945256866	24.14126473413745	25.858277802345263	0.0
101.0	25.9073788865338	24.150414004483142	24.138824928711937	25.80338218027112	0.0
102.0	25.762820415071896	24.204089723844525	24.191890696716936	25.84119916436664	0.0
103.0	25.914393327132164	24.258680370240473	24.057396422635293	25.76952987999207	0.0
104.0	25.881455953887677	24.166272739749004	24.150718980161333	25.80155232620199	0.0
105.0	25.773494563808537	24.20012504002806	24.109242287927536	25.91713810823587	0.0
106.0	25.81497125604233	24.182741426371244	24.100093017581848	25.902194300004577	0.0
107.0	25.819545891215174	24.228182802421507	24.0159197304015	25.93635157596182	0.0
108.0	25.93116698943259	24.081184525534088	24.033303344058314	25.954345140975004	0.0
109.0	25.86041263209259	24.15437868829961	24.212324067155645	25.772884612452156	0.0
110.0	25.892130102624318	24.104667652754692	24.18670611018771	25.81649613443328	0.0
111.0	25.844248921148537	24.128455755653487	24.241601732261852	25.78569359093612	0.0
112.0	25.887781491692486	24.15430502354405	24.075926513284703	25.88198697147876	0.0
113.0	25.90242027960085	24.10154439212433	24.20828555395613	25.787749774318687	0.0
114.0	26.046673335447824	23.970710225193354	24.067692195086245	25.914924244272576	0.0
115.0	25.850879547173495	24.17168858418523	24.034754922292436	25.94267694634884	0.0
116.0	26.07930563349355	23.99144850806353	24.091785200185427	25.837460658257495	0.0
117.0	25.83776563300559	24.06098275062825	24.15491497304023	25.946336643325935	0.0
118.0	25.813977602654496	24.198221387269133	24.089040427452606	25.89876058262376	0.0
119.0	25.877717325005488	24.09483494766633	24.018591260643618	26.00885646668456	0.0
120.0	25.97874319523018	23.997011238353743	24.176641912807455	25.847603653608626	0.0
121.0	25.807346864087588	24.117476631238656	24.09582335808719	25.979353146586558	0.0
122.0	25.747266655484225	24.093383552661678	24.228182802421507	25.93116698943259	0.0
123.0	25.76129553668095	24.255325637780388	24.13455526921728	25.84882355632138	0.0
124.0	25.929947086719835	24.059836228060814	24.14126473413745	25.868951951081904	0.0
125.0	25.89639976211897	24.086369112063313	24.156818493725126	25.86041263209259	0.0
126.0	25.92537245154699	24.12601595022797	24.15285380990866	25.795757788316383	0.0
127.0	25.778069198981377	24.176336937129264	24.22391314292685	25.821680720962505	0.0
128.0	25.909513716281126	24.256850516171337	24.06044617941719	25.773189588130347	0.0
129.0	25.877186294393024	24.153768736943228	24.157733420759694	25.811311547904054	0.0
130.0	25.78477866390155	24.178166791198404	24.115036825813142	25.922017719086902	0.0
131.0	25.818099751749042	24.18342513129243	24.12303976285019	25.87543535410834	0.0
132.0	25.824504260523216	24.228866645928257	24.0184327862053	25.928196307343228	0.0
133.0	25.91638125852031	24.090480736093784	24.037109666873036	25.956028338512873	0.0
134.0	25.84806628991775	24.16794503084848	24.217656369608378	25.766332309625394	0.0
135.0	25.91211157298265	24.106034590552404	24.172824671462948	25.809029165001995	0.0
136.0	25.83098754776711	24.131347726239962	24.253033764063275	25.784630961929654	0.0
137.0	25.895416783575083	24.135995998682493	24.08292974515999	25.885657472582434	0.0
138.0	25.92164493186781	24.067375843265467	24.20156636941432	25.809412855452408	0.0
139.0	26.04089151305918	23.98045697973723	24.07744013272663	25.90121137447696	0.0
140.0	25.856684518073024	24.146060288143655	24.030168470106013	25.96708672367731	0.0
141.0	26.082673563246434	23.990521269198396	24.088419357593356	25.838385809961817	0.0
142.0	25.841130616178496	24.063716101643223	24.15185487904554	25.943298403132736	0.0
143.0	25.838464611715477	24.188526065064305	24.08971273990442	25.883296583315797	0.0
144.0	25.8723173249647	24.086357966519362	24.041525994919045	25.999798713596896	0.0
145.0	25.967855073347767	24.000426972460275	24.18433011070786	25.847387843484093	0.0
146.0	25.798895971209856	24.106865107200587	24.114489615419803	25.97974930616975	0.0
147.0	25.763213272743908	24.061423038214038	24.23739668791363	25.937967001128428	0.0
148.0	25.76595809570283	24.258440330598678	24.135533258104854	25.840068315593644	0.0
149.0	25.903888206069738	24.036792939073894	24.16976476795501	25.889554086901363	0.0
150.0	25.90449816858754	24.087114846792666	24.14353637968947	25.86485060493033	0.0
151.0	25.935301275736606	24.128287316744387	24.14597622976068	25.790435177758326	0.0
152.0	25.766341658305098	24.176474355650846	24.226491282110715	25.830692703933344	0.0
153.0	25.895958693338294	24.261869108143305	24.06942593377637	25.77274626474203	0.0
154.0	25.871255211367263	24.148721061090797	24.17708431816865	25.802939409373295	0.0
155.0	25.7861654401337	24.172814580544024	24.120357804012944	25.920662175309328	0.0
156.0	25.819182159761873	24.18203776899429	24.112196847704094	25.886583223539745	0.0
157.0	25.834126287024837	24.209181183818863	24.035951300444054	25.92074122871224	0.0
158.0	25.93027475929207	24.093971398683085	24.03632958915724	25.939424252867603	0.0
159.0	25.869583118574386	24.148258393897898	24.206205186542924	25.77595330098479	0.0
160.0	25.907096042234063	24.107085672808008	24.199190574801683	25.78662771015624	0.0
161.0	25.83633995858329	24.10861058840393	24.247072924513628	25.80797652849915	0.0
162.0	25.908699974991308	24.118138621350102	24.073305966097973	25.899855437560614	0.0
163.0	25.929133906296702	24.056836827433926	24.20017933062101	25.813849935648363	0.0
164.0	26.042587972649027	23.95893694759764	24.087945200466017	25.910529879287314	0.0
165.0	25.873931793367206	24.13521772811282	24.033048071585856	25.957802406934118	0.0
166.0	26.095655197233185	23.980285831051035	24.114783796807426	25.809275174908354	0.0
167.0	25.853192878012482	24.065376380815284	24.14223236124751	25.939198379924726	0.0
168.0	25.831617792823703	24.177379264071245	24.09411836467054	25.896884578434516	0.0
169.0	25.88438019427543	24.07917410067554	24.039526053341874	25.996919651707152	0.0
170.0	25.972600065876954	24.01733539910456	24.181722804406437	25.82834173061205	0.0
171.0	25.799673055104854	24.1066962706323	24.130790157494726	25.962840516768125	0.0
172.0	25.749960351831746	24.075282721938247	24.222895902209316	25.95186102402069	0.0
173.0	25.753010210928256	24.258579253638484	24.12957021385612	25.85884032157714	0.0
174.0	25.904667213609734	24.055532003794035	24.1607524635312	25.879048319065035	0.0
175.0	25.901312358371737	24.10463488500471	24.145503121540305	25.848549635083245	0.0
176.0	25.941570621227694	24.111649582320524	24.145808108380123	25.800971688071662	0.0
177.0	25.75827353049716	24.168682121366462	24.218089989416956	25.85495435871942	0.0
178.0	25.908022068847732	24.229374502490217	24.06895142474602	25.79365200391603	0.0
179.0	25.874168529627944	24.132083700588318	24.190946160673164	25.802801609110563	0.0
180.0	25.783587438202044	24.152822805695934	24.135438555826315	25.928151200275707	0.0
181.0	25.80928504766959	24.16601094296119	24.134292214882183	25.89041179448704	0.0
182.0	25.856863139788093	24.207794267449874	24.02968140977547	25.905661182986563	0.0
183.0	25.93196922054038	24.075503002613754	24.052628850101105	25.939898926744764	0.0
184.0	25.864566717803108	24.14626038105288	24.197193493981047	25.791979407162962	0.0
185.0	25.899335429622333	24.126436115541917	24.199938392282565	25.774290062553185	0.0
186.0	25.851757192396025	24.10661185003096	24.23806197980365	25.803568977769377	0.0
187.0	25.90734415029889	24.1094302793705	24.073136513358545	25.910089056972062	0.0
188.0	25.94211296815908	24.038977674759057	24.20550201293156	25.813407344150296	0.0
189.0	26.04428449432719	23.955715505672806	24.076796388922777	25.923203611077223	0.0
190.0	25.879895083567156	24.12955959497377	24.01915334878614	25.97139197267293	0.0
191.0	26.095827741856777	23.97614981090643	24.10912528974015	25.818897157496647	0.0
192.0	25.85854580944248	24.066121751860436	24.129254605343416	25.946077833353666	0.0
193.0	25.830870534556954	24.187581394355846	24.09913413179862	25.88241393928858	0.0
194.0	25.908643127495207	24.063145245654646	24.030206265116092	25.998005361734055	0.0
195.0	25.964535589457054	24.0220447849505	24.17606548777289	25.837354137819556	0.0
196.0	25.799840184458855	24.104697478940338	24.1117122832273	25.983750053373512	0.0
197.0	25.784285618431248	24.066878534088897	24.21388443262433	25.93495141485553	0.0
198.0	25.776965822653548	24.26817291797559	24.133366679069653	25.821494580301206	0.0
199.0	25.907581196607264	24.053837262144036	24.150214867160553	25.888366674088147	0.0
200.0	25.890670416108776	24.117107032948933	24.14943682118882	25.84278572975347	0.0
201.0	25.93855510246408	24.106127104867465	24.155536781234083	25.799781011434376	0.0
202.0	25.763347719335698	24.154758818416116	24.220639592515212	25.86125386973297	0.0
203.0	25.924242747733047	24.24091770038095	24.07529974410043	25.75953980778557	0.0
204.0	25.88505494706598	24.108387395878133	24.19073936820787	25.815818288848018	0.0
205.0	25.808960559264804	24.144220533827042	24.134765249695754	25.912053657212397	0.0
206.0	25.829779965716863	24.160154701120607	24.128738661249688	25.88132667191284	0.0
207.0	25.849773678367065	24.21488964532777	24.023339799665703	25.91199687663946	0.0
208.0	25.919554429020675	24.09279881896849	24.06168693514392	25.92595981686691	0.0
209.0	25.868626942610074	24.141896322957496	24.19985053912672	25.789626195305708	0.0
210.0	25.878850547365662	24.10269549753998	24.217079516719895	25.801374438374463	0.0
211.0	25.864977229815672	24.102537510561522	24.24956000012201	25.782925259500793	0.0
212.0	25.921486090775986	24.088884821864323	24.096205466081013	25.89342362127867	0.0
213.0	25.925767761929748	24.035493356434316	24.2252223672812	25.81351651435474	0.0
214.0	26.014226625507874	23.979977793774935	24.091618980221817	25.91417660049537	0.0
215.0	25.896653753469785	24.130189427447153	24.01946130616478	25.95369551291828	0.0
216.0	26.072964646310588	23.979196534789374	24.125308849098616	25.822529969801423	0.0
217.0	25.854106421660138	24.083360786754028	24.141318008223823	25.921214783362007	0.0
218.0	25.821546120362264	24.183792061056593	24.126444740671147	25.868217077909993	0.0
219.0	25.891557995881946	24.074429955006483	24.027758712727827	26.00625333638374	0.0
220.0	25.946544487285863	24.034237883742495	24.171506662111376	25.847710966860266	0.0
221.0	25.7995143735663	24.11324369173703	24.126055444384793	25.961186490311878	0.0
222.0	25.772227272449953	24.06548755712011	24.214350645785164	25.947934524644772	0.0
223.0	25.752408377921626	24.251252234498832	24.14570457637563	25.850634811203914	0.0
224.0	25.908526559511426	24.062340800034164	24.150806409791006	25.8783262306634	0.0
225.0	25.888245899288915	24.131430192581657	24.150038589544522	25.830285318584906	0.0
226.0	25.933100471316788	24.12257287106664	24.148197861533532	25.79612879608304	0.0
227.0	25.755713034963073	24.153836298020455	24.227661125737104	25.86278954127937	0.0
228.0	25.932208043392706	24.224748853711294	24.085028233937468	25.758014868958533	0.0
229.0	25.880515328364723	24.12939952591743	24.18644807209472	25.803637073623133	0.0
230.0	25.82088869228305	24.135332611315345	24.138078313528684	25.905700382872922	0.0
231.0	25.82250289828544	24.158581975715418	24.13081945207151	25.888095673927637	0.0
232.0	25.843258810895247	24.213792345992385	24.018537049692473	25.9244117934199	0.0
233.0	25.92740619155564	24.073051447818433	24.059932452428388	25.939609908197543	0.0
234.0	25.857855475721937	24.131008496941405	24.213079492929385	25.79805653440727	0.0
235.0	25.881958110231416	24.09958354308727	24.201485820633685	25.81697252604763	0.0
236.0	25.848702576541122	24.11941482464571	24.258843988833462	25.77303860997971	0.0
237.0	25.913010049975288	24.088515447184236	24.099193927300906	25.899280575539567	0.0
238.0	25.935440566268003	24.03984622894801	24.217110080546743	25.80760312423725	0.0
239.0	26.015243139671828	23.992689639180607	24.095510657383283	25.89655656376429	0.0
240.0	25.916422063696444	24.139414539485326	24.010654722312065	25.933508674506168	0.0
241.0	26.05883070914195	23.987550347857926	24.141035029903577	25.81258391309655	0.0
242.0	25.869776837890868	24.07422665311765	24.142887222725733	25.91310928626575	0.0
243.0	25.812505721871283	24.18535811285056	24.12798681680857	25.874149348469587	0.0
244.0	25.895859909544246	24.093458742530686	24.032422468673133	25.978258879251943	0.0
245.0	25.949776594965453	24.027028346802744	24.183594989867423	25.839600068364383	0.0
246.0	25.78777408800117	24.114860575279582	24.140193876056063	25.95717146066318	0.0
247.0	25.767223222734348	24.08809254906749	24.226671957510455	25.918012270687708	0.0
248.0	25.753732413927832	24.278776445881142	24.14629902656569	25.821192113625337	0.0
249.0	25.90811965811966	24.05952380952381	24.17979242979243	25.852564102564102	0.0
