# Position (bp)	A	C	G	T	N
0.0	26.187818611934826	23.782472039893822	23.78441564211064	26.243350103843888	0.001943602216817157
1.0	26.121180821643954	23.94184742167283	23.738046846366576	26.197258965559367	0.001665944757271849
2.0	26.207465239216383	23.822242459242148	23.790868908533604	26.17803518279952	0.001388210208342588
3.0	26.298532739210707	23.718818973056262	23.757686808534267	26.223850969613682	0.0011105095850858563
4.0	26.193358171248356	23.821911038806004	23.773604810634033	26.210015491307654	0.0011104880039533374
5.0	26.220747855536743	23.725952863448352	23.782583349526693	26.269605529800405	0.0011104016878105655
6.0	26.200912151940198	23.689302062196216	23.787567974195483	26.321107462379977	0.0011103492881273126
7.0	26.166452468918195	23.840348193938247	23.762348754645963	26.230017848270272	8.327342273197894E-4
8.0	26.324408644531662	23.7724620705352	23.662545729083977	26.24002842281153	5.551330376324686E-4
9.0	26.26038058442135	23.807898125943687	23.6746713740119	26.25677235988987	2.7755573319122477E-4
10.0	26.283156121375622	23.74529215687907	23.736410743180045	26.235140978565262	0.0
11.0	26.227369741578617	23.746402333591448	23.75750410071523	26.268723824114705	0.0
12.0	26.253181350141407	23.810237494553196	23.68423243769827	26.252348717607127	0.0
13.0	26.182130040549207	23.69450157228777	23.770548677085674	26.352542165899255	2.775441780945482E-4
14.0	26.254291526853784	23.663139080163084	23.760834630852365	26.321457217952666	2.775441780945482E-4
15.0	26.15076754842452	23.703382985986796	23.897386366474883	26.248185554935706	2.775441780945482E-4
16.0	26.206553928221528	23.831608396266475	23.720035636672467	26.24152449466144	2.775441780945482E-4
17.0	26.245337270749147	23.78602513433101	23.734957147297838	26.23340290421422	2.775434077889782E-4
18.0	26.29029930281096	23.778531462320707	23.722190150539543	26.208701540921	2.775434077889782E-4
19.0	26.359407611350417	23.812391758070962	23.684166703672453	26.143756383498378	2.775434077889782E-4
20.0	26.237010968515477	23.792963719525734	23.67639548825436	26.293352280296638	2.775434077889782E-4
21.0	26.177616679248633	23.76382166170789	23.749389404502864	26.30889471113282	2.775434077889782E-4
22.0	26.263932679071004	23.677783205293306	23.83737066477197	26.220635907455925	2.775434077889782E-4
23.0	26.30112349571473	23.654469559039036	23.78519250410764	26.259214441138596	0.0
24.0	26.340257116212978	23.654192015631246	23.779919179359652	26.225631688796124	0.0
25.0	26.19288156667703	23.793518806341314	23.78047426617523	26.23312536080643	0.0
26.0	26.13376482081798	23.948388027887564	23.72302278076291	26.19482437053155	0.0
27.0	26.206758737066476	23.81849771304232	23.791298459078998	26.183445090812203	0.0
28.0	26.29113193303433	23.716639282383763	23.75271992539633	26.239508859185577	0.0
29.0	26.19482437053155	23.824603668013676	23.772703050757137	26.207868910697634	0.0
30.0	26.222023624494874	23.72885119232648	23.782694613437542	26.266153026333317	2.775434077889782E-4
31.0	26.203355490487223	23.683823427374033	23.790954885444275	26.32158865405698	2.7754263748768404E-4
32.0	26.166164777063877	23.84313290129196	23.764588334882948	26.22583644412373	2.7754263748768404E-4
33.0	26.33213527428151	23.76819638917029	23.666893326487283	26.232219924785944	5.550852749753681E-4
34.0	26.25053773886013	23.81815406391807	23.670778923412108	26.259974188534713	5.550852749753681E-4
35.0	26.275239033596538	23.750156117733585	23.743495094433882	26.23055466896102	5.550852749753681E-4
36.0	26.235550436435794	23.73794424168413	23.750711203008564	26.275239033596538	5.550852749753681E-4
37.0	26.263027157547082	23.795950652919053	23.688819194848808	26.25164790941008	5.550852749753681E-4
38.0	26.183927505863085	23.694647590236052	23.7745798698325	26.346012406155893	8.326279124630521E-4
39.0	26.2602517311722	23.671611551324574	23.757649768945754	26.30965432064501	8.326279124630521E-4
40.0	26.15145501727703	23.70658192364802	23.893645661314718	26.247762312485257	5.550852749753681E-4
41.0	26.20751863004954	23.832031195792453	23.713798032222698	26.24609705666033	5.550852749753681E-4
42.0	26.23769795673677	23.787003269443197	23.73760081708326	26.237142873002394	5.550837343813314E-4
43.0	26.279606778682563	23.782562599568145	23.727331767997203	26.20994377001771	5.550837343813314E-4
44.0	26.348159619878658	23.80837399321688	23.697357246340612	26.14555405682947	5.550837343813314E-4
45.0	26.23242466126015	23.789778688115103	23.683202611113888	26.29403895577648	5.550837343813314E-4
46.0	26.16942265740787	23.775346511021187	23.740931319489544	26.313744428347015	5.550837343813314E-4
47.0	26.25684834557293	23.672378478293453	23.848895105826713	26.221322986572527	5.550837343813314E-4
48.0	26.295704206979625	23.66432976414492	23.78034226463062	26.259068680510456	5.550837343813314E-4
49.0	26.339278280128557	23.656836133730774	23.769795673677375	26.233534828728917	5.550837343813314E-4
50.0	26.20439293267389	23.774236343552424	23.779232097161856	26.241583542877443	5.550837343813314E-4
51.0	26.13722780081375	23.94686738494502	23.71817288637991	26.197176844126936	5.550837343813314E-4
52.0	26.216882316697475	23.814479914295074	23.779509639029047	26.188017962509647	0.0011101674687626628
53.0	26.299589793120294	23.71817288637991	23.74648215683336	26.234644996197677	0.0011101674687626628
54.0	26.206613267611417	23.8225286284436	23.764522378200752	26.205225558275462	0.0011101674687626628
55.0	26.229649242588245	23.71872797011429	23.789223604380723	26.26101147358079	0.0013877093359533285
56.0	26.199324464970154	23.675365729780438	23.793043154865156	26.330878944899766	0.0013877054844896159
57.0	26.158248382629257	23.83689464817503	23.76473396298157	26.238735300729655	0.0013877054844896159
58.0	26.333376814771846	23.766676750659855	23.673145401005254	26.225135786981657	0.001665246581387539
59.0	26.25427760215594	23.820242182361152	23.673145401005254	26.250669567896267	0.001665246581387539
60.0	26.27564826661708	23.751967072524263	23.747803956070797	26.222915458206476	0.001665246581387539
61.0	26.246506451442798	23.73920018206696	23.746416250586304	26.266211869322547	0.001665246581387539
62.0	26.276203348810874	23.793320695962056	23.68563475036566	26.243175958280023	0.001665246581387539
63.0	26.181284293671787	23.69090803120672	23.781386428795447	26.344755999744663	0.001665246581387539
64.0	26.265934328225654	23.668982284551785	23.75918314104361	26.304234999597565	0.001665246581387539
65.0	26.152975101788194	23.709225743601984	23.886019422325962	26.25011448570247	0.001665246581387539
66.0	26.223470540400267	23.821629887845646	23.706172791536105	26.247061533636597	0.001665246581387539
67.0	26.242825582557145	23.78048780487805	23.724424658902937	26.25059671170221	0.001665241959656738
68.0	26.290284978407364	23.785761071083627	23.710825182899075	26.211463525650274	0.001665241959656738
69.0	26.338854535564018	23.807409216559165	23.700001110161306	26.152069895755854	0.001665241959656738
70.0	26.231723969492766	23.787703853369894	23.69222998101624	26.286676954161443	0.001665241959656738
71.0	26.16011856522753	23.766888328874185	23.74857066731796	26.322479656294064	0.0019427822862661947
72.0	26.257535219867446	23.681960988931692	23.84626486228449	26.212296146630106	0.0019427822862661947
73.0	26.297501026899205	23.655594657903794	23.784928450103802	26.260033082806935	0.0019427822862661947
74.0	26.328585543479466	23.664475948355296	23.77937764357161	26.22561808230736	0.0019427822862661947
75.0	26.211185985323667	23.76966373214028	23.77993272422483	26.237274776024954	0.0019427822862661947
76.0	26.1329196132198	23.94479167823085	23.719706473350577	26.2003619125859	0.0022203226128756507
77.0	26.20396993683182	23.809629539172043	23.78520599043041	26.198419130299634	0.0027754032660945636
78.0	26.288064655794486	23.717486150737702	23.75578671580981	26.236164614718522	0.002497862939485107
79.0	26.206190259444696	23.82184131354286	23.762447683648432	26.206745340097914	0.0027754032660945636
80.0	26.228948566226673	23.709992561919247	23.794642361535132	26.263363566726245	0.0030529435927040198
81.0	26.209170462020097	23.678842327002656	23.788470451751138	26.320463824106533	0.0030529351195779176
82.0	26.163653974782758	23.824273054517096	23.77126299925897	26.238312115434255	0.002497856006927387
83.0	26.33683865792972	23.76127157523126	23.66385519096109	26.235259180314674	0.0027753955632526524
84.0	26.26051527994027	23.810396076700833	23.676622010552055	26.24969123724359	0.0027753955632526524
85.0	26.27522487642551	23.74905983475295	23.741566266732168	26.23137362652612	0.0027753955632526524
86.0	26.242197669222804	23.734627777824034	23.754888165435776	26.265510991954127	0.0027753955632526524
87.0	26.278000271988766	23.786805214413185	23.690498988368315	26.24192012966648	0.0027753955632526524
88.0	26.172535240585166	23.689943909255668	23.783474739737283	26.35127071485864	0.0027753955632526524
89.0	26.263845754616177	23.661912414066816	23.770152841033667	26.30131359472009	0.0027753955632526524
90.0	26.15727056498727	23.70076795195235	23.895600720492688	26.243585367004435	0.0027753955632526524
91.0	26.222769900280035	23.817334565608963	23.709094138642108	26.24802599990564	0.0027753955632526524
92.0	26.23934944908551	23.781743498653938	23.734561905026226	26.241569759373874	0.0027753878604534986
93.0	26.29485720629458	23.783131192584165	23.707918181565873	26.21131803169493	0.0027753878604534986
94.0	26.344814187782745	23.809219838472426	23.69848186284033	26.144431184258	0.003052926646498848
95.0	26.231578363076242	23.78285365379812	23.695984013765926	26.286531042713218	0.003052926646498848
96.0	26.162748744136994	23.778413033221394	23.74649607282618	26.309011684382895	0.003330465432544198
97.0	26.261275013183095	23.673225833310205	23.852238350309456	26.209930337764703	0.003330465432544198
98.0	26.300130443229442	23.65074519164053	23.790624739807388	26.255169159890094	0.003330465432544198
99.0	26.32732924426189	23.66267935944048	23.78340873137021	26.22325219949488	0.003330465432544198
100.0	26.21187310926702	23.77313979628653	23.78340873137021	26.228247897643698	0.003330465432544198
101.0	26.13721517582082	23.950209541783465	23.721240043296053	26.187727234881073	0.0036080042185895477
102.0	26.2068774111182	23.801448752463156	23.786184119230665	26.201326635397297	0.004163081790680248
103.0	26.294302128722492	23.712081263356556	23.758152701840082	26.231578363076242	0.0038855430046348975
104.0	26.2129832644112	23.819488773556106	23.762870861202853	26.200494019039162	0.004163081790680248
105.0	26.232966057006468	23.706530487635646	23.790069662235297	26.265993172545866	0.004440620576725597
106.0	26.2118003613545	23.675102897219347	23.79610947209494	26.3125466610789	0.004440608252315361
107.0	26.16378628462634	23.823030659624603	23.774183968849133	26.235113554679153	0.0038855322207759406
108.0	26.34474107090819	23.758919377981798	23.66150353444663	26.230672946426836	0.004163070236545651
109.0	26.26203474220881	23.812761753041123	23.678710891424355	26.242329543089166	0.004163070236545651
110.0	26.273136262839603	23.74892800941409	23.745320015209085	26.22845264230068	0.004163070236545651
111.0	26.247325227373018	23.733385880530985	23.759751992029106	26.25537382983034	0.004163070236545651
112.0	26.278131947123455	23.79805223820533	23.682318885629357	26.23733385880531	0.004163070236545651
113.0	26.177108109383283	23.685926879834366	23.783342723369532	26.349181679160505	0.004440608252315361
114.0	26.262589818240357	23.657618002225856	23.774461506864903	26.30089006441657	0.004440608252315361
115.0	26.15268476399555	23.70230162276478	23.893247777614338	26.247325227373018	0.004440608252315361
116.0	26.221791729922206	23.821365431529983	23.704799464906706	26.247602765388788	0.004440608252315361
117.0	26.236574061225053	23.78146595986789	23.739002525602952	26.23851683272737	0.004440620576725597
118.0	26.299020288085263	23.781188421081847	23.710138491854238	26.205212178401933	0.004440620576725597
119.0	26.35397296772224	23.800338597318976	23.695151397407788	26.146096416974274	0.004440620576725597
120.0	26.232410979434377	23.77674780050512	23.70458771613333	26.281812883350447	0.004440620576725597
121.0	26.157197968416085	23.772307179928394	23.760928089700535	26.304848602592212	0.0047181593627709465
122.0	26.25905470289473	23.67544614359857	23.854736199383865	26.206044794760068	0.0047181593627709465
123.0	26.304015986234074	23.641586411701034	23.794787821598067	26.254891621104047	0.0047181593627709465
124.0	26.330104632122335	23.651855346784714	23.787849351946935	26.225472509783245	0.0047181593627709465
125.0	26.213815880769335	23.773694873858624	23.78451888651439	26.22325219949488	0.0047181593627709465
126.0	26.135827481890594	23.945491382420695	23.71707696150537	26.19688601482057	0.0047181593627709465
127.0	26.212705725625156	23.799228442174794	23.787016735588796	26.19605339846244	0.004995698148816297
128.0	26.299852904443394	23.704310177347285	23.760928089700535	26.230190669146015	0.0047181593627709465
129.0	26.214370958341426	23.81671338569565	23.7631483999889	26.20104909661125	0.0047181593627709465
130.0	26.23324359579251	23.707363103993785	23.791457356165523	26.26294024589936	0.004995698148816297
131.0	26.206117526900524	23.682450341234883	23.78874799130746	26.317688428543278	0.004995712013854774
132.0	26.161711197888476	23.82926876653095	23.765157129019816	26.239422273659553	0.004440632901204244
133.0	26.332953104141165	23.766822366357765	23.66635304696802	26.229430849631846	0.004440632901204244
134.0	26.265788531510452	23.814559170045708	23.6738466149888	26.241365050553828	0.004440632901204244
135.0	26.270784243524307	23.75766356099903	23.744619201851744	26.222492360723713	0.004440632901204244
136.0	26.248581079018287	23.73712563383096	23.762104193900235	26.24802599990564	0.004163093344878978
137.0	26.2893793937981	23.803180048236374	23.67800970833368	26.225267756286964	0.004163093344878978
138.0	26.175865715261065	23.685503276354464	23.785139977075232	26.349327937964357	0.004163093344878978
139.0	26.264123294172503	23.665242888742718	23.767932524583067	26.298538199156834	0.004163093344878978
140.0	26.157415759338566	23.698401640822965	23.88740712781045	26.252889896671448	0.0038855753565709243
141.0	26.223470540400267	23.816079065907683	23.713111318958553	26.24345349937692	0.0038855753565709243
142.0	26.232979744994534	23.785893101974434	23.73898852641921	26.238253040471154	0.0038855861406693203
143.0	26.30736096540163	23.780064722763427	23.703740709285995	26.204948016408274	0.0038855861406693203
144.0	26.35149012228495	23.798660027865203	23.699855123145326	26.146386682431043	0.003608044273478654
145.0	26.237975498603966	23.778954555294664	23.69624707887185	26.28321482295604	0.003608044273478654
146.0	26.156933273384293	23.769240589942996	23.76368975259918	26.30652833980006	0.003608044273478654
147.0	26.266912754471903	23.66828103967472	23.85534477734142	26.2061309168621	0.0033305116498522085
148.0	26.30084595230694	23.6478085172521	23.79435143656468	26.253663572982816	0.003330520893467738
149.0	26.34136728984413	23.64142501887295	23.78602513433101	26.22785203605844	0.003330520893467738
150.0	26.216195212931304	23.76937252986367	23.784082330476487	26.227019405835073	0.003330520893467738
151.0	26.13237710377903	23.94033926906168	23.73745503796794	26.18649806829788	0.003330520893467738
152.0	26.21452995248457	23.79740441405036	23.78824548159332	26.196212087570498	0.0036080643012567164
153.0	26.29501754074337	23.70442737244105	23.759936053998846	26.23728851192326	0.003330520893467738
154.0	26.220913450863716	23.812114214663175	23.76409920511568	26.199542608463965	0.003330520893467738
155.0	26.24728007460367	23.711643501043564	23.790743372263425	26.24700253119588	0.003330520893467738
156.0	26.21182726760532	23.68034681920495	23.789976769552293	26.314518613500304	0.003330530137134579
157.0	26.14993491589024	23.829665587019814	23.775266928113282	26.24235712719572	0.0027754417809454823
158.0	26.339775133706905	23.756671468180947	23.660086094204043	26.240691862127154	0.0027754417809454823
159.0	26.270389089183272	23.8049641551694	23.67396330310877	26.247908010757616	0.0027754417809454823
160.0	26.269278912470895	23.754451114756193	23.75001040790668	26.223484123085296	0.0027754417809454823
161.0	26.253458894319504	23.742516715098123	23.754451114756193	26.246797834045232	0.0027754417809454823
162.0	26.287596828225134	23.793307299689427	23.6878405120135	26.228479918290994	0.0027754417809454823
163.0	26.178521966233976	23.685342614410647	23.794417476401804	26.338942501172625	0.0027754417809454823
164.0	26.270111545005175	23.65786574077929	23.768883412017107	26.30036386041748	0.0027754417809454823
165.0	26.165622632188086	23.696298372749453	23.882809095728295	26.252771987865703	0.0024979114684666433
166.0	26.22807041889975	23.81425530320482	23.720999941715398	26.23417642471156	0.0024979114684666433
167.0	26.240910352484043	23.773244518456842	23.743547044129894	26.239800166527893	0.002497918401332223
168.0	26.314182625589787	23.77074660005551	23.71135165140161	26.20122120455176	0.002497918401332223
169.0	26.349708576186508	23.7985012489592	23.70691090757702	26.142658895364974	0.0022203719122953092
170.0	26.23286150430197	23.778517901748543	23.699694698862057	26.28670552317513	0.0022203719122953092
171.0	26.16985845129059	23.768803774632254	23.75908964751596	26.3000277546489	0.0022203719122953092
172.0	26.276231685350222	23.657295746033157	23.86184807618117	26.20268166161993	0.001942830815517112
173.0	26.30850018595718	23.655696118213257	23.785866144136243	26.24799471548551	0.0019428362078057607
174.0	26.341805949519564	23.647924773382034	23.784478403987812	26.223848036902787	0.0019428362078057607
175.0	26.222460296754353	23.76754797417693	23.7847559520175	26.22329294084341	0.0019428362078057607
176.0	26.13364492725466	23.937962464404468	23.7331320184958	26.193317753637267	0.0019428362078057607
177.0	26.21718688419031	23.795302777145587	23.788086528373736	26.19720342605288	0.002220384237492298
178.0	26.302116581274387	23.70204663917091	23.76033172540508	26.233562217941813	0.0019428362078057607
179.0	26.223015392813725	23.805016958184613	23.762552109642574	26.20747270315128	0.0019428362078057607
180.0	26.241056014743354	23.71786687686304	23.790584460640915	26.248272263515197	0.002220384237492298
181.0	26.21531680807778	23.683516654315746	23.790095393522567	26.308850753683764	0.0022203904001421053
182.0	26.154533620873888	23.82284615192466	23.78232402712207	26.23863090727927	0.001665292800106579
183.0	26.336605633685544	23.756511988720415	23.668251470314768	26.236965614479168	0.001665292800106579
184.0	26.27415715368155	23.802307540723348	23.679353422315476	26.24251659047952	0.001665292800106579
185.0	26.27110411688135	23.750405915120027	23.749573268719974	26.227251406478548	0.001665292800106579
186.0	26.25528383528034	23.736806023919154	23.759287476720594	26.246957371279805	0.001665292800106579
187.0	26.28137342248201	23.792593332722724	23.702112423916937	26.222255528078225	0.001665292800106579
188.0	26.173684488075118	23.6890676303161	23.797589211123046	26.33799337768563	0.001665292800106579
189.0	26.264442945680926	23.660202555114253	23.772332270321428	26.301356936083288	0.001665292800106579
190.0	26.15467880486823	23.704464397230048	23.889590474472307	26.249878571725947	0.001387751703465216
191.0	26.21851538322763	23.816594734870037	23.723615370737868	26.239886759460994	0.001387751703465216
192.0	26.24412285522379	23.772807762549473	23.7453302025568	26.23635142411475	0.0013877555551854875
193.0	26.306016752985062	23.768922046994952	23.71951794923035	26.20415549523445	0.0013877555551854875
194.0	26.351812686306182	23.78529756254614	23.717297540342052	26.144204455250435	0.0013877555551854875
195.0	26.23718407744786	23.776693478103994	23.70036692256879	26.284367766324166	0.0013877555551854875
196.0	26.172792219687256	23.766979189217693	23.75421183810999	26.304628997429873	0.0013877555551854875
197.0	26.276260023147955	23.652269970662605	23.860157483811697	26.209924755267274	0.0013877671104745887
198.0	26.31824363707014	23.638180354714258	23.794165810874574	26.248299980571204	0.0011102167698243083
199.0	26.332676455077852	23.648172305642674	23.790280052180186	26.227760970329456	0.0011102167698243083
200.0	26.222487440672793	23.76335729551195	23.78306364317633	26.229981403869107	0.0011102167698243083
201.0	26.14838047128702	23.928502040023314	23.72588747953038	26.196119792389467	0.0011102167698243083
202.0	26.22276499486525	23.796941352799134	23.784451414138612	26.194732021427185	0.0011102167698243083
203.0	26.295761747481194	23.70257292736407	23.765300174859142	26.235532487718228	8.326625773682311E-4
204.0	26.22609564517472	23.800272003108606	23.77667989674984	26.196119792389467	8.326625773682311E-4
205.0	26.25163063088068	23.713952649254765	23.78306364317633	26.250242859918398	0.0011102167698243083
206.0	26.20618447968159	23.693756956221257	23.78784808861775	26.311100255628123	0.001110219851286051
207.0	26.149008157340358	23.84197130636794	23.781464324472854	26.227001101893205	5.551099256430255E-4
208.0	26.33608020228206	23.7717499007741	23.66933211949296	26.22228266752524	5.551099256430255E-4
209.0	26.289450968528044	23.795897182539573	23.675438328675035	26.238658410331706	5.551099256430255E-4
210.0	26.27418544557286	23.7459372892317	23.75315371826506	26.226168437004738	5.551099256430255E-4
211.0	26.256977037877927	23.737610640347054	23.762035477075347	26.24282173477403	5.551099256430255E-4
212.0	26.288063193713935	23.796452292465215	23.697087615775114	26.217841788120094	5.551099256430255E-4
213.0	26.177873873473796	23.690148741704576	23.80228094668447	26.32914132821152	5.551099256430255E-4
214.0	26.277238550163894	23.652956376686493	23.766753911443313	26.302496051780654	5.551099256430255E-4
215.0	26.161088243539176	23.704713186987043	23.885680027311558	26.248240985658654	2.775565035652133E-4
216.0	26.228534473905523	23.805188641277645	23.726362594265126	26.239636734048133	2.775565035652133E-4
217.0	26.240687901766385	23.770969568451555	23.74793218683039	26.24013278413696	2.775588147128376E-4
218.0	26.30202839981792	23.76847153911914	23.72628259928279	26.20293990296544	2.775588147128376E-4
219.0	26.352339688522637	23.78990959884313	23.719687023811836	26.137786129237295	2.775595851039322E-4
220.0	26.248532403693766	23.78130525170491	23.69942517409925	26.270459610916973	2.775595851039322E-4
221.0	26.172071244389794	23.77671872788185	23.758399693572517	26.29253277302994	2.775611258989511E-4
222.0	26.274359593537234	23.66305002511942	23.86372783315153	26.19858498552511	2.7756266671107667E-4
223.0	26.319120234929695	23.64590677199274	23.801897423656175	26.233075569421395	0.0
224.0	26.330222772414636	23.65534392885494	23.793848083979594	26.22058521475083	0.0
225.0	26.222528158810697	23.766369303704362	23.793292957105347	26.217809580379598	0.0
226.0	26.144532832978978	23.92874391442164	23.728620676255556	26.198102576343825	0.0
227.0	26.205319225709033	23.79884422584782	23.794958337728087	26.200878210715057	0.0
228.0	26.285680977916932	23.714041457105107	23.758174288600962	26.242103276376998	0.0
229.0	26.2212859030299	23.810911634413618	23.76816662780757	26.199635834748914	0.0
230.0	26.242103276376998	23.71820493177453	23.788151306220787	26.251540485627682	0.0
231.0	26.211366317396433	23.67552564013601	23.794046214697108	26.31906182777045	0.0
232.0	26.13947678856429	23.827909236000277	23.780723058774548	26.251890916660887	0.0
233.0	26.32905419471237	23.763791548122963	23.666643536187635	26.240510720977035	0.0
234.0	26.28769689820276	23.7921032544584	23.67608077163278	26.244119075706056	0.0
235.0	26.27465130802859	23.74658247172299	23.748525431961696	26.230240788286725	0.0
236.0	26.254666574144753	23.741863854000417	23.76129345638748	26.242176115467352	0.0
237.0	26.274928873776975	23.797099437929358	23.71355214766498	26.214419540628686	0.0
238.0	26.168066060648115	23.705502740961766	23.80958989660676	26.316841301783363	0.0
239.0	26.273541045035042	23.6527652487683	23.771285823329404	26.302407882867257	0.0
240.0	26.16251956963459	23.69619044446665	23.889110955664368	26.25217903023439	0.0
241.0	26.21369464500351	23.81781186587942	23.729260526922104	26.238955371790706	2.7759040425490573E-4
242.0	26.24992365818856	23.77367290171061	23.736751225633082	26.239374607880695	2.776065870490975E-4
243.0	26.31237038702746	23.766056739596955	23.71830641825395	26.202988836974296	2.776181473430555E-4
244.0	26.345802539742476	23.79578782544962	23.714998028840014	26.14285634963381	5.552563340866311E-4
245.0	26.241178071086285	23.77881182291175	23.697741697253054	26.281435496498993	8.32912249918097E-4
246.0	26.161342717920956	23.76605167076201	23.767717573889747	26.303499784820843	0.0013882526064442685
247.0	26.287321565916137	23.66450366100509	23.854981438134985	26.191527348554892	0.0016659863888912026
248.0	26.319866937308923	23.646395339473692	23.7977291596669	26.234064826410393	0.0019437371400962428
249.0	26.329863299743707	23.658057762314268	23.784678353154824	26.225179170912803	0.002221413874395706
