# Position (bp)	A	C	G	T	N
0.0	26.205212651183917	23.860371358809836	23.752768156265972	26.181647833740275	0.0
1.0	26.25007097836579	23.66163193458634	23.84504003179831	26.243257055249558	0.0
2.0	26.263047779641912	23.76264325234271	23.664421185307567	26.309887782707808	0.0
3.0	26.232961093669278	23.775270947706666	23.749155506100227	26.24261245252383	0.0
4.0	26.25117794656948	23.629040498654586	23.78061241867911	26.339169136096825	0.0
5.0	26.181860495477473	23.755275339367156	23.742503838545524	26.320360326609848	0.0
6.0	26.25974822063047	23.758130611966898	23.797009978091335	26.185111189311293	0.0
7.0	26.120269131339157	23.843833447315923	23.82765832465458	26.208239096690345	0.0
8.0	26.17894345554789	23.831981226572232	23.826589825006455	26.162485492873415	0.0
9.0	26.181923423960228	23.825170102771015	23.78516261200679	26.207743861261967	0.0
10.0	26.221131475912163	23.68438971798218	23.725245417919762	26.369233388185894	0.0
11.0	26.163252567667257	23.848663678147876	23.741133745673267	26.246950008511604	0.0
12.0	26.22255007660444	23.867956647562842	23.778584803949386	26.130908471883334	0.0
13.0	26.181126936389944	23.773477841457186	23.629631731260282	26.415763490892587	0.0
14.0	26.223968677296718	23.738296544288715	23.80865913862566	26.229075639788913	0.0
15.0	26.22048964282573	23.70106196146524	23.79383818351534	26.284610212193687	0.0
16.0	26.26673589418404	23.822777555530966	23.71496420880608	26.195522341478917	0.0
17.0	26.368023696238733	23.645736691435363	23.769438320835494	26.216801291490405	0.0
18.0	26.16885272413118	23.668434238114287	23.783624287509824	26.379088750244705	0.0
19.0	26.288866002195988	23.94307455292926	23.58927654407154	26.17878290080321	0.0
20.0	26.219354765491786	23.800931166852504	23.716099086140026	26.263614981515687	0.0
21.0	26.240917434836764	23.801498605519473	23.750429125491898	26.207154834151865	0.0
22.0	26.32801927021713	23.663894728778505	23.80774043085618	26.200345570148187	0.0
23.0	26.263614981515687	23.732838526815733	23.71921999880838	26.284326492860206	0.0
24.0	26.31099611020794	23.732838526815733	23.871293561557167	26.084871801419162	0.0
25.0	26.214531536822516	23.86278198155257	23.747875651490517	26.174810830134398	0.0
26.0	26.240633715503275	23.668717957447775	23.843205347542	26.247442979506953	0.0
27.0	26.25396852417714	23.763196495498793	23.676662098785396	26.306172881538664	0.0
28.0	26.235243048167035	23.772275514170364	23.761210460164385	26.231270977498223	0.0
29.0	26.246308102173003	23.639211146765174	23.788447516179094	26.326033234882722	0.0
30.0	26.17878290080321	23.7461733354896	23.760643021497412	26.314400742209777	0.0
31.0	26.257089436845494	23.74957796749144	23.79383818351534	26.19949441214773	0.0
32.0	26.118276580170345	23.859593374604923	23.806821728299788	26.215308316924947	0.0
33.0	26.184950434373068	23.83859820349428	23.80455198007161	26.171899382061042	0.0
34.0	26.18296440467341	23.81192866181319	23.798310172444122	26.206796761069278	0.0
35.0	26.217294346624602	23.6729065828373	23.728515414427655	26.381283656110444	0.0
36.0	26.1738854117607	23.839449359079843	23.734757222055144	26.251908007104312	0.0
37.0	26.23545233245002	23.875481612202165	23.77135691223451	26.1177091431133	0.0
38.0	26.16707616707617	23.78128706073279	23.6371580482435	26.41447872394755	0.0
39.0	26.2096339463545	23.741282748211155	23.811361224756144	26.2377220806782	0.0
40.0	26.221192011643772	23.716815665757824	23.77724754087663	26.28474478172177	0.0
41.0	26.281907604486143	23.816116869004688	23.70688554543314	26.195089981076023	0.0
42.0	26.36134856708364	23.634253808201144	23.783773048518565	26.22062457619665	0.0
43.0	26.154518346606594	23.669718523646456	23.78292189534788	26.39284123439907	0.0
44.0	26.296377208387835	23.93754805468943	23.60077511682077	26.16529962010197	0.0
45.0	26.221475729367338	23.78405676624213	23.723341173399763	26.271126330990768	0.0
46.0	26.22913610790352	23.805051877785754	23.760508195186443	26.205303819124275	0.0
47.0	26.324181545296955	23.653546613403392	23.806754184127126	26.215517657172526	0.0
48.0	26.265735694243087	23.74717346217901	23.71596451258714	26.271126330990768	0.0
49.0	26.286730805786707	23.750578074861757	23.873995284611436	26.0886958347401	0.0
50.0	26.216368810343216	23.856121068026997	23.750294357138195	26.177215764491592	0.0
51.0	26.229419825627087	23.67709518445908	23.853567608514936	26.239917381398897	0.0
52.0	26.26318223473102	23.76022447746288	23.680499797141827	26.29609349066427	0.0
53.0	26.247861477658645	23.770154597787567	23.753982687544507	26.228001237009273	0.0
54.0	26.23424302692765	23.638793291778143	23.79114970933119	26.335813971963013	0.0
55.0	26.174946022703093	23.750294357138195	23.77043831551113	26.304321304647583	0.0
56.0	26.24842891310577	23.753415252097383	23.78292189534788	26.21523393944896	0.0
57.0	26.097984475010215	23.86711834400109	23.8208724862681	26.214024694720596	0.0
58.0	26.190192473557584	23.854918516500977	23.7936356620818	26.161253347859642	0.0
59.0	26.189625039720372	23.814346997140134	23.782854419174722	26.213173543964775	0.0
60.0	26.22111761768578	23.67759544237142	23.74256661673249	26.358720323210317	0.0
61.0	26.17572291070861	23.826546824640246	23.754482727313995	26.243247537337144	0.0
62.0	26.21884788233692	23.87336011621045	23.792500794407374	26.11529120704526	0.0
63.0	26.167495120069002	23.784840437604977	23.637307639929183	26.41035680239684	0.0
64.0	26.19756911344137	23.72384130010441	23.831086295337965	26.247503291116253	0.0
65.0	26.225866398082083	23.71469507610685	23.777680053338628	26.281758472472443	0.0
66.0	26.290269955882145	23.809456258068177	23.697955825401102	26.202317960648575	0.0
67.0	26.3586455392734	23.649156653852156	23.78477295618005	26.207424850694395	0.0
68.0	26.160611691941043	23.66759820123984	23.78363809172542	26.388152015093695	0.0
69.0	26.303888329337667	23.934007631963457	23.590143702211567	26.17196033648731	0.0
70.0	26.21792234689969	23.77938235002057	23.733704055721844	26.268991247357892	0.0
71.0	26.234945313719095	23.79640531683997	23.768884853815273	26.199764515625667	0.0
72.0	26.330273927907736	23.657668137261854	23.804633084136015	26.207424850694395	0.0
73.0	26.27012611181252	23.73228547515356	23.725192572312146	26.272395840721774	0.0
74.0	26.294241981473338	23.735690068517442	23.868752925822424	26.1013150241868	0.0
75.0	26.220475791922603	23.851446242889367	23.742499255245203	26.18557870994283	0.0
76.0	26.24090335210588	23.679230561899764	23.839530166115786	26.24033591987857	0.0
77.0	26.275800434085657	23.75356418367781	23.692848935355286	26.27778644688125	0.0
78.0	26.253386861106776	23.768601137701616	23.74108067467692	26.23693132651469	0.0
79.0	26.23721504262835	23.64745435717022	23.806902813045266	26.30842778715617	0.0
80.0	26.18132296823798	23.75555019647341	23.761508234860198	26.301618600428412	0.0
81.0	26.23182443646887	23.766047692678704	23.78193579504348	26.220192075808946	0.0
82.0	26.10578041569967	23.870671213677348	23.798323809956138	26.22522456066684	0.0
83.0	26.19656931448707	23.84371825934984	23.784138044520606	26.175574381642484	0.0
84.0	26.18976014707802	23.819602458109436	23.775342869950578	26.21529452486197	0.0
85.0	26.21841539325779	23.66951705980151	23.752078214636306	26.35998933230439	0.0
86.0	26.176709242877326	23.832369647001414	23.73619015734851	26.254730952772746	0.0
87.0	26.234303450545582	23.862443469724738	23.778463738346396	26.12478934138328	0.0
88.0	26.179546395964433	23.764845403528284	23.634336361521395	26.421271838985888	0.0
89.0	26.211606225848733	23.72313925314782	23.82839763267946	26.236856888323977	0.0
90.0	26.252670462766726	23.699239928844403	23.768182553260306	26.279907055128565	0.0
91.0	26.302604215430097	23.810172299818138	23.704914218919786	26.182309265831975	0.0
92.0	26.365872549770618	23.661505899843107	23.785205423486456	26.18741612689982	0.0
93.0	26.166137539117134	23.68306820212956	23.774707986846995	26.376086271906306	0.0
94.0	26.31225050855825	23.93614153949164	23.598521280006356	26.153086671943754	0.0
95.0	26.213801575750356	23.76392683570377	23.738108815860777	26.284162772685104	0.0
96.0	26.213801575750356	23.797688861652297	23.774991701350764	26.213517861246583	0.0
97.0	26.332110523822088	23.64930617618103	23.821237165465135	26.197346134531745	0.0
98.0	26.273097907038107	23.720802231130858	23.73640652883816	26.269693332992876	0.0
99.0	26.311115650543172	23.716546513574322	23.86010605248151	26.112231783400997	0.0
100.0	26.210397001705125	23.84620404179682	23.744917963951234	26.19848099254682	0.0
101.0	26.25437274978934	23.685621632663484	23.822939452487752	26.237066165059424	0.0
102.0	26.292957922301945	23.733001954792933	23.688458777701175	26.285581345203944	0.0
103.0	26.24983331772904	23.761657119673615	23.73952738837962	26.248982174217726	0.0
104.0	26.234796449029268	23.657533896790337	23.811307157833216	26.296362496347175	0.0
105.0	26.19479270399782	23.752010826545465	23.758819974635923	26.294376494820792	0.0
106.0	26.225717584908658	23.76023854715477	23.781517134937456	26.23252673299912	0.0
107.0	26.11215769942236	23.87223804714187	23.788258792287525	26.227345461148243	0.0
108.0	26.1961369542767	23.830815847112362	23.79137964297468	26.181667555636256	0.0
109.0	26.185355833721076	23.827411282726374	23.768115119670437	26.21911776388211	0.0
110.0	26.230750025534235	23.6577504908247	23.749957442945174	26.361542040695895	0.0
111.0	26.18223498303392	23.81407673888126	23.743715741570867	26.259972536513953	0.0
112.0	26.2384102954027	23.855498938910767	23.76612912377861	26.139961641907917	0.0
113.0	26.18336983782925	23.751092297740502	23.634485967520455	26.43105189690979	0.0
114.0	26.217415481689116	23.714493230591145	23.825141573135717	26.242949714584018	0.0
115.0	26.25847946911643	23.693714908261434	23.767763973569306	26.280041649052826	0.0
116.0	26.284581055355222	23.820250858940785	23.706198275593028	26.18896981011096	0.0
117.0	26.373383191145887	23.671585302537242	23.777126499068004	26.177905007248864	0.0
118.0	26.173933026734264	23.68775693748954	23.7822333311582	26.35607670461799	0.0
119.0	26.310398928700113	23.933168590712942	23.58420173121608	26.17223074937087	0.0
120.0	26.196062632458457	23.763224567266906	23.73570441655862	26.305008383716018	0.0
121.0	26.221313080015545	23.796135262959297	23.774856795916804	26.207694861108354	0.0
122.0	26.325151999182907	23.651441687070353	23.834436503635782	26.18896981011096	0.0
123.0	26.274651104068724	23.721518771863625	23.73144872315012	26.272381400917528	0.0
124.0	26.324868286289004	23.692296343791934	23.85883581251117	26.123999557407885	0.0
125.0	26.21620624792535	23.832734226272382	23.752443477298712	26.19861604850356	0.0
126.0	26.278055658795523	23.689175501959035	23.816562591320086	26.21620624792535	0.0
127.0	26.30898036423061	23.725490752378224	23.674138718582345	26.29139016480882	0.0
128.0	26.272948826705328	23.749890061253616	23.73882525839152	26.23833585364954	0.0
129.0	26.248056561162997	23.648387938763236	23.810388460796442	26.293167039277325	0.0
130.0	26.209187784422983	23.74939001554751	23.739743749787216	26.301678450242292	0.0
131.0	26.231317452931897	23.754780575825325	23.778045099129567	26.23585687211321	0.0
132.0	26.105706349814312	23.88620778682827	23.79627028913345	26.21181557422397	0.0
133.0	26.18826727041113	23.8399623227139	23.797405147148528	26.17436525972644	0.0
134.0	26.160253754972114	23.838327668484336	23.775910300567997	26.225508275975557	0.0
135.0	26.2507589384508	23.68114938745865	23.721153245986848	26.346938428103705	0.0
136.0	26.195718168560937	23.818751312183302	23.744134185992408	26.24139633326335	0.0
137.0	26.246503208820144	23.842299682806285	23.780733460816077	26.130463647557495	0.0
138.0	26.204229627822258	23.745552762535958	23.624406325716524	26.42581128392526	0.0
139.0	26.2374243189414	23.714627793886503	23.819318742800725	26.228629144371375	0.0
140.0	26.25168456442484	23.69171407090066	23.76831742158796	26.288283943086547	0.0
141.0	26.293390833132367	23.817684025364223	23.690862922559685	26.198062218943726	0.0
142.0	26.39070546011661	23.66901678180812	23.766615124906018	26.173662633169254	0.0
143.0	26.163806800127105	23.690646420627353	23.79987743429116	26.34566934495438	0.0
144.0	26.307934994779608	23.941735893594807	23.589926914521765	26.160402197103817	0.0
145.0	26.202676017976305	23.756468745744247	23.73632484452313	26.30453039175632	0.0
146.0	26.22111761768578	23.789379908302692	23.789663625221298	26.19983884879023	0.0
147.0	26.315879068500614	23.67106995324345	23.844137273593898	26.16891370466204	0.0
148.0	26.287507376639883	23.74143174905806	23.716748377139226	26.25431249716283	0.0
149.0	26.3036792410005	23.701995097371647	23.870522947024376	26.123802714603478	0.0
150.0	26.231615143674247	23.833923464524037	23.762426801035	26.172034590766717	0.0
151.0	26.257507880259773	23.677946337629766	23.82633070705294	26.238215075057525	0.0
152.0	26.298079514729206	23.7275969392532	23.66716506413439	26.307158481883203	0.0
153.0	26.264884541072398	23.74376884949626	23.753415252097383	26.23793135733396	0.0
154.0	26.239708110377858	23.66042296758232	23.799728765086734	26.300140156953088	0.0
155.0	26.19828520521361	23.750361741123864	23.7392967185115	26.312056335151023	0.0
156.0	26.219280376324257	23.764547667549976	23.778166156919045	26.23800579920672	0.0
157.0	26.13452268477931	23.855688998215406	23.800931166852504	26.20885715015278	0.0
158.0	26.19467118347846	23.82901938086767	23.790149832180013	26.186159603473858	0.0
159.0	26.179140895420755	23.84752879759405	23.762412756057426	26.210917550927764	0.0
160.0	26.243261646711684	23.671338591613235	23.73716166373489	26.34823809794019	0.0
161.0	26.19134086137434	23.81972422402542	23.75844067411905	26.23049424048119	0.0
162.0	26.23787096408103	23.867105487147477	23.77688248311865	26.11814106565284	0.0
163.0	26.19389434262044	23.755036032457582	23.633887533337116	26.417182091584863	0.0
164.0	26.22623843840436	23.717017533904556	23.82483118651762	26.231912841173465	0.0
165.0	26.252131453587506	23.69835924178415	23.77780110594424	26.271708198684102	0.0
166.0	26.296959362649275	23.818373200854566	23.690415055368142	26.19425238112802	0.0
167.0	26.391438436811086	23.68360575272585	23.770991803301943	26.153964007161118	0.0
168.0	26.16992662955586	23.689631104982723	23.788366273428323	26.352075992033093	0.0
169.0	26.319164269217893	23.93703646959354	23.591463380033932	26.15233588115463	0.0
170.0	26.20766162209398	23.748361506902953	23.74098474144437	26.3029921295587	0.0
171.0	26.218726770281847	23.78864999517673	23.803403526093888	26.18921970844753	0.0
172.0	26.29646652934534	23.664379869374507	23.85106877982625	26.188084821453906	0.0
173.0	26.266675745762612	23.755170828864717	23.734459141231014	26.243694284141654	0.0
174.0	26.3029921295587	23.704952079396694	23.846812953600146	26.14524283744446	0.0
175.0	26.21702443979141	23.843124570870856	23.759710376839227	26.18014061249851	0.0
176.0	26.26334559960506	23.670121461625108	23.83581543280457	26.230717505965266	0.0
177.0	26.31186215623466	23.72913575273012	23.672674964605612	26.286327126429608	0.0
178.0	26.259940928964387	23.75722428551568	23.750414944234333	26.232419841285605	0.0
179.0	26.24100596953946	23.65600245136982	23.80978051160996	26.293211067480765	0.0
180.0	26.20695916653426	23.75473818008489	23.74707764940872	26.29122500397213	0.0
181.0	26.231075651996278	23.7692080713621	23.7910547699571	26.20866150668452	0.0
182.0	26.129860549573703	23.86659289838419	23.80247123746294	26.201075314579164	0.0
183.0	26.231433800059584	23.829708757146303	23.793108340071782	26.14574910272233	0.0
184.0	26.175614406418994	23.86183728940514	23.779557048579388	26.182991255596477	0.0
185.0	26.236047824680668	23.681388209525213	23.745793777343994	26.336770188450124	0.0
186.0	26.190651829742322	23.832613617663583	23.766221975066248	26.21051257752785	0.0
187.0	26.24314094888978	23.84963711576546	23.787217622725233	26.12000431261952	0.0
188.0	26.186679680185215	23.76991039965499	23.62634556566247	26.417064354497327	0.0
189.0	26.234912924807208	23.700965232342377	23.827506568233016	26.236615274617396	0.0
190.0	26.24009442393738	23.71493504098419	23.780475694631626	26.26449484044681	0.0
191.0	26.294002320876825	23.838923203944923	23.689399721381292	26.17767475379696	0.0
192.0	26.370892005458884	23.687129915194365	23.773098824524123	26.16887925482263	0.0
193.0	26.168102323153224	23.683224949780396	23.787068877464165	26.361603849602215	0.0
194.0	26.328124113354445	23.91644819720132	23.597255796533997	26.158171892910243	0.0
195.0	26.216335841476283	23.73826790598436	23.757845039891954	26.287551212647397	0.0
196.0	26.21349857569258	23.790189869826246	23.804659925323165	26.191651629158013	0.0
197.0	26.302588721301056	23.67017352717533	23.848921271549035	26.17831647997458	0.0
198.0	26.27166252425862	23.747630883070602	23.735714366779025	26.24499222589175	0.0
199.0	26.300318908674086	23.70251835710962	23.85714934232179	26.140013391894502	0.0
200.0	26.216619568054654	23.829344137641435	23.773166275123987	26.18087001917992	0.0
201.0	26.264927606958132	23.67846878005737	23.842746935034942	26.21385667794956	0.0
202.0	26.313728716899654	23.740605077017797	23.652365860786322	26.293300345296228	0.0
203.0	26.268616062942087	23.7644381772218	23.745428442535275	26.221517317300847	0.0
204.0	26.247978436657682	23.652716697403886	23.809334657398214	26.28997020854022	0.0
205.0	26.181302312384737	23.78294793587743	23.758263583487018	26.277486168250814	0.0
206.0	26.22613136615123	23.775287274790752	23.790324868775713	26.20825649028231	0.0
207.0	26.132858938456344	23.855082579323533	23.808834753396944	26.203223728823176	0.0
208.0	26.201237625869272	23.84146358763963	23.81649543621914	26.140803350271952	0.0
209.0	26.19251634283639	23.85742010168876	23.775138460141637	26.17492509533321	0.0
210.0	26.235075812602144	23.670442164517887	23.744211912111858	26.350270110768115	0.0
211.0	26.1910976938442	23.8333030688215	23.76974759397131	26.205851643362994	0.0
212.0	26.254085709097513	23.83670782640276	23.779110677319775	26.130095787179954	0.0
213.0	26.193083802433264	23.75754721263846	23.64433902306156	26.405029961866717	0.0
214.0	26.255220628291266	23.706475848919556	23.80805111676049	26.230252406028693	0.0
215.0	26.24479709005893	23.705691919636145	23.78740633343453	26.262104656870395	0.0
216.0	26.29700352109679	23.829682193351058	23.696896270928676	26.176418014623476	0.0
217.0	26.37858389252224	23.66610393110982	23.778461887670417	26.17685028869753	0.0
218.0	26.166426439377606	23.68915345416577	23.78675761255689	26.357662493899742	0.0
219.0	26.3179398712987	23.901669485081317	23.607722077833643	26.17266856578634	0.0
220.0	26.204730396885743	23.72291768337665	23.7839202823711	26.288431637366504	0.0
221.0	26.2067165280158	23.791581073872727	23.81314478328472	26.188557614826752	0.0
222.0	26.304604419425498	23.679790264552665	23.836127157789605	26.17947815823223	0.0
223.0	26.26743539399167	23.733699538082647	23.729727275822544	26.26913779210314	0.0
224.0	26.29722736094245	23.701353973964657	23.85371860494149	26.1477000601514	0.0
225.0	26.222605577056214	23.814847181396193	23.76207283994053	26.200474401607067	0.0
226.0	26.274035801533863	23.684397193305017	23.82853397570671	26.213033029454408	0.0
227.0	26.290492363304136	23.73830661979384	23.66340089035674	26.307800126545285	0.0
228.0	26.26382138388335	23.753911980093235	23.755614383034988	26.226652252988426	0.0
229.0	26.24715556034752	23.640201792067913	23.822075689049544	26.290566958535024	0.0
230.0	26.201758019759282	23.769868517373073	23.75766792833998	26.270705534527668	0.0
231.0	26.233536298171046	23.771854659773805	23.763910090170864	26.23069895188428	0.0
232.0	26.136005742805178	23.83264149176742	23.80965892163511	26.221693843792295	0.0
233.0	26.221977579226024	23.840018613044453	23.803700477526736	26.134303330202783	0.0
234.0	26.18346385200318	23.868743615934626	23.75524912041766	26.192543411644536	0.0
235.0	26.246169560776302	23.674668028600614	23.73538758370219	26.343774826920896	0.0
236.0	26.2013392350471	23.817954829190786	23.76688230620815	26.213823629553968	0.0
237.0	26.268017251163318	23.846328453070026	23.774826920894338	26.11082737487232	0.0
238.0	26.188287368062653	23.764044943820224	23.638349790035186	26.40931789808194	0.0
239.0	26.227159232777208	23.709000113494497	23.827601861309727	26.236238792418572	0.0
240.0	26.233364546976535	23.68661502227519	23.80380806447036	26.276212366277914	0.0
241.0	26.296029331638216	23.824577733381766	23.70340310570287	26.175989829277153	0.0
242.0	26.379704732119038	23.687272603431737	23.760493588906737	26.17252907554249	0.0
243.0	26.164661940090937	23.701090442591404	23.778289918089087	26.355957699228572	0.0
244.0	26.328517498793673	23.90309670460674	23.608469813516507	26.15991598308308	0.0
245.0	26.21542217238883	23.70609023943682	23.7620108718793	26.316476716295046	0.0
246.0	26.213410323888365	23.770549977146977	23.818527129802327	26.197512569162328	0.0
247.0	26.31046984705625	23.662132581532617	23.845540158025784	26.181857413385345	0.0
248.0	26.27591729182402	23.745946651977125	23.724650602820166	26.253485453378687	0.0
249.0	26.292386236505404	23.717551919767846	23.85157505579565	26.138486787931104	0.0
