# Position (bp)	A	C	G	T	N
0.0	30.689075411808503	22.81311882681808	20.788031999584085	25.30898983325272	0.40078392853661415
1.0	27.74442295748274	19.988692267200424	20.780604917285515	31.486279858031324	0.0
2.0	30.075505575417843	20.44870717706814	21.15715798982304	28.318629257690976	0.0
3.0	30.40514696325454	21.321833744917097	19.556232244647866	28.34970384536829	0.3670832018122064
4.0	29.519004029188405	21.966503889930742	19.996564977625937	28.51532762686373	0.0025994763911840616
5.0	28.681137085244256	22.141968546335665	22.047830365597786	27.12906400282229	0.0
6.0	28.927715988636578	21.898917503759957	22.176782962289025	26.996583545314444	0.0
7.0	27.529754720834802	22.9427001132629	21.955641792153294	27.554542584993598	0.01736078875540784
8.0	27.066676569433874	23.385539484189614	22.500789126761607	27.046994819614905	0.0
9.0	27.48008615407468	23.06246170414245	22.427632434038287	27.01394433406985	0.015875373674731234
10.0	27.16452828787344	23.080472361995653	22.484728076201794	27.270271273929108	0.0
11.0	27.386505003992053	23.03006108769519	22.863044729561615	26.720389178751137	0.0
12.0	28.01567112910114	22.489648513656533	22.32736691609262	27.16731344114971	0.0
13.0	27.46430361884249	22.735670386393597	22.124886272907883	27.675139721856024	0.0
14.0	27.321053901999743	22.952912341942554	22.793880089867613	26.931875150862467	2.7851532762686375E-4
15.0	27.8096626250998	22.65304417253096	22.59789813766084	26.939023710938226	3.7135377016915165E-4
16.0	27.39096124923408	22.854410754405183	22.619158141003027	27.13546985535771	0.0
17.0	27.099727054978928	23.134782850882893	23.232356053994838	26.53313404014334	0.0
18.0	27.379727797686463	23.04537943071467	22.804835026087602	26.77005774551126	0.0
19.0	27.05924949403049	23.021519950981304	22.7868243682344	27.132406186753812	0.0
20.0	26.982843455818184	23.11110904803461	23.269491431011755	26.636463226692907	9.283844254228791E-5
21.0	27.56336223703511	22.70577640789498	22.643853166719275	27.08700818835063	0.0
22.0	27.147817368215833	22.720909074029375	22.51295096273465	27.618322595020146	0.0
23.0	27.022485470783742	22.928402993111387	23.103496295746144	26.945615240358727	0.0
24.0	27.479621961861966	22.59009970848729	22.651651595892826	27.278626733757918	0.0
25.0	26.96854633566667	22.836121581224354	22.744861392205284	27.450285014018604	1.8567688508457582E-4
26.0	26.97894424123141	22.936572776055108	23.327051265387972	26.75743171732551	0.0
27.0	27.404051469632545	22.60941010453609	22.961917670869152	27.0223926323412	0.00222812262101491
28.0	26.843957145774922	22.814490224112	22.869821935867204	27.47126650203316	4.641922127114396E-4
29.0	26.910243793750116	22.909742466160388	23.23449133817331	26.945522401916183	0.0
30.0	27.285032586293333	22.421876450600664	22.749503314332397	27.543587648773602	0.0
31.0	26.950907031583636	22.398109809309837	22.598455168316097	28.052527990790427	0.0
32.0	27.03353324544627	22.33674359878939	22.94520675121154	27.684516404552795	0.0
33.0	27.670404961286373	21.85556195109271	22.362274170488515	28.108880925413594	0.002877991718810925
34.0	27.186530998755963	21.755110756261953	22.28373284809774	28.77462539688434	0.0
35.0	27.228888381437777	21.943092129881045	22.64868370806892	28.179143887335616	1.918932766352665E-4
36.0	27.797177012703838	21.523584021939737	22.28324344578246	28.395796212365816	1.9930720814448976E-4
37.0	27.524070155913567	21.5760371916871	22.153160317516345	28.746524699291754	2.0763559123196425E-4
38.0	27.48369319760978	21.710629168982766	22.57840727487493	28.22433904252362	0.00293131600889383
39.0	27.89383082062177	21.481122215467007	22.10878777321611	28.51625919069511	0.0
40.0	27.505698785496875	21.70425728923478	21.970180648206156	28.81986327706219	0.0
41.0	27.536900252445484	21.730654058711895	22.54560570491422	28.186713634835964	1.2634909243446906E-4
42.0	28.021927344617815	21.420197912865405	22.098443137144823	28.459297934653733	1.336707182261361E-4
43.0	27.724558621149054	21.47035104801346	21.927993276386708	28.87199481839583	0.005102236054951082
44.0	27.731766767588105	21.52517340070128	22.30609759218805	28.43696223952256	0.0
45.0	28.13959636908434	21.293734026614963	21.85615741445476	28.710512189845932	0.0
46.0	27.886307187197858	21.418273254959843	21.766580913628584	28.928838644213723	0.0
47.0	27.87035298107552	21.53350484918214	22.23494510824279	28.361197061499553	0.0
48.0	28.29049787332706	21.258740986238486	21.83156906182841	28.619192078606044	0.0
49.0	28.073347430587702	21.343576782072297	21.700178926690107	28.882896860649893	0.0
50.0	28.11062689917783	21.54246220650086	22.128063000717745	28.21884789360356	0.0
51.0	28.45221833581002	21.404821978581253	21.76876300861119	28.373716543712536	4.801332849999159E-4
52.0	28.204949765192872	21.433947285670836	21.666434694750734	28.686935857187777	0.007732397197779256
53.0	28.158752759779382	21.61007676134176	22.115078298784727	28.11609218009413	0.0
54.0	28.582236930289916	21.374125384622257	21.804842740506196	28.23879494458163	0.0
55.0	28.06130459720393	21.506916473607813	21.639574341276784	28.791884158279423	3.204296320506535E-4
56.0	28.304301334897037	21.4304439308751	22.060984443447968	28.2042702907799	0.0
57.0	28.753752917905267	21.219341119362273	21.615693784165934	28.411212178566526	0.0
58.0	28.23003613802808	21.365809587770634	21.582477853465093	28.821676420736193	0.0
59.0	28.263685938959355	21.542845091397407	22.09161691852783	28.101852051115404	0.0
60.0	28.54002819409408	21.43446728001187	21.780865113518328	28.244639412375722	0.0
61.0	28.347908650242363	21.511168857128578	21.596621857978114	28.544300634650945	0.0
62.0	28.3633972697239	21.52531137327606	21.917660564055854	28.19363079294418	0.0
63.0	28.524213082092714	21.38720601304608	21.70493555376135	28.383645351099858	0.0
64.0	28.4163417783405	21.55294530593825	21.665141467450578	28.36557144827068	0.0
65.0	28.396314486341684	21.738983371893223	21.755895604172586	28.104747601845464	0.004058935747047124
66.0	28.577586836760045	21.415837388394486	21.765084096853858	28.240761036342114	7.306416494965879E-4
67.0	28.511338841933632	21.635565918095672	21.56939969910124	28.279757075453123	0.003938465416335179
68.0	28.471407936103322	21.50734981731668	21.934743818506245	28.086498428073753	0.0
69.0	28.951028475221435	21.35275602078911	21.463472659395357	28.2299978039675	0.0027450406266012737
70.0	28.08363194835194	22.131074717919862	21.183403915065004	28.60188941866319	0.0
71.0	28.455025781399197	21.73276465720288	21.73913043478261	28.073079126615312	0.0
72.0	28.468560995093007	21.529156681501767	21.742553919890447	28.259728403514778	0.0
73.0	28.325068735271014	21.99774155538099	21.39876276512176	28.278426944226236	0.0
74.0	28.188176299815254	21.776194246503035	21.91475323304302	28.120876220638692	0.0
75.0	27.331583552055992	21.926217556138816	22.06911636045494	28.673082531350246	0.0
76.0	27.756235128227726	22.124790693575395	21.75024235480744	28.324667312946154	0.04406451044328897
77.0	27.558720875389113	22.75728704839166	22.06395623054429	27.563437411564944	0.056598434109989625
78.0	28.368973169255597	22.014323179342345	22.88682670970345	26.669356465604192	0.06052047609441194
79.0	27.819792566983576	22.466508210890233	22.099178910976665	27.533491789109764	0.081028522039758
80.0	28.279445727482678	22.37875288683603	22.16512702078522	27.136258660508084	0.04041570438799076
81.0	28.042492389886313	21.407715723426726	22.27744300180158	28.235074858669318	0.037274026216065105
82.0	28.191135365366698	22.674031678424065	21.509383734859576	27.55224277918275	0.07320644216691069
83.0	27.992264164458135	22.369457775230998	22.26917842561421	27.340448391949003	0.02865124274765418
84.0	27.810650887573964	22.823330515638208	21.847383385844925	27.480212095596713	0.03842311534619227
85.0	28.01415521356267	21.957040572792362	21.562011357089954	28.38449510328368	0.08229775327133569
86.0	27.247215645005703	22.95010085065334	23.16057177935631	26.598263614838203	0.043848110146452686
87.0	28.15935356572395	23.048012778351968	21.6104481819036	27.13520623884243	0.0469792351780513
88.0	28.039827013979686	22.991048979181333	21.401991350698985	27.536960675852356	0.030171980287639545
89.0	27.183629509962305	22.41249326871298	23.435648896068926	26.925148088314486	0.043080236941303175
90.0	28.07625649913345	22.449451184286538	22.4263431542461	26.97862507221259	0.06932409012131716
91.0	27.937530986613783	22.11204759543877	22.074863658899353	27.825979176995535	0.04957858205255329
92.0	27.785128340830905	22.10902355120402	22.823498279968245	27.255887801005557	0.02646202699126753
93.0	28.575478384124736	22.437987243090006	21.44578313253012	27.512402551382	0.028348688873139617
94.0	28.15106931594115	23.085090247231914	22.038525709085395	26.725314727741544	0.0
95.0	27.789576866525078	21.67946413984643	22.153242934161085	28.279692860643685	0.09802319882372161
96.0	27.51924422673198	21.641007697690693	22.288313505948214	28.551434569629112	0.0
97.0	27.742178665661516	22.144741801733886	22.144741801733886	27.911797964568414	0.05653976630229929
98.0	28.45825716026813	23.42067844810075	21.267519804996954	26.79260613447085	0.06093845216331505
99.0	28.28327121245341	21.70576627932471	22.516991887743913	27.450120587590444	0.04385003288752467
100.0	26.49069054913976	23.214706575536177	22.012726844214	28.258307801084136	0.023568230025925053
101.0	27.169238552997722	21.730331393878068	23.298760435112573	27.77637237541108	0.025297242600556536
102.0	27.155762387079115	22.2556802627977	22.20093074185601	28.38762660826718	0.0
103.0	26.741440377804015	22.609208972845337	22.07792207792208	28.512396694214875	0.05903187721369539
104.0	28.404053198226727	22.514249525015835	22.197593413552884	26.88410386320456	0.0
105.0	27.986348122866893	23.1740614334471	22.013651877133107	26.72354948805461	0.10238907849829351
106.0	27.456753772543248	22.70887007729113	22.63525947736474	27.199116672800884	0.0
107.0	27.812745869394178	21.71518489378442	22.30527143981117	28.127458693941776	0.03933910306845004
108.0	26.468085106382976	21.574468085106382	23.574468085106385	28.382978723404257	0.0
109.0	26.187183033656066	22.959889349930844	22.591055786076534	28.169663439372982	0.09220839096357768
110.0	27.353376047313947	24.642681123706257	20.847708230655495	27.156234598324296	0.0
111.0	28.108395324123276	22.051009564293306	23.0605738575983	26.726886291179596	0.053134962805526036
112.0	26.857142857142858	21.085714285714285	22.742857142857144	29.314285714285717	0.0
113.0	27.069072806471688	21.717485998755446	22.464219041692594	28.74922215308027	0.0
114.0	26.755852842809364	22.073578595317723	23.411371237458194	27.759197324414714	0.0
115.0	25.633598841419264	21.433743664011587	22.085445329471398	30.847212165097755	0.0
116.0	28.482972136222912	22.60061919504644	23.374613003095977	25.46439628482972	0.07739938080495357
117.0	26.408746846089148	23.128679562657695	22.03532380151388	28.34314550042052	0.08410428931875526
118.0	28.21461609620722	23.774283071230343	20.906567992599445	27.104532839962996	0.0
119.0	28.82051282051282	23.384615384615383	22.87179487179487	24.82051282051282	0.10256410256410256
120.0	26.923076923076923	22.41758241758242	22.30769230769231	28.35164835164835	0.0
121.0	29.397590361445786	22.16867469879518	22.40963855421687	25.903614457831324	0.12048192771084339
122.0	29.726205997392434	21.38200782268579	21.38200782268579	27.509778357235987	0.0
123.0	25.252525252525253	23.232323232323232	24.0981240981241	27.27272727272727	0.1443001443001443
124.0	27.214170692431562	21.09500805152979	24.9597423510467	26.73107890499195	0.0
125.0	29.929577464788732	22.535211267605636	20.774647887323944	26.58450704225352	0.17605633802816903
126.0	29.108910891089106	20.99009900990099	21.980198019801982	27.920792079207924	0.0
127.0	24.832214765100673	22.818791946308725	23.713646532438478	28.635346756152124	0.0
128.0	30.198019801980198	22.277227722772277	21.534653465346533	25.99009900990099	0.0
129.0	25.495750708215297	24.645892351274785	24.929178470254957	24.929178470254957	0.0
130.0	27.92207792207792	25.324675324675322	21.1038961038961	25.649350649350648	0.0
131.0	29.924242424242426	21.59090909090909	17.803030303030305	30.303030303030305	0.3787878787878788
132.0	27.155172413793103	20.689655172413794	25.862068965517242	26.29310344827586	0.0
133.0	32.10526315789474	23.157894736842106	21.052631578947366	23.684210526315788	0.0
134.0	25.903614457831324	19.27710843373494	25.903614457831324	28.915662650602407	0.0
135.0	28.888888888888886	19.25925925925926	23.703703703703706	28.14814814814815	0.0
136.0	34.78260869565217	14.782608695652174	24.347826086956523	26.08695652173913	0.0
137.0	29.411764705882355	18.823529411764707	23.52941176470588	28.235294117647058	0.0
138.0	25.806451612903224	22.58064516129032	14.516129032258066	37.096774193548384	0.0
139.0	22.727272727272727	29.545454545454547	20.454545454545457	27.27272727272727	0.0
140.0	28.57142857142857	42.857142857142854	28.57142857142857	0.0	0.0
