# Position (bp)	A	C	G	T	N
0.0	26.26603207262409	23.83910553894331	23.645505367105493	26.249357021327107	0.0
1.0	26.27564142421896	23.743859906958868	23.76533963405328	26.2151590347689	0.0
2.0	26.249823371485093	23.723046488625123	23.666807969478594	26.360322170411195	0.0
3.0	26.40904774823657	23.716992222825102	23.552801139446554	26.32115888949177	0.0
4.0	26.20243935523252	23.654285262134607	23.83005900571971	26.31321637691316	0.0
5.0	26.22182283674836	23.680261785874755	23.70710727173566	26.390808105641227	0.0
6.0	26.248580035152962	23.585262884238247	23.759897366918917	26.406259713689874	0.0
7.0	26.27738876361314	23.700852817008865	23.72204608263678	26.29971233674121	0.0
8.0	26.347645488068494	23.69685923790955	23.681883044405826	26.273612229616127	0.0
9.0	26.31376693246229	23.75602561132052	23.595248455804647	26.33495900041254	0.0
10.0	26.279636855801915	23.727003269201973	23.79792545541368	26.195434419582437	0.0
11.0	26.457931276119	23.608893811686055	23.591657742527033	26.34151716966791	0.0
12.0	26.39944166438265	23.56961817868435	23.773625423484567	26.25731473344843	0.0
13.0	26.085801717390627	23.798490572435288	23.777863801146623	26.337843909027463	0.0
14.0	26.21069257916583	23.797077779881267	23.673599710660085	26.318629930292815	0.0
15.0	26.23329726003012	23.77899403518984	23.713440460683398	26.27426824409665	0.0
16.0	26.29065663772326	23.742261428785365	23.626412439355878	26.3406694941355	0.0
17.0	26.24092633982182	23.785210322427517	23.76119284900921	26.21267048874146	0.0
18.0	26.283310116442358	23.74423933836099	23.6512775883066	26.32117295689005	0.0
19.0	26.189218132344756	23.776451008592606	23.831267359688507	26.203063499374135	0.0
20.0	26.310718291990316	23.683771817049013	23.68490205109223	26.320607839868444	0.0
21.0	26.36969851092086	23.69783278234579	23.7444548048939	26.18801390183945	0.0
22.0	26.27475911955017	23.66590376084315	23.71196066796643	26.347376451640248	0.0
23.0	26.40586589810969	23.730326919273264	23.69218162809754	26.171625554519512	0.0
24.0	26.257805656805406	23.761408267638664	23.65234099064734	26.32844508490859	0.0
25.0	26.263456811053658	23.83261281116668	23.64640727868667	26.25752309909299	0.0
26.0	26.259783560792293	23.743042016331835	23.77242801842276	26.224746404453107	0.0
27.0	26.231245231838603	23.73936876607047	23.67381537679071	26.355570625300217	0.0
28.0	26.411799610070357	23.718459495351926	23.54496905993049	26.324771834647226	0.0
29.0	26.196490633211834	23.670424684241755	23.81905004097087	26.31403464157554	0.0
30.0	26.208640614845578	23.683422339012743	23.708004859992656	26.399932186149023	0.0
31.0	26.2532847334068	23.584527139668275	23.767624537311747	26.394563589613178	0.0
32.0	26.26486959961572	23.71280834110367	23.717329264502276	26.304992794778332	0.0
33.0	26.347659009352657	23.691616512672713	23.696137436071318	26.264587041903308	0.0
34.0	26.31678585859157	23.758233002082445	23.595762776517258	26.329218362808724	0.0
35.0	26.27581510605774	23.728564526109672	23.798921197702246	26.196699170130344	0.0
36.0	26.443936469903452	23.602261585539868	23.610455736046635	26.34334620851005	0.0
37.0	26.402965717369618	23.57513612179333	23.779989884462477	26.24190827637457	0.0
38.0	26.10006470553331	23.79468284399185	23.778577099892345	26.32667535058249	0.0
39.0	26.2122398004018	23.797508413132114	23.672900814046468	26.317350972419618	0.0
40.0	26.231736227469614	23.782250339774688	23.71076344052601	26.275249992229682	0.0
41.0	26.290790622501138	23.743257485639045	23.632495175340694	26.333456716519127	0.0
42.0	26.239082707234306	23.783945681258846	23.769252721729476	26.207718889777375	0.0
43.0	26.2936161916414	23.73760634735852	23.649731147096304	26.319046313903776	0.0
44.0	26.188222462709554	23.768122494073367	23.835936153439707	26.207718889777375	0.0
45.0	26.310852163397016	23.68137752146726	23.688724001231947	26.319046313903776	0.0
46.0	26.36841926806664	23.70589299034788	23.746298514885055	26.179389226700422	0.0
47.0	26.276305974366508	23.672551368701825	23.706740658694816	26.34440199823685	0.0
48.0	26.402326001943987	23.733300933565406	23.69628608241597	26.16808698207464	0.0
49.0	26.264438617509438	23.761556545129864	23.656728226225727	26.31727661113497	0.0
50.0	26.26585139808766	23.827109563959404	23.642882976559147	26.264156061393795	0.0
51.0	26.257374714618326	23.732735821334117	23.78613892719094	26.22375053685662	0.0
52.0	26.240703903795293	23.723411469517846	23.678767603246005	26.357117023440857	0.0
53.0	26.415323583263632	23.71917312778318	23.542575555505323	26.322927733447866	0.0
54.0	26.20566694545537	23.668030470851512	23.8220235538778	26.30427902981532	0.0
55.0	26.214143628924703	23.68215827663374	23.710979000429486	26.39271909401207	0.0
56.0	26.254549153461877	23.584958972852007	23.762121657361153	26.398370216324963	0.0
57.0	26.26528628585637	23.7154998982798	23.71493478604851	26.30427902981532	0.0
58.0	26.354291462284408	23.693177965143878	23.690352403987433	26.26217816858428	0.0
59.0	26.31268136519427	23.767988177885528	23.600150319428785	26.319180137491415	0.0
60.0	26.278492171804935	23.724192103709104	23.800482039371257	26.1968336851147	0.0
61.0	26.443504477089004	23.59675965562158	23.612865308705814	26.346870558583607	0.0
62.0	26.40140373481618	23.575568006826536	23.77787761398988	26.2451506443674	0.0
63.0	26.101329987878373	23.79935181810219	23.775052060817206	26.32426613320223	0.0
64.0	26.21039634034353	23.787484494776965	23.673897257235534	26.328221907643968	0.0
65.0	26.231305433821305	23.7872019394597	23.709499227211207	26.271993399507785	0.0
66.0	26.2943152695719	23.744536086552344	23.6241675213965	26.33698112247925	0.0
67.0	26.247411086905537	23.7872019394597	23.769966065106395	26.195420908528366	0.0
68.0	26.29035949513016	23.735494316399794	23.654683495661363	26.31946269280869	0.0
69.0	26.191747689403893	23.759794073684777	23.837214230616	26.21124400629533	0.0
70.0	26.309573256704333	23.685199469926225	23.693111018809706	26.312116254559736	0.0
71.0	26.364031939962818	23.706041580723	23.742773668179275	26.187152811134908	0.0
72.0	26.268245958057605	23.67778612883356	23.713387998214255	26.34057991489458	0.0
73.0	26.40245935453246	23.72836338771566	23.7009555993829	26.168221658368985	0.0
74.0	26.27304938487881	23.75209796730279	23.66196307577547	26.312889572042923	0.0
75.0	26.267398294500925	23.819628497318558	23.647270240792963	26.265702967387554	0.0
76.0	26.263725085755297	23.73090637838571	23.78148363726781	26.223884898591184	0.0
77.0	26.25298801403731	23.71423566177094	23.67467802912572	26.358098295066036	0.0
78.0	26.413761535288234	23.72271229733777	23.54046463265087	26.323061534723124	0.0
79.0	26.209192063608672	23.662810739332155	23.828952796442074	26.2990444006171	0.0
80.0	26.211735054278723	23.68824064603265	23.70717179879858	26.392852500890047	0.0
81.0	26.249032250772785	23.580587374333877	23.767073356804193	26.40330701808914	0.0
82.0	26.265137858349767	23.72016930666772	23.718473979554354	26.296218855428155	0.0
83.0	26.35668552247156	23.687675536994863	23.699825381307324	26.255813559226254	0.0
84.0	26.311685009112356	23.767006202054166	23.609906333441646	26.31140245539183	0.0
85.0	26.272692595679754	23.72801378862156	23.802890524560983	26.196403091137704	0.0
86.0	26.43290055521806	23.609906333441646	23.613579531808483	26.343613579531812	0.0
87.0	26.396451125270193	23.571479027450092	23.783111764124154	26.24895808315556	0.0
88.0	26.09694418151251	23.791588375739938	23.78706751621152	26.324399926536035	0.0
89.0	26.214486529251374	23.791023268298886	23.6678298461495	26.32666035630024	0.0
90.0	26.23539550457031	23.78763262365257	23.70851758190526	26.268454289871862	0.0
91.0	26.284559851941854	23.746097226735234	23.63222807736321	26.337114843959707	0.0
92.0	26.240764025260304	23.78706751621152	23.778025797154683	26.194142661373494	0.0
93.0	26.29529689332184	23.729991664665246	23.659635788254242	26.31507565375867	0.0
94.0	26.18255795883192	23.76474577228996	23.8452735826399	26.207422686238218	0.0
95.0	26.312532670273935	23.68026220985265	23.694955003320008	26.31225011655341	0.0
96.0	26.371794437098067	23.695453158376566	23.75309395449768	26.179658450027688	0.0
97.0	26.279399631550987	23.68160806519061	23.707885486951703	26.331106816306693	0.0
98.0	26.41248205788944	23.724838662281446	23.69630081714305	26.166378462686062	0.0
99.0	26.25736050362233	23.755071824952815	23.67143615999277	26.31613151143209	0.0
100.0	26.26724985589801	23.82062410289447	23.659003831417625	26.253122209789893	0.0
101.0	26.261881350376925	23.731054826569018	23.778523717492288	26.22854010556177	0.0
102.0	26.240689881214752	23.714949310005764	23.677652324280338	26.366708484499146	0.0
103.0	26.419545880943502	23.72201313305982	23.541461815798097	26.31697917019858	0.0
104.0	26.21921585913041	23.660134043106275	23.82260197334961	26.298048124413704	0.0
105.0	26.215542671142305	23.679912747657635	23.70477740480792	26.399767176392135	0.0
106.0	26.24888391595746	23.580454119056498	23.770047129827418	26.400614835158624	0.0
107.0	26.26470687959855	23.721448027215498	23.723143344748472	26.290701748437485	0.0
108.0	26.35258083839103	23.689802099933317	23.70760293402954	26.25001412764611	0.0
109.0	26.316904811015014	23.76884975855921	23.60355676613443	26.310688664291344	0.0
110.0	26.28017303492062	23.73522605582665	23.792584136958666	26.192016772294068	0.0
111.0	26.43868477637412	23.599318484277386	23.621640102057828	26.34035663729066	0.0
112.0	26.400822791784513	23.557500769954537	23.789193511473027	26.252482926787916	0.0
113.0	26.097644362943857	23.793996897577678	23.79088882421585	26.31746991526262	0.0
114.0	26.21970688042677	23.784390125368375	23.672499484342374	26.32340350986248	0.0
115.0	26.23298683024551	23.780434395635137	23.721946106007906	26.26463266811145	0.0
116.0	26.275934753063574	23.740029441931302	23.63576770824798	26.34826809675715	0.0
117.0	26.24598422794045	23.77817397864471	23.779869291387527	26.19597250202731	0.0
118.0	26.29514829748218	23.71940313689368	23.665153129123496	26.320295436500647	0.0
119.0	26.192016772294068	23.762633611835543	23.845421384109834	26.199928231760556	0.0
120.0	26.30842824730092	23.67589010982801	23.69227813300859	26.32340350986248	0.0
121.0	26.36727359034347	23.692910182077103	23.75450671910849	26.18530950847094	0.0
122.0	26.2830728195391	23.666350207393844	23.711841227861978	26.338735745205078	0.0
123.0	26.413612269578092	23.72653397981442	23.69347528792143	26.166378462686062	0.0
124.0	26.264424326676387	23.74942076650957	23.673696583370067	26.312458323443984	0.0
125.0	26.27713920817369	23.81412538568474	23.655048090507353	26.253687315634217	0.0
126.0	26.252274551023408	23.739248861311722	23.78615264639067	26.2223239412742	0.0
127.0	26.253122209789893	23.71071101617333	23.682455723957098	26.35371105007968	0.0
128.0	26.418133116332687	23.71410165123928	23.562088179115946	26.30567705331209	0.0
129.0	26.216672882830956	23.661546807717084	23.827970478870693	26.293809830581267	0.0
130.0	26.216955435753114	23.680760406424124	23.70364719311927	26.39863696470349	0.0
131.0	26.258490715310977	23.568869449247845	23.77400287073769	26.39863696470349	0.0
132.0	26.274031126029907	23.720317815526847	23.72455610935928	26.28109494908396	0.0
133.0	26.367556143265634	23.687541676556016	23.701669322664134	26.243232857514215	0.0
134.0	26.32157438933077	23.768418970656796	23.598886738341125	26.311119901671304	0.0
135.0	26.278626223810804	23.731404433267876	23.797804557591512	26.192164785329812	0.0
136.0	26.440529505672266	23.598321630900074	23.629685093878475	26.331463769549185	0.0
137.0	26.398429001313872	23.561307093511154	23.786502408770467	26.253761496404504	0.0
138.0	26.100052272438294	23.791305822019414	23.795261574106778	26.313380331435514	0.0
139.0	26.211660992046117	23.78424197900626	23.676589011485806	26.32750801746182	0.0
140.0	26.228049107836625	23.779438565757317	23.73451252419366	26.257999802212396	0.0
141.0	26.274105364282384	23.74835765649944	23.644095333625305	26.33344164559287	0.0
142.0	26.246415099670823	23.780003673198365	23.774352598787846	26.199228628342965	0.0
143.0	26.30631648842236	23.7121907802721	23.669525168472656	26.311967562832884	0.0
144.0	26.190469463006654	23.75372617718944	23.847534012404108	26.208270347399797	0.0
145.0	26.32157438933077	23.67884944125002	23.683370300778435	26.316205868640775	0.0
146.0	26.382397983690954	23.67326525653125	23.75718394864289	26.187152811134908	0.0
147.0	26.278983029775592	23.663940957407732	23.71480077080873	26.342275242007947	0.0
148.0	26.4055674542403	23.723559960894455	23.703781144571845	26.167091440293405	0.0
149.0	26.26202975864193	23.751532858265	23.67778612883356	26.30865125425951	0.0
150.0	26.27757025718112	23.81312974338399	23.660832857699894	26.248467141735	0.0
151.0	26.263725085755297	23.739100459433647	23.778658092078867	26.218516362732192	0.0
152.0	26.25524845018846	23.714518216289836	23.681741892098078	26.348491441423622	0.0
153.0	26.42506371604401	23.70265092649627	23.55967833993569	26.31260701752403	0.0
154.0	26.202128200636317	23.66507117548331	23.836016659414433	26.29678396446594	0.0
155.0	26.225862780223448	23.678351237871347	23.699825381307324	26.395960600597885	0.0
156.0	26.25807399537741	23.56843753002142	23.766508247766406	26.40698022683477	0.0
157.0	26.271071503246553	23.717908870516567	23.72582039704561	26.285199229191274	0.0
158.0	26.35725063150935	23.68739298247597	23.70462880812853	26.250727577886153	0.0
159.0	26.322005690664092	23.75216508011856	23.61427808529215	26.3115511439252	0.0
160.0	26.288664163226557	23.728995544102645	23.795961154294982	26.186379138375816	0.0
161.0	26.443504477089004	23.59760732157338	23.628123295838243	26.330764905499375	0.0
162.0	26.39547007315357	23.558614687790502	23.79087515858417	26.255040080471755	0.0
163.0	26.104438096368316	23.79087515858417	23.80330759254393	26.30137915250358	0.0
164.0	26.215199780737073	23.777312503355343	23.683221582705354	26.32426613320223	0.0
165.0	26.23271821040764	23.777595058672613	23.73069087600625	26.258995854913497	0.0
166.0	26.26803762506605	23.741145422745138	23.654683495661363	26.33613345652745	0.0
167.0	26.246845976271004	23.77166139701	23.779290390576215	26.20220223614278	0.0
168.0	26.30279192908992	23.710629448480276	23.668811261524723	26.31776736090508	0.0
169.0	26.193443021307495	23.746513973773215	23.863491875121852	26.196551129797434	0.0
170.0	26.33330790335478	23.677005365725474	23.685764580560758	26.30392215035899	0.0
171.0	26.38113429327064	23.684701281674542	23.751949637197946	26.182214787856868	0.0
172.0	26.276588530482154	23.67481181762698	23.70815343927304	26.340446212617824	0.0
173.0	26.40345622640656	23.715217342164156	23.712109224892064	26.16921720653722	0.0
174.0	26.27037229593797	23.742342729266035	23.679332715477294	26.3079522593187	0.0
175.0	26.277436198829086	23.80704807974864	23.657575894572663	26.257939826849615	0.0
176.0	26.270937408169264	23.741777617034742	23.77992269264676	26.207362282149234	0.0
177.0	26.25907005131219	23.716630122742377	23.678202491014716	26.346097334930718	0.0
178.0	26.41871425665137	23.714087117701578	23.56376726417867	26.303431361468387	0.0
179.0	26.209340174958744	23.660401455729108	23.83812925246954	26.292129116842606	0.0
180.0	26.227141210244355	23.663792129116842	23.70448020976966	26.404586450869143	0.0
181.0	26.25907005131219	23.571113723185423	23.766642555211465	26.40317367029092	0.0
182.0	26.272632744863127	23.712109224892064	23.722281245055267	26.292976785189538	0.0
183.0	26.364746038563258	23.6869617305997	23.69769886299419	26.250593367842857	0.0
184.0	26.323849781442227	23.755689989856208	23.616671988155215	26.30378824054635	0.0
185.0	26.28739993953282	23.733650550562146	23.797225856218088	26.181723653686944	0.0
186.0	26.439133002365	23.589263967494652	23.634755630652904	26.33684739948744	0.0
187.0	26.386859973270116	23.561573389920063	23.787336364227166	26.264230272582655	0.0
188.0	26.11136698209437	23.781120112118582	23.798073526960167	26.30943937882688	0.0
189.0	26.226085089189088	23.769252721729476	23.686180989005713	26.318481200075727	0.0
190.0	26.239647821062356	23.769252721729476	23.729129639937725	26.26196981727044	0.0
191.0	26.278923232112028	23.730824981421883	23.658772968345147	26.33147881812094	0.0
192.0	26.241343162546514	23.77603408766611	23.776881758408187	26.20574099137919	0.0
193.0	26.290508065587108	23.70991576978393	23.67572638318673	26.323849781442227	0.0
194.0	26.203197979152954	23.741562144154887	23.856562808163634	26.198677068528532	0.0
195.0	26.344476436166154	23.668379903422046	23.685615875177657	26.301527785234143	0.0
196.0	26.382696165691844	23.689356050973412	23.752931536266285	26.175016247068463	0.0
197.0	26.27899748523636	23.668164222542455	23.721567630188467	26.33127066203272	0.0
198.0	26.397106609024895	23.714221129665734	23.716481591365035	26.172190669944335	0.0
199.0	26.265152157328135	23.752931536266285	23.683704896725153	26.298211409680427	0.0
200.0	26.282670735497724	23.802379135938516	23.6602526065949	26.25469752196886	0.0
201.0	26.268260292164676	23.73823853522082	23.777514057246194	26.215987115368318	0.0
202.0	26.257805656805406	23.703201378881637	23.676923511627248	26.36206945268571	0.0
203.0	26.421971687717217	23.712525783391257	23.560509734113193	26.304992794778332	0.0
204.0	26.217399903930378	23.66675143398039	23.83148258031703	26.284366081772205	0.0
205.0	26.225594077590348	23.663925856856263	23.711395552541607	26.399084513011783	0.0
206.0	26.25865332994264	23.565313215224208	23.768472210448984	26.407561244384166	0.0
207.0	26.282670735497724	23.71478624509056	23.711395552541607	26.291147466870108	0.0
208.0	26.365742702947077	23.691899070385126	23.704331609731288	26.238026616936512	0.0
209.0	26.313692580254134	23.76471784960456	23.61665635322274	26.30493321691857	0.0
210.0	26.283176088633454	23.725159434540714	23.802863464130407	26.18880101269542	0.0
211.0	26.433780625983662	23.6011155473048	23.635022760216668	26.33008106649487	0.0
212.0	26.39111404973623	23.558731531164966	23.78675753799727	26.26339688110153	0.0
213.0	26.121551707086887	23.777433054446504	23.795799461440435	26.30521577702617	0.0
214.0	26.224403586252887	23.772912092724923	23.690121981198452	26.312562339823735	0.0
215.0	26.247290954968395	23.767260890572945	23.7277024755091	26.257745678949558	0.0
216.0	26.27865512691187	23.73109319680029	23.658475249147376	26.33177642714046	0.0
217.0	26.2470083948608	23.77178185229453	23.7794109751997	26.201798777644974	0.0
218.0	26.298151774336198	23.711879109483565	23.666952052375343	26.323017063804897	0.0
219.0	26.203494138290566	23.735049038306673	23.86333132715657	26.19812549624619	0.0
220.0	26.350425394241988	23.666386932160144	23.688709180660457	26.29447849293741	0.0
221.0	26.38244485761595	23.688478731400217	23.755446423021063	26.17362998796277	0.0
222.0	26.28100434583585	23.65231052664297	23.733406423247114	26.333278704274065	0.0
223.0	26.40081152409424	23.708540782476504	23.71532232086849	26.175325372560764	0.0
224.0	26.269701781849214	23.74753462823041	23.68339257760623	26.299371012314143	0.0
225.0	26.286373063729506	23.796135653372968	23.657961808636287	26.259529474261235	0.0
226.0	26.277331012540195	23.734819243745445	23.776638730496014	26.21121101321835	0.0
227.0	26.264333063955558	23.7110838593735	23.67689360331391	26.347689473357033	0.0
228.0	26.42087357517053	23.710518731174165	23.556521296856193	26.31208639679911	0.0
229.0	26.216297167012335	23.659657193234285	23.83625975552554	26.287785884227837	0.0
230.0	26.231273064294637	23.669546936722597	23.703454628682515	26.395725370300255	0.0
231.0	26.261224858859233	23.56104232245085	23.777768986894678	26.399963831795244	0.0
232.0	26.27987408943719	23.71645257726715	23.720691038762144	26.282982294533515	0.0
233.0	26.37340280642664	23.690456680097878	23.696390526190868	26.239749987284615	0.0
234.0	26.31074792102876	23.756643807166412	23.622708045470343	26.30990022633448	0.0
235.0	26.28870785897751	23.725561668376187	23.802136755759378	26.18359371688693	0.0
236.0	26.43988007945725	23.593603860966766	23.634858336088342	26.331657723487645	0.0
237.0	26.409928200259397	23.551501691150914	23.781792083096683	26.256778025493006	0.0
238.0	26.109561713586565	23.77161974676534	23.805527534536495	26.3132910051116	0.0
239.0	26.232194879358918	23.759752021045433	23.691371315706935	26.31668178388871	0.0
240.0	26.24556366842236	23.75867486493207	23.734939078147253	26.26082238849832	0.0
241.0	26.287190123512605	23.72114577652441	23.66180547117615	26.32985862878683	0.0
242.0	26.242571697425422	23.7674598666791	23.771133397196248	26.21883503869923	0.0
243.0	26.304828217634324	23.70732286268149	23.66267470710245	26.325174212581736	0.0
244.0	26.20406087067102	23.726562389611857	23.86418549446823	26.205191245248894	0.0
245.0	26.341223548562127	23.671776089708807	23.677428106348344	26.30957225538072	0.0
246.0	26.376014559924034	23.692941602043817	23.743528294634984	26.187515543397165	0.0
247.0	26.285906465142045	23.640895782226796	23.712397834024802	26.36079991860636	0.0
248.0	26.3911814584511	23.703222159412096	23.718767665347652	26.186828716789144	0.0
249.0	26.256091080735793	23.75267103076349	23.68992300647831	26.30131488202241	0.0
