# Position (bp)	A	C	G	T	N
0.0	26.13627449881778	23.816380730398144	23.73821983661852	26.309124934165556	0.0
1.0	26.229003014377124	23.70180078216923	23.736258810609712	26.332937392843935	0.0
2.0	26.261460501362794	23.693019633768174	23.707585990526265	26.337933874342763	0.0
3.0	26.318118793854428	23.673898124676125	23.772776291648576	26.235206789820868	0.0
4.0	26.340246033880078	23.708490185533744	23.793358429685398	26.15790535090078	0.0
5.0	26.18738201800328	23.936131478857067	23.66865894030461	26.20782756283504	0.0
6.0	26.400885005321236	23.69489721615415	23.750630146193917	26.153587632330698	0.0
7.0	26.30682804702509	23.783906397898548	23.715575519622725	26.193690035453642	0.0
8.0	26.148284224498596	23.690135481016416	23.83043310239766	26.33114719208733	0.0
9.0	26.1833822442259	23.75641255404467	23.885223683326238	26.17498151840319	0.0
10.0	26.185995979010208	23.835285025453203	23.75100104724943	26.22771794828716	0.0
11.0	26.205596904173877	23.7459608093502	23.776202236745576	26.27224004973035	0.0
12.0	26.114032582337888	23.68799807350907	23.847325593768026	26.350643750385018	0.0
13.0	26.35540397506762	23.754921232282165	23.665597016179163	26.22407777647105	0.0
14.0	26.19803654732503	23.724959818103414	23.601754002788933	26.47524963178262	0.0
15.0	26.280920459445685	23.824364510004873	23.610714425720893	26.28400060482855	0.0
16.0	26.252005589048157	23.734133795540522	23.64704992901685	26.366810686394476	0.0
17.0	26.27944680743825	23.76325508852593	23.723773335536098	26.233524768499723	0.0
18.0	26.350009940441353	23.744774267977498	23.70585253985277	26.199363251728375	0.0
19.0	26.225404407955715	23.706692577150427	23.80917712746446	26.258725887429403	0.0
20.0	26.263206086350234	23.64620989171919	23.766615237716554	26.32396878421402	0.0
21.0	26.302127814474964	23.822897736659506	23.635849431714767	26.239125017150762	0.0
22.0	26.27636667068018	23.727413497159276	23.67393112254184	26.322288709618707	0.0
23.0	26.29988771501455	23.77025539933973	23.722373273373336	26.207483612272387	0.0
24.0	26.27244649662445	23.76325508852593	23.668050861458248	26.29624755339137	0.0
25.0	26.160721536036203	23.801616791785555	23.730213621484793	26.30744805069345	0.0
26.0	26.240805091746072	23.689891831197304	23.749534479330883	26.31976859772574	0.0
27.0	26.27076642202914	23.712292825801466	23.69941225390407	26.317528498265325	0.0
28.0	26.30044773987965	23.689891831197304	23.765495187986346	26.244165240936695	0.0
29.0	26.347209816115836	23.706692577150427	23.786216107995195	26.159881498738546	0.0
30.0	26.17192203333828	23.928462423731613	23.667770849025697	26.23184469390441	0.0
31.0	26.388651656133533	23.69493205498324	23.75205459122385	26.164361697659377	0.0
32.0	26.32844898313485	23.741694131219425	23.72461337283375	26.205243512811972	0.0
33.0	26.155961324682814	23.677571284165015	23.843058631803252	26.323408759348915	0.0
34.0	26.178922344152078	23.76605521285145	23.874700036681627	26.180322406314836	0.0
35.0	26.189489482762486	23.82731121614659	23.75142805940727	26.231771241683653	0.0
36.0	26.190329517707937	23.749187966219395	23.77942922425573	26.281053291816942	0.0
37.0	26.105485988217108	23.69150556663157	23.847192043188997	26.355816401962322	0.0
38.0	26.352176250532022	23.75618825743151	23.663504401783115	26.228131090253353	0.0
39.0	26.201809995295804	23.72818709258305	23.60694204878923	26.463060863331915	0.0
40.0	26.274613023901793	23.818630855043573	23.616462444837705	26.29029367621693	0.0
41.0	26.262498984960615	23.72952070540337	23.64551744607691	26.362462863559106	0.0
42.0	26.29078008226719	23.7715223350666	23.723080455521675	26.214617127144535	0.0
43.0	26.36862310257638	23.73540093355622	23.710759977487125	26.18521598638027	0.0
44.0	26.223857485670443	23.70235965155448	23.806803703983714	26.266979158791358	0.0
45.0	26.268939234842314	23.64355737002596	23.7754424871685	26.31206090796323	0.0
46.0	26.31066085364112	23.825564431899956	23.628716794211616	26.235057920247307	0.0
47.0	26.282099745470124	23.737641020471596	23.661198054484515	26.319061179573765	0.0
48.0	26.30506063635269	23.757241780981104	23.733440857505272	26.204256725160935	0.0
49.0	26.280979702012434	23.76564210691375	23.669878391281582	26.28349979979223	0.0
50.0	26.156934889073696	23.799803432373174	23.741281161709075	26.301980516844054	0.0
51.0	26.241778180993425	23.693679314757414	23.749681487641723	26.314861016607445	0.0
52.0	26.268099202249047	23.698719510317	23.706839825385227	26.32634146204873	0.0
53.0	26.315701049200708	23.68023879326518	23.76256198740511	26.241498170129002	0.0
54.0	26.34258209218518	23.705159760198697	23.783002780507882	26.169255367108246	0.0
55.0	26.184095942922585	23.921608158396545	23.6623180979422	26.23197780073867	0.0
56.0	26.39774423247622	23.67855872807865	23.76256198740511	26.16113505204002	0.0
57.0	26.334181766252527	23.73876106392928	23.72784064021684	26.199216529601348	0.0
58.0	26.16309512809097	23.675478608570014	23.848245311918102	26.313180951420918	0.0
59.0	26.18073581254953	23.76032190048974	23.87540636576699	26.18353592119374	0.0
60.0	26.193822977627196	23.822137596953493	23.75521518774676	26.228824237672555	0.0
61.0	26.193262957466466	23.754655167586034	23.77285582280962	26.279226052137876	0.0
62.0	26.109259933357603	23.693612970066923	23.847898524346878	26.3492285722286	0.0
63.0	26.35622882423767	23.741494693808978	23.6756923249237	26.226584157029652	0.0
64.0	26.210343572368604	23.714053705933413	23.612410046761685	26.4631926749363	0.0
65.0	26.26606557836082	23.8288578388822	23.619970318931482	26.285106263825497	0.0
66.0	26.266832058824352	23.72322761115669	23.647905110449667	26.36203521956929	0.0
67.0	26.281112532936096	23.757388745306343	23.74338828049091	26.218110441266653	0.0
68.0	26.36763540549546	23.73806810386105	23.70502700689663	26.189269483746862	0.0
69.0	26.223150608600204	23.700266848859382	23.806950390752974	26.26963215178744	0.0
70.0	26.270752188972672	23.650145184820136	23.77670938675164	26.30239323945555	0.0
71.0	26.320033825122994	23.827111060087194	23.62018419011511	26.2326709246747	0.0
72.0	26.26991216108375	23.736388048083196	23.67982617022885	26.313873620604205	0.0
73.0	26.300713183677697	23.75654871741742	23.737788094564742	26.204950004340144	0.0
74.0	26.276072365602538	23.76662905208453	23.673105947117445	26.284192635195485	0.0
75.0	26.159028479745526	23.799390139752642	23.74198823400937	26.299593146492462	0.0
76.0	26.23519100834148	23.699706830266763	23.752628587269097	26.312473574122663	0.0
77.0	26.28503266308441	23.691586560673812	23.708107109156025	26.315273667085748	0.0
78.0	26.309673481159574	23.6845863282661	23.77082919152916	26.23491099904517	0.0
79.0	26.337954420086746	23.70894713704495	23.78482965634459	26.16826878652371	0.0
80.0	26.18030918626498	23.92847442535092	23.66386564033926	26.227350748044838	0.0
81.0	26.397596400200484	23.683746300377173	23.76214890334359	26.15650839607875	0.0
82.0	26.336554373605203	23.730507852860715	23.726587722712395	26.206350050821687	0.0
83.0	26.16294860989385	23.67870613304362	23.839991487717395	26.318353769345144	0.0
84.0	26.180589195561293	23.769989163640233	23.87723272412644	26.172188916672035	0.0
85.0	26.20179653461465	23.822284197439604	23.754522137472982	26.221397130472766	0.0
86.0	26.197596406930774	23.763762418377517	23.768802571598176	26.269838603093532	0.0
87.0	26.10491358937312	23.692640256263793	23.848324989079668	26.354121165283424	0.0
88.0	26.35300113123439	23.744161822519406	23.675839745528265	26.22699730071794	0.0
89.0	26.205996662298535	23.722881175587737	23.61563791539263	26.4554842467211	0.0
90.0	26.273758722265157	23.83208449536866	23.618157992002956	26.275998790363225	0.0
91.0	26.2644448986792	23.716374571938186	23.653932848546617	26.365247680835992	0.0
92.0	26.286565509208053	23.75921575435482	23.74465535248773	26.209563383949398	0.0
93.0	26.360207541728155	23.736815136097754	23.709094371004642	26.19388295116945	0.0
94.0	26.229723940380754	23.690613860942562	23.815497307725693	26.26416489095099	0.0
95.0	26.280965354643786	23.630412199376703	23.788336558089004	26.300285887890507	0.0
96.0	26.326886622070766	23.821657477746385	23.625372060268862	26.226083839913983	0.0
97.0	26.270885076428108	23.73037495834885	23.681373605911524	26.317366359311517	0.0
98.0	26.29552575651088	23.763975885734446	23.741575267477383	26.198923090277294	0.0
99.0	26.26080479821243	23.7734961484937	23.678853536357604	26.286845516936268	0.0
100.0	26.160562031512068	23.790296612186495	23.749695491595567	26.299445864705866	0.0
101.0	26.2370041413143	23.70013412370181	23.7440953370313	26.31876639795258	0.0
102.0	26.275645207807734	23.687533775932216	23.71525454102533	26.321566475234714	0.0
103.0	26.31176620474725	23.678853536357604	23.77685624123226	26.23252401766289	0.0
104.0	26.34116701620965	23.707134316907148	23.781616372611882	26.170082294271324	0.0
105.0	26.17988256475879	23.926660375826373	23.66345311130587	26.230003948108966	0.0
106.0	26.403608739601214	23.689493830029708	23.756135669344474	26.150761761024604	0.0
107.0	26.343687085763566	23.719454656948532	23.733455043359196	26.203403213928706	0.0
108.0	26.16672220153276	23.67017329678299	23.83901795689561	26.32408654478864	0.0
109.0	26.189682835246252	23.756975692529114	23.873458907465846	26.17988256475879	0.0
110.0	26.190729530092344	23.820470747674545	23.76586939356096	26.22293032867215	0.0
111.0	26.20164980091506	23.760549261621687	23.77342958105361	26.264371356409637	0.0
112.0	26.114007627389157	23.681587303365124	23.866391886518787	26.338013182726932	0.0
113.0	26.351453516047197	23.735068629702017	23.682987338085983	26.2304905161648	0.0
114.0	26.202209814803407	23.719668247772542	23.62390587286565	26.454216064558402	0.0
115.0	26.28565188416673	23.823270817116267	23.617465713149684	26.273611585567323	0.0
116.0	26.272137987035716	23.72688199140381	23.645400198804374	26.355579822756102	0.0
117.0	26.283058227280996	23.768042896943733	23.743122348691674	26.205776527083597	0.0
118.0	26.36930012460274	23.724641942122727	23.717361781959205	26.188696151315327	0.0
119.0	26.241057303260675	23.692721239867275	23.81200386408501	26.254217592787043	0.0
120.0	26.26989793775463	23.63167989695773	23.791563414395117	26.30685875089252	0.0
121.0	26.312178867935092	23.80892379632352	23.633639940078684	26.2452573956627	0.0
122.0	26.272137987035716	23.723521917482184	23.68572108586389	26.31861900961821	0.0
123.0	26.30853878785333	23.743682361011942	23.748722471894382	26.199056379240343	0.0
124.0	26.265697845352598	23.761042742940344	23.679560950340907	26.293698461366148	0.0
125.0	26.165175633863946	23.782603217270783	23.757682669018717	26.29453847984656	0.0
126.0	26.244977389502573	23.69384126450782	23.744242373332213	26.3169389726574	0.0
127.0	26.283898245761407	23.679560950340907	23.716241757318663	26.320299046579027	0.0
128.0	26.319459028098617	23.677320901059822	23.77196298318563	26.23125708765593	0.0
129.0	26.347739650272306	23.689361165945652	23.791563414395117	26.17133576938693	0.0
130.0	26.19429627451804	23.915606143335154	23.65940050681115	26.23069707533566	0.0
131.0	26.39954078989738	23.68068097498145	23.760762736780208	26.159015498340963	0.0
132.0	26.332899323785124	23.726601985243676	23.740322287090315	26.20017640388089	0.0
133.0	26.170215744746383	23.66948072857603	23.842524535539784	26.317778991137804	0.0
134.0	26.189536169795737	23.76020272445994	23.871085163873605	26.17917594187072	0.0
135.0	26.186809432873936	23.822150789339574	23.772309553276923	26.218730224509567	0.0
136.0	26.2002497661942	23.75550913662659	23.77426960188613	26.26997149529308	0.0
137.0	26.118207731551742	23.68466737975102	23.857991678193617	26.33913321050362	0.0
138.0	26.355933627153956	23.726108407488507	23.689707504746117	26.228250460611424	0.0
139.0	26.203609849524266	23.709587997782343	23.62698594925154	26.459816203441843	0.0
140.0	26.281731786948313	23.823550824060437	23.61410562981962	26.28061175917163	0.0
141.0	26.273125138253818	23.720014672404957	23.652812817633766	26.354047371707455	0.0
142.0	26.292445671500538	23.76341587027802	23.7440953370313	26.20004312119015	0.0
143.0	26.36580769629242	23.72953493516421	23.714694525568905	26.189962842974467	0.0
144.0	26.23784416449894	23.692293907311843	23.82025743910532	26.2496044890839	0.0
145.0	26.274672319120995	23.623264292374508	23.798550111863715	26.303513276640782	0.0
146.0	26.317513741456217	23.822630911346256	23.634744673523162	26.22511067367437	0.0
147.0	26.27411230052838	23.711467220711725	23.696906737303678	26.317513741456217	0.0
148.0	26.299593146492462	23.76158888475097	23.747308410639235	26.191509558117332	0.0
149.0	26.27138576988772	23.760535379273655	23.6756923249237	26.292386525914935	0.0
150.0	26.162741858706912	23.7843362361045	23.754655167586034	26.298266737602553	0.0
151.0	26.24198471144961	23.684372637414945	23.76221543975583	26.311427211379613	0.0
152.0	26.283779810656654	23.676038630298855	23.713840096995764	26.32634146204873	0.0
153.0	26.302820549437318	23.676038630298855	23.78244275877904	26.238698061484783	0.0
154.0	26.340622016134223	23.694519347350678	23.79672331286454	26.16813532365056	0.0
155.0	26.189696160211017	23.921888169260967	23.66651826090852	26.221897409619494	0.0
156.0	26.4013843737137	23.67491858684117	23.77712255235503	26.146574487090103	0.0
157.0	26.32886155982852	23.72560055330147	23.737921031336015	26.207616855533995	0.0
158.0	26.167575301921715	23.672398489061376	23.841805062036407	26.318221146980502	0.0
159.0	26.202296649109986	23.75360163974362	23.877646452682363	26.166455258464026	0.0
160.0	26.189489482762486	23.81611075020721	23.769348804910283	26.225050962120022	0.0
161.0	26.20321005353823	23.752268094352726	23.77522904952846	26.269292802580583	0.0
162.0	26.127046885150424	23.66686454156493	23.872113079904125	26.333975493380525	0.0
163.0	26.365896821307764	23.723706906207298	23.687305391904303	26.223090880580628	0.0
164.0	26.20209000694429	23.7091463004861	23.634663201989202	26.454100490580405	0.0
165.0	26.2908536995139	23.818350843395088	23.621222642861945	26.26957281422907	0.0
166.0	26.273846558787213	23.713412875531674	23.657410389021273	26.35533017665984	0.0
167.0	26.29456747879606	23.753734665819163	23.76269506366083	26.189002791723954	0.0
168.0	26.378291196129105	23.73665390743349	23.708372651745737	26.176682244691662	0.0
169.0	26.238284979853105	23.688771781467096	23.8217776869293	26.2511655517505	0.0
170.0	26.268393419670982	23.630941547077352	23.808190409520478	26.292474623731188	0.0
171.0	26.324116205810288	23.817990899544977	23.644102205110258	26.213790689534477	0.0
172.0	26.280154007700386	23.69450472523626	23.69898494924746	26.32635631781589	0.0
173.0	26.289674483724184	23.76198809940497	23.749387469373467	26.198949947497375	0.0
174.0	26.26846697505628	23.764014739978272	23.67693014191149	26.290588143053956	0.0
175.0	26.172701918661307	23.777735464432524	23.749733985954457	26.299828630951716	0.0
176.0	26.24046549657822	23.687570703733158	23.757294385143535	26.31466941454509	0.0
177.0	26.281421247021335	23.68035662782851	23.718158729625365	26.32006339552479	0.0
178.0	26.3183833021116	23.67699644100212	23.777242014656014	26.22737824223027	0.0
179.0	26.348344967980218	23.67755647213985	23.806083618249176	26.16801494163076	0.0
180.0	26.197416576361647	23.91472965896904	23.66551580267863	26.22233796199069	0.0
181.0	26.393707490136453	23.666355849385226	23.780602201482402	26.15933445899592	0.0
182.0	26.33602428295013	23.721798932020622	23.74027995956575	26.201896825463493	0.0
183.0	26.16633484821756	23.65459519549287	23.856206405076122	26.322863551213448	0.0
184.0	26.204136950014423	23.748680426631722	23.872167292501466	26.175015330852396	0.0
185.0	26.199450047882795	23.812310638941312	23.770588202351018	26.217651110824875	0.0
186.0	26.20169017870644	23.749866992232345	23.773668382233524	26.274774446827692	0.0
187.0	26.12076545270244	23.671182397051986	23.872234138473686	26.335818011771888	0.0
188.0	26.366899826949897	23.734746109172775	23.683223100229053	26.215130963648274	0.0
189.0	26.203930309530076	23.71486494811297	23.63674038563852	26.444464356718434	0.0
190.0	26.294935624240455	23.803350115646754	23.626379780579185	26.27533447953361	0.0
191.0	26.269247677957893	23.713811285250657	23.66508830340417	26.351852733387283	0.0
192.0	26.287728809003113	23.753853735848633	23.76869464411222	26.189722811036038	0.0
193.0	26.37789432713282	23.737052707625704	23.706810856824436	26.17824210841703	0.0
194.0	26.24796637554218	23.684129468723487	23.810417197532487	26.25748695820184	0.0
195.0	26.266034571109348	23.62853838636421	23.80523018937665	26.300196853149792	0.0
196.0	26.327078648853742	23.81615091888138	23.641419246805686	26.21535118545919	0.0
197.0	26.274995169677336	23.703583399371077	23.70134324972908	26.320078181222506	0.0
198.0	26.297116647392045	23.75958714042098	23.746986298684753	26.19630991350222	0.0
199.0	26.27086845244429	23.754053282108433	23.678728039471547	26.29635022597573	0.0
200.0	26.17118151423339	23.783175309001507	23.748452892321307	26.2971902844438	0.0
201.0	26.253507244104192	23.683768390279962	23.76049373036363	26.302230635252215	0.0
202.0	26.293770914131304	23.660165492908448	23.718130014141103	26.327933578819145	0.0
203.0	26.314772552259075	23.684527393136666	23.77693460089887	26.22376545370539	0.0
204.0	26.35257550088907	23.681447152877926	23.795136020609608	26.1708413256234	0.0
205.0	26.195483247693318	23.919185696484327	23.668566148159556	26.2167649076628	0.0
206.0	26.392206388454078	23.67905956938	23.78322827788403	26.145505764281896	0.0
207.0	26.334801589412876	23.720783057463603	23.737304438651073	26.207110914472448	0.0
208.0	26.167907637078457	23.65133725179425	23.861074785852097	26.31968032527519	0.0
209.0	26.214111499721376	23.745705140949784	23.866675254051238	26.173508105277598	0.0
210.0	26.202143865229953	23.808777078339567	23.777414368601445	26.21166468782903	0.0
211.0	26.206904276529492	23.746051658863326	23.777134344407358	26.269909720199824	0.0
212.0	26.118136607002846	23.667924908712113	23.873462667174444	26.340475817110597	0.0
213.0	26.374078720401446	23.730090279800176	23.686966553910256	26.208864445888125	0.0
214.0	26.211104639440848	23.706848271690674	23.636562198973994	26.445484889894487	0.0
215.0	26.291751607338874	23.800376352516857	23.632641860256726	26.275230179887544	0.0
216.0	26.27797115166518	23.706767401549666	23.66756368503734	26.347697761747813	0.0
217.0	26.288052107339777	23.749051410073672	23.76585300286467	26.197043479721877	0.0
218.0	26.384661265888003	23.731129711096614	23.710407746654383	26.173801276360997	0.0
219.0	26.25696916067643	23.682965145095753	23.812617436132946	26.24744825809487	0.0
220.0	26.268317339060843	23.62513196324911	23.81191071583587	26.29463998185418	0.0
221.0	26.326003130714327	23.811350659606227	23.650334493583156	26.2123117160963	0.0
222.0	26.269437451520133	23.710820566384864	23.70942042581075	26.31032155628425	0.0
223.0	26.30192071283957	23.757025205330613	23.75338483983792	26.187669241991895	0.0
224.0	26.268950955738635	23.753171327280974	23.689884796110956	26.287992920869435	0.0
225.0	26.172901043387675	23.781174217179213	23.751771182786065	26.29415355664705	0.0
226.0	26.2599900309712	23.666922426394404	23.7702530901189	26.3028344525155	0.0
227.0	26.304308256675206	23.66726873048543	23.71739404376864	26.311028969070723	0.0
228.0	26.32615057196063	23.671749205415775	23.774800128813652	26.227300093809948	0.0
229.0	26.352193332493247	23.685750689573094	23.787681494238388	26.174374483695274	0.0
230.0	26.185855700704273	23.92209574214867	23.67230926478207	26.21973929236499	0.0
231.0	26.401198527043867	23.670909116366335	23.789641702020415	26.138250654569383	0.0
232.0	26.359194074571906	23.72467481553045	23.73139552792596	26.18473558197169	0.0
233.0	26.178574928942467	23.646826563615743	23.86272944932163	26.311869058120163	0.0
234.0	26.20448442046132	23.739929376118376	23.879104908107745	26.17648129531256	0.0
235.0	26.209878410090116	23.798242518944168	23.776400020162306	26.215479050803413	0.0
236.0	26.205957961590805	23.737755599240554	23.769959283342015	26.286327155826626	0.0
237.0	26.11102710150041	23.675868519358616	23.868250527860386	26.344853851280586	0.0
238.0	26.37257702281141	23.729074606134944	23.683149352285902	26.21519901876775	0.0
239.0	26.195876808306874	23.69519072981949	23.649545508006113	26.45938695386752	0.0
240.0	26.285456648305335	23.808216953101592	23.62899092948296	26.277335469110113	0.0
241.0	26.27186521561357	23.697048791006907	23.684446361258452	26.34663963212107	0.0
242.0	26.273631144097465	23.74093264248705	23.7966671334547	26.18876907996079	0.0
243.0	26.372219779234857	23.731552722312628	23.713347020286754	26.18288047816576	0.0
244.0	26.247811655298946	23.67922017898909	23.81675326676097	26.256214898950997	0.0
245.0	26.28050881404645	23.62691078386608	23.808990243342194	26.28359015874528	0.0
246.0	26.314403531969255	23.807175993366354	23.641614934672013	26.236805539992382	0.0
247.0	26.28079956295788	23.71765958340921	23.68488142430907	26.316659429323845	0.0
248.0	26.299642782097077	23.76241507319465	23.763535756811656	26.174406387896614	0.0
249.0	26.267496721991236	23.751835124564334	23.703645594020013	26.277022559424417	0.0
