# Position (bp)	A	C	G	T	N
0.0	25.87912105504132	24.055723291785263	24.2455871853078	25.819568467865615	0.0
1.0	25.81252461346849	24.136087266952476	24.207166161323475	25.84422195825556	0.0
2.0	25.89580718694772	24.05937043772251	24.19671900212586	25.8481033732039	0.0
3.0	25.94111451520477	24.180056279592403	24.072491188306138	25.806338016896685	0.0
4.0	25.80246557889244	24.12054510357544	24.100697545625373	25.97629177190674	0.0
5.0	25.90308031613013	24.1252484771273	24.02377698037471	25.94789422636786	0.0
6.0	25.81061270477373	24.038627735917906	24.191307799166502	25.95945176014186	0.0
7.0	25.991575766886875	24.170059404926512	23.928086751677167	25.910278076509446	0.0
8.0	25.928640469073056	24.137290923871646	23.951978901954256	25.982089705101043	0.0
9.0	25.915756190915083	24.145368894692037	24.091284394861653	25.847590519531227	0.0
10.0	25.892371400592673	24.13931042428044	24.13771033211513	25.830607843011755	0.0
11.0	25.77684474625738	24.154671309067403	24.144430719209424	25.924053225465787	0.0
12.0	25.817167068823167	24.235315954198963	24.02538386211046	25.922133114867417	0.0
13.0	25.90069187985228	24.02954410174026	24.19467361320012	25.87509040520734	0.0
14.0	25.93173366785927	24.094507843651794	23.953699733104628	26.020058755384312	0.0
15.0	25.84820885683015	24.223155253742615	24.03562445196843	25.893011437458796	0.0
16.0	25.931413649426204	24.12650968695797	24.070506461172165	25.87157020244366	0.0
17.0	25.834128045775433	24.160431640862516	24.02794400957495	25.977496303787095	0.0
18.0	25.822844762755093	24.212837178342504	24.13155275646995	25.832765302432453	0.0
19.0	25.94861160447128	23.951062937823817	24.142113330965202	25.958212126739692	0.0
20.0	25.955888941513805	24.000268813763263	24.131155515162376	25.91268672956055	0.0
21.0	25.98885062915221	24.177237874579177	23.96346692950679	25.87044456676182	0.0
22.0	25.87620486168892	24.076752729739763	24.168277415803686	25.87876499276763	0.0
23.0	25.853803714750196	24.084753139360735	24.086993254054608	25.97444989183446	0.0
24.0	25.849643501747288	24.134035662625926	24.00410901038133	26.01221182524545	0.0
25.0	25.89604587754893	24.035790632480385	24.239001036853086	25.8291624531176	0.0
26.0	25.83428271527502	24.107794319069136	24.199639021517903	25.858283944137938	0.0
27.0	25.93156769626605	24.026510157320054	24.16859743218853	25.873324714225372	0.0
28.0	25.9459684335838	24.152596612946585	24.058511795803945	25.84292315766567	0.0
29.0	25.842283124895992	24.100113925833003	24.081552975512345	25.97604997375866	0.0
30.0	25.90788648378797	24.134035662625926	24.008589239769076	25.949488613817028	0.0
31.0	25.822442109035983	24.031310403092636	24.17403771073079	25.972209777140588	0.0
32.0	26.00453143200932	24.136915810089477	23.96378694589163	25.894765812009574	0.0
33.0	25.941488204196055	24.1189948925385	23.9660270605855	25.973489842679946	0.0
34.0	25.9402081386567	24.140435990322704	24.07419259866105	25.845163272359546	0.0
35.0	25.904366303554742	24.11803484338398	24.13275559708657	25.844843255974702	0.0
36.0	25.790120454167255	24.123475121926244	24.12923541685334	25.95716900705316	0.0
37.0	25.83012250227212	24.224600299535336	24.01690966577489	25.928367532417663	0.0
38.0	25.894125779239896	24.011149370847786	24.200919087057258	25.89380576285506	0.0
39.0	25.924207319414755	24.099473893063326	23.96090679842808	26.01541198909384	0.0
40.0	25.868844484837624	24.205079300060163	24.02170991154747	25.904366303554742	0.0
41.0	25.934447843729597	24.122515072771726	24.076112696970085	25.866924386528588	0.0
42.0	25.839082961047605	24.148436399943677	24.008589239769076	26.00389139923964	0.0
43.0	25.833560010880525	24.197961502152104	24.1361985375298	25.832279949437577	0.0
44.0	25.948445525385218	23.980991087572203	24.12659807670768	25.9439653103349	0.0
45.0	25.981323963313557	24.00683550623068	24.12044059573869	25.891399934717075	0.0
46.0	25.981963991986838	24.191483778473273	23.972593972209953	25.85395825732993	0.0
47.0	25.86099857273606	24.080118789321762	24.174523018631238	25.884359619310942	0.0
48.0	25.847557970597084	24.098999635183656	24.082998918351542	25.97044347586772	0.0
49.0	25.83379735412146	24.139641455937223	24.003955377200896	26.022605812740412	0.0
50.0	25.925001440064516	24.030196552805567	24.238525885959692	25.806276121170228	0.0
51.0	25.820356751982487	24.101559749876795	24.21548485372145	25.862598644419272	0.0
52.0	25.931081712460717	24.025076323419288	24.178363190670943	25.865478773449052	0.0
53.0	25.95508278770889	24.151161972056347	24.065398129836215	25.82835711039855	0.0
54.0	25.868678916815472	24.10219977855008	24.074998559935484	25.95412274469896	0.0
55.0	25.921481282361448	24.123960753441754	23.98859468904207	25.965963275154724	0.0
56.0	25.824516938358837	24.031476610152136	24.17100286092817	25.973003590560857	0.0
57.0	26.024845913096904	24.125240810788323	23.93707238084266	25.91284089527211	0.0
58.0	25.948042472302756	24.11916053839212	23.9873146316955	25.945482357609624	0.0
59.0	25.943242257253125	24.139641455937223	24.087799133401177	25.82931715340847	0.0
60.0	25.899400293133134	24.127800925481463	24.125560825124964	25.84723795626044	0.0
61.0	25.791555461684684	24.12620085379825	24.145401713996787	25.93684197052028	0.0
62.0	25.85427827166657	24.205244394948895	24.016435936329948	25.924041397054587	0.0
63.0	25.90324046517284	24.034356739181913	24.1780431763343	25.884359619310942	0.0
64.0	25.925641468737798	24.114040309005844	23.958513341397694	26.001804880858664	0.0
65.0	25.83603745447796	24.198844108216047	24.047157312647606	25.917961124658383	0.0
66.0	25.932361769807287	24.12172065308526	24.082358889678257	25.863558687429194	0.0
67.0	25.83603745447796	24.133561183541023	24.02251620872615	26.00788515325487	0.0
68.0	25.82091415002864	24.198446655380863	24.14756453868481	25.833074655905687	0.0
69.0	25.976120606617236	23.961316790778497	24.126123646743704	25.936438955860563	0.0
70.0	25.97571746755075	24.001561659967745	24.126366452471775	25.896354420009725	0.0
71.0	26.00867873326336	24.17852845549269	23.965720283658893	25.84707252758506	0.0
72.0	25.858272957681578	24.087004940989733	24.17020813599242	25.88451396533627	0.0
73.0	25.8579529453931	24.08796497785515	24.07612452318169	25.977957553570057	0.0
74.0	25.853472773354497	24.123166329587058	23.993881365044416	26.029479532014026	0.0
75.0	25.900514579759864	24.04732341721922	24.22141010214792	25.830751900872993	0.0
76.0	25.830751900872993	24.09596528506695	24.233570569109855	25.839712244950206	0.0
77.0	25.937636005222604	24.015642200660505	24.179488492358107	25.867233301758784	0.0
78.0	25.950436496761476	24.14268707918384	24.06300401935434	25.843872404700342	0.0
79.0	25.864673203451012	24.09180512531681	24.10396559227874	25.93955607895343	0.0
80.0	25.928035636568442	24.122846317298585	24.001561659967745	25.94755638616523	0.0
81.0	25.82979186400758	24.039323110007423	24.16988812370395	25.960996902281046	0.0
82.0	26.001318450628503	24.118046132971507	23.96636030823584	25.914275108164155	0.0
83.0	25.92387547681831	24.139486956299123	23.986841094698036	25.949796472184534	0.0
84.0	25.93603594378024	24.127646501625662	24.097565346509306	25.83875220808479	0.0
85.0	25.904034714933054	24.115806046952205	24.140126980876065	25.840032257238676	0.0
86.0	25.775069762678886	24.124126366452472	24.16604797624229	25.934755894626356	0.0
87.0	25.858592969970047	24.212769770359184	24.023002483295357	25.905634776375415	0.0
88.0	25.912355034433322	24.02844269219938	24.194849082204755	25.864353191162543	0.0
89.0	25.92579555054914	24.112285911779015	23.937239189984897	26.024679347686952	0.0
90.0	25.843552392411866	24.193249020762398	24.05916387189268	25.904034714933054	0.0
91.0	25.917795243337345	24.11516602237526	24.112925936355957	25.85411279793144	0.0
92.0	25.844512429277284	24.136606845702875	24.05372366298866	25.96515706203118	0.0
93.0	25.829389194499647	24.187091385616775	24.14356985365885	25.83994956622473	0.0
94.0	25.953233553821093	23.964363545596807	24.14997007894678	25.93243282163532	0.0
95.0	25.993151780856987	23.99596787097187	24.123331946622294	25.887548401548848	0.0
96.0	25.990591698934367	24.173573554353737	23.989887676405644	25.845947070306252	0.0
97.0	25.853627316074114	24.090050881628212	24.17485359531505	25.88146820698262	0.0
98.0	25.85586738775641	24.103491311721974	24.090690902108864	25.949950398412746	0.0
99.0	25.847547121507887	24.127172069506226	23.99340778904925	26.031873019936636	0.0
100.0	25.895228647316713	24.05484975519217	24.21677493679798	25.83314666069314	0.0
101.0	25.799545585458734	24.119811833978687	24.245575858427472	25.835066722135107	0.0
102.0	25.93042977375276	24.023168741399726	24.18317386156357	25.863227623283947	0.0
103.0	25.970751064034047	24.119491823738358	24.068610195526258	25.841146916701334	0.0
104.0	25.87474799193574	24.103491311721974	24.10541137316394	25.916349323178338	0.0
105.0	25.927229671349483	24.131012192390155	24.003968126980062	25.9377900092803	0.0
106.0	25.816826138436426	24.03916925341611	24.18477391276521	25.959230695382253	0.0
107.0	25.99827194470223	24.12077186469967	23.97260712342795	25.90834906717015	0.0
108.0	25.943230183365866	24.1303721719095	23.99212774808794	25.934269896636692	0.0
109.0	25.93042977375276	24.11629172133508	24.114691670133446	25.838586834778717	0.0
110.0	25.889468462990816	24.105091362923613	24.177733687477996	25.82770648660757	0.0
111.0	25.782905052961695	24.10413133220263	24.176773656757018	25.93618995807866	0.0
112.0	25.842746967902976	24.211654772952734	24.058369867835772	25.88722839130852	0.0
113.0	25.896828698518355	24.048769560625942	24.18989407661045	25.864507664245256	0.0
114.0	25.940990111683575	24.09997119907837	23.94764632468239	26.011392364555665	0.0
115.0	25.820346251080036	24.18573394348619	24.075970431053793	25.91794937437998	0.0
116.0	25.91090914909277	24.115971711094755	24.126532049025567	25.846587090786905	0.0
117.0	25.83026656853019	24.13069218214983	24.066370123843964	25.972671125476015	0.0
118.0	25.818508811510167	24.20405198262979	24.15445023664833	25.822988969211718	0.0
119.0	25.958993756580234	23.987404356633355	24.14612994377402	25.907471943012396	0.0
120.0	25.998758352320728	23.997081487929137	24.10172550625944	25.90243465349069	0.0
121.0	26.00195847520545	24.183968664396712	23.974680627736106	25.839392232661734	0.0
122.0	25.83683213435396	24.10524564143263	24.1670080131077	25.89091421110571	0.0
123.0	25.856032871662272	24.092125137605283	24.116766083817616	25.935075906914822	0.0
124.0	25.844832441565757	24.131486649087325	24.006361844294823	26.017319065052096	0.0
125.0	25.900834592048334	24.072924400296973	24.21917001612862	25.807070991526075	0.0
126.0	25.83555208520007	24.10140549397097	24.224290212744172	25.83875220808479	0.0
127.0	25.935075906914822	24.01820229896828	24.202849389416553	25.843872404700342	0.0
128.0	25.95939684083869	24.11388597322137	24.097245334220833	25.829471851719106	0.0
129.0	25.88803410050946	24.094365223624585	24.105885666009573	25.91171500985638	0.0
130.0	25.93603594378024	24.12892655077955	23.993561352755947	25.941476152684263	0.0
131.0	25.816351347891757	24.023642507872303	24.213089782647653	25.946916361588286	0.0
132.0	26.023079286244595	24.113245948644426	23.98108087350554	25.88259389160544	0.0
133.0	25.933795857760938	24.140446993164538	23.9906812421597	25.935075906914822	0.0
134.0	25.931235759453163	24.128286526202604	24.10716571516346	25.83331199918077	0.0
135.0	25.913315071298737	24.086684928701263	24.175648344896445	25.824351655103555	0.0
136.0	25.789232832085812	24.11556320742943	24.19492650894277	25.900277451541985	0.0
137.0	25.86219586734808	24.17124552381379	24.057960811169746	25.90859779766838	0.0
138.0	25.938359035735886	24.020199240288395	24.192366402442342	25.849075321533377	0.0
139.0	25.930358702922042	24.113323114241553	23.95907669759062	25.997241485245787	0.0
140.0	25.827954442904826	24.186606162816375	24.067241197233805	25.918198197044994	0.0
141.0	25.899637424916875	24.11396314086666	24.12900376655669	25.857395667659777	0.0
142.0	25.862918658755913	24.117240452372265	24.076278617282053	25.943562271589766	0.0
143.0	25.822679488615453	24.188041025969245	24.152519320927404	25.83676016448789	0.0
144.0	25.96732643166872	23.947069459334045	24.167240027521323	25.918364081475907	0.0
145.0	25.985650465303824	24.006669141460044	24.119634925308176	25.888045467927956	0.0
146.0	25.981810268685756	24.161237055337235	23.999628780993586	25.857323894983423	0.0
147.0	25.85604382944407	24.072272500352017	24.181398087582085	25.89028558262183	0.0
148.0	25.838442928277928	24.110994482917526	24.119954941693013	25.930607647111533	0.0
149.0	25.84036302658696	24.13595576093496	24.00986930530843	26.013811907169647	0.0
150.0	25.898285992242805	24.049871353413295	24.21755993906888	25.83428271527502	0.0
151.0	25.854443747519873	24.086353221284927	24.247641479243736	25.811561551951463	0.0
152.0	25.932847761805405	24.02843025562909	24.174997759885304	25.8637242226802	0.0
153.0	25.97156974437091	24.12091499084753	24.070352402042985	25.837162862738573	0.0
154.0	25.89380576285506	24.10075395860268	24.116434761459786	25.889005517082474	0.0
155.0	25.94244825335057	24.111314499302363	23.996108600760362	25.950128646586705	0.0
156.0	25.816681814108883	24.034510566941027	24.204439267290486	25.9443683516596	0.0
157.0	26.00869164501222	24.09851384390881	23.979787765133576	25.913006745945395	0.0
158.0	25.949168597432188	24.122515072771726	23.99258842052713	25.93572790926895	0.0
159.0	25.930287630726696	24.10491417160559	24.106194237144944	25.85860396052278	0.0
160.0	25.939248089502183	24.079632877203313	24.163157153646267	25.817961879648237	0.0
161.0	25.793083143723017	24.098590963348407	24.17059488036149	25.937731012567085	0.0
162.0	25.896448766812913	24.124512373473117	24.046108108281093	25.932930751432874	0.0
163.0	25.93485085588656	24.009626123661125	24.199396447166727	25.856126573285586	0.0
164.0	25.925570351027094	24.08195005808316	23.965463721226435	26.027015869663312	0.0
165.0	25.8385256157935	24.179875385220956	24.05922882204792	25.922370176937626	0.0
166.0	25.941891238883397	24.092190615169464	24.117471990476282	25.848446155470857	0.0
167.0	25.877970571104896	24.12106937359592	24.059945852881125	25.94101420241806	0.0
168.0	25.808929182894317	24.204351624578774	24.145788063914285	25.84093112861262	0.0
169.0	25.99230033186018	23.93937551403125	24.158588842201606	25.90973531190696	0.0
170.0	26.00774449564772	23.979134664618535	24.123463901689707	25.889656938044038	0.0
171.0	25.96998207885305	24.16026625704045	24.011776753712237	25.857974910394265	0.0
172.0	25.85573476702509	24.067460317460316	24.193868407578083	25.88293650793651	0.0
173.0	25.86373527905786	24.10138248847926	24.08730158730159	25.94758064516129	0.0
174.0	25.84069380440348	24.104902713773683	24.018817204301072	26.03558627752176	0.0
175.0	25.897337429595495	24.04857910906298	24.230030721966205	25.82405273937532	0.0
176.0	25.852534562211982	24.083461341525858	24.24795186891961	25.81605222734255	0.0
177.0	25.928699436763953	24.027457757296467	24.18874807987711	25.855094726062468	0.0
178.0	25.970942140296977	24.101062467997952	24.06490015360983	25.86309523809524	0.0
179.0	25.893177163338454	24.079621095750127	24.14010496671787	25.887096774193548	0.0
180.0	25.963261648745515	24.079301075268816	23.99737583205325	25.960061443932414	0.0
181.0	25.810931899641577	24.027457757296467	24.208909370199695	25.952700972862264	0.0
182.0	26.036226318484385	24.086661546338966	23.99257552483359	25.884536610343062	0.0
183.0	25.94726062467998	24.118343573988735	24.010816692268307	25.923579109062977	0.0
184.0	25.924859190988226	24.101062467997952	24.101062467997952	25.873015873015877	0.0
185.0	25.921979006656425	24.102982590885816	24.16090629800307	25.814132104454686	0.0
186.0	25.796293510923935	24.105939919162566	24.16386381164814	25.933902758265354	0.0
187.0	25.907660994818855	24.126741317016503	24.03489514495374	25.930702543210906	0.0
188.0	25.952143984075732	23.982411618060734	24.208986843915913	25.856457553947624	0.0
189.0	25.913101360411417	24.087698693352195	23.96865069332659	26.030549252909797	0.0
190.0	25.83085583351201	24.161303639604583	24.060496865389354	25.947343661494056	0.0
191.0	25.958224392679185	24.074897833134386	24.106899983678904	25.85997779050752	0.0
192.0	25.8991032968721	24.10921728889714	24.04521278297992	25.946466631250843	0.0
193.0	25.82782092762027	24.21778242878676	24.137456516799634	25.81694012679333	0.0
194.0	26.02527546027388	23.922080665136956	24.158898094899783	25.893745779689386	0.0
195.0	26.033359361999004	23.957359925242258	24.132413369346768	25.876867343411973	0.0
196.0	25.97607496255712	24.157695310999884	23.990962505920454	25.875267220522534	0.0
197.0	25.86630653234168	24.088890026754054	24.1727364661606	25.872066974743664	0.0
198.0	25.858945967050268	24.09337037084448	24.100730936135896	25.946952725969354	0.0
199.0	25.82598343552785	24.12249260743225	24.003443464458073	26.048080492581832	0.0
200.0	25.89961212028112	24.06422417655568	24.22808095548984	25.80808274767336	0.0
201.0	25.848737774591633	24.08277433560346	24.254314096983972	25.81417379282093	0.0
202.0	25.935953811983538	24.016360389423355	24.182140548290672	25.865545250302436	0.0
203.0	25.980938116086744	24.104513915559313	24.079870445758765	25.834677522595186	0.0
204.0	25.891977007668377	24.063536159154044	24.151229628870993	25.89325720430658	0.0
205.0	25.964794367098737	24.083853416546646	24.01248199711954	25.938870219235078	0.0
206.0	25.814876456279606	24.029253616694405	24.21200870567149	25.943861221354503	0.0
207.0	26.02117567230199	24.087647311112107	24.01435183110673	25.876825185479174	0.0
208.0	25.970002112527286	24.117699777864555	23.997029658602788	25.915268451005367	0.0
209.0	25.937247922561813	24.083238370827516	24.08835994417485	25.89115376243582	0.0
210.0	25.921883202519812	24.096682500864265	24.162942856045376	25.818491440570547	0.0
211.0	25.801298979830285	24.10475065541183	24.15724762243157	25.936702742326318	0.0
212.0	25.90246322764449	24.132588549752718	24.060244242065334	25.90470398053746	0.0
213.0	25.952258242127602	23.99892441795326	24.201556392830735	25.847260947088408	0.0
214.0	25.90088576029092	24.09799383457058	23.970587764535654	26.030532640602843	0.0
215.0	25.830791048168432	24.170969611022368	24.057647183105356	25.940592157703847	0.0
216.0	25.977584777368374	24.061950783828514	24.12437535413939	25.836089084663723	0.0
217.0	25.896367151985455	24.11323678178582	24.056893703661018	25.933502362567708	0.0
218.0	25.813226109032005	24.224069764091595	24.150758562844345	25.81194556403205	0.0
219.0	26.00323339682743	23.941542746466475	24.169801354185008	25.885422502521088	0.0
220.0	26.018376232552182	23.96785760020489	24.149058778332694	25.86470738891023	0.0
221.0	25.985721603278268	24.154821359969265	23.99667050838776	25.862786528364705	0.0
222.0	25.857200484066155	24.10214052005097	24.170332379287604	25.870326616595275	0.0
223.0	25.855599736196748	24.08389199433976	24.11782784917113	25.942680420292362	0.0
224.0	25.862201447140936	24.10962412755331	24.019978228853173	26.00819619645258	0.0
225.0	25.901747465886316	24.057591455410485	24.221516434119447	25.81914464458375	0.0
226.0	25.847970441898738	24.081271971671352	24.254163811816838	25.81659377461307	0.0
227.0	25.911850210673258	24.00394452057426	24.193486418298477	25.890718850454004	0.0
228.0	25.985502420532256	24.093581107041313	24.063484541891857	25.857431930534563	0.0
229.0	25.903394573549093	24.05882390609691	24.12990439354256	25.907877126811428	0.0
230.0	25.983145168003997	24.09209961769245	23.99892415965983	25.925831054643723	0.0
231.0	25.830982578263335	24.03373560329287	24.218487341143923	25.91679447729987	0.0
232.0	25.99845664682508	24.097122382783606	24.029240458907424	25.87518051148389	0.0
233.0	25.95859816525512	24.118409887769968	24.002817758281168	25.920174188693746	0.0
234.0	25.93267392675656	24.093742895475838	24.122241043096242	25.851342134671356	0.0
235.0	25.934453001168766	24.09228453865736	24.156646760274743	25.81661569989913	0.0
236.0	25.790771398379714	24.131096096576897	24.152870729129976	25.925261775913416	0.0
237.0	25.89485279519415	24.151579001300092	24.05551321544994	25.89805498805582	0.0
238.0	25.937620084539514	24.02427308825413	24.205200461124633	25.83290636608172	0.0
239.0	25.88399930829976	24.111837681010904	23.997194771258574	26.006968239430755	0.0
240.0	25.837227102555318	24.187912929021845	24.063974174622338	25.910885793800496	0.0
241.0	25.970515419673255	24.08633351589048	24.143022313607553	25.800128750828716	0.0
242.0	25.900444256534925	24.096512890486117	24.07120916571377	25.931833687265183	0.0
243.0	25.797699396820413	24.21719590363221	24.193171225482814	25.79193347406456	0.0
244.0	25.997590917245443	23.937056305902253	24.17251851662011	25.892834260232195	0.0
245.0	26.018698296135383	23.977456954830608	24.156237784911923	25.847606964122082	0.0
246.0	25.945864536368557	24.175102301093666	24.019367511672097	25.859665650865676	0.0
247.0	25.841209405777178	24.120171398719958	24.19292291223988	25.84569628326299	0.0
248.0	25.825061617207307	24.115484588486797	24.13856099382386	25.920892800482044	0.0
249.0	25.869468367088565	24.09639712693229	24.044794728222023	25.98933977775712	0.0
