# Position (bp)	A	C	G	T	N
0.0	26.177108248359982	23.746101016882772	23.81631768145133	26.260473053305915	0.0
1.0	26.23781349223001	23.721762969801237	23.774075783643152	26.266347754325597	0.0
2.0	26.226302671220807	23.74502415540021	23.701664722485642	26.327008450893345	0.0
3.0	26.190942403983332	23.66136115695544	23.75171333463873	26.3959831044225	0.0
4.0	26.106001611170782	23.819873344074473	23.79469880057286	26.279426244181884	0.0
5.0	26.248482576906078	23.6147395626465	23.819766498654598	26.317011361792826	0.0
6.0	26.277707077628765	23.737815878165776	23.689708699847568	26.294768344357895	0.0
7.0	26.27158463526371	23.81763465400256	23.631644599576	26.279136111157726	0.0
8.0	26.29088417490526	23.778334009201124	23.731349544838	26.199432271055613	0.0
9.0	26.379493088201983	23.71013795630032	23.71041761634557	26.19995133915213	0.0
10.0	26.326916408460942	23.79277173122742	23.62106958690813	26.259242273403505	0.0
11.0	26.34453405519077	23.740757726596495	23.640644749941274	26.274063468271457	0.0
12.0	26.31601024619962	23.555352968154004	23.80759292609537	26.321043859551	0.0
13.0	26.151858521907407	23.65854204185729	23.818219443170506	26.371379993064796	0.0
14.0	26.22232910882672	23.76396827705008	23.734325887314174	26.279376726809023	0.0
15.0	26.193246009463195	23.769561180773835	23.793051376413608	26.244141433349366	0.0
16.0	26.298951889842172	23.815422991308626	23.777391245987094	26.10823387286211	0.0
17.0	26.339986073708673	23.698185387461304	23.72083658419953	26.240991954630495	0.0
18.0	26.24742377592653	23.720556939795358	23.666026280981104	26.365993003297007	0.0
19.0	26.317894165778792	23.757749645550717	23.51250150308867	26.411854685581815	0.0
20.0	26.23931408820544	23.6844828116567	23.851150876545386	26.22505222359248	0.0
21.0	26.373469650277688	23.74034530394465	23.677425488956874	26.208759556820787	0.0
22.0	26.342429208217048	23.683018361400233	23.74565853276584	26.228893897616878	0.0
23.0	26.281466898584444	23.717694170549052	23.77530075671564	26.225538174150863	0.0
24.0	26.124307182926078	23.87681139156259	23.742862096544165	26.256019328967163	0.0
25.0	26.175761609404972	23.740624947566822	23.821441954373345	26.262171488654857	0.0
26.0	26.241757504236602	23.72468526110325	23.765513229939764	26.268044004720387	0.0
27.0	26.23616463179324	23.74202316567766	23.6989580478638	26.322854154665293	0.0
28.0	26.182193412714838	23.65645221729428	23.756844277652558	26.404510092338324	0.0
29.0	26.110045358195517	23.833186986504398	23.81109514035313	26.24567251494695	0.0
30.0	26.23896106801492	23.612548168613916	23.839339146192092	26.309151617179065	0.0
31.0	26.28090761134011	23.730557777168777	23.694204106286946	26.294330505204165	0.0
32.0	26.271679371808567	23.804663337043273	23.62457284436714	26.299084446781023	0.0
33.0	26.301601239380535	23.799070464599914	23.698119116997297	26.201209179022257	0.0
34.0	26.390527911229928	23.710703079994854	23.696720898886458	26.20204810988876	0.0
35.0	26.33795491026236	23.793477592156556	23.625411775233644	26.24315572234744	0.0
36.0	26.345505288060895	23.736150649612135	23.643588610674556	26.274755451652414	0.0
37.0	26.331243463330335	23.566406970956212	23.78480863986935	26.317540925844103	0.0
38.0	26.146678672699515	23.663722951470646	23.83346663012657	26.356131745703276	0.0
39.0	26.234486770060233	23.756005346786054	23.731955995279616	26.277551887874097	0.0
40.0	26.19254022673505	23.772224676871794	23.793757235778724	26.24147786061443	0.0
41.0	26.316142707733263	23.820323379884677	23.74733639449885	26.11619751788321	0.0
42.0	26.350185543024452	23.689104276018668	23.735524987485984	26.2251851934709	0.0
43.0	26.264335191093934	23.72238177399825	23.65330999247761	26.359973042430205	0.0
44.0	26.318585902085857	23.73860105872779	23.530267142805208	26.41254589638114	0.0
45.0	26.218753408147116	23.683511419215378	23.858567837158382	26.239167335479124	0.0
46.0	26.357382550335572	23.735178970917225	23.694351230425056	26.213087248322147	0.0
47.0	26.34228187919463	23.68400447427293	23.72986577181208	26.243847874720355	0.0
48.0	26.286353467561526	23.722035794183448	23.76454138702461	26.227069351230426	0.0
49.0	26.112136465324387	23.888422818791945	23.73881431767338	26.26062639821029	0.0
50.0	26.18708053691275	23.717281879194633	23.827740492170022	26.2678970917226	0.0
51.0	26.247483221476507	23.71784116331096	23.77209172259508	26.262583892617446	0.0
52.0	26.232662192393736	23.74440715883669	23.686241610738254	26.33668903803132	0.0
53.0	26.194351230425056	23.656040268456376	23.766778523489933	26.382829977628635	0.0
54.0	26.09927293064877	23.83305369127517	23.815436241610737	26.25223713646532	0.0
55.0	26.236017897091724	23.61381431767338	23.840883668903803	26.309284116331096	0.0
56.0	26.290268456375838	23.74133109619687	23.659675615212528	26.308724832214764	0.0
57.0	26.266778523489933	23.809843400447427	23.63115212527964	26.292225950783	0.0
58.0	26.28998881431767	23.79530201342282	23.704977628635344	26.20973154362416	0.0
59.0	26.373042505592842	23.71560402684564	23.706935123042506	26.204418344519016	0.0
60.0	26.355704697986575	23.792505592841163	23.63562639821029	26.21616331096197	0.0
61.0	26.35486577181208	23.732382550335572	23.649608501118568	26.263143176733784	0.0
62.0	26.325223713646533	23.552013422818792	23.799217002237135	26.323545861297536	0.0
63.0	26.12807606263982	23.659116331096197	23.839485458612973	26.373322147651006	0.0
64.0	26.241051454138702	23.73489932885906	23.746085011185684	26.277964205816556	0.0
65.0	26.17813199105146	23.77069351230425	23.781599552572708	26.26957494407159	0.0
66.0	26.3255033557047	23.819071588366892	23.71784116331096	26.13758389261745	0.0
67.0	26.343606421682264	23.690929275924844	23.74434075967349	26.2211235427194	0.0
68.0	26.270060766049312	23.744900042225833	23.648144160670693	26.336895031054162	0.0
69.0	26.312845881303463	23.73539223883602	23.528737335745706	26.42302454411481	0.0
70.0	26.22336067292877	23.66268550703158	23.86794220374104	26.246011616298613	0.0
71.0	26.341575270831818	23.739520472480578	23.70316720823709	26.21573704845051	0.0
72.0	26.33821958490165	23.68750734056297	23.746511484835096	26.227761589700282	0.0
73.0	26.280893283594608	23.712674985039232	23.771119848322996	26.23531188304316	0.0
74.0	26.11590539202801	23.89192454180905	23.743715079893292	26.248454986269653	0.0
75.0	26.188891561009164	23.71099714207415	23.81362520343846	26.286486093478224	0.0
76.0	26.247895705281287	23.721343840358834	23.77671265820661	26.25404779615327	0.0
77.0	26.237269366502424	23.73169053864352	23.6986929603302	26.332347134523854	0.0
78.0	26.18917120150335	23.655348683732193	23.770840207828815	26.384639906935643	0.0
79.0	26.10807545819095	23.845783860269236	23.814743765415184	26.231396916124627	0.0
80.0	26.23055799464209	23.6248678698665	23.83012399259512	26.314450142896295	0.0
81.0	26.30102739917562	23.73504622457369	23.6654157415227	26.298510634727997	0.0
82.0	26.279774721617887	23.809150955531567	23.618995419488705	26.292078903361837	0.0
83.0	26.298230994233812	23.789016839950563	23.69449835291749	26.21825381289814	0.0
84.0	26.375411770627682	23.71547138998104	23.716589951957765	26.192526887433516	0.0
85.0	26.344651316267807	23.80663419108394	23.622910386407234	26.225804106241018	0.0
86.0	26.335982460948205	23.732529460126063	23.647239109400957	26.284248969524782	0.0
87.0	26.33402497748894	23.54349248605992	23.80243958367123	26.320042952779904	0.0
88.0	26.134920945632295	23.66178041509835	23.82620902567659	26.377089613592762	0.0
89.0	26.269707663827386	23.712395344545055	23.734207303091146	26.283689688536416	0.0
90.0	26.201475383247296	23.770280926840453	23.756019261637242	26.27222442827501	0.0
91.0	26.337380663419108	23.807473112566484	23.72861449320753	26.126531730806875	0.0
92.0	26.347933322707025	23.698067409949022	23.751478594978227	26.202520672365726	0.0
93.0	26.283056909477832	23.751758234690428	23.65724001196858	26.30794484386317	0.0
94.0	26.323325028033885	23.745885800734335	23.51937763385654	26.411411537375244	0.0
95.0	26.23328104070715	23.656960372256385	23.880392502300037	26.229366084736427	0.0
96.0	26.34534289325623	23.73659131329627	23.70946633706558	26.20859945638192	0.0
97.0	26.325768168141295	23.698001140926834	23.746378675853737	26.22985201507813	0.0
98.0	26.294728246887615	23.703873558461314	23.758962427713335	26.242435766937728	0.0
99.0	26.130859833782623	23.88368139058847	23.73155781255243	26.253900963076475	0.0
100.0	26.196015704522317	23.72288900571582	23.806501045849597	26.274594243912258	0.0
101.0	26.26956074316842	23.70946633706558	23.767910873480165	26.253062046285834	0.0
102.0	26.25669735237861	23.717575866041766	23.685417389067236	26.34030939251239	0.0
103.0	26.189584009127415	23.65549602353441	23.7561660384112	26.398753928926972	0.0
104.0	26.116877887271954	23.85376002505565	23.80342501761725	26.225937070055146	0.0
105.0	26.241876489077303	23.635641659489266	23.808738157291305	26.313743694142122	0.0
106.0	26.299761747631457	23.72205008892518	23.658851690696974	26.31933647274639	0.0
107.0	26.29808391405018	23.807899240500667	23.6068388496773	26.28717799577186	0.0
108.0	26.32940347423407	23.789163432176373	23.664444469301237	26.21698862428832	0.0
109.0	26.37526425878905	23.72121117213454	23.699399335577905	26.204125233498505	0.0
110.0	26.37162895269628	23.7981118779432	23.626133935862015	26.204125233498505	0.0
111.0	26.338351920000896	23.730998534692006	23.64934396706972	26.28130557823738	0.0
112.0	26.34506325432601	23.540844062146956	23.799510072594266	26.314582610932764	0.0
113.0	26.148756725316268	23.632285992326707	23.84033735640541	26.378619925951615	0.0
114.0	26.275153521772687	23.70107716915918	23.736870952226486	26.286898356841647	0.0
115.0	26.199091732754663	23.766792317759307	23.746099036923525	26.2880169125625	0.0
116.0	26.30255813693359	23.828033243476025	23.744421203342245	26.124987416248143	0.0
117.0	26.352127918389947	23.71260867498315	23.73414093282215	26.20112247380475	0.0
118.0	26.282217990341245	23.738894807929466	23.665069923910035	26.313817277819258	0.0
119.0	26.338145932780204	23.73637805051971	23.51881835443215	26.406657662267936	0.0
120.0	26.216502657975465	23.66898487988076	23.877875744890282	26.236636717253493	0.0
121.0	26.349684845163058	23.74399472038747	23.72721629073663	26.179104143712845	0.0
122.0	26.30522200658833	23.69785403884766	23.771119848322996	26.225804106241018	0.0
123.0	26.299629196704714	23.709878580097428	23.746511484835096	26.243980738362758	0.0
124.0	26.12876885476032	23.882137124512724	23.73085161716098	26.258242403565973	0.0
125.0	26.197840056822947	23.71519174948686	23.802998864659592	26.283969329030597	0.0
126.0	26.285367531501503	23.720784559370472	23.7551803401547	26.238667568973327	0.0
127.0	26.262437010978683	23.7233013238181	23.67128819190049	26.34297347330272	0.0
128.0	26.181900548654653	23.6740845968423	23.745952203846734	26.398062650656318	0.0
129.0	26.113108987086203	23.85976588497827	23.819497653816253	26.20762747411927	0.0
130.0	26.22216877981667	23.6335367251861	23.82117549678134	26.323118998215893	0.0
131.0	26.29047457920979	23.724486229065356	23.67554900573544	26.309490185989414	0.0
132.0	26.27705179795359	23.82571637103923	23.62073931560594	26.276492515401245	0.0
133.0	26.327460850111855	23.773489932885905	23.703299776286354	26.195749440715883	0.0
134.0	26.367449664429532	23.72790827740492	23.705816554809843	26.198825503355707	0.0
135.0	26.352069351230423	23.82046979865772	23.630592841163313	26.19686800894855	0.0
136.0	26.323266219239372	23.731263982102906	23.654362416107382	26.291107382550337	0.0
137.0	26.317673378076062	23.532997762863534	23.82410514541387	26.325223713646533	0.0
138.0	26.13430127041742	23.638488921948884	23.834238910064066	26.392970897569622	0.0
139.0	26.263775905413606	23.698612132584262	23.737482487367135	26.300129474634996	0.0
140.0	26.18855198140934	23.76600605706392	23.753142486416348	26.292299475110386	0.0
141.0	26.32641590161046	23.793970341080374	23.7464310582524	26.133182699056768	0.0
142.0	26.3611653309023	23.70846593101751	23.731955995279616	26.198412742800574	0.0
143.0	26.308665900440996	23.72978520513315	23.673017391085498	26.28853150334035	0.0
144.0	26.340825006921197	23.698465031865478	23.52788194531833	26.432828015894987	0.0
145.0	26.2340008445261	23.644214017455404	23.881911761004705	26.23987337701379	0.0
146.0	26.345932281121716	23.75390105034732	23.703285271647335	26.196881396883636	0.0
147.0	26.30146869651786	23.709157820557277	23.768442600029083	26.220930882895782	0.0
148.0	26.310696987662052	23.72985156433517	23.723140079866663	26.23631136813611	0.0
149.0	26.082506515732838	23.896520095303078	23.745511694761685	26.275461694202395	0.0
150.0	26.211702591751585	23.713352498350094	23.80395753867493	26.27098737122339	0.0
151.0	26.281201586156367	23.703697489331475	23.745085208364795	26.27001571614736	0.0
152.0	26.27029536289759	23.702019608830128	23.66175047679771	26.36593455147458	0.0
153.0	26.216323540104142	23.63993803028015	23.75095779011952	26.392780639496188	0.0
154.0	26.121243645027604	23.853028853951688	23.80017561815914	26.22555188286157	0.0
155.0	26.238135986621696	23.629870747272047	23.81443760242062	26.31755566368563	0.0
156.0	26.265055524017527	23.71411073482982	23.684468096411283	26.336365644741367	0.0
157.0	26.27959719569455	23.811987371117443	23.61036150036494	26.298053932823066	0.0
158.0	26.334761404058256	23.76758987896821	23.668874024027385	26.22877469294615	0.0
159.0	26.361607642229135	23.737667509340255	23.678102418398623	26.222622430031993	0.0
160.0	26.357133269200656	23.827993914852684	23.640070247656546	26.17480256829012	0.0
161.0	26.31630461531578	23.747455200340053	23.66971296897022	26.266527215373948	0.0
162.0	26.338117183829617	23.541074744401442	23.82379919013848	26.29700888163046	0.0
163.0	26.123140683070883	23.64964442617404	23.857983002927927	26.369231887827155	0.0
164.0	26.26632102038362	23.703616701762627	23.75143669723231	26.278625580621433	0.0
165.0	26.175714713177907	23.767656344818523	23.76038546831436	26.296243473689213	0.0
166.0	26.331199610728458	23.80792581468773	23.73997108428344	26.120903490300375	0.0
167.0	26.376856176067566	23.715428283788697	23.73780027405688	26.169915266086857	0.0
168.0	26.287721378454037	23.741502115557246	23.680817922251524	26.289958583737196	0.0
169.0	26.32827072421132	23.74010386225527	23.5189001898828	26.412725223650618	0.0
170.0	26.22507963052555	23.671589450458487	23.86902281669738	26.234308102318582	0.0
171.0	26.338411803528082	23.75051735516852	23.72339116525163	26.18767967605177	0.0
172.0	26.29898095014374	23.717238833517904	23.763101670078417	26.22067854625994	0.0
173.0	26.304014676107702	23.713044061881273	23.758067944114455	26.224873317896574	0.0
174.0	26.07805631061445	23.903207042741926	23.74268711478014	26.27604953186349	0.0
175.0	26.213407608756444	23.725069073906283	23.80588834077206	26.255634976565208	0.0
176.0	26.284586085585005	23.712897037356047	23.737786154938952	26.264730722119996	0.0
177.0	26.27843371944092	23.70702432421851	23.64298378571868	26.371558170621896	0.0
178.0	26.209359426823198	23.651653028921714	23.761556660495657	26.377430883759434	0.0
179.0	26.136649645120336	23.851604928604587	23.80378426448463	26.20796116179045	0.0
180.0	26.232850279373356	23.657246089052702	23.795953980301242	26.3139496512727	0.0
181.0	26.295845742970204	23.722751233972343	23.673252513388427	26.30815050966903	0.0
182.0	26.29752366570186	23.796020526588084	23.61983863976397	26.28661716794608	0.0
183.0	26.348773994362162	23.784341581278802	23.69708935522842	26.169795069130608	0.0
184.0	26.368909123450713	23.75945232448879	23.67695422613987	26.194684325920626	0.0
185.0	26.35185019463958	23.833001476576133	23.667445970736946	26.147702358047344	0.0
186.0	26.30990200903844	23.771757125598462	23.661013915611438	26.25732694975167	0.0
187.0	26.33954539352991	23.546075887064298	23.826849076021297	26.287529643384495	0.0
188.0	26.118411669458556	23.66919009013292	23.849567792652334	26.362830447756185	0.0
189.0	26.25991727794666	23.71421460192459	23.741620826493428	26.28424729363532	0.0
190.0	26.172944463243496	23.760078079774484	23.777137056291824	26.28984040069019	0.0
191.0	26.32423800907761	23.816009150323143	23.739663239024228	26.12008960157502	0.0
192.0	26.358709331006597	23.726306133977662	23.73944997231404	26.175534562701703	0.0
193.0	26.312919310589766	23.730846996904198	23.667085219852286	26.28914847265375	0.0
194.0	26.346757797533986	23.711830326555383	23.520265338482748	26.42114653742788	0.0
195.0	26.25586929954332	23.65450065859204	23.865641630847275	26.223988411017363	0.0
196.0	26.337323116505395	23.74014206611108	23.72671849656021	26.19581632082331	0.0
197.0	26.289221992281448	23.69987135745847	23.788243190335027	26.222663459925048	0.0
198.0	26.316628446781138	23.71273561161139	23.75440460875888	26.216231332848594	0.0
199.0	26.07164830247777	23.915487443369315	23.741260696906984	26.271603557245932	0.0
200.0	26.221824486828123	23.697074780468707	23.81760724872756	26.263493483975616	0.0
201.0	26.288397431594962	23.70712799516746	23.73285679128353	26.27161778195405	0.0
202.0	26.28504150166678	23.712161890059736	23.63833143163971	26.36446517663378	0.0
203.0	26.19499071526053	23.65371277714388	23.763899143119225	26.38739736447636	0.0
204.0	26.120041613531107	23.84667874801441	23.819271986934247	26.214007651520237	0.0
205.0	26.213448329865543	23.659026332863505	23.801653354811283	26.325871982459674	0.0
206.0	26.301335384185137	23.730406208487732	23.65489757393554	26.3133608333916	0.0
207.0	26.299657414528422	23.79165210095784	23.612109347689294	26.296581136824443	0.0
208.0	26.34363796025438	23.809896692712556	23.694955449781023	26.15150989725204	0.0
209.0	26.363493990055204	23.752565902442573	23.6750994199802	26.208840687522024	0.0
210.0	26.372443186585155	23.81940521402563	23.65048912952284	26.157662469866377	0.0
211.0	26.298612315213077	23.760116787014717	23.671463808889907	26.269807088882303	0.0
212.0	26.317349695447657	23.540581809639402	23.84485449165767	26.29721400325527	0.0
213.0	26.13396425345314	23.665657082609705	23.867573894002064	26.33280476993509	0.0
214.0	26.293092599273436	23.70397093740299	23.743123781717298	26.259812681606277	0.0
215.0	26.174235750462145	23.76409851974282	23.772208751779356	26.28945697801568	0.0
216.0	26.307075757957115	23.80856496435693	23.73445422333342	26.14990505435254	0.0
217.0	26.36476010425872	23.712986475451096	23.735918919825938	26.18633450046424	0.0
218.0	26.309460219089353	23.74549390191039	23.666069116343326	26.278976762656924	0.0
219.0	26.33994367552178	23.69571357856202	23.531270712669652	26.433072033246546	0.0
220.0	26.23982369934922	23.631390688842217	23.882809288225275	26.245976323583285	0.0
221.0	26.36406857398551	23.728500713147078	23.724585395866544	26.18284531700087	0.0
222.0	26.282126576614367	23.72933970970719	23.764297899711945	26.224235813966494	0.0
223.0	26.298626842296613	23.71647509578544	23.748356965069778	26.23654109684817	0.0
224.0	26.0698604469055	23.89154571132925	23.77212853427301	26.266465307492236	0.0
225.0	26.209133875884444	23.70053416114327	23.820231003719552	26.270100959252733	0.0
226.0	26.28059557902273	23.736743780204044	23.737862448541254	26.244798192231965	0.0
227.0	26.266612224807588	23.73926078396277	23.63522462860211	26.35890236262753	0.0
228.0	26.18998344370861	23.649207982817256	23.77058349740469	26.390225076069445	0.0
229.0	26.10943932342939	23.84245793807052	23.816448899230355	26.231653839269732	0.0
230.0	26.23724718095579	23.644733309468407	23.812253892965813	26.30576561660999	0.0
231.0	26.295771142191533	23.7278607925228	23.66018116884388	26.316186896441785	0.0
232.0	26.30919519978074	23.79582008406816	23.612078295815888	26.282906420335213	0.0
233.0	26.35485476807079	23.80455636162275	23.68961254705425	26.150976323252213	0.0
234.0	26.3696772064458	23.73407986217929	23.68597685462264	26.210266076752266	0.0
235.0	26.36240582158259	23.838955605398723	23.64626390652355	26.152374666495138	0.0
236.0	26.31626049456604	23.756733022714688	23.673951102733483	26.25305537998579	0.0
237.0	26.32716757186086	23.571033040054143	23.826370516212393	26.275428871872602	0.0
238.0	26.130633591095325	23.66394921203138	23.86279417728245	26.342623019590842	0.0
239.0	26.282494091983278	23.717366073301356	23.754841777019564	26.245298057695805	0.0
240.0	26.16542488924688	23.766612968183647	23.774723676556135	26.293238466013335	0.0
241.0	26.31552450368912	23.83131303525779	23.735658867029517	26.11750359402357	0.0
242.0	26.350030347188618	23.713321157164874	23.743808194580023	26.19284030106649	0.0
243.0	26.323930464456037	23.72040333972001	23.671174636029257	26.28449155979469	0.0
244.0	26.346632056234494	23.68791310842147	23.53155078418922	26.433904051154816	0.0
245.0	26.26851476285718	23.61525658419234	23.872330307565353	26.24389834538512	0.0
246.0	26.33788947760067	23.729529521688775	23.730928256113867	26.201652744596686	0.0
247.0	26.302891273027374	23.705081758543034	23.768306500118896	26.223720468310695	0.0
248.0	26.2849709042077	23.734892569382275	23.74608325872874	26.23405326768129	0.0
249.0	26.061716651745748	23.896038495971354	23.76370859444942	26.278536257833483	0.0
