# Position (bp)	A	C	G	T	N
0.0	26.158249722141868	23.939952193176108	24.016686713052483	25.88511137162954	0.0
1.0	25.982856533853017	24.064189034880712	24.006638144973433	25.94631628629284	0.0
2.0	25.977577082584784	23.99562747020529	23.953607337080637	26.073188110129287	0.0
3.0	25.962847147159035	24.073233930218894	24.029693052032872	25.934225870589202	0.0
4.0	26.07212994960951	23.931675978504117	23.951771278944083	26.044422792942285	0.0
5.0	26.10076296833042	24.003361201264102	23.825254069062943	26.070621761342533	0.0
6.0	26.05892148774169	24.008816607858837	23.93148862456655	26.000773279832924	0.0
7.0	25.93216107938286	23.974683698444977	23.892183485344795	26.200971736827366	0.0
8.0	25.9923775661788	23.988444585149647	23.873073082823954	26.1461047658476	0.0
9.0	26.134813948957724	23.887407461523473	23.91206409507111	26.06571449444769	0.0
10.0	25.954786335452884	23.88221435550591	24.06241153748984	26.10058777155137	0.0
11.0	25.917042331118413	24.010056950832347	24.06241153748984	26.010489180559404	0.0
12.0	25.99466104970946	23.961963784019066	23.877344161398234	26.166031004873236	0.0
13.0	26.092369318994667	23.867603773182886	23.989054238743	26.050972669079442	0.0
14.0	26.130722097592603	23.878257322793424	23.916914488523084	26.074106091090893	0.0
15.0	26.084759640701428	23.993315658587218	23.8554282879137	26.06649641279765	0.0
16.0	26.027534859936264	23.922393456894216	24.06545540880714	25.984616274362388	0.0
17.0	25.9776153703326	24.130594254997277	23.912348681547137	25.97944169312298	0.0
18.0	25.920694976699167	24.064846634543677	23.905347777517356	26.1091106112398	0.0
19.0	26.154464293867512	23.905347777517356	23.940047910534535	26.000140018080597	0.0
20.0	25.974717758750316	23.999866070477367	23.98647311821411	26.038943052558206	0.0
21.0	26.05020530787049	24.072309766810438	23.79349285151173	26.083992073807345	0.0
22.0	26.09251486161123	23.803841950987884	24.003214308543182	26.100428878857702	0.0
23.0	25.96345550343803	24.021781810544514	23.900636469617783	26.11412621639967	0.0
24.0	26.097080640791887	23.940206555850132	23.923160980242354	26.039551823115627	0.0
25.0	26.17774273965014	23.932596923882375	24.015694104970304	25.87396623149718	0.0
26.0	26.005765057178778	24.04339316533295	24.006562546608993	25.944279230879282	0.0
27.0	25.992067719636808	23.981907339033455	23.941119711686266	26.084905229643475	0.0
28.0	25.968630053176106	24.04430632116908	24.01873795775741	25.968325667897396	0.0
29.0	26.077295597675715	23.916464504110724	23.96942754260633	26.036812355607236	0.0
30.0	26.11473498695709	23.990430126837346	23.81936560020211	26.07546928600345	0.0
31.0	26.0739473596099	24.00991078467481	23.923160980242354	25.992980875472938	0.0
32.0	25.929364352222468	23.97003631316375	23.91311626604491	26.187483068568874	0.0
33.0	25.997851039932307	23.975819633459245	23.876590032599662	26.149739294008782	0.0
34.0	26.160697164042357	23.887243517354527	23.909159257421674	26.04290006118144	0.0
35.0	25.95401955979801	23.86624093312351	24.062569437891707	26.117170069186773	0.0
36.0	25.933930131403127	23.999866070477367	24.055264191202657	26.01093960691685	0.0
37.0	25.988110711013572	23.966688075097935	23.887243517354527	26.157957696533963	0.0
38.0	26.094036788004786	23.871111097582876	23.973080165950854	26.061771948461487	0.0
39.0	26.12051830725259	23.87567687676353	23.917377659946855	26.086427156037022	0.0
40.0	26.088253467709286	23.975819633459245	23.869893556468035	26.066033342363433	0.0
41.0	26.020984321114295	23.917682045225565	24.064395749563968	25.996937884096173	0.0
42.0	25.96528181511029	24.133795593109937	23.92194343912751	25.978979152652258	0.0
43.0	25.917797711631472	24.065613290678808	23.92133466857009	26.095254329119626	0.0
44.0	26.14639105594297	23.909768027979094	23.942946023358527	26.000894892719405	0.0
45.0	25.987343737158824	23.989979697625504	23.968672857825545	26.054003707390127	0.0
46.0	26.064657127290104	24.05998788553966	23.811611010157275	26.063743977012965	0.0
47.0	26.090225335050054	23.799435673128727	24.003372568356905	26.10696642346431	0.0
48.0	25.968776348190286	24.0143303716826	23.899577820188536	26.117315459938578	0.0
49.0	26.087181500792916	23.94188711636274	23.925146027948486	26.045785354895855	0.0
50.0	26.188236798129864	23.934886297571325	24.0076339363169	25.869242967981908	0.0
51.0	25.99525770622738	24.031984610373996	24.017982972791167	25.95477471060746	0.0
52.0	25.978516617813124	23.97567367661696	23.948887935154158	26.09692177041576	0.0
53.0	25.98034291836741	24.05603090100538	24.029549542968287	25.934076637658926	0.0
54.0	26.095399853287187	23.933364380442757	23.945235334045588	26.026000432224468	0.0
55.0	26.10696642346431	24.00276380150548	23.814046077562985	26.076223697467228	0.0
56.0	26.076832464318656	23.98937093077408	23.944017800342735	25.989778804564533	0.0
57.0	25.946860741538902	23.967759707548407	23.894403301951403	26.190976248961288	0.0
58.0	25.99434455595024	23.990892847902646	23.871878928448588	26.142883667698523	0.0
59.0	26.16053790638992	23.87766221353715	23.905969872128523	26.055830007944408	0.0
60.0	25.959340461993165	23.86700879363717	24.05390021702538	26.119750527344287	0.0
61.0	25.93377225423321	23.989066547348365	24.07825089108248	25.998910307335944	0.0
62.0	26.00073660789023	23.959541355054135	23.891968234545693	26.147753802509943	0.0
63.0	26.105140122910026	23.869139477617164	23.960454505331274	26.065265894141532	0.0
64.0	26.114576009107154	23.89014193399141	23.933364380442757	26.06191767645868	0.0
65.0	26.088399034495772	23.967759707548407	23.879792897517145	26.06404836043868	0.0
66.0	26.021434680838755	23.924232877671344	24.054204600451097	26.0001278410388	0.0
67.0	25.98703935373311	24.1187338867024	23.916318908602786	25.9779078509617	0.0
68.0	25.92951088627322	24.044768714253973	23.92879862905705	26.09692177041576	0.0
69.0	26.15140640361851	23.907796172682804	23.95101861913415	25.989778804564533	0.0
70.0	25.97348836501438	23.99653005007077	23.98952927389776	26.04045231101709	0.0
71.0	26.07454304716392	24.051318733163896	23.808726619690443	26.065411599981736	0.0
72.0	26.07789124446406	23.80537842239031	24.014488562862404	26.102241770283225	0.0
73.0	25.97348836501438	24.01722799701706	23.88999649961191	26.119287138356643	0.0
74.0	26.09524099411022	23.927435433058882	23.921956564749568	26.055367008081333	0.0
75.0	26.181380979195517	23.94174136697764	24.012966654998706	25.863910998828132	0.0
76.0	26.011536061606833	24.053449404173072	24.0029220630983	25.9320924711218	0.0
77.0	25.992055640951495	23.98648545817036	23.953916629887225	26.067542270990913	0.0
78.0	25.978054088605475	24.05527569360951	24.036404036099654	25.93026618168536	0.0
79.0	26.091284033664603	23.92865295934984	23.964569984933114	26.015493022052443	0.0
80.0	26.106198730728842	24.001704536807342	23.836120961237008	26.05597577122681	0.0
81.0	26.082456968055155	23.999573865798165	23.93656688024107	25.981402285905613	0.0
82.0	25.939702010440286	23.977962774133655	23.90765063083081	26.174684584595248	0.0
83.0	25.981097904332874	23.99713881321625	23.88390886815712	26.13785441429376	0.0
84.0	26.153986637648956	23.87660371041137	23.927435433058882	26.041974218880785	0.0
85.0	25.972879601868904	23.87112484210206	24.064102759218958	26.09189279681008	0.0
86.0	25.94335458931316	23.98648545817036	24.08297441672881	25.987185535787667	0.0
87.0	26.006665956442998	23.956960445614623	23.888778973320953	26.147594624621423	0.0
88.0	26.09189279681008	23.876908091984113	23.96578751122407	26.065411599981736	0.0
89.0	26.133593072275403	23.88482201287534	23.916477696440257	26.065107218408993	0.0
90.0	26.087327073218987	23.966091892796808	23.88999649961191	26.05658453437229	0.0
91.0	26.017014929916144	23.92073903845861	24.0759736405558	25.98627239106944	0.0
92.0	25.963748154686716	24.124674692194134	23.940523840686684	25.971053312432463	0.0
93.0	25.91535148462112	24.043100430699926	23.921956564749568	26.119591519929386	0.0
94.0	26.132679927557184	23.918303985876697	23.96548312965133	25.98353295691479	0.0
95.0	25.985201058023904	23.98999199481337	24.00338470248404	26.021422244678682	0.0
96.0	26.05246897609706	24.057868672326098	23.820756870611227	26.068905480965615	0.0
97.0	26.086255124993528	23.796406493028183	24.012211714357896	26.105126667620386	0.0
98.0	25.955676225204467	24.015559891275565	23.90963574878933	26.11912813473064	0.0
99.0	26.082298188636287	23.93885620188898	23.910244508228907	26.068601101245825	0.0
100.0	26.186396052803794	23.9510313906805	23.989687615093583	25.872884941422125	0.0
101.0	26.00346384121119	24.045997863254367	24.019821207352596	25.930717088181847	0.0
102.0	25.979722223067718	23.984513159857183	23.956814605356474	26.07895001171862	0.0
103.0	25.987636095782214	24.043867205215854	24.037170851380516	25.931325847621423	0.0
104.0	26.10177849070272	23.905678812432086	23.962902199752236	26.02964049711296	0.0
105.0	26.115171198373393	23.9942533108904	23.838106514639144	26.05246897609706	0.0
106.0	26.06494854460837	24.006428499681924	23.934899265531737	25.993723690177973	0.0
107.0	25.948066732209767	23.958336503955415	23.929116050855765	26.164480712979056	0.0
108.0	26.002246322332034	23.988165716494642	23.877371498491797	26.132216462681523	0.0
109.0	26.17026392765503	23.84784666567236	23.93885620188898	26.043033204783633	0.0
110.0	25.971808350353232	23.863978790821125	24.095307377860028	26.068905480965615	0.0
111.0	25.944109795852523	23.97477300882397	24.08739350514554	25.993723690177973	0.0
112.0	26.002246322332034	23.968076654988632	23.89563428167908	26.13404274100025	0.0
113.0	26.090516441070566	23.868544486617946	23.97720804658227	26.06373102572922	0.0
114.0	26.14713106895114	23.862456892222188	23.93398612637237	26.056425912454305	0.0
115.0	26.08838578303205	23.970816072466725	23.895025522239504	26.045772622261726	0.0
116.0	26.002550702051824	23.933681746652585	24.0858716065466	25.97789594474899	0.0
117.0	25.964198857358532	24.13700739947099	23.944335036845168	25.95445870632532	0.0
118.0	25.90727984975817	24.055433634567798	23.93733430329004	26.099952212383993	0.0
119.0	26.148044208110505	23.910548887948693	23.963206579472025	25.97820032446878	0.0
120.0	25.985359246351226	23.990138037043238	23.991964326479675	26.032538390125865	0.0
121.0	26.06419407369078	24.05436254889129	23.8129879617088	26.068455415709135	0.0
122.0	26.075760573454883	23.810248527554144	24.020880575889937	26.093110323101037	0.0
123.0	25.964661299404934	24.000791392089123	23.92347847261327	26.111068835892677	0.0
124.0	26.08702269164625	23.932914301368193	23.9152601701493	26.06480283683626	0.0
125.0	26.171032005722374	23.956351682469144	23.999269484225426	25.87334682758306	0.0
126.0	26.023711324516412	24.043100430699926	24.022706865326374	25.91048137945729	0.0
127.0	25.987489917360403	23.967918182233248	23.971266379533382	26.073325520872963	0.0
128.0	25.98170666747835	24.03823032553609	24.034882128235957	25.945180878749603	0.0
129.0	26.099806717701313	23.89882356522136	23.97278828739708	26.028581429680248	0.0
130.0	26.13785441429376	23.984050405588444	23.842512974264537	26.03558220585326	0.0
131.0	26.082536358489534	24.005430183786153	23.953076393919655	25.95895706380466	0.0
132.0	25.95500009131475	23.957033366409565	23.922942526496495	26.16502401577919	0.0
133.0	25.979959456251105	24.001473211296243	23.86906682413388	26.149500508318773	0.0
134.0	26.148891743320323	23.85719590666415	23.95672898391034	26.037183366105182	0.0
135.0	25.977524396257312	23.87058873663	24.090961666068047	26.060925201044643	0.0
136.0	25.926692518886934	23.97651384635989	24.096136168554853	26.000657466198323	0.0
137.0	25.98543834123713	23.951250098924312	23.905288341541514	26.15802321829704	0.0
138.0	26.097755483450726	23.84288992920063	23.96555607638783	26.093798510960813	0.0
139.0	26.152544333311013	23.850195109182	23.94303177144527	26.054228786061717	0.0
140.0	26.08261574940721	23.95101861913415	23.9120575406428	26.054308090815837	0.0
141.0	26.000432224464515	23.92879862905705	24.070641305439636	26.0001278410388	0.0
142.0	25.97090703217028	24.141258260205216	23.950714235708435	25.937120471916064	0.0
143.0	25.941381839876055	24.044159947402544	23.926972328502767	26.08748588421863	0.0
144.0	26.14836256936137	23.90718740583138	23.976586826894103	25.96786319791315	0.0
145.0	25.97715284098	23.987386274050245	24.014780949134177	26.020679935835584	0.0
146.0	26.051727234264042	24.049480870907157	23.828497158563422	26.070294736265375	0.0
147.0	26.089775394102837	23.788927072331074	24.03273968057809	26.088557852987996	0.0
148.0	25.97015197956966	24.008388858281258	23.908854872142964	26.112604290006118	0.0
149.0	26.07676620095577	23.92079870940249	23.925668888685962	26.07676620095577	0.0
150.0	26.172039083188746	23.954281191976378	23.991720695218095	25.88195902961678	0.0
151.0	26.0269260856728	24.034712308502446	24.02984211439477	25.90851949142998	0.0
152.0	25.974875886147036	23.961963784019066	23.97444365641998	26.088716673413913	0.0
153.0	25.975789047542225	24.04627901950817	24.03897372834666	25.93895820460294	0.0
154.0	26.096021964575428	23.90321706759525	23.973834882156524	26.0269260856728	0.0
155.0	26.11611151526958	23.986923528820896	23.86516867612905	26.03179627978048	0.0
156.0	26.077229338138608	23.986083377976914	23.958688452734624	25.977998831149858	0.0
157.0	25.943602980567864	23.95229630351142	23.931597915550576	26.172502800370133	0.0
158.0	26.00387181610091	23.98395266156918	23.864936930794332	26.147238591535576	0.0
159.0	26.150282472118054	23.847282423415965	23.94438221399698	26.058052890469003	0.0
160.0	25.98986996542152	23.859153557687623	24.100837675936297	26.05013880095456	0.0
161.0	25.924730920956506	23.942860273705744	24.09140164613062	26.04100715920713	0.0
162.0	26.013003457848345	23.927640870793358	23.891114303803633	26.168241367554668	0.0
163.0	26.119539278235038	23.81471290118346	23.97482101982175	26.09092680075975	0.0
164.0	26.147847367652073	23.83206302050358	23.956253348268643	26.063836263575705	0.0
165.0	26.094354497499445	23.941106819226427	23.924061036079227	26.040477647194905	0.0
166.0	26.03530303445379	23.9073196419168	24.09238814465782	25.964989178971592	0.0
167.0	25.97746912734722	24.13926404831262	23.95297798963251	25.93028883470765	0.0
168.0	25.93850733729648	24.042468351155307	23.913407421612227	26.10561688993599	0.0
169.0	26.159798129225297	23.89057824775437	23.985851999987826	25.963771623032507	0.0
170.0	25.97823605509474	23.994216574081122	24.013393196864776	26.014154173959366	0.0
171.0	26.069553306445474	24.04109276310783	23.837455292595696	26.051898637851	0.0
172.0	26.097557263526365	23.794840575298686	24.020394186134997	26.08720797503995	0.0
173.0	25.970626284148846	24.0085229434594	23.903508104406058	26.117342667985692	0.0
174.0	26.073894144720022	23.932498082331886	23.923670721164967	26.069937051783125	0.0
175.0	26.158819446981042	23.966589959942045	23.986984208155267	25.887606384921654	0.0
176.0	26.02405311043671	24.02358434569269	24.045196226748203	25.907166317122392	0.0
177.0	25.978089814107385	23.96148823674446	23.97609908590875	26.084322863239407	0.0
178.0	25.97900299218015	24.031194162965757	24.03271612642037	25.957086718433718	0.0
179.0	26.10228203200385	23.89391305935962	23.990709935073042	26.013094973563494	0.0
180.0	26.130894944950583	23.954182812162315	23.868648466013035	26.046273776874067	0.0
181.0	26.060659560090343	23.981346759121156	23.974041312301765	25.98395236848674	0.0
182.0	25.94407680459756	23.94695028034652	23.93690529096986	26.17206762408606	0.0
183.0	26.007999464267233	23.969475408039646	23.883940801529274	26.13858432616385	0.0
184.0	26.14984689001041	23.838586152525554	23.950603003756218	26.060963953707816	0.0
185.0	25.985169942956638	23.879374897267155	24.082101046505258	26.053354113270956	0.0
186.0	25.929161517341303	23.950603003756218	24.09092846141202	26.029307017490456	0.0
187.0	26.019262028113793	23.914380163276736	23.900073663255426	26.16628414535404	0.0
188.0	26.13127887934446	23.805711641838297	23.970084195274595	26.092925283542655	0.0
189.0	26.15258643256768	23.839803726995452	23.953646939930966	26.0539629005059	0.0
190.0	26.11552990524198	23.930890262722933	23.91414856280116	26.03943126923393	0.0
191.0	26.043692792850383	23.885839870206166	24.06421507300903	26.00625226393442	0.0
192.0	25.999555583965712	24.131486267240145	23.934542997251317	25.934415151542822	0.0
193.0	25.939894253335403	24.04716897854323	23.917192508241484	26.09574425987989	0.0
194.0	26.166059399551322	23.875794850253104	23.982941729752437	25.975204020443137	0.0
195.0	25.989668786280244	23.980956961393403	24.015353754272965	26.014020498053387	0.0
196.0	26.076726155869217	24.033313141705655	23.82054006008785	26.069420642337278	0.0
197.0	26.128473543387145	23.810494978981428	23.996176781251616	26.064854696379815	0.0
198.0	25.992408353854724	24.010787808315502	23.891768817024282	26.105035020805495	0.0
199.0	26.074370354135844	23.922890069950505	23.926542837835367	26.076196738078277	0.0
200.0	26.15245528376091	23.961390008401416	23.994265119507116	25.891889588330553	0.0
201.0	26.049356033740118	24.023548678735263	24.03968208066092	25.887413206863698	0.0
202.0	25.991385214836914	23.93631755985449	23.97467314043926	26.09762408486933	0.0
203.0	25.99520850900612	24.0350807765016	24.035689606361053	25.934021108131226	0.0
204.0	26.098709585112896	23.881655651919793	24.003117208880393	26.01651755408692	0.0
205.0	26.152895442604084	23.94162539307578	23.86673932036323	26.03873984395691	0.0
206.0	26.061808971798744	23.988115532609225	23.979896254444498	25.970179241147534	0.0
207.0	25.948419149208206	23.956297527504308	23.95325333187212	26.142029991415367	0.0
208.0	26.010386985217117	23.96921653150191	23.898894327951098	26.121502155329875	0.0
209.0	26.14891440678998	23.835255294017365	23.945154101874063	26.070676197318594	0.0
210.0	25.991682953708274	23.85945044172892	24.08442471733611	26.064441887226696	0.0
211.0	25.939941183275593	23.94894026388373	24.097808681251102	26.013309871589573	0.0
212.0	26.017876387459737	23.897186417355197	23.919105693531986	26.16583150165308	0.0
213.0	26.13722851732557	23.80979925351778	23.96262717901569	26.090345050140957	0.0
214.0	26.129008688663337	23.86551142556184	23.955320664649257	26.05015922112557	0.0
215.0	26.119200781804174	23.929357538412827	23.92418204346807	26.027259636314927	0.0
216.0	26.042335806423132	23.899972295711315	24.06041361589678	25.99727828196877	0.0
217.0	25.999872133273662	24.138802375885554	23.929648944947285	25.931676545893502	0.0
218.0	25.930165650316777	24.02919050243102	23.928418117109082	26.112225730143123	0.0
219.0	26.166113078185365	23.895233253060468	23.977434292446944	25.961219376307227	0.0
220.0	25.992589638280577	23.995080055653826	23.994471151650586	26.017859154415014	0.0
221.0	26.08653292860775	24.02383293804593	23.825935521977268	26.063698611369052	0.0
222.0	26.110744068369407	23.809030875229485	24.007233955749868	26.072991100651237	0.0
223.0	25.96338571050172	24.009669631086524	23.91011140170071	26.116833256711047	0.0
224.0	26.083289693220152	23.94441670421746	23.918232636309387	26.054060966253	0.0
225.0	26.16078333465269	23.955218881872597	23.989928206502213	25.894069576972495	0.0
226.0	26.033607662961238	24.00734387416765	24.04662081312398	25.912427649747137	0.0
227.0	25.974235545934228	23.945231505585546	23.98846658567701	26.09206636280322	0.0
228.0	26.00104130827292	24.019206352589418	24.04721815408318	25.932534185054486	0.0
229.0	26.092384139230834	23.898633815724974	23.99941540588187	26.009566639162323	0.0
230.0	26.151756979353475	23.939738089656036	23.869099633715248	26.03940529727524	0.0
231.0	26.070236761338723	23.980915379743752	23.98152433380426	25.96732352511327	0.0
232.0	25.95895624638431	23.944219468379867	23.943610510611087	26.153213774624728	0.0
233.0	26.008598588418703	23.95425453526822	23.90584180302412	26.131305073288956	0.0
234.0	26.149124302730613	23.842045648308286	23.955618347014834	26.053211701946267	0.0
235.0	25.98942823562368	23.85924207269915	24.076036319126	26.075293372551165	0.0
236.0	25.932489297306518	23.958504606877735	24.10130868212239	26.00769741369336	0.0
237.0	26.015017447277554	23.9097735203308	23.916776790553502	26.15843224183815	0.0
238.0	26.139567740717506	23.81658516384807	23.961219680038003	26.08262741539642	0.0
239.0	26.113381280944175	23.874743464042336	23.969441010431954	26.042434244581536	0.0
240.0	26.13502798365438	23.934398275305565	23.920695724195053	26.009878016845	0.0
241.0	26.058291689886502	23.895268634490822	24.073414275404026	25.973025400218646	0.0
242.0	26.016846952199973	24.119280806899575	23.935645373483407	25.92822686741704	0.0
243.0	25.939168384858796	24.041187882405612	23.947994359659997	26.0716493730756	0.0
244.0	26.177705898656527	23.901330677460717	23.987829280995587	25.933134142887166	0.0
245.0	25.997471863054173	23.97374392714092	24.012427468360215	26.01635674144469	0.0
246.0	26.05454899906181	24.03135013950995	23.84493073239677	26.06917012903147	0.0
247.0	26.121696748153223	23.81387556164801	24.00792018886604	26.056507501332725	0.0
248.0	25.972625441340885	24.007725559844147	23.933089827911328	26.08655917090364	0.0
249.0	26.09577773715957	23.929202461463476	23.931944190580637	26.04307561079632	0.0
