# Position (bp)	A	C	G	T	N
0.0	26.223926141235953	23.806699854108896	23.707861414586883	26.26151259006827	0.0
1.0	26.31998039936298	23.642989988083706	23.71482186807435	26.32220774447897	0.0
2.0	26.222995545657014	23.743875278396438	23.76531180400891	26.26781737193764	0.0
3.0	26.28779021212627	23.83998663771505	23.723345025332666	26.148878124826012	0.0
4.0	26.313533254834496	23.802405627420033	23.67046077702712	26.213600340718347	0.0
5.0	26.184571277469278	23.823083239391536	23.740136111227088	26.252209371912098	0.0
6.0	26.247303597522787	23.81323498712685	23.730846844339297	26.20861457101106	0.0
7.0	26.22977283227663	23.82477859357518	23.6747621724827	26.27068640166549	0.0
8.0	26.187123240396982	23.760833143156127	23.749700818782458	26.30234279766444	0.0
9.0	26.134810885724384	23.70169174553965	23.774048027873867	26.389449340862097	0.0
10.0	26.306898979526526	23.781456714058713	23.746392722273704	26.165251584141057	0.0
11.0	26.26515613216342	23.667637883581982	23.752515006553626	26.314690977700973	0.0
12.0	26.24818070756909	23.744166437081006	23.7597504334299	26.247902421920006	0.0
13.0	26.090320138919807	23.85652745002004	23.854857740772072	26.19829467028808	0.0
14.0	26.184102141680395	23.8236898348101	23.701801059708803	26.290406963800706	0.0
15.0	26.284006411683514	23.59994879558306	23.82341154993544	26.292633242797987	0.0
16.0	26.299517177086084	23.67501982774214	23.666114736534528	26.359348258637244	0.0
17.0	26.087186408604545	23.765183876219233	23.817501287063962	26.33012842811226	0.0
18.0	26.281706994670863	23.79746483184683	23.816944718863486	26.10388345461882	0.0
19.0	26.28977723357776	23.81221388915944	23.715371022276642	26.182637854986158	0.0
20.0	26.23885124323422	23.819727559865868	23.753495944009238	26.187925252890675	0.0
21.0	26.34599062182582	23.748765114305197	23.693664862458082	26.2115794014109	0.0
22.0	26.11835422783119	23.733459488792107	23.880115209617497	26.268071073759202	0.0
23.0	26.240799231935885	23.758226773713282	23.83002407157467	26.17094992277616	0.0
24.0	26.28031557416967	23.819727559865868	23.73039836368949	26.16955850227497	0.0
25.0	26.227163311024228	23.796351695445882	23.717040726878068	26.259444266651826	0.0
26.0	26.32623245070893	23.62548525789979	23.733459488792107	26.314822802599174	0.0
27.0	26.214918810613757	23.74959996660591	23.769079853622564	26.266401369157773	0.0
28.0	26.28337669927229	23.84365999248633	23.720658420181163	26.15230488806022	0.0
29.0	26.321223336904648	23.806369923054447	23.666114736534528	26.20629200350638	0.0
30.0	26.17512418427973	23.837537742281096	23.731511500090445	26.255826573348735	0.0
31.0	26.252765448246112	23.816944718863486	23.73763375029568	26.192656082594723	0.0
32.0	26.23300727712922	23.818336139364675	23.673071839040478	26.275584744465625	0.0
33.0	26.176237320680684	23.761009614715665	23.751826239407812	26.31092682519584	0.0
34.0	26.13338156924404	23.700065396763556	23.77074955822399	26.395803475768414	0.0
35.0	26.306195995491798	23.771862694624943	23.74904339840543	26.172897911477826	0.0
36.0	26.262783675854678	23.66861929343667	23.75210452350805	26.3164925072006	0.0
37.0	26.251095743644687	23.743756000500913	23.761844467016378	26.243303788838023	0.0
38.0	26.083217845753122	23.8463764728145	23.85806437249893	26.21234130893345	0.0
39.0	26.178669026509272	23.825783506703846	23.70751309323048	26.288034373556407	0.0
40.0	26.277459607175256	23.61150534582269	23.829957756591142	26.281077290410913	0.0
41.0	26.317459168992645	23.677114321254944	23.663756758787468	26.341669750964947	0.0
42.0	26.09622454062508	23.75392030544293	23.81987327012609	26.329981883805903	0.0
43.0	26.278777894347243	23.800671774079092	23.824604073499987	26.09594625807367	0.0
44.0	26.29992736825408	23.812359641238135	23.709116814666604	26.17859617584118	0.0
45.0	26.238705206944818	23.814864184200786	23.765886455153375	26.180544153701018	0.0
46.0	26.354749030881013	23.758929391368234	23.680175429320407	26.20614614843035	0.0
47.0	26.112921493709422	23.72497892009673	23.885269669706442	26.276829916487404	0.0
48.0	26.23341783846811	23.76032080412526	23.829334876873883	26.176926480532742	0.0
49.0	26.28044758965568	23.826273768808424	23.732492548984684	26.160786092551213	0.0
50.0	26.239261772047627	23.793992992845357	23.718021856311587	26.248723378795425	0.0
51.0	26.33053844890871	23.627858309656126	23.73416224429312	26.307440997142038	0.0
52.0	26.2183905806922	23.752528892685902	23.764495042396348	26.264585484225556	0.0
53.0	26.29881423804846	23.830726289630913	23.726092050302356	26.144367422018274	0.0
54.0	26.31384149582437	23.813751053995162	23.65958252051638	26.212824929664087	0.0
55.0	26.18360526176648	23.831839419836538	23.73638850470437	26.248166813692613	0.0
56.0	26.254010747272133	23.806515707658615	23.73499709194734	26.20447645312191	0.0
57.0	26.23397440357092	23.819594987574686	23.673218365535263	26.273212243319133	0.0
58.0	26.181935566458048	23.770060693424462	23.746963241657784	26.301040498459706	0.0
59.0	26.144367422018274	23.691306731376635	23.77089554107868	26.39343030552641	0.0
60.0	26.3057713018336	23.781470278032096	23.74195415573248	26.17080426440182	0.0
61.0	26.265420331879767	23.67127038767542	23.752528892685902	26.310780387758907	0.0
62.0	26.252897617066512	23.743067285938103	23.76755615046181	26.236478946533577	0.0
63.0	26.079455012967927	23.849861415675054	23.86321894097087	26.207464630386145	0.0
64.0	26.177688480247557	23.817859011320504	23.711833654284984	26.292618854146955	0.0
65.0	26.276756792858176	23.608034551465433	23.833442790832287	26.281765864844107	0.0
66.0	26.304790050897598	23.685330973510432	23.665016460321304	26.344862515270666	0.0
67.0	26.095522736949317	23.756570910173675	23.815844763725515	26.332061589151497	0.0
68.0	26.27557054562556	23.802208994598566	23.825306317813602	26.09691414196227	0.0
69.0	26.29588505881469	23.815844763725515	23.70954142073583	26.178728756723963	0.0
70.0	26.24384651133021	23.816957887735878	23.766310745264352	26.172884855669558	0.0
71.0	26.36322906144166	23.7437699840545	23.690340031557067	26.202660922946773	0.0
72.0	26.10637569605036	23.72679484289646	23.891537196430214	26.275292264622973	0.0
73.0	26.24273338731985	23.756292629171085	23.8344895908991	26.166484392609966	0.0
74.0	26.283362413698104	23.821688664779924	23.732360462948275	26.162588458573698	0.0
75.0	26.237446048270623	23.795251969533794	23.712880792766917	26.254421189428662	0.0
76.0	26.325939407094495	23.62522227695082	23.728464528912006	26.320373787042676	0.0
77.0	26.2290976181929	23.734864991971595	23.76464105924881	26.2713963305867	0.0
78.0	26.300059273853556	23.836715838919826	23.722342346855008	26.140882540371617	0.0
79.0	26.32065206804527	23.820853821772147	23.65638974924099	26.20210436094159	0.0
80.0	26.18123328574728	23.82502803681101	23.74043061202341	26.253308065418295	0.0
81.0	26.25358634642089	23.810835705678883	23.73263874395087	26.202939203949366	0.0
82.0	26.234106676239534	23.815288201720332	23.682826444487116	26.26777867755302	0.0
83.0	26.172050012661785	23.76547590225658	23.752953257139993	26.30952082794164	0.0
84.0	26.141717383379387	23.693679403588156	23.7679804312799	26.39662278175256	0.0
85.0	26.301172397863915	23.790799473492346	23.745717951072635	26.162310177571108	0.0
86.0	26.27473570261779	23.668077551349803	23.759910282204764	26.297276463827647	0.0
87.0	26.251360098400163	23.74404826505709	23.75907543919699	26.245516197345758	0.0
88.0	26.072352859329346	23.851676638374844	23.865868930012525	26.21010157228329	0.0
89.0	26.18143870877974	23.821065813273968	23.704188117434256	26.293307360512035	0.0
90.0	26.277445387505217	23.603172394601362	23.831918742173368	26.287463475720052	0.0
91.0	26.309096120506137	23.688538504136623	23.657092925858006	26.345272449499234	0.0
92.0	26.10650867814477	23.743637835987656	23.81738189124282	26.332471594624757	0.0
93.0	26.275702586050965	23.81153802271317	23.829347907755928	26.08341148347994	0.0
94.0	26.28850344092545	23.80541587472972	23.718592685146277	26.187487999198556	0.0
95.0	26.247596361217862	23.810146625444204	23.770630943005585	26.171626070332348	0.0
96.0	26.366978246895094	23.738907085273173	23.691599578128347	26.202515089703383	0.0
97.0	26.10595211923718	23.73222837838214	23.89279562322075	26.26902387915993	0.0
98.0	26.238969698150278	23.752821057962827	23.842705321537995	26.165503922348904	0.0
99.0	26.284885808026136	23.81988640632696	23.73584601128145	26.159381774365453	0.0
100.0	26.24286561050338	23.789553945863513	23.711913978255243	26.255666465377864	0.0
101.0	26.32579288773372	23.617298963965595	23.732506657835934	26.324401490464755	0.0
102.0	26.232290991259244	23.72332343586076	23.77369201699731	26.27069355588269	0.0
103.0	26.29379075054751	23.83574833519317	23.716923008423517	26.1535379058358	0.0
104.0	26.33163675626338	23.81626877342765	23.651527336782145	26.20056713352683	0.0
105.0	26.190270793736488	23.819051567965584	23.74391611544145	26.24676152285648	0.0
106.0	26.256501303739242	23.810981463805582	23.72248859749938	26.210028634955794	0.0
107.0	26.22756024054476	23.81599049397386	23.690208180859383	26.266241084622	0.0
108.0	26.188044558106142	23.762282559391792	23.75643869086214	26.29323419163993	0.0
109.0	26.14713747839856	23.691877857582142	23.77118750191317	26.38979716210613	0.0
110.0	26.302139134161308	23.78287523897248	23.75198621960145	26.162999407264763	0.0
111.0	26.277093983319926	23.666276147833177	23.754490734685586	26.302139134161308	0.0
112.0	26.25733614210062	23.74308127708007	23.768682986829035	26.230899593990276	0.0
113.0	26.072764309089695	23.85043077539571	23.874919299182974	26.201885616331623	0.0
114.0	26.17099668291814	23.825385694249647	23.707952091542555	26.295665531289654	0.0
115.0	26.279525367884414	23.6055455375231	23.839021349540285	26.27590774505221	0.0
116.0	26.300601358552733	23.695641889729597	23.660578873698007	26.343177878019663	0.0
117.0	26.095788820463444	23.75324541606721	23.81808416793515	26.332881595534197	0.0
118.0	26.278617404056735	23.796935047154193	23.829215284135653	26.09523226465342	0.0
119.0	26.288078852827162	23.80528338430457	23.71372995355542	26.19290780931285	0.0
120.0	26.246337167075275	23.81724933422011	23.765489643887765	26.170923854816852	0.0
121.0	26.367388055755757	23.7354356301464	23.69508533391957	26.202090980178266	0.0
122.0	26.109424437809064	23.72792212671106	23.89377575809858	26.26887767738129	0.0
123.0	26.237710552019884	23.745731912631868	23.84591195843641	26.170645576911838	0.0
124.0	26.285296073777037	23.809735830784774	23.744062245201793	26.1609058502364	0.0
125.0	26.24438922174018	23.784690819333637	23.72235656861081	26.248563390315372	0.0
126.0	26.315350087518404	23.62996830414662	23.73515735224139	26.31952425609359	0.0
127.0	26.232701549729654	23.715399620985494	23.783299429808572	26.268599399476283	0.0
128.0	26.2889136865422	23.8191972795552	23.734879074336376	26.157009959566217	0.0
129.0	26.332603317629182	23.81168377611986	23.65362192607269	26.202090980178266	0.0
130.0	26.187415125002783	23.81397626839422	23.755259467040673	26.243349139562323	0.0
131.0	26.263941761837977	23.80256684253879	23.732162336650415	26.201329058972817	0.0
132.0	26.22136512388967	23.81675905518823	23.69097709209911	26.270898728822996	0.0
133.0	26.180736436697167	23.75776397515528	23.75776397515528	26.303735612992273	0.0
134.0	26.149569224604285	23.692368485496115	23.772791023842917	26.38527126605668	0.0
135.0	26.29316102317505	23.780304548186738	23.75748569647588	26.169048732162338	0.0
136.0	26.27006389278479	23.65563569981522	23.7675037289343	26.306796678465684	0.0
137.0	26.255871680135357	23.74134553307064	23.764720942140297	26.23806184465371	0.0
138.0	26.06448848062201	23.837974570823512	23.886951754691097	26.210585193863384	0.0
139.0	26.175521982685453	23.807642110360067	23.70885290426352	26.30798300269096	0.0
140.0	26.282103013488207	23.59921079946904	23.83602661464696	26.28265957239579	0.0
141.0	26.30180215278783	23.681779222369403	23.670091387735564	26.346327237107204	0.0
142.0	26.097265046695682	23.741888086200564	23.825650901076393	26.335195966027356	0.0
143.0	26.286496655053043	23.79225708783686	23.839008426372207	26.082237830737892	0.0
144.0	26.295401671916917	23.79865756870777	23.713781626723957	26.192159132651355	0.0
145.0	26.26145129512339	23.811736812226588	23.766933446130214	26.15987844651981	0.0
146.0	26.361632734841994	23.731035096897717	23.70292863742111	26.204403530839187	0.0
147.0	26.115704319223482	23.725257202648137	23.89723581941689	26.261802658711495	0.0
148.0	26.243992575421526	23.74612839400357	23.844362134649796	26.165516895925105	0.0
149.0	26.292970304468938	23.80289803449034	23.748911219517623	26.1552204415231	0.0
150.0	26.250671356655264	23.78063543037788	23.72108296437705	26.247610248589805	0.0
151.0	26.324694515329195	23.618674985459737	23.745293546349348	26.31133695286172	0.0
152.0	26.23091329550546	23.70689055425536	23.78508795120037	26.277108199038814	0.0
153.0	26.28823950109504	23.8204298352289	23.739727895321234	26.15160276835482	0.0
154.0	26.326920775740444	23.816533879509223	23.66681786685293	26.189727477897407	0.0
155.0	26.19536602605845	23.816043590300158	23.746194475519417	26.242395908121978	0.0
156.0	26.254362091132222	23.80379912396409	23.73422829250917	26.20761049239452	0.0
157.0	26.22347264196624	23.809921357132126	23.693320643613678	26.27328535728796	0.0
158.0	26.180338726464186	23.76316975839442	23.750368725406712	26.306122789734687	0.0
159.0	26.148614427320744	23.687476693771462	23.77903190796614	26.384876970941658	0.0
160.0	26.29137377346624	23.778197057988677	23.765117741675155	26.165311426869923	0.0
161.0	26.27161565733304	23.65658724460548	23.766787441630072	26.305009656431405	0.0
162.0	26.267441407445745	23.73422829250917	23.76845714158499	26.229873158460094	0.0
163.0	26.070767646690506	23.83308519667729	23.887350596223687	26.20879656040852	0.0
164.0	26.178463593482586	23.80442193435278	23.71815386327902	26.298960608885615	0.0
165.0	26.288664097176806	23.601552825279327	23.840042299183235	26.269740778360628	0.0
166.0	26.312259630101686	23.670208325216645	23.683566073545535	26.33396597113613	0.0
167.0	26.101040234651112	23.73087476554369	23.836623606480735	26.331461393324467	0.0
168.0	26.281091550667607	23.797385220764617	23.834675601516103	26.086847627051668	0.0
169.0	26.29417101257298	23.79571550222351	23.7205781678735	26.18953531733001	0.0
170.0	26.2599417824802	23.81436069259925	23.770669724106842	26.155027800813706	0.0
171.0	26.352332875088358	23.73449248904943	23.704437555309426	26.20873708055279	0.0
172.0	26.111966071224824	23.720922466403778	23.90876632502275	26.25834513734865	0.0
173.0	26.249439947014118	23.74374201663601	23.83975109993015	26.167066936419726	0.0
174.0	26.290626452311315	23.80301718980022	23.745690027021688	26.160666330866782	0.0
175.0	26.24331762865913	23.776023331598676	23.728992795144446	26.25166624459775	0.0
176.0	26.325690639253523	23.61266874639966	23.746246601417596	26.31539401292922	0.0
177.0	26.23023813035529	23.70728639370403	23.789937691496377	26.2725377844443	0.0
178.0	26.3034276634172	23.81414867771838	23.736228262291252	26.146195396573173	0.0
179.0	26.332091244806467	23.809974369749067	23.66220386763548	26.19573051780899	0.0
180.0	26.181610730784215	23.8175544052986	23.749373852062114	26.251461011855064	0.0
181.0	26.260087938999277	23.800022263037793	23.739912061000723	26.19997773696221	0.0
182.0	26.22558023042244	23.804474870596092	23.704012912561918	26.26593198641955	0.0
183.0	26.169087772026494	23.776646073356712	23.744364668559026	26.309901486057775	0.0
184.0	26.148772750041744	23.687037346245894	23.78555128847331	26.378638615239048	0.0
185.0	26.3040574386375	23.76217509879223	23.768854010129683	26.164913452440587	0.0
186.0	26.26231424277843	23.662269716702845	23.764679690543776	26.310736349974956	0.0
187.0	26.261757666833642	23.743529804641845	23.76523626648856	26.229476262035956	0.0
188.0	26.083725952373666	23.833204856695207	23.88552314110074	26.197546049830382	0.0
189.0	26.180013858779596	23.802871383289876	23.71047951933968	26.306635238590857	0.0
190.0	26.287155026312202	23.602225196819717	23.836822610404106	26.27379716646398	0.0
191.0	26.312142395974796	23.66698577376049	23.674777923725983	26.346093906538727	0.0
192.0	26.088118084466906	23.72904468241423	23.843144021194647	26.339693211924214	0.0
193.0	26.28153037825322	23.795556248191108	23.839247946211902	26.083665427343767	0.0
194.0	26.283756706814792	23.795277957120913	23.730992719905604	26.18997261615869	0.0
195.0	26.265667787252045	23.815871496315427	23.763274484048356	26.155186232384175	0.0
196.0	26.358338713627354	23.736558541309527	23.70455506823697	26.200547676826147	0.0
197.0	26.11713303741634	23.724936340740534	23.903877996855304	26.25405262498782	0.0
198.0	26.25405262498782	23.74525164540053	23.833748452001615	26.16694727761003	0.0
199.0	26.291900315861245	23.803692932778606	23.748034563847106	26.156372187513043	0.0
200.0	26.249599955473307	23.767793284817788	23.732450220546287	26.25015653916262	0.0
201.0	26.32000779217165	23.61556764579014	23.743303602487927	26.32112095955028	0.0
202.0	26.230954401881252	23.716309293556154	23.78504737918655	26.267688925376042	0.0
203.0	26.30303198964754	23.816494357632852	23.744973353555874	26.135500299163734	0.0
204.0	26.32974800673466	23.817607525011482	23.658981173556707	26.19366329469715	0.0
205.0	26.1903966782993	23.821013319084752	23.741978215253777	26.246611787362173	0.0
206.0	26.25217763974464	23.800419665269636	23.74086504477728	26.20653765020844	0.0
207.0	26.218504232830735	23.811829662653686	23.701347492861792	26.26831861165378	0.0
208.0	26.166741805673833	23.77676479264417	23.748935530731856	26.30755787095015	0.0
209.0	26.156444978766274	23.67713603499808	23.784278693360495	26.38214029287515	0.0
210.0	26.297817629280836	23.770364062404337	23.768694306689596	26.163124001625228	0.0
211.0	26.270823245225888	23.661273355708058	23.766746258355738	26.301157140710313	0.0
212.0	26.266092270700796	23.738638703824297	23.758675772401165	26.236593253073742	0.0
213.0	26.069968525017185	23.833602814102797	23.895662240874064	26.200766420005955	0.0
214.0	26.174606841008202	23.8091129954666	23.7078142001987	26.308465963326494	0.0
215.0	26.28898542577498	23.594270495612705	23.84640431020808	26.270339768404238	0.0
216.0	26.324548465199122	23.668215846158127	23.668494141875158	26.338741546767597	0.0
217.0	26.10525144018034	23.71385634375087	23.845768513622577	26.335123702446218	0.0
218.0	26.281412629059638	23.800128016029834	23.834358389224388	26.084100965686137	0.0
219.0	26.299780146383544	23.806807113238527	23.719700553808476	26.173712186569446	0.0
220.0	26.26610636462305	23.80931177469179	23.778420950101577	26.14616091058359	0.0
221.0	26.359892021261793	23.724153285280938	23.712743160882756	26.203211532574517	0.0
222.0	26.11701254282287	23.709747891208334	23.912626033523594	26.2606135324452	0.0
223.0	26.26117012542823	23.74481324913937	23.82830219659421	26.165714428838193	0.0
224.0	26.302636302664133	23.796019803578336	23.744534952647854	26.156808941109677	0.0
225.0	26.252821230682745	23.76930334039279	23.721992936835047	26.255882492089423	0.0
226.0	26.326291504443006	23.60455181741524	23.742308580715722	26.326848097426037	0.0
227.0	26.229166028903872	23.72171464034353	23.781548386019498	26.267570944733098	0.0
228.0	26.305419267579293	23.81383077903537	23.738690726326013	26.14205922705932	0.0
229.0	26.328517876375134	23.818561819391142	23.663272377125143	26.189647927108584	0.0
230.0	26.193616973906845	23.822245970255587	23.741818060379373	26.242318995458184	0.0
231.0	26.256790453290584	23.79970389170897	23.737365304123255	26.206140350877195	0.0
232.0	26.222281592305634	23.813062160477337	23.703134740404312	26.26152150681272	0.0
233.0	26.17441446255232	23.76964778698014	23.750445275625612	26.30549247484193	0.0
234.0	26.164395760976046	23.667234393089323	23.7827277584825	26.385642087452133	0.0
235.0	26.307718852969984	23.755176329147744	23.776048624098316	26.161056193783956	0.0
236.0	26.26235639861074	23.661390150503163	23.773822245970255	26.302431204915845	0.0
237.0	26.264026182206784	23.742652952177398	23.758237599073826	26.23508326654199	0.0
238.0	26.08125746186621	23.825373545544863	23.8996791223593	26.193689870229626	0.0
239.0	26.172539219151357	23.811458643519693	23.712106243059942	26.303895894269008	0.0
240.0	26.291840261833	23.600315045656572	23.84272208353163	26.265122608978803	0.0
241.0	26.311892899885887	23.66639761752345	23.67753068551866	26.344178797072004	0.0
242.0	26.104092385540962	23.71735457599568	23.850677889205265	26.327875149258094	0.0
243.0	26.295074666332653	23.795248632624943	23.82698008433886	26.08269661670355	0.0
244.0	26.30521194036498	23.80112010510728	23.71594312627348	26.177724828254263	0.0
245.0	26.27170542419873	23.80289609789501	23.779235167380204	26.14616331052605	0.0
246.0	26.356681940415676	23.72349132291452	23.703726386468535	26.216100350201266	0.0
247.0	26.11195251511743	23.711259841642818	23.912547189772486	26.264240453467263	0.0
248.0	26.268003463569872	23.73352785751475	23.830418718868938	26.168049960046442	0.0
249.0	26.29361828898535	23.79812176508421	23.754131086653285	26.154128859277158	0.0
