# Position (bp)	A	C	G	T	N
0.0	26.34074780713309	23.77419918413981	23.68823159114922	26.195157528681285	0.0016638888965920782
1.0	26.31994919592569	23.588398257353695	23.811082054680934	26.27890660314309	0.0016638888965920782
2.0	26.30694486040398	23.7371468503544	23.62483777578117	26.329683981675593	0.001386531784854636
3.0	26.272953651786658	23.736197305736265	23.669090283901525	26.32120415508932	5.546034862375144E-4
4.0	26.295809485780204	23.633757043347085	23.76270020852744	26.307455965215848	2.7729712942011625E-4
5.0	26.178427137030024	23.682510280648533	23.75793405411101	26.380851234925647	2.7729328478852226E-4
6.0	26.343270545238763	23.641339762804638	23.7120491582809	26.303063241928733	2.77291746965735E-4
7.0	26.25140030390754	23.91109040694773	23.598586940848946	26.238645060393306	2.7728790248339046E-4
8.0	26.220739680902387	23.61954514449232	23.829171311161762	26.330266580154284	2.7728328924529034E-4
9.0	26.338365983169044	23.792649281149053	23.654563351772516	26.214421383909386	0.0
10.0	26.305632346131556	23.739148035901945	23.79709911853353	26.158120499432968	0.0
11.0	26.266740607236933	23.790378483294052	23.72161375294607	26.22126715652294	0.0
12.0	26.356855677249413	23.654789962567584	23.823097185637042	26.165257174545957	0.0
13.0	26.223762650769444	23.651185359767087	23.838901982531542	26.28615000693193	0.0
14.0	26.34049632607792	23.67669485650908	23.707749896021074	26.27505892139193	0.0
15.0	26.260363233051436	23.68168584500208	23.772355469291558	26.28559545265493	0.0
16.0	26.260363233051436	23.565784001109108	23.871897962013033	26.301954803826426	0.0
17.0	26.321086926382918	23.776514626369057	23.68778594204908	26.214612505198946	0.0
18.0	26.214612505198946	23.739082212671565	23.661999168168585	26.384306113960903	0.0
19.0	26.206848745320947	23.68944960488008	23.73187300707057	26.371828642728406	0.0
20.0	26.24448566619807	23.820812918860614	23.753712037399037	26.18098937754228	0.0
21.0	26.312972929508028	23.78975796545691	23.593446295726338	26.303822809308723	0.0
22.0	26.33099589353696	23.66470632273306	23.772566830537002	26.23173095319298	0.0
23.0	26.32184577333766	23.707961436402506	23.71600245112311	26.25419033913673	0.0
24.0	26.225908149429785	23.894291156824742	23.55435032760203	26.325450366143443	0.0
25.0	26.340423290105946	23.779221463409222	23.67746103573815	26.20289421074668	0.0
26.0	26.32378670792539	23.589009873811523	23.801958125722653	26.28524529254043	0.0
27.0	26.31130927128997	23.73236175693399	23.617846616257822	26.338482355518217	0.0
28.0	26.276372448710806	23.73014354597658	23.67219278471431	26.321291220598308	0.0
29.0	26.29689090006682	23.636978685765463	23.75343476102936	26.312695653138352	0.0
30.0	26.177107508366817	23.676629206629123	23.76036667027126	26.3858966147328	0.0
31.0	26.339314184627245	23.645019700486067	23.70491139633607	26.310754718550623	0.0
32.0	26.25529944461543	23.91370050270206	23.589841702920552	26.241158349761957	0.0
33.0	26.218144411078853	23.62200576180296	23.82552661714511	26.334323209973075	0.0
34.0	26.332936828124698	23.79253072915367	23.654724373424724	26.219808069296914	0.0
35.0	26.30188187472099	23.747889233635842	23.78504426717242	26.16518462447075	0.0
36.0	26.26160398389583	23.792187482670276	23.713441212027107	26.232767321406786	0.0
37.0	26.35449131018267	23.659649745460996	23.81963776715504	26.166221177201294	0.0
38.0	26.217239887758836	23.65244057983874	23.84403802003039	26.28628151237204	0.0
39.0	26.341182081341568	23.67573173031066	23.704568392799708	26.278517795548062	0.0
40.0	26.26631766911039	23.67573173031066	23.775828222219758	26.282122378359198	0.0
41.0	26.26548584230782	23.56814879717844	23.870933753313444	26.295431607200292	0.0
42.0	26.3112363164491	23.78081918303517	23.682663620332065	26.225280880183664	0.0
43.0	26.220844470569965	23.73673236249903	23.65881791865843	26.383605248272573	0.0
44.0	26.210030722136572	23.689040959151757	23.725918614065638	26.37500970464603	0.0
45.0	26.244894677155052	23.82594904243137	23.749143913956075	26.18001236645751	0.0
46.0	26.313936110333202	23.795726085738924	23.594424557677325	26.295913246250553	0.0
47.0	26.330018050591562	23.673170609976903	23.770771350855256	26.22603998857628	0.0
48.0	26.311440636844836	23.7167027586073	23.724189179072404	26.247667425475456	0.0
49.0	26.219385392607297	23.895822300105642	23.563924326152836	26.32086798113422	0.0
50.0	26.32918622609544	23.77936687064852	23.683984328426494	26.207462574829542	0.0
51.0	26.318649782477895	23.5935927331812	23.809589827340965	26.27816765699994	0.0
52.0	26.303399666715656	23.744984791475463	23.616329269408546	26.33528627240034	0.0
53.0	26.276226733175655	23.72973467571322	23.674279709305065	26.319758881806056	0.0
54.0	26.288981375449534	23.640452179796092	23.75829398341342	26.312272461340957	0.0
55.0	26.167534999015672	23.68620252708282	23.756630334421175	26.38963213948033	0.0
56.0	26.334177173072177	23.644888577108745	23.712543636126693	26.308390613692385	0.0
57.0	26.25570839560464	23.92105430982135	23.584165388891815	26.23907190568219	0.0
58.0	26.219385392607297	23.617438368736707	23.82594904243137	26.337227196224628	0.0
59.0	26.327522577103196	23.792398787754436	23.653206822069965	26.2268718130724	0.0
60.0	26.294249597258307	23.75080756294832	23.7799214203126	26.175021419480775	0.0
61.0	26.25535832127191	23.79676920261525	23.716082450215442	26.2317900258974	0.0
62.0	26.356008806224246	23.662291281948907	23.82089204611622	26.160807865710627	0.0
63.0	26.21182629334487	23.656191252557853	23.843351245237816	26.28863120885946	0.0
64.0	26.342422377126002	23.674214066667776	23.704436939559802	26.278926616646427	0.0
65.0	26.258685610030668	23.6800368219956	23.779300936631785	26.28197663134195	0.0
66.0	26.2561901434616	23.57189993733606	23.878287777204747	26.29362214199759	0.0
67.0	26.303604008273858	23.783182773517	23.684195932944043	26.2290172852651	0.0
68.0	26.227076366822494	23.73105524962984	23.65785489693723	26.384013486610435	0.0
69.0	26.208499004586113	23.687523221702794	23.726341590554938	26.377636183156156	0.0
70.0	26.248353689814362	23.823044183499466	23.74485311447228	26.183749012213887	0.0
71.0	26.313235640709266	23.806130512539685	23.58569824347368	26.29493560327737	0.0
72.0	26.332090224730003	23.673039331216813	23.767589524614937	26.227280919438243	0.0
73.0	26.308799267998502	23.721562157740777	23.714353052085787	26.25528552217493	0.0
74.0	26.22229000013864	23.89901706617127	23.551870901554118	26.326822032135976	0.0
75.0	26.327931125313665	23.779235002980688	23.68246662322718	26.210367248478462	0.0
76.0	26.319612926480985	23.598730088311545	23.802803233006614	26.27885375220086	0.0
77.0	26.301867435637938	23.74374402129459	23.61619830586017	26.338190237207304	0.0
78.0	26.273031013017984	23.730712176456727	23.676366610749884	26.319890199775408	0.0
79.0	26.288835590800076	23.646421094952238	23.75760768601572	26.307135628231965	0.0
80.0	26.16267624183777	23.69023027547102	23.753725859893805	26.39336762279741	0.0
81.0	26.328485671902513	23.649193827896468	23.71241213902483	26.30990836117619	0.0
82.0	26.25750370853031	23.92397166266931	23.584866423590412	26.233658205209963	0.0
83.0	26.218408174016723	23.61841649221555	23.82027145055524	26.342903883212486	0.0
84.0	26.325712938958283	23.79309866770182	23.654739293784917	26.226449099554976	0.0
85.0	26.29798560951602	23.74984403377189	23.777294089919728	26.174876266792364	0.0
86.0	26.257708176212237	23.794419058604323	23.722050929417506	26.225821835765938	0.0
87.0	26.351980834923026	23.66160551883235	23.82242358369194	26.163990062552685	0.0
88.0	26.208353666651877	23.65467370569185	23.844050840690297	26.292921786965973	0.0
89.0	26.35225810744865	23.66687369681913	23.70735548555965	26.273512710172575	0.0
90.0	26.263253626724637	23.67574641763897	23.77667361696464	26.284326338671754	0.0
91.0	26.262699081673397	23.566223770019075	23.870114458098577	26.30096269020895	0.0
92.0	26.304567233042015	23.78277361252828	23.68545095603567	26.227208198394038	0.0
93.0	26.22415820061222	23.729260015083625	23.66243733640921	26.384144447894947	0.0
94.0	26.203085488665103	23.682955503305088	23.732864557916685	26.381094450113128	0.0
95.0	26.249317218298827	23.819030269757693	23.7497123305523	26.181940181391184	0.0
96.0	26.312257907097326	23.800453062050646	23.59000379862307	26.297285232228962	0.0
97.0	26.333885104129408	23.667362618776288	23.773557701638953	26.22519457545535	0.0
98.0	26.309207917772287	23.716162447976888	23.719212437301923	26.255417196948898	0.0
99.0	26.23074001059178	23.896943633424556	23.547858491586187	26.324457864397477	0.0
100.0	26.339707811022663	23.776053147450348	23.678730760805973	26.20550828072102	0.0
101.0	26.3286169407498	23.592776516191286	23.79906670326654	26.279539839792378	0.0
102.0	26.305603384933608	23.74472143892951	23.614126441466546	26.33554873467034	0.0
103.0	26.279262568035556	23.731689666358896	23.674017140940006	26.315030624665543	0.0
104.0	26.301721580338107	23.6443490629601	23.7535941351478	26.300335221554	0.0
105.0	26.171958398145605	23.685385282969694	23.754980493931907	26.387675824952794	0.0
106.0	26.338875995752197	23.6443490629601	23.71311245865185	26.303662482635858	0.0
107.0	26.26207171911262	23.93077078775679	23.580853830647957	26.226303662482636	0.0
108.0	26.224085488428063	23.619117333089335	23.819030269757693	26.33776690872491	0.0
109.0	26.329726027777085	23.795462170427857	23.64684450877149	26.227967293023564	0.0
110.0	26.305603384933608	23.752762319877334	23.765516820691126	26.17611747449793	0.0
111.0	26.260335276078724	23.797337089430982	23.71914667080725	26.223180963683046	0.0
112.0	26.360152831768602	23.654819801584882	23.828945982066113	26.156081384580403	0.0
113.0	26.20432653649718	23.65315617565672	23.84253226047946	26.299985027366645	0.0
114.0	26.35821193485241	23.672010602842583	23.697519533741108	26.272257928563903	0.0
115.0	26.27697153536037	23.673951499758775	23.767114551735993	26.28196241314486	0.0
116.0	26.266989779791384	23.56276583355977	23.871922985210364	26.29832140143848	0.0
117.0	26.301371382306783	23.779869017185256	23.691419572004502	26.22734002850346	0.0
118.0	26.22623094455135	23.723028464639633	23.662860660237676	26.387879930571344	0.0
119.0	26.205712891437315	23.684210526315788	23.72996023934032	26.38011634290658	0.0
120.0	26.24654450073061	23.82346661786684	23.74832597176819	26.181662909634362	0.0
121.0	26.31308972236779	23.803503051375685	23.591667429163998	26.29173979709253	0.0
122.0	26.334162375886226	23.674294412696828	23.77438951690942	26.217153694507523	0.0
123.0	26.31087154831322	23.72337151365425	23.716162447976888	26.24959449005565	0.0
124.0	26.23517635870093	23.887793665449443	23.546749404558902	26.330280571290725	0.0
125.0	26.338044180481734	23.778548593261743	23.678730760805973	26.204676465450554	0.0
126.0	26.32057605980197	23.59028107037989	23.79712580096879	26.29201706884935	0.0
127.0	26.303385210879032	23.738621460279436	23.619671876602975	26.338321452238556	0.0
128.0	26.272958165121334	23.727041834878666	23.67269641985715	26.327303580142853	0.0
129.0	26.293199059491595	23.63803735415465	23.760037265427446	26.30872632092631	0.0
130.0	26.165653697706404	23.68184641320261	23.760037265427446	26.392462623663548	0.0
131.0	26.32813539771971	23.64108735193647	23.716782751430728	26.31399449891309	0.0
132.0	26.246894547713058	23.920855330287033	23.587851027017432	26.24439909498248	0.0
133.0	26.21306729958742	23.61197373674637	23.8190963133845	26.355862650281708	0.0
134.0	26.32369903730979	23.79608269375804	23.642750987090192	26.237467281841976	0.0
135.0	26.294308149594077	23.751441817133223	23.768355441196043	26.185894592076657	0.0
136.0	26.253140128766074	23.788728254781592	23.721627931480032	26.236503684972302	0.0
137.0	26.35074059902289	23.650923045356492	23.831428460518946	26.166907895101676	0.0
138.0	26.19574439767755	23.65813217100046	23.83420120115124	26.311922230170747	0.0
139.0	26.349076954643508	23.67199587416194	23.6922368807777	26.286690290416853	0.0
140.0	26.272899435191167	23.67261606031282	23.771880450183417	26.282604054312593	0.0
141.0	26.253008440269287	23.56315783636303	23.878142918935705	26.305690804431975	0.0
142.0	26.290995197586593	23.78581014385058	23.690427337156038	26.232767321406786	0.0
143.0	26.226462702169133	23.723211636734682	23.662765388145328	26.38756027295086	0.0
144.0	26.201098575068833	23.685633399787605	23.7288887533308	26.384379271812758	0.0
145.0	26.242003954004883	23.827177267521982	23.745934390137723	26.184884388335412	0.0
146.0	26.30910557969427	23.802776676362207	23.59786716650908	26.290250577434442	0.0
147.0	26.331360946745562	23.670857294965145	23.77705561686529	26.220726141424	0.0
148.0	26.301969244078684	23.715776689606983	23.721599574097592	26.260654492216744	0.0
149.0	26.232371910405217	23.89406786710514	23.54247655595792	26.331083666531725	0.0
150.0	26.331915507173235	23.782046660714386	23.680562102449493	26.20547572966288	0.0
151.0	26.320342719294597	23.593561535582083	23.791540157218314	26.294555587905005	0.0
152.0	26.298992083627944	23.73857948952571	23.617684981075573	26.344743445770774	0.0
153.0	26.276605184059626	23.722008407182706	23.673484100664368	26.3279023080933	0.0
154.0	26.29241024389703	23.64270582624416	23.753895808609045	26.31098812124976	0.0
155.0	26.164860638191676	23.682357116713433	23.756945907875913	26.395836337218974	0.0
156.0	26.327625026341767	23.649915151784032	23.71812646266124	26.30433335921296	0.0
157.0	26.245826909639426	23.923037677044398	23.58808132119209	26.24305409212409	0.0
158.0	26.216435043976887	23.614977651090825	23.81933430197092	26.34925300296137	0.0
159.0	26.334002506627037	23.80047914286665	23.64242854449263	26.22308980601369	0.0
160.0	26.297124033673096	23.753895808609045	23.770255431949515	26.178724725768348	0.0
161.0	26.249854426273146	23.7945109000061	23.731567593347417	26.224067080373338	0.0
162.0	26.351340110136924	23.656423821961944	23.83471697694667	26.157519090954462	0.0
163.0	26.200775284076727	23.653928272358737	23.83748980983912	26.307806633725413	0.0
164.0	26.352726526583147	23.674169952473644	23.69441163258855	26.278691888354654	0.0
165.0	26.277101050629298	23.67063090441741	23.77073044939427	26.28153759555902	0.0
166.0	26.251940993788818	23.565051020408163	23.878937444543034	26.304070541259982	0.0
167.0	26.289374445430347	23.788819875776397	23.692324755989354	26.229480922803905	0.0
168.0	26.23094008135559	23.72400100931957	23.65939346548765	26.385665443837187	0.0
169.0	26.202802263772156	23.688917110557153	23.73217390339871	26.37610672227198	0.0
170.0	26.248422920681573	23.829633840309455	23.74090146547063	26.181041773538343	0.0
171.0	26.307485407683668	23.798022931773122	23.60197984111359	26.292511819429613	0.0
172.0	26.34000122007354	23.671090357537004	23.777569502598205	26.211338919791256	0.0
173.0	26.30672648724191	23.711574615815483	23.729321139992347	26.252377756950263	0.0
174.0	26.230194601729178	23.893753778068625	23.54825113550026	26.327800484701942	0.0
175.0	26.33750561511117	23.78339258084374	23.68800501339308	26.19109679065202	0.0
176.0	26.326764328278333	23.591296414914886	23.79399555781085	26.28794369899593	0.0
177.0	26.290439310878373	23.73936938660633	23.622907498759126	26.34728380375617	0.0
178.0	26.276647662991635	23.713369861798174	23.683699727145676	26.32628274806451	0.0
179.0	26.292175957763035	23.637392133809534	23.758845582200138	26.31158632622729	0.0
180.0	26.16434481687704	23.683699727145676	23.756904545353713	26.395050910623574	0.0
181.0	26.330164821757357	23.64349253532687	23.716974644512966	26.309367998402806	0.0
182.0	26.24642294638302	23.92882495175137	23.5874797577586	26.23727234410701	0.0
183.0	26.22035759444531	23.611881363827948	23.820126888351563	26.34763415337519	0.0
184.0	26.331551276647662	23.800439228909248	23.647651899997783	26.22035759444531	0.0
185.0	26.299108232214557	23.75579538144147	23.762450364914926	26.182646021429047	0.0
186.0	26.253778110528796	23.796134542328705	23.730138923550452	26.219948423592047	0.0
187.0	26.348057565926297	23.653606189168954	23.83329173945595	26.165044505448797	0.0
188.0	26.193328342068046	23.654715359232455	23.840224052352827	26.31173224634667	0.0
189.0	26.352494246180296	23.670798325153203	23.694645481518453	26.282061947148044	0.0
190.0	26.271874974003754	23.66975478954826	23.777344584046208	26.281025652401773	0.0
191.0	26.2564193573433	23.569162682875426	23.876959082489435	26.297458877291835	0.0
192.0	26.283871468660223	23.791829808001598	23.692558536774737	26.23174018656344	0.0
193.0	26.235972348160285	23.717303474226835	23.665726637217958	26.380997540394922	0.0
194.0	26.201733102253034	23.68776429809359	23.73629116117851	26.37421143847487	0.0
195.0	26.244027696514088	23.830981384992082	23.743077951212207	26.181912967281622	0.0
196.0	26.305865127848193	23.803251595156162	23.598328448268692	26.292554828726956	0.0
197.0	26.33921391373793	23.66827315027924	23.782797499875215	26.209715436107615	0.0
198.0	26.30011480164826	23.71291823571496	23.733715635762653	26.25325132687412	0.0
199.0	26.22413496680735	23.89593535613468	23.5468163340007	26.333113343057274	0.0
200.0	26.332558745722668	23.79305755056541	23.68324727831358	26.191136425398337	0.0
201.0	26.32375818379961	23.597904725459692	23.794510025761117	26.283827064979576	0.0
202.0	26.291036850322087	23.73988203681982	23.61620648825221	26.35287462460589	0.0
203.0	26.278908546392326	23.721091453607677	23.679773723032554	26.320226276967446	0.0
204.0	26.29110975542122	23.64317009594587	23.75658587987355	26.309134268759358	0.0
205.0	26.16077865897621	23.693916033497864	23.75270367700072	26.39260163052521	0.0
206.0	26.330486384559926	23.639842493483446	23.720814153402472	26.308856968554156	0.0
207.0	26.233154012533973	23.938494814486162	23.585491653263823	26.242859519716045	0.0
208.0	26.218457101658256	23.618213077477677	23.81315512173479	26.350174699129276	0.0
209.0	26.32826798291831	23.80289501414231	23.645943097997893	26.22289390494149	0.0
210.0	26.29249625644723	23.76019078254118	23.76157728356719	26.1857356774444	0.0
211.0	26.259365866373834	23.794430671791204	23.727323649956464	26.218879811878498	0.0
212.0	26.3475478206856	23.660771231607963	23.826043070506742	26.165637877199693	0.0
213.0	26.1878220166492	23.660771231607963	23.837967045460847	26.313439706281994	0.0
214.0	26.349488932887432	23.674081715277662	23.689610612892313	26.286818738942593	0.0
215.0	26.267480457105464	23.67331545656472	23.77702659608393	26.282177490245886	0.0
216.0	26.25618386316747	23.570224282893715	23.873316769084013	26.300275084854803	0.0
217.0	26.29056947001797	23.782083989617764	23.68752357077889	26.239822969585376	0.0
218.0	26.242946078227476	23.716706182493795	23.656253899588204	26.384093839690532	0.0
219.0	26.211201481921066	23.683561047438666	23.730148386220133	26.37508908442014	0.0
220.0	26.244069093843503	23.82733749109151	23.736935368028153	26.191658047036835	0.0
221.0	26.306185890058813	23.796833707235777	23.60133218343312	26.295648219272287	0.0
222.0	26.345359252377914	23.66545575552536	23.77942930035218	26.209755691744547	0.0
223.0	26.291006904966586	23.708993095033414	23.726186184520675	26.273813815479325	0.0
224.0	26.23138570755109	23.89284822938909	23.54094451069022	26.334821552369597	0.0
225.0	26.340090402373757	23.788303152990768	23.68514461606722	26.18646182856826	0.0
226.0	26.334894581111396	23.599521919863342	23.785041416048962	26.2805420829763	0.0
227.0	26.289970577550754	23.735957782529	23.6150512050448	26.359020434875447	0.0
228.0	26.284497293459935	23.721603514065134	23.674183601029373	26.319715591445558	0.0
229.0	26.291707338716837	23.6445114917029	23.74961176679386	26.3141694027864	0.0
230.0	26.16802733161771	23.690267548140916	23.749889076226815	26.391816044014554	0.0
231.0	26.328589493300203	23.640629159641495	23.71522539710711	26.315555949951193	0.0
232.0	26.23901854645488	23.935686396308455	23.586831129647706	26.238463927588963	0.0
233.0	26.21960688614784	23.622604046499244	23.814224864672997	26.34356420267992	0.0
234.0	26.32415254237288	23.80202324962286	23.645343420001772	26.228480788002486	0.0
235.0	26.296421599077114	23.757376430916676	23.754880646020055	26.191321323986156	0.0
236.0	26.257466597893547	23.79799559630178	23.71979390248637	26.224743903318306	0.0
237.0	26.353138882880483	23.657398934016626	23.82683593728335	26.16262624581954	0.0
238.0	26.18120608087497	23.670709860623507	23.831550223789954	26.31653383471157	0.0
239.0	26.34204644404142	23.677919945868897	23.685684653056242	26.294348957033435	0.0
240.0	26.261012803554046	23.682276631087372	23.771848819893346	26.284861745465232	0.0
241.0	26.25118900046312	23.571188889535964	23.871524166867722	26.306097943133196	0.0
242.0	26.2839267539858	23.78665143250146	23.686261241898762	26.243160571613984	0.0
243.0	26.24256072060479	23.71889091645266	23.660929708862795	26.377618654079747	0.0
244.0	26.204653046056226	23.694537427096822	23.729758362198787	26.37105116464816	0.0
245.0	26.239346817426707	23.84205140151925	23.733612888374893	26.18498889267915	0.0
246.0	26.30434541440632	23.80575986510023	23.601357872666156	26.28853684782729	0.0
247.0	26.33466367501574	23.679342354510634	23.77752323475492	26.208470735718702	0.0
248.0	26.286375184441464	23.72194548298701	23.716675726948978	26.275003605622555	0.0
249.0	26.227021090118374	23.90694165547999	23.537504021655923	26.32853323274571	0.0
