# Position (bp)	A	C	G	T	N
0.0	26.32828991193922	23.848365689743854	23.74774086014554	26.075603538171382	0.0
1.0	26.329133136768256	23.724130564932526	23.677191049449515	26.269545248849703	0.0
2.0	26.245611865459583	23.84418854995517	23.654188296996253	26.256011287588993	0.0
3.0	26.162658339914728	23.730680914331327	23.744452657524853	26.362208088229096	0.0
4.0	26.11314242995697	23.832475682724546	23.802404044775827	26.251977842542658	0.0
5.0	26.282494449596715	23.741112328921112	23.74083129584352	26.235561925638645	0.0
6.0	26.33822686345702	23.60613077640764	23.86298490349704	26.1926574566383	0.0
7.0	26.264187421493222	23.67975136359421	23.803676154453566	26.252385060458998	0.0
8.0	26.17498131382103	23.794109217203648	23.73762918753056	26.293280281444765	0.0
9.0	26.26050892415591	23.755226363350268	23.80720900957605	26.177055702917773	0.0
10.0	26.23559294412507	23.818073514619194	23.719731836292013	26.226601704963727	0.0
11.0	26.266219352518387	23.86078190063557	23.62672870621688	26.24627004062916	0.0
12.0	26.13921809936443	23.81723058594782	23.780984653078658	26.262566661609092	0.0
13.0	26.244584183286413	23.652016566358157	23.812734966367145	26.290664283988292	0.0
14.0	26.199273397526856	23.672180341272764	23.799743188453036	26.32880307274735	0.0
15.0	26.154598303470326	23.869425096163845	23.865491440083396	26.110485160282437	0.0
16.0	26.32627429383849	23.742705175286524	23.68398130951411	26.247039221360875	0.0
17.0	26.260245066773813	23.745233954195385	23.747762733104246	26.24675824592656	0.0
18.0	26.24675824592656	23.644363773275305	23.83964170012616	26.269236280671983	0.0
19.0	26.174547559306887	23.81547781277483	23.77642222740466	26.23355240051362	0.0
20.0	26.123617604747345	23.822716238086674	23.658908020140263	26.394758137025715	0.0
21.0	26.18206033087574	23.802767038302463	23.651040730084517	26.364131900737277	0.0
22.0	26.364131900737277	23.779727117424923	23.755563297967992	26.10057768386981	0.0
23.0	26.30906087034706	23.730275579931668	23.813725049451538	26.146938500269734	0.0
24.0	26.116593238626145	23.915156896241683	23.755282323323144	26.21296754180903	0.0
25.0	26.337158334831866	23.839855691422407	23.748257957201943	26.074728016543787	0.0
26.0	26.330133968710662	23.724656087034706	23.67098992986873	26.2742200143859	0.0
27.0	26.24977522028412	23.83648399568423	23.658346070850566	26.255394713181087	0.0
28.0	26.15789651141881	23.71538392375472	23.753596475454057	26.373123089372413	0.0
29.0	26.117998111850387	23.829740604207878	23.802486063657614	26.24977522028412	0.0
30.0	26.290516543787092	23.733928250314694	23.736457022118323	26.239098183779895	0.0
31.0	26.33069591800036	23.61310915303003	23.86654828268297	26.18964664628664	0.0
32.0	26.256518611760477	23.68784840855961	23.800519241143682	26.255113738536235	0.0
33.0	26.169135497212732	23.79602364682611	23.741514565725588	26.29332629023557	0.0
34.0	26.250618144218667	23.76427351195828	23.815691871965473	26.16941647185758	0.0
35.0	26.23966013306959	23.812601150872144	23.721846340586225	26.225892375472036	0.0
36.0	26.26860052148894	23.8485659054127	23.634182251393636	26.24865132170473	0.0
37.0	26.122493706167955	23.819344542348496	23.787875382125517	26.270286369358033	0.0
38.0	26.22420652760295	23.6603128933645	23.819344542348496	26.296136036684047	0.0
39.0	26.201092988297436	23.670080499009565	23.802138211039463	26.326688301653533	0.0
40.0	26.156418145291582	23.86732414548826	23.85973785139293	26.11651985782723	0.0
41.0	26.32753122321968	23.74088591056602	23.690310616597127	26.241272249617175	0.0
42.0	26.270774504432364	23.740042988999875	23.73948104128911	26.249701465278658	0.0
43.0	26.249701465278658	23.640859218049762	23.8406316292269	26.268807687444685	0.0
44.0	26.180019949143734	23.811410348267092	23.772074008513506	26.236495694075668	0.0
45.0	26.133866807527827	23.815277067540304	23.651188797041918	26.399667327889947	0.0
46.0	26.198490612689866	23.800666468112368	23.644164470393868	26.3566784488039	0.0
47.0	26.379437267143572	23.77144526925649	23.746157693323518	26.102959770276424	0.0
48.0	26.31340859665193	23.71834135979725	23.81471512140846	26.153534922142363	0.0
49.0	26.11335577371553	23.914179586744815	23.752620073839722	26.219844565699933	0.0
50.0	26.3336386573983	23.836069074418525	23.752620073839722	26.07767219434345	0.0
51.0	26.33644838805752	23.723398874983843	23.679286103634105	26.260866633324532	0.0
52.0	26.25328036054464	23.848150916253168	23.646974201053087	26.25159452214911	0.0
53.0	26.164773844779237	23.713564817676577	23.755991750630784	26.3656695869134	0.0
54.0	26.12684248087978	23.82595404404534	23.804600091035276	26.242603384039604	0.0
55.0	26.286997128455265	23.741662124268768	23.74053823200508	26.230802515270884	0.0
56.0	26.325209465420645	23.618595921394974	23.873157519120216	26.183037094064165	0.0
57.0	26.263395390917825	23.683500699622932	23.793080195332475	26.260023714126763	0.0
58.0	26.170955252229522	23.792799222266552	23.73323293229111	26.303012593212816	0.0
59.0	26.25805690266531	23.766387754069896	23.79954257584868	26.17601276741612	0.0
60.0	26.23782684191893	23.812748309947008	23.71834135979725	26.23108348833681	0.0
61.0	26.273510421291014	23.851241619978307	23.630115817097774	26.245132141632904	0.0
62.0	26.137238484318893	23.807690794760415	23.791675330002864	26.263395390917825	0.0
63.0	26.230802515270884	23.65371755463521	23.83044961310009	26.28503031699381	0.0
64.0	26.207408115041286	23.6766908209167	23.80172348394384	26.314177580098168	0.0
65.0	26.15346143795992	23.85763696696047	23.871123636230813	26.117777958848798	0.0
66.0	26.325135498880325	23.733728193039195	23.702540270351523	26.238596037728957	0.0
67.0	26.266131320822574	23.74384319499195	23.745529028650743	26.244496455534733	0.0
68.0	26.24084381594068	23.646064842781964	23.846679048178316	26.26641229309904	0.0
69.0	26.178186998288876	23.810433624514268	23.778964729550136	26.232414647646717	0.0
70.0	26.120233318722818	23.818795868595256	23.659766006945617	26.401204805736313	0.0
71.0	26.197219506164515	23.79744203558223	23.640378974341683	26.36495948391157	0.0
72.0	26.385470402463557	23.772154601751012	23.74209065264057	26.100284343144857	0.0
73.0	26.307641300560817	23.72944693572496	23.806995066140686	26.155916697573527	0.0
74.0	26.110961259651372	23.904492172134372	23.76288254267957	26.22166402553469	0.0
75.0	26.338829135619317	23.830877642536834	23.750519797250973	26.079773424592872	0.0
76.0	26.327028333164748	23.72101779111456	23.683929554828776	26.268024320891914	0.0
77.0	26.241332029625635	23.85223147554986	23.65302269125729	26.253413803567216	0.0
78.0	26.17530373017746	23.711464760556098	23.7572631129393	26.35596839632714	0.0
79.0	26.125009834002043	23.81458129629005	23.812614495880958	26.247794373826945	0.0
80.0	26.2885352394439	23.73141373613406	23.745743281971745	26.234307742450298	0.0
81.0	26.325904447216697	23.613686683075404	23.867684907335605	26.1927239623723	0.0
82.0	26.27926318037246	23.663699607763807	23.799408835991322	26.257628375872414	0.0
83.0	26.17586567315149	23.782831518257527	23.735909279926272	26.305393528664712	0.0
84.0	26.254818661002282	23.763163514166582	23.80137563640042	26.18064218843072	0.0
85.0	26.23486968542432	23.816267125212136	23.714274475426233	26.234588713937313	0.0
86.0	26.26521460602178	23.85616507636805	23.62801622891309	26.250604088697077	0.0
87.0	26.137653550917655	23.8072760376277	23.799970778965353	26.255099632489294	0.0
88.0	26.213234880924286	23.654146577205346	23.838182901199186	26.294435640671182	0.0
89.0	26.20107948942005	23.681334273648602	23.813390501504596	26.30419573542675	0.0
90.0	26.16230553315595	23.861436490788375	23.868179787529957	26.108078188525717	0.0
91.0	26.324706596349067	23.73134705781534	23.707464548522232	26.23648179731336	0.0
92.0	26.274974782879895	23.731628028512908	23.742304915020412	26.25109227358679	0.0
93.0	26.246315771728167	23.647898760638252	23.84233048335389	26.26345498427969	0.0
94.0	26.180568628497735	23.805242351275187	23.78416954895774	26.23001947126934	0.0
95.0	26.131325335056616	23.809390014329466	23.664128571829956	26.39515607878396	0.0
96.0	26.201848781995444	23.79281278975022	23.648113287066955	26.357225141187378	0.0
97.0	26.383917282459045	23.767806467927286	23.75151021325616	26.096766036357504	0.0
98.0	26.303278918827793	23.72285128262763	23.820066870838133	26.153802927706444	0.0
99.0	26.115029080385494	23.90098620437751	23.764996768846057	26.218987946390943	0.0
100.0	26.3316568795482	23.82990081762243	23.74841954426681	26.090022758562558	0.0
101.0	26.326037481385743	23.72172740299514	23.686325194571662	26.265909921047452	0.0
102.0	26.24118456913265	23.856031019077857	23.660756932932482	26.242027478857015	0.0
103.0	26.172065971734426	23.70880278722149	23.76050125031609	26.358629990727994	0.0
104.0	26.128796605883508	23.82175269028687	23.809670984237588	26.239779719592033	0.0
105.0	26.294287881767865	23.72790874097384	23.752915062796774	26.22488831446152	0.0
106.0	26.331375909640077	23.611306229102862	23.866707875586524	26.190609985670534	0.0
107.0	26.277710657188614	23.661037902840608	23.799556067545165	26.261695372425613	0.0
108.0	26.171785001826304	23.774549745722233	23.741676266471863	26.3119889859796	0.0
109.0	26.25129948582507	23.77623556517097	23.800398977269534	26.172065971734426	0.0
110.0	26.242589418673262	23.809670984237588	23.72453710207637	26.22320249501278	0.0
111.0	26.26843865022056	23.85743586861847	23.629007333314604	26.245118147846362	0.0
112.0	26.127672726251017	23.80910904442134	23.804051586075133	26.259166643252506	0.0
113.0	26.214211457952853	23.65176589587255	23.840296704222975	26.293725941951617	0.0
114.0	26.207113576146845	23.67249115649699	23.811851839364333	26.308543427991832	0.0
115.0	26.17367825102343	23.85062557774275	23.86607887927038	26.10961729196344	0.0
116.0	26.318377347145777	23.73655211555698	23.70761229633251	26.237458240964735	0.0
117.0	26.273703257274995	23.736271146438295	23.75144347884724	26.238582117439474	0.0
118.0	26.24841603659342	23.648046843171468	23.841915535063542	26.261621585171575	0.0
119.0	26.184074108414745	23.80454664227855	23.781507174546444	26.229872074760262	0.0
120.0	26.13778764294344	23.80096091708578	23.67030990980866	26.39094153016212	0.0
121.0	26.19988199263859	23.79309375965834	23.658790143575622	26.34823410412745	0.0
122.0	26.378859824112837	23.763872889213566	23.755724761878003	26.101542524795597	0.0
123.0	26.304402798460284	23.720603523362648	23.820066870838133	26.154926807338935	0.0
124.0	26.118681689191085	23.90772948217246	23.758815430867354	26.214773397769097	0.0
125.0	26.336152398078166	23.826810148633083	23.75151021325616	26.08552724003259	0.0
126.0	26.32772330083448	23.72200837290326	23.691663622825995	26.258604703436262	0.0
127.0	26.24652299738698	23.8504116209154	23.66047596302436	26.242589418673262	0.0
128.0	26.174032761091286	23.70515017841589	23.765839678570426	26.354977381922396	0.0
129.0	26.12711078643477	23.82147172037875	23.811637773594448	26.239779719592033	0.0
130.0	26.295692731308478	23.73043747014695	23.75066730353179	26.22320249501278	0.0
131.0	26.33369765867118	23.615868101115733	23.87098949450562	26.17944474570747	0.0
132.0	26.28284196241174	23.664476031794642	23.794846435465246	26.257835570328368	0.0
133.0	26.169329800595097	23.787260226630966	23.739214237347188	26.30419573542675	0.0
134.0	26.25109227358679	23.776302369425892	23.79653225965064	26.176073097336676	0.0
135.0	26.247439654518427	23.80496138057762	23.728256380142117	26.219342584761833	0.0
136.0	26.277503519157985	23.841487571261194	23.631321489481863	26.24968742009896	0.0
137.0	26.130555844330992	23.795689347557943	23.810299823831375	26.26345498427969	0.0
138.0	26.217937731274006	23.646493907150422	23.848230868002776	26.287337493572792	0.0
139.0	26.20902030861908	23.670161951965117	23.814862267777066	26.305955471638736	0.0
140.0	26.171089157872256	23.856446047855066	23.864032278004427	26.10843251626825	0.0
141.0	26.32449958978163	23.737595108848353	23.70275464445868	26.235150656911337	0.0
142.0	26.27926318037246	23.74433842453668	23.743495510075636	26.23290288501523	0.0
143.0	26.252851860593186	23.647684233004036	23.846331074322578	26.2531328320802	0.0
144.0	26.18970686162396	23.80228542849677	23.77671695133841	26.231290758540855	0.0
145.0	26.136114592055204	23.810781498485557	23.666642315667623	26.386461593791623	0.0
146.0	26.209729535326744	23.78043640736599	23.66832815406315	26.341505903244116	0.0
147.0	26.38393283619832	23.771726242322412	23.75121520851011	26.093125712969155	0.0
148.0	26.29964091642175	23.72396082111569	23.81752485206768	26.15887341039488	0.0
149.0	26.117570369704364	23.9088410984923	23.75964440048777	26.21394413131557	0.0
150.0	26.345720499232943	23.828763774704555	23.74475282799391	26.080762898068592	0.0
151.0	26.33167184593685	23.714407736874342	23.6958635145235	26.25805690266531	0.0
152.0	26.241198518709997	23.85039870078054	23.6638325850084	26.244570195501062	0.0
153.0	26.180789309536788	23.70204492197378	23.766387754069896	26.35077801441954	0.0
154.0	26.131338049934534	23.815277067540304	23.8203345827269	26.23305029979826	0.0
155.0	26.30104578175136	23.726770551774905	23.74840547785089	26.223778188622838	0.0
156.0	26.33062193562889	23.607704303114595	23.873505570306683	26.188168190949835	0.0
157.0	26.285666118767647	23.662494204914232	23.8015762633287	26.250263412989423	0.0
158.0	26.1724336550484	23.78247004116267	23.745100518396764	26.29999578539217	0.0
159.0	26.253916073109394	23.766735505261234	23.802700158750227	26.176648262879137	0.0
160.0	26.240710301906407	23.805509897304056	23.729085008639945	26.224694792149588	0.0
161.0	26.265436001180092	23.84597013247917	23.640859218049762	26.247734648290976	0.0
162.0	26.13787387083632	23.791461204534915	23.809443531279413	26.26122139334935	0.0
163.0	26.209522203958922	23.649007459855863	23.846251106334556	26.295219229850662	0.0
164.0	26.207348048912067	23.669585056644486	23.820749415572738	26.302317478870705	0.0
165.0	26.178688635137565	23.853904423664808	23.855871246178744	26.111535695018883	0.0
166.0	26.328729095486423	23.734490199604387	23.699087394353533	26.237693310555656	0.0
167.0	26.283492177665885	23.741514565725588	23.746291134688004	26.228702121920517	0.0
168.0	26.250337169573818	23.64233051609423	23.85924294191692	26.248089372415034	0.0
169.0	26.19871144665822	23.803676844533484	23.77361247306148	26.22399923574682	0.0
170.0	26.141465909154764	23.802057869863052	23.660445853071913	26.396030367910267	0.0
171.0	26.20861922664104	23.77115048524594	23.674494664261513	26.345735623851507	0.0
172.0	26.37945277070654	23.77283634258869	23.752044102028087	26.09566678467668	0.0
173.0	26.308927738534766	23.722541598529933	23.817792538395402	26.150738124539902	0.0
174.0	26.121516597265536	23.890846356581307	23.766092913217683	26.22154413293547	0.0
175.0	26.346016600075302	23.821445229304697	23.755696792937382	26.07684137768262	0.0
176.0	26.33730633713775	23.708211811116545	23.69444397615074	26.260037875594968	0.0
177.0	26.251889565105003	23.841956493641508	23.66466049642879	26.241493444824698	0.0
178.0	26.18473624761873	23.69612983349349	23.76834072300802	26.350793195879763	0.0
179.0	26.13472247978376	23.80599153699614	23.832684278256373	26.226601704963727	0.0
180.0	26.29853161825446	23.71523621671134	23.75794460272772	26.22828756230648	0.0
181.0	26.338504246967553	23.60937451707076	23.865625553173494	26.18649568278819	0.0
182.0	26.27584637300822	23.67231336804336	23.79706716193548	26.254773097012933	0.0
183.0	26.175818556283907	23.777117793993273	23.74930106967949	26.297762580043326	0.0
184.0	26.25449211999966	23.768688483595156	23.791728598683342	26.185090797721838	0.0
185.0	26.2426910854423	23.79257152972315	23.730756586803633	26.233980798030913	0.0
186.0	26.271350740795896	23.8321892885943	23.64505859775612	26.25140137285369	0.0
187.0	26.142382291704713	23.7863900354312	23.80633940337341	26.264888269490672	0.0
188.0	26.211783613982544	23.644777620742847	23.850452794456885	26.29298597081773	0.0
189.0	26.21944366395055	23.664793481314977	23.816521494801908	26.29924135993257	0.0
190.0	26.182916549592584	23.848271986513065	23.868221410508568	26.10059005338578	0.0
191.0	26.33014891823546	23.734756954200616	23.703849395897723	26.231244731666198	0.0
192.0	26.289554872463462	23.73601425127424	23.750625179124356	26.22380569713794	0.0
193.0	26.237573686842858	23.643291055302363	23.863016931817544	26.256118326037235	0.0
194.0	26.19859116542146	23.803235205691532	23.781599732506876	26.21657389638013	0.0
195.0	26.135444062310338	23.80639287881853	23.67292692247173	26.3852361363994	0.0
196.0	26.22676287454762	23.764526715669746	23.66534043653202	26.343369973250613	0.0
197.0	26.374277878930926	23.77464203025603	23.751601591476163	26.099478499336886	0.0
198.0	26.294760267044303	23.715355047541976	23.83140018432351	26.158484501090207	0.0
199.0	26.11970912850945	23.900521500663118	23.769303392002158	26.210465978825276	0.0
200.0	26.346889804267565	23.818327929102487	23.757916683057314	26.07686558357264	0.0
201.0	26.34155113601241	23.708182773522456	23.691323821137754	26.258942269327385	0.0
202.0	26.253884583611974	23.85176485133214	23.662382619544022	26.231967945511865	0.0
203.0	26.183919931215478	23.703125087807045	23.759040613216296	26.35391436776119	0.0
204.0	26.128566370885714	23.80624567989345	23.833500986248715	26.231686962972123	0.0
205.0	26.291122025783103	23.713654704236117	23.75748822676542	26.23773504321536	0.0
206.0	26.340087273912516	23.597393583990602	23.86938697522556	26.19313216687132	0.0
207.0	26.274898775186784	23.661458143083138	23.80026468778362	26.263378393946464	0.0
208.0	26.172339283657074	23.772728166770165	23.746034600481607	26.308897949091154	0.0
209.0	26.26401416167917	23.768580179268874	23.77644777880806	26.190957880243896	0.0
210.0	26.253898676557363	23.785439321138554	23.73598583832083	26.22467616398325	0.0
211.0	26.275534575290116	23.82477731883447	23.65393801455506	26.245750091320353	0.0
212.0	26.149237962505055	23.7819201546554	23.814233691498448	26.254608191341095	0.0
213.0	26.20740232882255	23.635806770669422	23.861439554016993	26.29535134649103	0.0
214.0	26.218153515020216	23.667624835973218	23.81851542764979	26.29570622135678	0.0
215.0	26.166732698862276	23.87387007673784	23.86347351827968	26.0959237061202	0.0
216.0	26.337647448902175	23.74440129704456	23.69213736983191	26.22581388422135	0.0
217.0	26.289391235932957	23.736319316633182	23.75036879890976	26.2239206485241	0.0
218.0	26.248085758039817	23.64949351616393	23.856863874566223	26.245556851230035	0.0
219.0	26.202920052601407	23.79764192826876	23.777691607377687	26.221746411752143	0.0
220.0	26.141175611085664	23.807824481641436	23.67070076401514	26.38029914325776	0.0
221.0	26.232645181956887	23.766090350426126	23.66099904181454	26.340265425802446	0.0
222.0	26.38719122403275	23.76890027846387	23.74361092612418	26.1002975713792	0.0
223.0	26.303736361311785	23.716073631354302	23.826222810433826	26.153967196900084	0.0
224.0	26.12530593091511	23.899280939415142	23.768619285660094	26.206793844009656	0.0
225.0	26.347571238700578	23.816950047909273	23.7565365950978	26.078942118292353	0.0
226.0	26.336331526549607	23.703428955184457	23.70483391920333	26.25540559906261	0.0
227.0	26.2489427645758	23.850950177165963	23.668585847516447	26.231521210741793	0.0
228.0	26.19036245465453	23.709744042216595	23.758356070462153	26.341537432666723	0.0
229.0	26.13135363424085	23.813149975132	23.83478654261701	26.220709848010138	0.0
230.0	26.287941373167207	23.726951370975446	23.75701785443326	26.228089401424082	0.0
231.0	26.34280945382815	23.60422280731826	23.874821918809026	26.17814582004457	0.0
232.0	26.269750503685263	23.66828988667433	23.816374758694717	26.24558485094569	0.0
233.0	26.16634398963687	23.784060223054595	23.747530747983152	26.302065039325385	0.0
234.0	26.25493149299194	23.77485416268588	23.790308984028144	26.179905360294036	0.0
235.0	26.244253616428193	23.78974699052479	23.737762591464442	26.22823680158257	0.0
236.0	26.260418013117004	23.83006344942311	23.653315499305936	26.256203038153952	0.0
237.0	26.134811759218152	23.778078758212175	23.81938551285005	26.26772396971962	0.0
238.0	26.188201442083436	23.646009542703318	23.86799822409055	26.2977907911227	0.0
239.0	26.212721954180285	23.66771292005856	23.821138439836684	26.298426685924476	0.0
240.0	26.169051606883915	23.848371758410988	23.871696586144488	26.110880048560603	0.0
241.0	26.33182324044201	23.73646818125611	23.693469878705443	26.238238699596433	0.0
242.0	26.2904068934118	23.74050778768921	23.74640968135395	26.22267563754504	0.0
243.0	26.25120504107679	23.644662546339624	23.852365253220235	26.251767159363343	0.0
244.0	26.189204685989253	23.798428259843053	23.788590830391474	26.223776223776223	0.0
245.0	26.145093420508942	23.809229333505737	23.672338140922033	26.373339105063287	0.0
246.0	26.214135326510128	23.763517331137017	23.68143652652025	26.3409108158326	0.0
247.0	26.377589745031344	23.768307424170015	23.753970708121326	26.100132122677312	0.0
248.0	26.30540265494189	23.714838325171346	23.827007089965534	26.15275192992123	0.0
249.0	26.13307319925558	23.889416778648016	23.766846399073412	26.210663623022988	0.0
