# Position (bp)	A	C	G	T	N
0.0	26.24530590380607	23.80062893256322	23.75511042401601	26.198954739614706	0.0
1.0	26.049909379310726	23.830604535752844	23.79951872503768	26.31996735989875	0.0
2.0	26.19182416118558	23.8037354647129	23.716870646351957	26.28756972774956	0.0
3.0	25.977294738273432	23.858007475919713	23.856342460393442	26.30835532541341	0.0
4.0	26.04786680541103	23.789386056191468	23.81990981616372	26.342837322233787	0.0
5.0	26.211022258725077	23.689920587794607	23.871386633666113	26.227670519814204	0.0
6.0	26.407362398939032	23.706669330181505	23.75855237968404	26.127415891195422	0.0
7.0	26.18274125757723	23.766073434964145	23.839591627248893	26.21159368020973	0.0
8.0	26.258832145542105	23.843672064204533	23.77792511505716	26.1195706751962	0.0
9.0	26.2395490632299	23.822033099025226	23.689714669314885	26.248703168429987	0.0
10.0	26.272897735468053	23.658866735456957	23.86717926527533	26.201056263799664	0.0
11.0	26.38995217965361	23.710182072362944	23.642501303686938	26.25736444429651	0.0
12.0	26.176296818180557	23.76226363805313	23.751168460849282	26.31027108291703	0.0
13.0	26.13413514480593	23.787782545621983	23.73064238302216	26.347439926549924	0.0
14.0	26.26783203011231	23.819681180083048	23.79970986111612	26.112776928688525	0.0
15.0	26.149945772321416	23.849083399673248	23.74728514882793	26.2536856791774	0.0
16.0	26.13579942138651	23.7350804539037	23.834659669308245	26.29446045540155	0.0
17.0	26.248897419823695	23.653465291608185	23.868988510975875	26.228648777592245	0.0
18.0	26.232254700181407	23.761365590622383	23.88230268668971	26.124077022506505	0.0
19.0	26.468858697762666	23.819060352048997	23.550003051165266	26.162077899023075	0.0
20.0	26.243627225270306	23.736401511158945	23.78743918472864	26.23253207884211	0.0
21.0	26.250839070448635	23.8362578290127	23.673436555178938	26.23946654535973	0.0
22.0	26.133785275631176	23.848739868744417	23.844579188833844	26.172895666790563	0.0
23.0	26.357629854820008	23.702838693213653	23.728634908659206	26.210896543307133	0.0
24.0	26.212283436610655	23.79936646713895	23.76968695044353	26.218663145806865	0.0
25.0	26.25305809973427	23.79603792321049	23.741116948390925	26.209787028664312	0.0
26.0	26.059170415901562	23.83237452776283	23.81711870142406	26.291336354911543	0.0
27.0	26.189261007772153	23.821556759995342	23.72086830615947	26.268313926073038	0.0
28.0	25.98400079885054	23.85511957794063	23.85983501517261	26.301044608036218	0.0
29.0	26.02976827786685	23.807133069638688	23.814899672138424	26.34819898035604	0.0
30.0	26.20451683411092	23.693130440088982	23.87564559883279	26.22670712696731	0.0
31.0	26.40450684847913	23.702283935892243	23.75498588142617	26.138223334202454	0.0
32.0	26.193421687682722	23.774125009014806	23.816563944102654	26.215889359199817	0.0
33.0	26.274971013929953	23.83847685829834	23.771073843747054	26.11547828402465	0.0
34.0	26.240298681341844	23.812680642852786	23.697845877320965	26.249174798484404	0.0
35.0	26.26775916875163	23.63543567866237	23.885076473296756	26.21172867928924	0.0
36.0	26.38037490499781	23.725028986070043	23.628778590805453	26.265817518126696	0.0
37.0	26.17088142372524	23.762686571304148	23.757971147151746	26.308460857818865	0.0
38.0	26.127610472679663	23.792920761457786	23.733007136933143	26.3464616289294	0.0
39.0	26.25215314588135	23.827315619981192	23.798190941392825	26.122340292744628	0.0
40.0	26.16477911011625	23.865039013200416	23.736613049520276	26.23356882716306	0.0
41.0	26.143143634593464	23.731342869585237	23.840907136655765	26.284606359165537	0.0
42.0	26.241539997780983	23.6663707977366	23.874681016309776	26.21740818817264	0.0
43.0	26.215743925441032	23.760124264950626	23.89104626650394	26.133085543104407	0.0
44.0	26.47287251747476	23.822534117386	23.550427160767782	26.154166204371464	0.0
45.0	26.23959835792744	23.741262620659047	23.785365583046712	26.233773438366804	0.0
46.0	26.24292688339066	23.831964939531787	23.702152446466215	26.222955730611343	0.0
47.0	26.140852102518586	23.842227893043383	23.84860756684789	26.168312437590146	0.0
48.0	26.361644291578827	23.710473760124266	23.730444912903582	26.19743703539332	0.0
49.0	26.204371463441696	23.815044935093756	23.768445578608677	26.212138022855875	0.0
50.0	26.26345279041385	23.80200821036281	23.743759014756463	26.190779984466882	0.0
51.0	26.044047486963272	23.837235104848553	23.82364362587374	26.295073782314432	0.0
52.0	26.19854654388106	23.823366248751803	23.723510484855208	26.25457672251193	0.0
53.0	25.995229113502717	23.834183956507268	23.856096749140132	26.31449018084988	0.0
54.0	26.027404859647174	23.796183290802176	23.82697215133696	26.34943969821369	0.0
55.0	26.194385887052036	23.696050149783645	23.873016753578167	26.236547209586153	0.0
56.0	26.398535448796185	23.711583268612006	23.75180295129258	26.138078331299237	0.0
57.0	26.183013425052703	23.782591811827363	23.823366248751803	26.211028514368135	0.0
58.0	26.27898590924221	23.831132808165982	23.770387218462222	26.11949406412959	0.0
59.0	26.24126262065905	23.80977476977699	23.690502607344946	26.25846000221902	0.0
60.0	26.26872295573061	23.648063907688893	23.883002329967823	26.200210806612674	0.0
61.0	26.392710529235547	23.717130811050705	23.639187839786974	26.25097081992677	0.0
62.0	26.169349358289807	23.752569198465554	23.763941628920367	26.31413981432427	0.0
63.0	26.134122561515138	23.79583990946436	23.722057799684347	26.347979729336156	0.0
64.0	26.237306564666135	23.829402448123687	23.80055530745782	26.132735679752354	0.0
65.0	26.17656114345628	23.866293503013694	23.72705057403036	26.23009477949967	0.0
66.0	26.137451077745816	23.733707606491716	23.849650921860306	26.27919039390216	0.0
67.0	26.243890802780413	23.674283400180848	23.86262142116154	26.219204375877197	0.0
68.0	26.219481751460382	23.759992455384136	23.88952685273021	26.130998940425272	0.0
69.0	26.481046926401163	23.821569834850578	23.534208730673857	26.163174508074405	0.0
70.0	26.228912521288578	23.73336439939865	23.807423680108286	26.230299399204487	0.0
71.0	26.256650079606793	23.83072322909559	23.69231281308769	26.22031387820993	0.0
72.0	26.15513061616212	23.825175717431947	23.85041689550152	26.16927677090441	0.0
73.0	26.360665923300104	23.705349465497253	23.743072544810026	26.19091206639262	0.0
74.0	26.19618220247308	23.81435806968784	23.767481596130054	26.221978131709022	0.0
75.0	26.262197591270436	23.795496530031453	23.74751055414094	26.19479532455717	0.0
76.0	26.06026816671382	23.833774360510592	23.81546757202057	26.290489900755016	0.0
77.0	26.19479532455717	23.811029562689654	23.741685666894114	26.252489445859062	0.0
78.0	25.990369519751916	23.839599247757416	23.85679653391471	26.313234698575954	0.0
79.0	26.02809259906469	23.78967164278463	23.840708750090148	26.341527008060535	0.0
80.0	26.20810935254991	23.70423996316452	23.87454857123837	26.213102113047192	0.0
81.0	26.386739228119225	23.72698476098546	23.761101957716864	26.125174053178448	0.0
82.0	26.188970437310346	23.786620511369623	23.819350830185122	26.20505822113491	0.0
83.0	26.289103022839104	23.83710286750878	23.76304358679914	26.110750522852978	0.0
84.0	26.254708450524518	23.800766666111915	23.682604667676312	26.26192021568725	0.0
85.0	26.25554057727406	23.646823217445814	23.88952685273021	26.20810935254991	0.0
86.0	26.39117723745014	23.73336439939865	23.629071180122157	26.24638718302905	0.0
87.0	26.18501454830898	23.74023293936864	23.760481300776924	26.31427121154545	0.0
88.0	26.15838656618302	23.77102154370179	23.708889585407867	26.36170230470733	0.0
89.0	26.24770125623053	23.82649650646422	23.78627715846146	26.13952507884379	0.0
90.0	26.192226293468103	23.861723107818364	23.718042954263666	26.228007644449868	0.0
91.0	26.14313095142335	23.724422574981347	23.85978148412168	26.272664989473625	0.0
92.0	26.235146619919895	23.685801777412877	23.851948830036278	26.22710277263095	0.0
93.0	26.22543852836427	23.775116219724623	23.878854112347582	26.120591139563526	0.0
94.0	26.479790527121633	23.833087395013923	23.53380080105624	26.1533212768082	0.0
95.0	26.235978742053234	23.713261807813073	23.80562736461373	26.245132085519966	0.0
96.0	26.248460574053322	23.829204158391672	23.688298143812894	26.23403712374211	0.0
97.0	26.162474620274935	23.818386570658266	23.84362760870289	26.175511200363914	0.0
98.0	26.349147352187373	23.704663212435236	23.753203670213356	26.19298576516404	0.0
99.0	26.206299719297466	23.810342723369317	23.76374388390232	26.219613673430896	0.0
100.0	26.250402192364447	23.79314553261364	23.754313166391142	26.202139108630774	0.0
101.0	26.07454704818542	23.832255272880584	23.799802509680354	26.293395169253643	0.0
102.0	26.209350833786377	23.785933807458033	23.74599194505775	26.258723413697837	0.0
103.0	26.00104292640712	23.82254718132496	23.842518112525102	26.333891779742817	0.0
104.0	26.039597918585173	23.788707547902497	23.841963364436207	26.32973116907612	0.0
105.0	26.222110039830916	23.699947853679646	23.871365013147532	26.206577093341917	0.0
106.0	26.377162130676464	23.723247273413143	23.769291364791247	26.130299231119146	0.0
107.0	26.199920116275198	23.780386326569104	23.83031365456946	26.189379902586236	0.0
108.0	26.286738192186927	23.827539914124994	23.762634387724535	26.123087505963543	0.0
109.0	26.25067956640889	23.809787975280425	23.67526156372391	26.264270894586765	0.0
110.0	26.258723413697837	23.64364092265702	23.88523371536985	26.21240194827529	0.0
111.0	26.397133061876605	23.7265757619465	23.63060434256804	26.245686833608854	0.0
112.0	26.187088274044797	23.742597600721172	23.750918798973718	26.319395326260313	0.0
113.0	26.17072325081478	23.755079398099994	23.715969766313016	26.35822758477221	0.0
114.0	26.256431592816032	23.83024755564801	23.77837875320713	26.13494209832883	0.0
115.0	26.202621177449554	23.851882671104637	23.730115803342347	26.215380348103462	0.0
116.0	26.12939463282713	23.727064697316415	23.86380972193329	26.27973094792317	0.0
117.0	26.244577337431075	23.689685014035128	23.845291852969567	26.220445795564235	0.0
118.0	26.219613673430896	23.778444708257982	23.884124219192067	26.11781739911906	0.0
119.0	26.478403656899403	23.8389122499473	23.536297167456258	26.14638692569704	0.0
120.0	26.21295669636418	23.723247273413143	23.79175866239141	26.27203736783127	0.0
121.0	26.239584604631037	23.826153043902764	23.692181380435144	26.242080971031058	0.0
122.0	26.140284696719217	23.8156128302138	23.852226204080726	26.191876268986253	0.0
123.0	26.32695742863166	23.713816555901964	23.74515982292441	26.214066192541967	0.0
124.0	26.231540757342092	23.794532402835873	23.760415395368963	26.213511444453076	0.0
125.0	26.247628451919987	23.784824311280246	23.754313166391142	26.213234070408625	0.0
126.0	26.090912116807758	23.845291852969567	23.787320677680267	26.276475352542413	0.0
127.0	26.231540757342092	23.783992189146907	23.73351011305766	26.250956940453342	0.0
128.0	26.006035659207154	23.80729160888041	23.846401349147353	26.340271382765085	0.0
129.0	26.029057704896207	23.804240494391497	23.842240738480655	26.32446106223164	0.0
130.0	26.234591871831004	23.694677746835165	23.85499994452519	26.21573043680864	0.0
131.0	26.388534466498765	23.706050082657466	23.77067823501348	26.134737215830288	0.0
132.0	26.20748190822777	23.79321152880676	23.833985626437148	26.165320936528317	0.0
133.0	26.279599359818928	23.847022242686318	23.75437905487306	26.11899934262169	0.0
134.0	26.246591756975285	23.80208752284875	23.684480601792394	26.266840118383573	0.0
135.0	26.273569990180906	23.651538602359913	23.87704495148701	26.197846455972172	0.0
136.0	26.400608007278336	23.73225489706592	23.638779325533534	26.228357770122212	0.0
137.0	26.190152584731543	23.727327950382918	23.75534296199112	26.327176502894424	0.0
138.0	26.171845745462818	23.75756197281157	23.716232896280662	26.354359385444955	0.0
139.0	26.262270436396218	23.84243913669384	23.76366425256781	26.13162617434213	0.0
140.0	26.21234269293606	23.834949975174816	23.72178042333179	26.23092690855734	0.0
141.0	26.136341572335592	23.71872928345367	23.849373545507753	26.295555598702986	0.0
142.0	26.25402196826806	23.68245867080883	23.83141018528792	26.232109175635195	0.0
143.0	26.21352490846555	23.77593476090092	23.89354266060135	26.116997670032177	0.0
144.0	26.461777432597362	23.848330189725953	23.552923554865195	26.136968822811497	0.0
145.0	26.210473760124266	23.720459336513926	23.79368689670476	26.275380006657052	0.0
146.0	26.242240331966784	23.824330546602386	23.698955391963786	26.234473729467044	0.0
147.0	26.137945955541745	23.8362578290127	23.86149928713684	26.164296928308712	0.0
148.0	26.34716254711983	23.722321000119273	23.727313829861004	26.20320262289989	0.0
149.0	26.218181112125087	23.801096758266603	23.7789064038589	26.201815725749412	0.0
150.0	26.263671338660867	23.795826549094773	23.77474571240746	26.165756399836905	0.0
151.0	26.07457089283138	23.84942693250785	23.791454470814056	26.284547703846712	0.0
152.0	26.216589554971208	23.798666356000844	23.734036769519246	26.250707319508702	0.0
153.0	25.993021114180788	23.815031787770863	23.853310255300737	26.338636842747615	0.0
154.0	26.020759134129968	23.817528209566287	23.83167459974037	26.33003805656337	0.0
155.0	26.23961211152903	23.68050239101732	23.85220073450277	26.227684762950883	0.0
156.0	26.365820102297814	23.72294156153957	23.772315237049117	26.13892309911349	0.0
157.0	26.220822989334703	23.78347641568312	23.83201808523917	26.16368250974301	0.0
158.0	26.27824084989529	23.83146332330139	23.74602998488274	26.144265841920582	0.0
159.0	26.26021108691733	23.81343356032343	23.68001331428651	26.246342038472743	0.0
160.0	26.277204213983367	23.642355081910825	23.87757479598573	26.20286590812007	0.0
161.0	26.389266436254903	23.726956512091068	23.645961044508674	26.237816007145355	0.0
162.0	26.188792082393704	23.734789036733765	23.75143198719602	26.32498689367651	0.0
163.0	26.158834771561633	23.767242790135167	23.724525883948708	26.349396554354488	0.0
164.0	26.256750796781255	23.83825271210747	23.775009500350887	26.12998699076039	0.0
165.0	26.20682194539448	23.84990277743105	23.71259843611742	26.23067684105705	0.0
166.0	26.136089405929887	23.72480326645641	23.839362242138286	26.29974508547542	0.0
167.0	26.25765577844843	23.68797709923664	23.838596218711167	26.21577090360376	0.0
168.0	26.217712586543584	23.785616012781823	23.872991745073673	26.123679655600924	0.0
169.0	26.49176726433517	23.838041452156933	23.54873069412391	26.12146058938399	0.0
170.0	26.209945854784305	23.71210944434582	23.808361441505415	26.26958325936446	0.0
171.0	26.236442817120192	23.834012926132424	23.698649135946297	26.23089512080109	0.0
172.0	26.13991290116779	23.837341543923884	23.87173726110233	26.151008293806	0.0
173.0	26.344973357114526	23.74337395182922	23.726176045535617	26.185476645520637	0.0
174.0	26.205448407668047	23.80023799683226	23.770557739196523	26.22375585630317	0.0
175.0	26.267028007622557	23.790806886929314	23.766396955415814	26.175768150032315	0.0
176.0	26.064331443407635	23.850510945665558	23.803355265347786	26.281802345579013	0.0
177.0	26.21106882510236	23.802245719928543	23.753425721481907	26.23325973348719	0.0
178.0	25.980283377900076	23.810012537863237	23.87464355853407	26.33506052570262	0.0
179.0	26.03187723989481	23.810567310572857	23.84496321856935	26.312592230962974	0.0
180.0	26.243800414969986	23.68962685987551	23.8435762867953	26.222996438359203	0.0
181.0	26.36196700211923	23.725687086000864	23.778113107060037	26.134232804819867	0.0
182.0	26.21696666084154	23.782894645596343	23.8350434249543	26.165095268607825	0.0
183.0	26.29796370112092	23.825057488481498	23.752104674805206	26.124874135592375	0.0
184.0	26.257465180981228	23.817845423251143	23.69329860446538	26.23139079130225	0.0
185.0	26.263917937565534	23.65730390062856	23.8756081729569	26.203169988849005	0.0
186.0	26.392348532340655	23.736914226115516	23.64593099698757	26.224806244556266	0.0
187.0	26.186876742347543	23.73060013037267	23.769711931873346	26.312811195406443	0.0
188.0	26.158583098708753	23.788296972302742	23.70313865272326	26.34998127626524	0.0
189.0	26.255114353476372	23.82075144588841	23.789129138292118	26.135005062343104	0.0
190.0	26.202133118819432	23.850709421505943	23.72532974577329	26.221827713901334	0.0
191.0	26.143049333573735	23.742527842887064	23.836839988349677	26.277582835189527	0.0
192.0	26.223842176508445	23.70902958080909	23.840234782415727	26.226893460266737	0.0
193.0	26.20553447395868	23.785034285333868	23.868805893970663	26.14062534673679	0.0
194.0	26.486807358586866	23.836906109224863	23.55119499367552	26.125091538512752	0.0
195.0	26.227448239131885	23.709584359674235	23.79307857887846	26.269888822315423	0.0
196.0	26.241463292852746	23.820672284758476	23.70749676839518	26.230367653993596	0.0
197.0	26.15907817432358	23.835374006246845	23.860061802708447	26.145486016721126	0.0
198.0	26.348054513024927	23.72614777767607	23.74528780780081	26.180509901498194	0.0
199.0	26.20713950862827	23.800488764247532	23.79771484683815	26.19465688028605	0.0
200.0	26.255128279810595	23.789947878091876	23.772472198412764	26.18245164368476	0.0
201.0	26.07101248266297	23.854646324549236	23.811927877947294	26.2624133148405	0.0
202.0	26.22579750346741	23.804438280166433	23.747018030513175	26.22274618585298	0.0
203.0	26.0	23.81719833564494	23.85270457697642	26.33009708737864	0.0
204.0	26.042163661581135	23.805547850208043	23.835783633841885	26.316504854368933	0.0
205.0	26.2249653259362	23.700416088765603	23.854646324549236	26.219972260748957	0.0
206.0	26.35506241331484	23.717891816920943	23.790291262135923	26.136754507628297	0.0
207.0	26.215051914152326	23.77149451177396	23.83363060646493	26.179822967608786	0.0
208.0	26.280516728201743	23.823367055109724	23.770384938654477	26.12573127803406	0.0
209.0	26.27164014324589	23.81338089703439	23.686334774853744	26.228644184865978	0.0
210.0	26.2645007739294	23.633140821863087	23.871699704297946	26.23065869990957	0.0
211.0	26.377400152011937	23.743266259452202	23.63702433855389	26.24230924998197	0.0
212.0	26.19577971522648	23.735287672296856	23.743609516861444	26.32532309561522	0.0
213.0	26.1705367867139	23.758588837077703	23.7203083520806	26.350566024127804	0.0
214.0	26.283713872792287	23.814899985298073	23.780503027764446	26.120883114145194	0.0
215.0	26.204933744247526	23.861779709678583	23.728630196645188	26.204656349428706	0.0
216.0	26.145571253020133	23.73944859457915	23.83681417598482	26.27816597641589	0.0
217.0	26.24550619146953	23.681816164395723	23.835770715902534	26.236906928232212	0.0
218.0	26.20888997381386	23.785562114420134	23.874606098264614	26.130941813501394	0.0
219.0	26.474080156229196	23.832719364431227	23.559762105543474	26.133438373796103	0.0
220.0	26.216934445874575	23.71454884381519	23.80387022324797	26.264646487062272	0.0
221.0	26.245651800029957	23.822587893279778	23.711074248115086	26.220686058575176	0.0
222.0	26.16714841301103	23.847276237607286	23.844224869207252	26.14135048017443	0.0
223.0	26.333382340295096	23.725842110665116	23.732499660187575	26.20827588885221	0.0
224.0	26.213823846787594	23.81128066287001	23.77716072156741	26.197734768774982	0.0
225.0	26.25099516495466	23.787424443747867	23.766619601490184	26.194960789807293	0.0
226.0	26.0854609811036	23.85850448831042	23.812733708376328	26.243300822209648	0.0
227.0	26.22221852357334	23.79803157906417	23.761414955116898	26.218334942245598	0.0
228.0	25.99419681990169	23.810237120379927	23.867658644297236	26.327907415421148	0.0
229.0	26.039135403836976	23.801360363059374	23.841305771001853	26.318198462101794	0.0
230.0	26.242191227544577	23.693452281881427	23.852124318986274	26.21223217158772	0.0
231.0	26.357034275379203	23.714811979184002	23.77306569910012	26.155088046336672	0.0
232.0	26.208421292071094	23.75537808156098	23.839430110599157	26.19677051576877	0.0
233.0	26.29441511715965	23.839430110599157	23.755100682125214	26.11105409011598	0.0
234.0	26.27111356455501	23.802258586206033	23.68186723108205	26.244760618156903	0.0
235.0	26.2614774334933	23.638103692196733	23.87028766401287	26.2301312102971	0.0
236.0	26.394629532025853	23.719936752753195	23.63172348747538	26.253710227745568	0.0
237.0	26.19719325693711	23.740807625197995	23.739698021298846	26.322301096566054	0.0
238.0	26.16057632826522	23.77104433144978	23.712235324794932	26.356144015490067	0.0
239.0	26.261272882112905	23.80377764647465	23.80738385914688	26.127565612265563	0.0
240.0	26.19317109979249	23.84317054495822	23.747184216074658	26.21647413917463	0.0
241.0	26.136231224649464	23.743362389928034	23.838522275181305	26.2818841102412	0.0
242.0	26.243021874965315	23.692884809606785	23.834944452459965	26.22914886296794	0.0
243.0	26.214861081436553	23.786387562397508	23.866855720592355	26.13189563557359	0.0
244.0	26.470849404778424	23.827455115575656	23.571051974359687	26.130643505286233	0.0
245.0	26.22358021402247	23.72424625904711	23.769759335731095	26.282414191199326	0.0
246.0	26.264751268359294	23.802135950353588	23.701111271467745	26.232001509819376	0.0
247.0	26.166626421420464	23.834345015556867	23.847112472973237	26.151916090049433	0.0
248.0	26.362145012338345	23.727929073250078	23.72126719943152	26.188658714980058	0.0
249.0	26.206423711829547	23.817586791724842	23.77150883114648	26.204480665299133	0.0
