# Position (bp)	A	C	G	T	N
0.0	26.23223367716896	23.725500658558023	23.74403576714287	26.29822989713015	0.0
1.0	26.18870425549243	23.656696088811255	23.675231197396098	26.47936845830022	0.0
2.0	26.21931526815528	23.74235075727152	23.872939022301107	26.1653949522721	0.0
3.0	26.24318624133273	23.785880178948048	23.66427863323233	26.306654946486894	0.0
4.0	26.242062901418496	23.779982644398327	23.79037353860498	26.187580915578195	0.0
5.0	26.215383578455466	23.779982644398327	23.880802401700738	26.123831375445473	0.0
6.0	26.213417733605553	23.906358384749538	23.692081296109592	26.188142585535314	0.0
7.0	26.247117931032548	23.687307101474104	23.85917810835175	26.206396859141602	0.0
8.0	26.18393006085694	23.806661967361357	23.762290040749157	26.247117931032548	0.0
9.0	26.307497451422567	23.7263431634937	23.777174294612742	26.18898509047099	0.0
10.0	26.31564166580076	23.84625969933807	23.73252153302198	26.105577101839188	0.0
11.0	26.249083775882454	23.74375493216431	23.754426661349523	26.25273463060371	0.0
12.0	26.3086207913368	23.871815682386874	23.703033860273365	26.116529666002958	0.0
13.0	26.119057180809985	23.74347409718575	23.867041487751383	26.270427234252878	0.0
14.0	26.214541073519786	23.733644872936214	23.834464630238624	26.217349423305368	0.0
15.0	26.37826786601925	23.725781493536584	23.6361951353765	26.259755505067666	0.0
16.0	26.279133118588188	23.739823242464496	23.69910217057355	26.28194146837377	0.0
17.0	26.41000221859633	23.59912491820681	23.763132545684833	26.227740317512026	0.0
18.0	26.293455702494654	23.71033556971588	23.780825149334	26.215383578455466	0.0
19.0	26.304689101636985	23.656415253832698	23.74235075727152	26.2965448872588	0.0
20.0	26.317607510650664	23.692362131088153	23.74824829182124	26.24178206643994	0.0
21.0	26.217349423305368	23.813121171868197	23.7041572001876	26.265372204638833	0.0
22.0	26.321258365371925	23.722411473793883	23.729994018214956	26.226336142619232	0.0
23.0	26.116529666002958	23.803853617575776	23.808908647189824	26.27070806923144	0.0
24.0	26.13422226965213	23.76509839053474	23.723534813708117	26.377144526105017	0.0
25.0	26.23644620184733	23.727185668429374	23.735049047829005	26.301319081894288	0.0
26.0	26.190389265363777	23.65781942872549	23.6684911579107	26.483300148000033	0.0
27.0	26.216506918369696	23.74038491242161	23.86619898281571	26.176909186392983	0.0
28.0	26.242343736397057	23.786722683883724	23.65725775876837	26.31367582095085	0.0
29.0	26.24487125120408	23.78279099418391	23.783071829162466	26.189265925449547	0.0
30.0	26.21397940356267	23.78222932422679	23.873500692258222	26.130290579952316	0.0
31.0	26.215383578455466	23.903550034963956	23.687587936452662	26.193478450127923	0.0
32.0	26.245713756139754	23.687307101474104	23.85271890384491	26.214260238541232	0.0
33.0	26.17129248682182	23.81480618173955	23.753584156413847	26.260317175024785	0.0
34.0	26.305531606572664	23.726904833450817	23.77633178967707	26.191231770299456	0.0
35.0	26.314237490907967	23.844013019509607	23.73055568817207	26.111193801410355	0.0
36.0	26.244028746268405	23.74684411692845	23.74880996177836	26.260317175024785	0.0
37.0	26.30356576172275	23.87125401242976	23.70387636520904	26.121303860638452	0.0
38.0	26.11765300591719	23.74403576714287	23.8642331379658	26.27407808897414	0.0
39.0	26.208924373948623	23.736453222721796	23.834183795260067	26.220438608069514	0.0
40.0	26.374055341340874	23.72465815362235	23.637037640312176	26.2642488647246	0.0
41.0	26.28194146837377	23.742912427228635	23.69910217057355	26.276043933824045	0.0
42.0	26.40747470378931	23.606988297606442	23.760885865856366	26.224651132747884	0.0
43.0	26.294298207430334	23.70247219031625	23.789811868647863	26.213417733605553	0.0
44.0	26.305250771594103	23.653606904047113	23.746563281949893	26.294579042408888	0.0
45.0	26.313114150993734	23.70219135533769	23.751337476585384	26.233357017083193	0.0
46.0	26.217068588326814	23.817895366503688	23.704718870144713	26.260317175024785	0.0
47.0	26.312552481036615	23.729994018214956	23.733083202979095	26.22437029776933	0.0
48.0	26.11765300591719	23.81284033688964	23.810312822082615	26.25919383511055	0.0
49.0	26.12551638531682	23.772119264998697	23.728309008343608	26.374055341340874	0.0
50.0	26.233357017083193	23.733083202979095	23.741227417357287	26.292332362580424	0.0
51.0	26.188423420513875	23.667367817996467	23.671299507696283	26.472909253793382	0.0
52.0	26.209486043905738	23.744878272078545	23.870130672515526	26.175505011500196	0.0
53.0	26.241501231461378	23.78728435384084	23.658100263704046	26.313114150993734	0.0
54.0	26.241220396482824	23.783352664141024	23.784756839033815	26.190670100342338	0.0
55.0	26.214541073519786	23.786441848905167	23.86591814783715	26.133098929737898	0.0
56.0	26.208643538970065	23.913379259213492	23.68477958666708	26.193197615149362	0.0
57.0	26.239535386611472	23.69713632572364	23.852157233887795	26.21117105377709	0.0
58.0	26.1653949522721	23.815367851696664	23.75723501113511	26.262002184896133	0.0
59.0	26.29485987738745	23.731679028086305	23.772400099977254	26.201060994548993	0.0
60.0	26.312833316015176	23.844293854488164	23.73561071778612	26.10726211171054	0.0
61.0	26.240377891547144	23.750494971649708	23.749652466714032	26.259474670089112	0.0
62.0	26.295983217301682	23.87546653710813	23.696574655766526	26.131975589823664	0.0
63.0	26.10726211171054	23.749652466714032	23.868726497622735	26.274358923952697	0.0
64.0	26.204150179313135	23.73757656263603	23.83980049483123	26.2184727632196	0.0
65.0	26.370685321598174	23.728870678300723	23.630578435805337	26.269865564295763	0.0
66.0	26.275482263866927	23.74684411692845	23.69713632572364	26.280537293480975	0.0
67.0	26.4055088589394	23.610358317349142	23.753584156413847	26.230548667297608	0.0
68.0	26.29626405228024	23.703314695251922	23.7841951690767	26.216226083391135	0.0
69.0	26.298791567087264	23.661470283446747	23.74375493216431	26.295983217301682	0.0
70.0	26.306374111508333	23.71005473473732	23.744878272078545	26.238692881675796	0.0
71.0	26.213417733605553	23.81564868667522	23.701348850402017	26.26958472931721	0.0
72.0	26.311709976100943	23.732240698043423	23.734487377871886	26.221561947983744	0.0
73.0	26.120742190681334	23.818457036460806	23.804415287532894	26.25638548532497	0.0
74.0	26.124393045402588	23.77577011971995	23.725781493536584	26.374055341340874	0.0
75.0	26.23391868704031	23.74347409718575	23.732240698043423	26.29036651773052	0.0
76.0	26.181683381028474	23.67495036241754	23.67214201263196	26.47122424392203	0.0
77.0	26.20808186901295	23.74543994203566	23.869849837536965	26.176628351414426	0.0
78.0	26.23728870678301	23.79346272336912	23.652483564132883	26.31676500571499	0.0
79.0	26.24487125120408	23.787846023797957	23.776050954698512	26.191231770299456	0.0
80.0	26.224651132747884	23.778859304484094	23.86732232272994	26.129167240038083	0.0
81.0	26.20611602416304	23.910290074449353	23.683656246752847	26.19993765463476	0.0
82.0	26.237850376740123	23.699663840530665	23.856369758566167	26.20611602416304	0.0
83.0	26.163990777379304	23.820422881310712	23.7552691662852	26.260317175024785	0.0
84.0	26.288962342837724	23.72774733838649	23.779701809419766	26.203588509356017	0.0
85.0	26.306654946486894	23.845978864359513	23.737857397614587	26.109508791539003	0.0
86.0	26.23391868704031	23.752460816499614	23.75021413667115	26.263406359788927	0.0
87.0	26.28531148811647	23.878274886893713	23.701348850402017	26.135064774587804	0.0
88.0	26.100802907203697	23.756392506199433	23.870130672515526	26.272673914081345	0.0
89.0	26.206958529098717	23.740946582378726	23.830813775517367	26.221281113005183	0.0
90.0	26.372370331469526	23.718760619072626	23.640688495033434	26.268180554424415	0.0
91.0	26.274639758931258	23.75470749632808	23.694889645895177	26.275763098845488	0.0
92.0	26.41281056838191	23.60586495769221	23.75161831156394	26.229706162361932	0.0
93.0	26.298510732108703	23.69910217057355	23.783914334098142	26.2184727632196	0.0
94.0	26.30356576172275	23.65220272915432	23.751337476585384	26.29289403253754	0.0
95.0	26.313394985972295	23.704718870144713	23.744316602121426	26.237569541761562	0.0
96.0	26.218191928241048	23.806661967361357	23.705842210058947	26.26930389433865	0.0
97.0	26.310305801208152	23.724377318643793	23.74206992229296	26.223246957855096	0.0
98.0	26.120742190681334	23.81480618173955	23.80778530727559	26.25666632030353	0.0
99.0	26.126078055273936	23.778297634526975	23.719041454051183	26.376582856147902	0.0
100.0	26.237007871804447	23.73617238774324	23.742631592250078	26.284188148202237	0.0
101.0	26.18701924562108	23.666525313060795	23.679162887095913	26.467292554222215	0.0
102.0	26.21145188875565	23.746001611992774	23.869849837536965	26.17269666171461	0.0
103.0	26.246556261075433	23.78925019869075	23.651641059197207	26.312552481036615	0.0
104.0	26.247679600989667	23.78896936371219	23.77577011971995	26.187580915578195	0.0
105.0	26.22886365742626	23.779701809419766	23.858335603416077	26.133098929737898	0.0
106.0	26.21117105377709	23.913660094192053	23.68421791670996	26.190950935320895	0.0
107.0	26.241220396482824	23.699944675509226	23.85299973882347	26.205835189184484	0.0
108.0	26.16792246707912	23.812559501911082	23.75695417615655	26.262563854853248	0.0
109.0	26.294298207430334	23.72325397872956	23.77914013946265	26.203307674377456	0.0
110.0	26.313394985972295	23.845978864359513	23.7297131832364	26.110912966431794	0.0
111.0	26.23981622159003	23.754426661349523	23.742631592250078	26.263125524810366	0.0
112.0	26.28952401279484	23.874624032172456	23.70499970512327	26.13085224990943	0.0
113.0	26.107542946689094	23.754988331306638	23.87265818732255	26.264810534681715	0.0
114.0	26.213136898627	23.74543994203566	23.82238872616062	26.21903443317672	0.0
115.0	26.37545951623367	23.71679477422272	23.642373504904782	26.265372204638833	0.0
116.0	26.272954749059906	23.752741651478175	23.693204636023825	26.281098963438094	0.0
117.0	26.417023093060287	23.603337442885184	23.747124951907008	26.232514512147514	0.0
118.0	26.305531606572664	23.699383005552107	23.779701809419766	26.215383578455466	0.0
119.0	26.303284926744197	23.649675214347297	23.754426661349523	26.292613197558985	0.0
120.0	26.3153608308222	23.706403880016065	23.742912427228635	26.235322861933096	0.0
121.0	26.21903443317672	23.806100297404242	23.706684714994623	26.268180554424415	0.0
122.0	26.310867471165267	23.73055568817207	23.73701489267891	26.221561947983744	0.0
123.0	26.117933840895752	23.813963676803873	23.80918948216838	26.258913000131994	0.0
124.0	26.12467388038115	23.78279099418391	23.721007298901092	26.371527826533853	0.0
125.0	26.234199522018862	23.736734057700353	23.739823242464496	26.289243177816285	0.0
126.0	26.18730008059964	23.664559468210886	23.67832038216024	26.469820069029236	0.0
127.0	26.211732723734205	23.744316602121426	23.865075642901477	26.178875031242892	0.0
128.0	26.24262457137561	23.785037674012376	23.653606904047113	26.318730850564897	0.0
129.0	26.238412046697242	23.788126858776515	23.78222932422679	26.191231770299456	0.0
130.0	26.225774472662117	23.778859304484094	23.863109798051568	26.132256424802218	0.0
131.0	26.206958529098717	23.90579671479242	23.688711276366895	26.198533479741968	0.0
132.0	26.238692881675796	23.696574655766526	23.853280573802028	26.21145188875565	0.0
133.0	26.165114117293538	23.81564868667522	23.752460816499614	26.266776379531624	0.0
134.0	26.287558167944937	23.722411473793883	23.78110598431256	26.208924373948623	0.0
135.0	26.296825722237354	23.847102204273746	23.74235075727152	26.113721316217376	0.0
136.0	26.2319528421904	23.7485291267998	23.746001611992774	26.273516419017025	0.0
137.0	26.286153993052142	23.87209651736543	23.70499970512327	26.136749784459152	0.0
138.0	26.10052207222514	23.753022486456732	23.87378152723678	26.272673914081345	0.0
139.0	26.203026839398902	23.73701489267891	23.829409600624576	26.230548667297608	0.0
140.0	26.369281146705386	23.71539059932993	23.643216009840458	26.27211224412423	0.0
141.0	26.267618884467296	23.753584156413847	23.696855490745083	26.28194146837377	0.0
142.0	26.40494718898228	23.609515812413466	23.747686621864126	26.237850376740123	0.0
143.0	26.297949062151588	23.696012985809407	23.784476004055257	26.221561947983744	0.0
144.0	26.301880751851403	23.646866864561712	23.752741651478175	26.298510732108703	0.0
145.0	26.30609327652978	23.700225510487783	23.751056641606823	26.24262457137561	0.0
146.0	26.214821908498347	23.80160693774731	23.709773899758762	26.27379725399558	0.0
147.0	26.304689101636985	23.730274853193514	23.736453222721796	26.2285828224477	0.0
148.0	26.118214675874306	23.809470317146943	23.810312822082615	26.262002184896133	0.0
149.0	26.119899685745658	23.78700351886228	23.720726463922535	26.372370331469526	0.0
150.0	26.22886365742626	23.73589155276468	23.738419067571705	26.296825722237354	0.0
151.0	26.184772565792613	23.664840303189443	23.678882052117356	26.471505078900588	0.0
152.0	26.208924373948623	23.744316602121426	23.871534847408316	26.175224176521635	0.0
153.0	26.242062901418496	23.786722683883724	23.649956049325855	26.321258365371925	0.0
154.0	26.237569541761562	23.797675248047494	23.77436594482716	26.190389265363777	0.0
155.0	26.22071944304807	23.778016799548418	23.865637312858592	26.13562644454492	0.0
156.0	26.20190349948467	23.9119750843207	23.68477958666708	26.201341829527554	0.0
157.0	26.235603696911657	23.700225510487783	23.858054768437515	26.20611602416304	0.0
158.0	26.17129248682182	23.816491191610897	23.752741651478175	26.259474670089112	0.0
159.0	26.290647352709072	23.725219823579465	23.773242604912927	26.210890218798532	0.0
160.0	26.30075741193717	23.84822554418798	23.739823242464496	26.111193801410355	0.0
161.0	26.23728870678301	23.75161831156394	23.74375493216431	26.267338049488743	0.0
162.0	26.290928187687634	23.86732232272994	23.70556137508039	26.136188114502033	0.0
163.0	26.09883706235379	23.757796681092223	23.876309042043804	26.26705721451018	0.0
164.0	26.20808186901295	23.745720777014217	23.826601250838994	26.219596103133835	0.0
165.0	26.3732128364052	23.71651393924416	23.640407660054873	26.269865564295763	0.0
166.0	26.267338049488743	23.750775806628265	23.705280540101832	26.27660560378116	0.0
167.0	26.412248898424796	23.611481657263376	23.744878272078545	26.23139117223328	0.0
168.0	26.30075741193717	23.69573215083085	23.786161013926606	26.217349423305368	0.0
169.0	26.308059121379685	23.646866864561712	23.751337476585384	26.293736537473215	0.0
170.0	26.30581244155122	23.705280540101832	23.75330332143529	26.235603696911657	0.0
171.0	26.214541073519786	23.802168607704427	23.717918114136953	26.265372204638833	0.0
172.0	26.310586636186713	23.728028173365047	23.740946582378726	26.220438608069514	0.0
173.0	26.118776345831424	23.80918948216838	23.816491191610897	26.255542980389297	0.0
174.0	26.12214636557412	23.785880178948048	23.717637279158392	26.374336176319435	0.0
175.0	26.231110337254727	23.7263431634937	23.742912427228635	26.299634072022936	0.0
176.0	26.183087555921265	23.661470283446747	23.685902926581313	26.469539234050682	0.0
177.0	26.20471184927025	23.74038491242161	23.871815682386874	26.183087555921265	0.0
178.0	26.237850376740123	23.780825149334	23.65922360361828	26.322100870307597	0.0
179.0	26.242062901418496	23.791496878519215	23.78110598431256	26.18533423574973	0.0
180.0	26.222966122876535	23.772400099977254	23.863390633030125	26.14124314411609	0.0
181.0	26.204150179313135	23.906639219728095	23.689553781302568	26.1996568196562	0.0
182.0	26.232514512147514	23.70556137508039	23.861705623158773	26.20021848961332	0.0
183.0	26.169326641971914	23.817333696546573	23.75470749632808	26.258632165153433	0.0
184.0	26.28952401279484	23.728870678300723	23.769030080234554	26.21257522866988	0.0
185.0	26.299634072022936	23.849910554059328	23.739261572507377	26.111193801410355	0.0
186.0	26.229706162361932	23.756392506199433	23.74403576714287	26.269865564295763	0.0
187.0	26.29120902266619	23.86591814783715	23.704718870144713	26.138153959351946	0.0
188.0	26.09883706235379	23.75470749632808	23.879679061786504	26.266776379531624	0.0
189.0	26.209205208927184	23.7417890873144	23.828005425731785	26.22100027802663	0.0
190.0	26.37630202116934	23.710616404694438	23.64125016499055	26.271831409145673	0.0
191.0	26.27070806923144	23.74403576714287	23.703314695251922	26.28194146837377	0.0
192.0	26.410844723532005	23.616255851898867	23.744597437099983	26.228301987469145	0.0
193.0	26.305531606572664	23.692362131088153	23.78700351886228	26.215102743476905	0.0
194.0	26.305250771594103	23.64911354439018	23.75161831156394	26.294017372451773	0.0
195.0	26.301880751851403	23.709493064780204	23.752741651478175	26.235884531890214	0.0
196.0	26.215102743476905	23.798236918004612	23.71033556971588	26.276324768802606	0.0
197.0	26.312833316015176	23.7297131832364	23.738138232593144	26.21931526815528	0.0
198.0	26.1196188507671	23.81424451178243	23.805819462425685	26.260317175024785	0.0
199.0	26.12551638531682	23.785880178948048	23.713986424437135	26.37461701129799	0.0
200.0	26.23167200721184	23.729432348257838	23.744316602121426	26.294579042408888	0.0
201.0	26.18449173081406	23.666525313060795	23.687026266495543	26.461956689629606	0.0
202.0	26.209205208927184	23.74235075727152	23.86058228324454	26.187861750556756	0.0
203.0	26.23981622159003	23.78251015920535	23.653606904047113	26.324066715157507	0.0
204.0	26.23981622159003	23.796551908133264	23.77492761478428	26.18870425549243	0.0
205.0	26.225212802705002	23.773523439891488	23.860020613287425	26.14124314411609	0.0
206.0	26.206396859141602	23.91225591929926	23.68337541177429	26.197971809784853	0.0
207.0	26.221281113005183	23.710616404694438	23.86451397294436	26.203588509356017	0.0
208.0	26.167079962143447	23.82210789118206	23.746001611992774	26.264810534681715	0.0
209.0	26.29120902266619	23.73055568817207	23.76341338066339	26.214821908498347	0.0
210.0	26.293736537473215	23.85271890384491	23.74038491242161	26.113159646260257	0.0
211.0	26.227459482533465	23.75611167122087	23.738419067571705	26.278009778673955	0.0
212.0	26.290928187687634	23.86591814783715	23.69713632572364	26.146017338751577	0.0
213.0	26.096590382525324	23.758077516070784	23.87265818732255	26.272673914081345	0.0
214.0	26.21117105377709	23.747686621864126	23.818176201482245	26.222966122876535	0.0
215.0	26.372370331469526	23.711178074651553	23.633948455548033	26.28250313833089	0.0
216.0	26.26368719476748	23.74824829182124	23.69713632572364	26.290928187687634	0.0
217.0	26.40663219885363	23.617379191813097	23.73729572765747	26.238692881675796	0.0
218.0	26.306374111508333	23.688992111345453	23.78251015920535	26.222123617940863	0.0
219.0	26.303284926744197	23.649675214347297	23.74993330169259	26.297106557215916	0.0
220.0	26.298510732108703	23.710616404694438	23.753022486456732	26.237850376740123	0.0
221.0	26.2184727632196	23.795990238176145	23.704718870144713	26.280818128459536	0.0
222.0	26.31648417073643	23.724377318643793	23.734487377871886	26.224651132747884	0.0
223.0	26.126078055273936	23.810593657061176	23.801045267790194	26.262283019874694	0.0
224.0	26.132256424802218	23.784756839033815	23.704438035166156	26.378548700997804	0.0
225.0	26.235603696911657	23.724377318643793	23.740946582378726	26.29907240206582	0.0
226.0	26.185053400771174	23.66568280812512	23.683937081731404	26.465326709372306	0.0
227.0	26.215102743476905	23.739823242464496	23.857212263501843	26.187861750556756	0.0
228.0	26.24346707631129	23.778297634526975	23.64883270941162	26.32940257975011	0.0
229.0	26.238692881675796	23.792901053412006	23.77268093495581	26.195725129956386	0.0
230.0	26.22689781257635	23.775208449762836	23.85552725363049	26.142366484030322	0.0
231.0	26.214260238541232	23.8998991802427	23.68786877143122	26.197971809784853	0.0
232.0	26.221281113005183	23.706684714994623	23.861424788180216	26.21060938381997	0.0
233.0	26.170449981886147	23.828567095688904	23.74235075727152	26.258632165153433	0.0
234.0	26.287558167944937	23.729432348257838	23.764255885599063	26.218753598198163	0.0
235.0	26.2898048477734	23.854965583673376	23.735329882807562	26.119899685745658	0.0
236.0	26.226336142619232	23.757796681092223	23.732240698043423	26.28362647824512	0.0
237.0	26.29036651773052	23.86058228324454	23.701068015423456	26.147983183601486	0.0
238.0	26.09097368295416	23.759762525942133	23.86788399268706	26.281379798416655	0.0
239.0	26.204992684248808	23.758077516070784	23.81115532701829	26.225774472662117	0.0
240.0	26.369000311726825	23.709493064780204	23.633667620569476	26.28783900292349	0.0
241.0	26.252172960646597	23.752741651478175	23.693766305980944	26.301319081894288	0.0
242.0	26.403823849068047	23.628612590955427	23.73055568817207	26.237007871804447	0.0
243.0	26.301880751851403	23.69769799568076	23.78110598431256	26.21931526815528	0.0
244.0	26.2965448872588	23.653606904047113	23.75470749632808	26.295140712366006	0.0
245.0	26.288400672880606	23.722411473793883	23.75470749632808	26.234480356997423	0.0
246.0	26.210890218798532	23.805538627447127	23.706403880016065	26.27716727373828	0.0
247.0	26.313542781236748	23.7318123225464	23.738271563332855	26.216373332883997	0.0
248.0	26.115272172748185	23.814659106546582	23.803987317421136	26.266081403284105	0.0
249.0	26.128471490877025	23.793034691739752	23.70681786906838	26.371675948314838	0.0
