# Position (bp)	A	C	G	T	N
0.0	26.147135449816272	23.754847798229758	23.811140247403902	26.286876504550072	0.0
1.0	26.190981327313718	23.928534048445453	23.737592323859797	26.142892300381032	0.0
2.0	26.312797012898848	23.80827110205929	23.696820547635213	26.182111337406656	0.0
3.0	26.166931610538164	23.82627979204263	23.664202028659194	26.342586568760005	0.0
4.0	26.222761523318173	23.823908763831376	23.750084855067545	26.20324485778291	0.0
5.0	26.297717804181996	23.76153613358864	23.737212321425037	26.203533740804325	0.0
6.0	26.165028636074382	23.741780386056707	23.84586014282684	26.24733083504207	0.0
7.0	26.173817132837467	23.799315591504286	23.831839135722163	26.195028139936085	0.0
8.0	26.312708391661786	23.70949177179929	23.646709143922102	26.331090692616822	0.0
9.0	26.456057396729154	23.583392956627236	23.686048714823436	26.27450093182017	0.0
10.0	26.222424573201252	23.672519448788393	23.84417215040962	26.260883827600733	0.0
11.0	26.335257238682093	23.73812641217575	23.661773480647362	26.264842868494803	0.0
12.0	26.284920861600412	23.594752574083554	23.858594370809428	26.26173219350661	0.0
13.0	26.216768800495444	23.822680214127555	23.730491119022908	26.23005986635409	0.0
14.0	26.17774396882538	23.675347335141296	23.758769982551943	26.388138713481386	0.0
15.0	26.187641571060542	23.639998755730005	23.814479343704136	26.357880329505317	0.0
16.0	26.307261163788347	23.833708970903878	23.682699839658845	26.17633002564893	0.0
17.0	26.303584911529576	23.700515523682135	23.891397852503104	26.104501712285188	0.0
18.0	26.23826073677751	23.85378696400949	23.6781752214942	26.2297770777188	0.0
19.0	26.170108675672545	23.848131191303683	23.674781757870715	26.30697837515306	0.0
20.0	26.200084271013317	23.867078029868136	23.694859750976327	26.237977948142223	0.0
21.0	26.28887990249448	23.792704618786782	23.619920762624393	26.29849471609435	0.0
22.0	26.23062544362467	23.798643180127875	23.797229236951427	26.173502139296023	0.0
23.0	26.243068143577446	23.81956953913936	23.690052344176394	26.247309973106802	0.0
24.0	26.191035034684024	23.612002680836262	23.851524654927168	26.345437629552542	0.0
25.0	26.14098144623764	23.760466714363684	23.8037333755631	26.294818463835572	0.0
26.0	26.203194946001513	23.924766911467362	23.732187850834652	26.139850291696476	0.0
27.0	26.311502993317703	23.814479343704136	23.700515523682135	26.173502139296023	0.0
28.0	26.185662050613512	23.81787280732762	23.665449732906136	26.331015409152737	0.0
29.0	26.226949191365893	23.804864530104265	23.750569112128524	26.21761716640132	0.0
30.0	26.310937416047125	23.760466714363684	23.73812641217575	26.190469457413446	0.0
31.0	26.18191175888378	23.73381746610788	23.830248118046953	26.25402265696139	0.0
32.0	26.183251655011127	23.790873331203006	23.83187745141012	26.19399756237575	0.0
33.0	26.304850080452912	23.708865090788777	23.654852766929753	26.331432061828558	0.0
34.0	26.470563283496833	23.564926489510015	23.680303600161754	26.284206626831402	0.0
35.0	26.224538562254153	23.64891423917562	23.85025860874434	26.276288589825885	0.0
36.0	26.341046821049535	23.73714379437989	23.64891423917562	26.272895145394955	0.0
37.0	26.291841876800998	23.593205193101127	23.843471719882473	26.2714812102154	0.0
38.0	26.217468886356375	23.823676627368695	23.72441837776389	26.23443610851104	0.0
39.0	26.180423784652017	23.67436507240762	23.743082322134022	26.402128820806336	0.0
40.0	26.180423784652017	23.640430628098287	23.813779081111804	26.365366506137892	0.0
41.0	26.29410417308829	23.81745531257865	23.696422461208687	26.19201805312437	0.0
42.0	26.293255811980554	23.708865090788777	23.878820099371364	26.1190589978593	0.0
43.0	26.232739386295574	23.847147951349317	23.689069998275	26.231042664080107	0.0
44.0	26.158366395850948	23.83696761805652	23.68963557234682	26.31503041374571	0.0
45.0	26.193149201268017	23.8796684604791	23.690201146418644	26.23698119183424	0.0
46.0	26.286751710154597	23.79398398859803	23.610172415255796	26.30909188599158	0.0
47.0	26.236698404798332	23.80218481263945	23.78465201641296	26.17646476614926	0.0
48.0	26.259886941743044	23.783803655305228	23.701512627855088	26.254796775096644	0.0
49.0	26.20389510863264	23.58387322091606	23.85280369206754	26.35942797838376	0.0
50.0	26.148751636629967	23.7501519980318	23.79737743302896	26.303718932309266	0.0
51.0	26.202763960488994	23.91303733071661	23.738274942523535	26.145923766270858	0.0
52.0	26.316161561889356	23.810951210752695	23.678324090910376	26.194563136447574	0.0
53.0	26.192300840160282	23.82452498847643	23.65881178543251	26.324362385930776	0.0
54.0	26.249423821414332	23.79963972931625	23.751000359139535	26.19993609012988	0.0
55.0	26.328321404433535	23.739406090667178	23.74195117399038	26.190321330908905	0.0
56.0	26.1786530325996	23.72406850213786	23.83011334072348	26.267165124539062	0.0
57.0	26.173206079886885	23.80035348179569	23.84588193708024	26.18055850123719	0.0
58.0	26.316578296217745	23.716366207140332	23.65669848002828	26.310357016613644	0.0
59.0	26.468716861081653	23.588264404383175	23.681583598444682	26.261435136090494	0.0
60.0	26.22241074584659	23.65782962177448	23.846447507953343	26.27331212442559	0.0
61.0	26.338635560268646	23.73248497702368	23.66094026157653	26.267939201131142	0.0
62.0	26.298480028278544	23.591375044185227	23.84955814775539	26.26058677978084	0.0
63.0	26.21901732060799	23.818734535171437	23.717497348886532	26.24475079533404	0.0
64.0	26.19639448568399	23.65471898197243	23.757652880876634	26.39123365146695	0.0
65.0	26.192152704135736	23.63322728879463	23.805726405090137	26.368893601979497	0.0
66.0	26.300742311770943	23.84050901378579	23.659243548957228	26.199505125486038	0.0
67.0	26.311770943796393	23.69515729939908	23.86793920113114	26.12513255567338	0.0
68.0	26.23626723223754	23.85577942735949	23.67875574407918	26.22919759632379	0.0
69.0	26.167550371155883	23.84164015553199	23.679321314952283	26.311488158359847	0.0
70.0	26.212796041003887	23.860021208907742	23.68808766348533	26.239095086603044	0.0
71.0	26.276422764227643	23.81166489925769	23.618522446094026	26.29338989042064	0.0
72.0	26.21901732060799	23.807140332272887	23.796111700247437	26.177730646871687	0.0
73.0	26.24927536231884	23.79017320607989	23.70816542948038	26.252386002120893	0.0
74.0	26.197525627430185	23.579780841286674	23.86539413220219	26.357299399080947	0.0
75.0	26.158218451749736	23.748320961470483	23.806574761399787	26.28688582537999	0.0
76.0	26.19696005655709	23.90922587486744	23.74351360904913	26.15030045952633	0.0
77.0	26.298762813715094	23.81223047013079	23.68610816542948	26.20289855072464	0.0
78.0	26.18508306822199	23.825521385648642	23.66687875574408	26.322516790385297	0.0
79.0	26.258607281724995	23.797242841993636	23.751997172145632	26.192152704135736	0.0
80.0	26.332697066101098	23.741816896429835	23.737292329445033	26.188193708024038	0.0
81.0	26.177656620271133	23.730438372744086	23.82573679537138	26.2661682116134	0.0
82.0	26.179562080949704	23.79258371108541	23.842919234108255	26.184934973856635	0.0
83.0	26.315015538971853	23.71170753364421	23.666744903528294	26.306532023855645	0.0
84.0	26.474222839319395	23.58897934829637	23.671552228760813	26.265245583623418	0.0
85.0	26.22876646862372	23.661089226784153	23.849423262364017	26.26072104222811	0.0
86.0	26.331982569204275	23.743096539574186	23.646667251086598	26.278253640134945	0.0
87.0	26.282778181530258	23.596614511900956	23.848857694689602	26.271749611879187	0.0
88.0	26.214061709088952	23.80191557771324	23.73235075376032	26.251671959437484	0.0
89.0	26.18267270315898	23.654585198528395	23.77109213945768	26.391649958854952	0.0
90.0	26.17984486478691	23.6345075460867	23.803329496899277	26.38231809222712	0.0
91.0	26.294372318855743	23.828780042247903	23.67296614794685	26.203881490949506	0.0
92.0	26.304835320832403	23.710010830620966	23.868652563294095	26.116501285252543	0.0
93.0	26.24064338978641	23.85762399364302	23.681166879225852	26.220565737344714	0.0
94.0	26.174189188042767	23.844898720968704	23.67833904085378	26.302573050134747	0.0
95.0	26.19370127281005	23.858189561317435	23.708031343760517	26.240077822112003	0.0
96.0	26.273446314902426	23.81209579585269	23.6345075460867	26.279950343158188	0.0
97.0	26.243188444321277	23.78890752120172	23.792300927248203	26.175603107228802	0.0
98.0	26.25958990687928	23.769678220271643	23.713404236667447	26.25732763618163	0.0
99.0	26.19652911118212	23.582475320040608	23.870914833991748	26.350080734785525	0.0
100.0	26.154959887112696	23.749317783992737	23.796825468643515	26.298896860251052	0.0
101.0	26.21123387071689	23.902021056084518	23.754407893062464	26.132337180136133	0.0
102.0	26.310773781413747	23.797108252480722	23.701810099341962	26.19030786676357	0.0
103.0	26.189742299089154	23.815771985736383	23.676359553993333	26.318126161181134	0.0
104.0	26.249126904902624	23.810116308992242	23.75667016376012	26.184086622345013	0.0
105.0	26.33990051664607	23.741117052713733	23.740551485039322	26.178430945600873	0.0
106.0	26.181184747814086	23.726345198909588	23.832388837987942	26.260081215288384	0.0
107.0	26.179414018646664	23.780006730217263	23.84646055611955	26.194118695016527	0.0
108.0	26.328157475772635	23.69404092990111	23.671418350870546	26.306383243455713	0.0
109.0	26.464741296669676	23.586018115030157	23.684709116051003	26.264531472249164	0.0
110.0	26.248130102452006	23.660955408068908	23.835149266604265	26.25576522287482	0.0
111.0	26.31797731520888	23.739286087962245	23.666893835064432	26.27584276176445	0.0
112.0	26.284609011138794	23.586300897268043	23.85494402325601	26.274146068337156	0.0
113.0	26.218720749712272	23.806588260578177	23.728823145160607	26.245867844548947	0.0
114.0	26.18704913906948	23.658693150165853	23.764453707133747	26.389804003630925	0.0
115.0	26.18620079235583	23.642574562606576	23.811678340860055	26.359546304177545	0.0
116.0	26.308079936883004	23.82751414618145	23.67481173772513	26.189594179210417	0.0
117.0	26.305252114504185	23.71864298459685	23.858337410110597	26.117767490788367	0.0
118.0	26.236818812936725	23.852398983115073	23.67905347129336	26.231728732654847	0.0
119.0	26.169799422558672	23.849005596260486	23.670004439681136	26.311190541499705	0.0
120.0	26.187897485783125	23.854095676542364	23.716663508931678	26.241343328742833	0.0
121.0	26.276973890715976	23.80178096253418	23.644271256033868	26.276973890715976	0.0
122.0	26.24049498202919	23.779441165741495	23.79499418882501	26.185069663404303	0.0
123.0	26.26933877029316	23.76728152951257	23.709876735222508	26.253502964971766	0.0
124.0	26.20260216215299	23.584604203840748	23.877566602286578	26.335227031719683	0.0
125.0	26.15481196395092	23.74267947481683	23.793014713159838	26.309493848072414	0.0
126.0	26.20656111348334	23.89029180299127	23.757384151186695	26.145762932338695	0.0
127.0	26.31430114611641	23.793580277635602	23.69799988123146	26.194118695016527	0.0
128.0	26.190442525924063	23.830907533036036	23.660955408068908	26.317694532970997	0.0
129.0	26.259158609729404	23.813092252049465	23.748335119574467	26.179414018646664	0.0
130.0	26.32278461325287	23.747486772860825	23.743527821530474	26.18620079235583	0.0
131.0	26.183447012114424	23.72549684979696	23.825319262049387	26.265736876039224	0.0
132.0	26.189742299089154	23.787210818178476	23.841222531085013	26.18182435164736	0.0
133.0	26.33000308234383	23.702375667016376	23.66419984899343	26.303421401646364	0.0
134.0	26.45866972827301	23.587282645273127	23.69728555794665	26.25676206850721	0.0
135.0	26.242905660484066	23.664482632830637	23.84800934317798	26.244602363507312	0.0
136.0	26.32858916315779	23.73602694364401	23.65854417224929	26.276839720948907	0.0
137.0	26.27938477548377	23.595200592714924	23.85111996538726	26.274294666414043	0.0
138.0	26.22961482013534	23.813792498875934	23.724150022481318	26.23244265850741	0.0
139.0	26.201902004089057	23.657130253063254	23.762608624341468	26.37835911850622	0.0
140.0	26.1956807596705	23.630548572365797	23.81690312108521	26.356867546878494	0.0
141.0	26.303138617809164	23.829062826085114	23.689084826667646	26.17871372943808	0.0
142.0	26.307945943041677	23.701527315504755	23.865541941084814	26.12498480036875	0.0
143.0	26.238381119088753	23.853665019922122	23.697002774109443	26.210951086879682	0.0
144.0	26.183238270833392	23.83302179980601	23.661089226784153	26.322650702576446	0.0
145.0	26.195963543507705	23.846595423991946	23.71255588515583	26.244885147344522	0.0
146.0	26.278819207809356	23.81690312108521	23.62913465317976	26.275143017925668	0.0
147.0	26.246299066530554	23.78240349294596	23.795977117131894	26.1753203233916	0.0
148.0	26.261286609902523	23.757801299108948	23.711990317481412	26.268921773507113	0.0
149.0	26.19030786676357	23.58699986143592	23.89070970259624	26.331982569204275	0.0
150.0	26.159201644670798	23.738571998178873	23.808136822131797	26.29408953501854	0.0
151.0	26.225090278740026	23.882791755154443	23.75949800213219	26.13261996397334	0.0
152.0	26.30907707839051	23.781555141434335	23.714818155853486	26.194549624321674	0.0
153.0	26.187762812228705	23.816620337248004	23.67862182469099	26.316995025832302	0.0
154.0	26.2683562058327	23.793997630271445	23.750731703178772	26.18691446071708	0.0
155.0	26.33481040757634	23.73404745678356	23.749317783992737	26.18182435164736	0.0
156.0	26.175677127813003	23.732135080565342	23.83704818084643	26.255139610775224	0.0
157.0	26.18593142453164	23.796960056557086	23.82523860021209	26.191869918699183	0.0
158.0	26.323930717568047	23.70675150229763	23.67083775185578	26.298480028278544	0.0
159.0	26.470413573700956	23.582608695652173	23.68582537999293	26.261152350653944	0.0
160.0	26.24305408271474	23.66659597030753	23.84164015553199	26.24870979144574	0.0
161.0	26.325344644750796	23.732202191587135	23.66603039943443	26.276422764227643	0.0
162.0	26.268221986567692	23.603252032520324	23.85917285259809	26.269353128313895	0.0
163.0	26.228066454577586	23.806291975963237	23.722021915871334	26.243619653587842	0.0
164.0	26.201767408978437	23.660657476139978	23.776882290562035	26.36069282431955	0.0
165.0	26.195828914810885	23.641145281018026	23.816189466242488	26.346836337928597	0.0
166.0	26.315729939908096	23.81986567691764	23.69006716154118	26.17433722163309	0.0
167.0	26.314033227288796	23.68101802757158	23.861435136090492	26.143513609049133	0.0
168.0	26.25182043124779	23.839660657476138	23.68780487804878	26.22071403322729	0.0
169.0	26.20487804878049	23.83937787203959	23.66122304701308	26.294521032166845	0.0
170.0	26.214209968186637	23.84079179922234	23.70081300813008	26.244185224460942	0.0
171.0	26.27359490986214	23.815058324496288	23.648214916931778	26.263131848709794	0.0
172.0	26.247861435136087	23.775185577942736	23.815623895369388	26.16132909155178	0.0
173.0	26.276422764227643	23.752845528455286	23.712407211028633	26.258324496288445	0.0
174.0	26.199222340049488	23.584588193708026	23.88716861081654	26.329020855425945	0.0
175.0	26.156521739130433	23.746624248851184	23.796394485683987	26.300459526334397	0.0
176.0	26.219582891481092	23.87727112053729	23.754542241074585	26.148603746907035	0.0
177.0	26.320820077765994	23.773206079886886	23.726829268292683	26.179144574054437	0.0
178.0	26.194697773064686	23.81166489925769	23.67083775185578	26.322799575821843	0.0
179.0	26.280664545775895	23.783386355602687	23.741534110993285	26.19441498762814	0.0
180.0	26.3389183457052	23.72287027218098	23.754825026511135	26.18338635560269	0.0
181.0	26.201841503970318	23.718695563649526	23.82841662330611	26.251046309074045	0.0
182.0	26.186927886477974	23.798508581172605	23.82537334958416	26.18919018276526	0.0
183.0	26.31955500632029	23.69840197046007	23.66899211872531	26.313050904494332	0.0
184.0	26.450202616911227	23.58585273016744	23.70462328525011	26.25932136767122	0.0
185.0	26.248009886234776	23.659660146540244	23.843471719882473	26.24885824734251	0.0
186.0	26.333128784044025	23.7221560814766	23.672951137228065	26.271763997251306	0.0
187.0	26.259604154707134	23.58641830423926	23.86722583089901	26.286751710154597	0.0
188.0	26.238960701085617	23.804164321890827	23.723004442584333	26.23387053443922	0.0
189.0	26.213509867853617	23.655418341001575	23.76711922018647	26.36395257095834	0.0
190.0	26.180423784652017	23.64891423917562	23.831594664374204	26.33906731179816	0.0
191.0	26.316444348925266	23.813779081111804	23.68709048902362	26.182686080939305	0.0
192.0	26.310788608207048	23.682848683484956	23.861287303144874	26.145075405163126	0.0
193.0	26.232456599259663	23.85252090503163	23.68709048902362	26.227932006685084	0.0
194.0	26.20813691417131	23.83272581251785	23.66446752615073	26.29466974716011	0.0
195.0	26.210964784530415	23.830746303266473	23.718197062973843	26.240091849229263	0.0
196.0	26.271198423179488	23.821131544045496	23.64127898920602	26.266391043568998	0.0
197.0	26.255362349168465	23.76485692389918	23.79963972931625	26.180140997616103	0.0
198.0	26.257073290745126	23.753531343055663	23.709698856679083	26.279696509520136	0.0
199.0	26.20108082427698	23.571414431916835	23.901147845562598	26.326356898243592	0.0
200.0	26.161355364702487	23.74320239128775	23.79693283976732	26.29850940424244	0.0
201.0	26.224417943707458	23.862257753445114	23.758755942163415	26.154568360684017	0.0
202.0	26.29822661240834	23.781379288891653	23.712378081370524	26.208016017329484	0.0
203.0	26.20950409483734	23.806615085290257	23.650230758789196	26.33365006108321	0.0
204.0	26.288403239672416	23.796434550472828	23.73817926790643	26.176982941948328	0.0
205.0	26.327577528039047	23.72191146278145	23.76178544967111	26.18872555950839	0.0
206.0	26.195734861189273	23.722395513714222	23.83466577679993	26.247203848296575	0.0
207.0	26.18280026017364	23.81097819631798	23.825118067927946	26.181103475580443	0.0
208.0	26.321653799383505	23.72811854868358	23.65430841887956	26.295919233053368	0.0
209.0	26.452589010491785	23.594638160685502	23.70662594383643	26.24614688498628	0.0
210.0	26.241622126071096	23.65770198806595	23.862164531546053	26.238511354316902	0.0
211.0	26.336225424764148	23.726555960272393	23.67141014909165	26.265808465871814	0.0
212.0	26.258604209204595	23.594905063828104	23.874029286833366	26.27246144013393	0.0
213.0	26.249285920328504	23.797376711670182	23.72497893111464	26.228358436886666	0.0
214.0	26.211390207068963	23.66587293058297	23.777014835888938	26.34572202645913	0.0
215.0	26.19442197725126	23.665024519092086	23.81321372616671	26.327339777489943	0.0
216.0	26.33442496846702	23.812069072788873	23.672928014298726	26.18057794444539	0.0
217.0	26.32594075758347	23.682260646270624	23.85222767097099	26.139570925174915	0.0
218.0	26.243643912013077	23.83950135464567	23.688482400918556	26.228372332422694	0.0
219.0	26.212252331743958	23.825643810202546	23.68169503221172	26.28040882584178	0.0
220.0	26.202502290749898	23.82521295489768	23.733582959083247	26.238701795269176	0.0
221.0	26.278517957086255	23.8203244973741	23.65601128981626	26.24514625572339	0.0
222.0	26.25321345848735	23.78171390108911	23.80349047345662	26.16158216696692	0.0
223.0	26.259583867145185	23.760637350143814	23.713690188325995	26.266088594385007	0.0
224.0	26.18322402563428	23.58557534312436	23.901478835597263	26.329721795644094	0.0
225.0	26.15579104553592	23.763465492421993	23.808998583100717	26.271744878941373	0.0
226.0	26.21808432412865	23.863649218864893	23.78417819609263	26.134088260913828	0.0
227.0	26.29472719662432	23.80029865266921	23.718847924703326	26.186126226003143	0.0
228.0	26.17686736220506	23.830344441396317	23.665179998133414	26.327608198265207	0.0
229.0	26.269079678604456	23.804029039857685	23.74378858712099	26.18310269441687	0.0
230.0	26.321966836640904	23.717203598589297	23.765000014140952	26.195829550628847	0.0
231.0	26.182893925595764	23.709351720393006	23.855003931195593	26.25275042281564	0.0
232.0	26.175331819300247	23.808971635919352	23.81887035785294	26.196826186927463	0.0
233.0	26.320984442037325	23.697540309009817	23.668692605089074	26.31278264386378	0.0
234.0	26.445425517773863	23.57790718392674	23.71366108473023	26.263006213569167	0.0
235.0	26.22114876082142	23.67774286514264	23.86044498997401	26.240663384061925	0.0
236.0	26.319570338903958	23.73006468107732	23.67208645260916	26.27827852740956	0.0
237.0	26.240380563435252	23.612976941634304	23.88787859076138	26.258763904169058	0.0
238.0	26.23359286839508	23.808688815292676	23.734589811104104	26.223128505208145	0.0
239.0	26.199654393194205	23.658793883155486	23.81179984218609	26.32975188146422	0.0
240.0	26.169950390596274	23.66628766666101	23.849565281336798	26.31419666140592	0.0
241.0	26.316504030547307	23.81473624664121	23.688304341677274	26.18045538113421	0.0
242.0	26.319600605314893	23.69383512240655	23.859306716449574	26.127257555828987	0.0
243.0	26.245237280320882	23.84174334633564	23.693522701236397	26.219496672107077	0.0
244.0	26.194140043788433	23.836692898239978	23.687619866598023	26.281547191373566	0.0
245.0	26.18338382852568	23.832033471098928	23.744055853057574	26.240526847317813	0.0
246.0	26.273742100111463	23.816501926526083	23.674770712277148	26.234985261085303	0.0
247.0	26.25844835927134	23.773095954123534	23.807893716882006	26.16056196972312	0.0
248.0	26.259251295747234	23.761401443994295	23.71839847905303	26.26094878120544	0.0
249.0	26.184561935586085	23.58656044179888	23.901726908539484	26.327150714075547	0.0
