# Position (bp)	A	C	G	T	N
0.0	26.20075887017899	23.786573654007046	23.836359779880514	26.17630769593345	0.0
1.0	26.049927530254646	23.950072469745354	23.835181410037354	26.164818589962646	0.0
2.0	26.086252098859987	23.86455356879842	23.871034259286535	26.178160073055057	0.0
3.0	26.194319581008713	24.02395414189854	23.82659463535622	25.95513164173653	0.0
4.0	26.055400421806702	23.98436487457731	23.789073085669177	26.171161617946815	0.0
5.0	26.217146829335825	23.95030382647576	23.707890651923545	26.12465869226487	0.0
6.0	26.169619925068922	23.824194726548694	23.830085534531918	26.176099813850467	0.0
7.0	26.03646324222432	23.810673892554192	23.852203110273326	26.300659754948164	0.0
8.0	26.165504769814834	23.811080578798403	23.77367604136294	26.249738610023826	0.0
9.0	26.23909195595256	23.684481788757243	23.871497866249637	26.204928389040568	0.0
10.0	26.199879253729147	23.82971830778519	23.808219581511096	26.16218285697457	0.0
11.0	26.055278231803392	23.830012810884835	23.776413246749424	26.338295710562353	0.0
12.0	26.12301394472177	23.834724860479156	23.860346630148282	26.181914564650793	0.0
13.0	26.323570555580094	23.814109643503997	23.875366288230186	25.986953512685723	0.0
14.0	26.37363608251977	23.75520902357497	23.87624979752912	25.994905096376144	0.0
15.0	26.095625156454773	23.904816598194696	23.832957841881285	26.166600403469246	0.0
16.0	26.216076924209624	23.862997158045086	23.757270545272487	26.163655372472792	0.0
17.0	26.168661925166763	23.786426352137358	23.820588711696193	26.22432301099969	0.0
18.0	26.13921161520225	24.031747434141746	23.7658111351622	26.06322981549381	0.0
19.0	26.048799163611196	23.751969489478878	23.855340077454315	26.34389126945561	0.0
20.0	26.02899079975026	23.847907267137085	23.928011874330007	26.195090058782643	0.0
21.0	26.140607145802164	23.82464159078326	23.744536983590336	26.29021427982424	0.0
22.0	26.090836268538915	23.819046048369046	23.942736985946354	26.147380697145685	0.0
23.0	26.17476940475209	23.8349491689147	23.842900729187527	26.147380697145685	0.0
24.0	26.11027341587249	23.8502632849957	23.92300533638045	26.116457962751355	0.0
25.0	26.2339643534498	23.72097680500418	23.852619302854315	26.1924395386917	0.0
26.0	26.076111156922572	23.90945823369341	23.848790773834068	26.165639835549953	0.0
27.0	26.10371749073057	23.85431606475496	23.853138059294903	26.188828385219566	0.0
28.0	26.212682995785684	23.98890318856628	23.822509917333466	25.975903898314566	0.0
29.0	26.10106697844545	23.94354997835415	23.79217627673704	26.163206766463365	0.0
30.0	26.23594860362178	23.942371972894094	23.689395300347215	26.132284123136913	0.0
31.0	26.182054853824248	23.841358004694353	23.82427692552355	26.152310215957854	0.0
32.0	26.03450966995232	23.804839835432638	23.885827710811437	26.274822783803604	0.0
33.0	26.166446281478517	23.80749034771776	23.769794172995994	26.25626919780773	0.0
34.0	26.258919710092854	23.692634815362368	23.862267601610334	26.18617787293444	0.0
35.0	26.219751028546018	23.823393421428506	23.817797895493246	26.139057654532227	0.0
36.0	26.060131288708522	23.826927437808674	23.762137137505633	26.350804135977167	0.0
37.0	26.127866602661705	23.83576247875909	23.870219138465707	26.166151780113502	0.0
38.0	26.314874969445484	23.806017840892693	23.882588195796288	25.996518993865536	0.0
39.0	26.36611820695789	23.755658107475327	23.871691645290777	26.00653204027601	0.0
40.0	26.09606045524021	23.876403667130997	23.832522963743937	26.195012913884856	0.0
41.0	26.233592592701665	23.85343256065992	23.76037012931555	26.152604717322863	0.0
42.0	26.16085075554325	23.7933542821971	23.81485288184311	26.23094208041654	0.0
43.0	26.14141366545234	24.029544376938187	23.76655465798084	26.062487299628636	0.0
44.0	26.053357757313204	23.759192123855495	23.8487205388197	26.338729580011606	0.0
45.0	26.038850505657358	23.865142332090542	23.894592381861127	26.20141478039098	0.0
46.0	26.137508172388813	23.837164784808486	23.730555604638973	26.294771438163732	0.0
47.0	26.090682593253582	23.794167712143434	23.968217506287587	26.146932188315397	0.0
48.0	26.186100754510278	23.858663321141012	23.806831233544784	26.14840469080393	0.0
49.0	26.109825125604463	23.871915843537774	23.8934143798703	26.124844650987463	0.0
50.0	26.239110844097326	23.73615111409538	23.866909335076777	26.157828706730513	0.0
51.0	26.067711554432528	23.898126387833596	23.851300808698365	26.18286124903551	0.0
52.0	26.099440745201864	23.854470062640072	23.843868075945565	26.2022211162125	0.0
53.0	26.212528603276603	23.978748906670123	23.83827258296791	25.970449907085367	0.0
54.0	26.11092623078758	23.943408951021766	23.784379150604167	26.161285667586487	0.0
55.0	26.21341210216781	23.968146919975617	23.684838275527966	26.133602702328606	0.0
56.0	26.183962139127516	23.808528120297208	23.850936067075235	26.156573673500038	0.0
57.0	26.059977794727867	23.80440512547157	23.854470062640072	26.281147017160496	0.0
58.0	26.16570316204253	23.81647961031809	23.776427660583284	26.241389567056096	0.0
59.0	26.253169552272208	23.694851262961663	23.860065555617727	26.191913629148395	0.0
60.0	26.23903357001287	23.82266410255655	23.80352162658036	26.134780700850218	0.0
61.0	26.046725311359737	23.837683583707104	23.766414673149587	26.349176431783576	0.0
62.0	26.12682921082934	23.84003958075033	23.875379536398682	26.15775167202165	0.0
63.0	26.306179485744746	23.817657608839703	23.87626303528989	25.999899870125663	0.0
64.0	26.355949923282846	23.75905218238951	23.88922101902762	25.99577687530002	0.0
65.0	26.099735244832267	23.881564028637143	23.841217579271937	26.177483147258652	0.0
66.0	26.21547359958063	23.855942560792087	23.75522368719427	26.173360152433006	0.0
67.0	26.14508818791432	23.785851648756182	23.82943759405582	26.239622569273674	0.0
68.0	26.155395674978426	24.0161503597313	23.76288067758475	26.065573287705522	0.0
69.0	26.068812783639956	23.74727219717339	23.848285570401607	26.335629448785042	0.0
70.0	26.036046648604078	23.869419248439154	23.91948403816704	26.17505006478973	0.0
71.0	26.156791141477203	23.83555189068206	23.71097891388856	26.29667805395217	0.0
72.0	26.083166450700908	23.802273530451174	23.971904817999764	26.142655200848157	0.0
73.0	26.179173047473203	23.859111791730474	23.813169984686063	26.14854517611026	0.0
74.0	26.11467781835316	23.853516315231477	23.90210861114383	26.129697255271527	0.0
75.0	26.244257274119448	23.743373777830133	23.856461302862527	26.15590764518789	0.0
76.0	26.085522440805747	23.897691129697254	23.84527034986453	26.171516079632468	0.0
77.0	26.132859780716867	23.85550755239854	23.84196064919116	26.169672017693436	0.0
78.0	26.20236128412862	23.97978566443143	23.83607069127491	25.981782360165035	0.0
79.0	26.107827459572803	23.947096397996237	23.79631347534022	26.148762667090743	0.0
80.0	26.21796967260669	23.94680190010042	23.71061458765877	26.124613839634115	0.0
81.0	26.18557490406731	23.823701779650786	23.854329560815287	26.13639375546662	0.0
82.0	26.039798445640105	23.823701779650786	23.867581966126853	26.26891780858226	0.0
83.0	26.14729017761168	23.829886235462848	23.78365006582028	26.23917352110519	0.0
84.0	26.250069943250253	23.695889692868143	23.852857071336224	26.201183292545377	0.0
85.0	26.230338584230818	23.825763264921473	23.808976884860158	26.134921265987554	0.0
86.0	26.04480490986892	23.810743872235033	23.804264918527156	26.340186299368888	0.0
87.0	26.141989215487055	23.847261611315787	23.868759957710104	26.141989215487055	0.0
88.0	26.3027850666007	23.81516134067222	23.867581966126853	26.014471626600226	0.0
89.0	26.381121506886835	23.754494774134837	23.870526945084976	25.99385677389335	0.0
90.0	26.098992522698428	23.868759957710104	23.850501088169725	26.18174643142175	0.0
91.0	26.19264285356681	23.849323096586474	23.78041058896634	26.177623460880373	0.0
92.0	26.152885637632117	23.765391196279904	23.858158033460853	26.223565132627126	0.0
93.0	26.139927730216368	24.02543283828237	23.755378267822277	26.079261163678986	0.0
94.0	26.05746831938886	23.739769879344212	23.867581966126853	26.335179835140078	0.0
95.0	26.048851167091726	23.862210730293732	23.934656999310878	26.154281103303667	0.0
96.0	26.12895435885052	23.838061973954684	23.74146694859849	26.29151671859631	0.0
97.0	26.098621164912444	23.797421384018236	23.9608672348496	26.143090216219715	0.0
98.0	26.192271219983393	23.860738245151104	23.810379253273332	26.13661128159217	0.0
99.0	26.113346016338696	23.841595938296983	23.902556823201653	26.142501222162668	0.0
100.0	26.23615127723361	23.76414321979491	23.843657417496658	26.15604808547482	0.0
101.0	26.076533887773074	23.906974278629527	23.834822506640908	26.18166932695649	0.0
102.0	26.11268012121462	23.85507254912932	23.840053244905953	26.192194084750103	0.0
103.0	26.21251431987584	23.955201243951784	23.853011076000623	25.97927336017175	0.0
104.0	26.124459967664322	23.9172112391515	23.80471370555685	26.153615087627337	0.0
105.0	26.220171220068146	23.961974655660363	23.68073082167374	26.137123302597754	0.0
106.0	26.16981237649567	23.83062936774619	23.849477122065714	26.15008113369242	0.0
107.0	26.05319189664363	23.8106036287817	23.877454257383754	26.25875021719092	0.0
108.0	26.177174780526734	23.823561459876373	23.77791455488378	26.221349204713118	0.0
109.0	26.2516823093211	23.676018883093857	23.866852395579023	26.20544641200602	0.0
110.0	26.23018408955039	23.810309132620453	23.836813787132286	26.122692990696866	0.0
111.0	26.06232127764215	23.812665101910397	23.79911827849324	26.32589534195422	0.0
112.0	26.136828806436508	23.846532160453286	23.86096247235417	26.15567656075603	0.0
113.0	26.30999254924712	23.817966032812762	23.86655789941778	26.005483518522336	0.0
114.0	26.406881786295916	23.72726121515006	23.874214799610087	25.991642198943936	0.0
115.0	26.107084694151013	23.875981776577543	23.853600068323107	26.163333460948333	0.0
116.0	26.18365369607407	23.845059679647076	23.792933859107144	26.17835276517171	0.0
117.0	26.15862152236846	23.766134708434077	23.867146891740266	26.208096877457205	0.0
118.0	26.11827554827823	24.04296110000206	23.771730135497684	26.067033216222026	0.0
119.0	26.0564313544173	23.76584021227283	23.870091853352694	26.307636579957176	0.0
120.0	26.059158563090097	23.85219783132388	23.923171615198402	26.16547199038762	0.0
121.0	26.12836536479347	23.843657417496658	23.72674209717224	26.301235120537637	0.0
122.0	26.095970691655722	23.800366354303485	23.97088013381945	26.132782820221344	0.0
123.0	26.20522908923849	23.846013393724856	23.81538570275826	26.133371814278394	0.0
124.0	26.107161578739667	23.867217179778656	23.898433864802303	26.127187376679366	0.0
125.0	26.24027423563296	23.755602805967687	23.86927865897833	26.13484429942102	0.0
126.0	26.093320218398997	23.897255876688202	23.82687108687073	26.182552818042065	0.0
127.0	26.1054714764063	23.853740565023664	23.85550755239854	26.185280406171497	0.0
128.0	26.219442162085755	23.944445916933923	23.86286999979385	25.973241921186474	0.0
129.0	26.107827459572803	23.920886085268922	23.800141947985782	26.171144507172496	0.0
130.0	26.220620153669	23.95210286222505	23.69412270549327	26.13315427861268	0.0
131.0	26.17858404994699	23.837318883260693	23.863234774413947	26.120862292378373	0.0
132.0	26.055483566969016	23.819943456237482	23.87118624101779	26.253386735775706	0.0
133.0	26.152668158793734	23.840263870891743	23.778124631876548	26.228943338437976	0.0
134.0	26.23748380256803	23.690952997997407	23.87854871009542	26.193014489339145	0.0
135.0	26.241901284014606	23.800212039109436	23.831723406761693	26.126163270114265	0.0
136.0	26.06049004594181	23.808163505713274	23.797267051478386	26.33407939686653	0.0
137.0	26.125574272588054	23.834079396866535	23.874425727411943	26.16592060313347	0.0
138.0	26.319059959948166	23.811108493344328	23.86235127812463	26.00748026858287	0.0
139.0	26.390917658145835	23.726881847096244	23.89739663093415	25.984803863823775	0.0
140.0	26.124985275061846	23.85263281894216	23.84968783131111	26.172694074684888	0.0
141.0	26.174461067263515	23.84733184120627	23.784898103427963	26.19330898810225	0.0
142.0	26.154729650135472	23.761043703616444	23.876192719990577	26.208033926257514	0.0
143.0	26.13323124042879	24.04258452114501	23.766050182589233	26.058134055836966	0.0
144.0	26.081181768116878	23.74992269384702	23.85829855783531	26.31059698020079	0.0
145.0	26.053946760043235	23.870808141195734	23.924701890993262	26.150543207767768	0.0
146.0	26.150543207767768	23.81485288184311	23.746234063794887	26.28836984659424	0.0
147.0	26.109018515300818	23.783046734421614	23.962692567080047	26.14524218319752	0.0
148.0	26.2023754480102	23.862267601610334	23.801600320417485	26.13375662996198	0.0
149.0	26.12116999846859	23.834360164450047	23.918587802895548	26.12588203418582	0.0
150.0	26.255168514177335	23.752194041630837	23.849968782763373	26.142668661428452	0.0
151.0	26.10968441140784	23.890021086359834	23.8349491689147	26.165345333317624	0.0
152.0	26.105638261842707	23.84473796586709	23.86358616424438	26.186037608045826	0.0
153.0	26.206063818821697	23.950759081739335	23.85210054335822	25.991076556080756	0.0
154.0	26.102693230846253	23.923664796571984	23.820294208596547	26.15334776398522	0.0
155.0	26.230507576092236	23.944280013547143	23.696013900546305	26.129198509814316	0.0
156.0	26.175807088121477	23.8318500150197	23.852465292707492	26.13987760415133	0.0
157.0	26.052998933895637	23.80269412228983	23.876025610064968	26.268281333749567	0.0
158.0	26.176985103989352	23.82154237617581	23.76970967798936	26.23176284184548	0.0
159.0	26.265630798046853	23.669872833187064	23.869546522791662	26.194949845974424	0.0
160.0	26.240303456887563	23.80269412228983	23.85482132444324	26.10218109637937	0.0
161.0	26.038568239514188	23.802988626256795	23.805639161959512	26.352803972269506	0.0
162.0	26.13575454861377	23.8262544396473	23.865423467254104	26.172567544484828	0.0
163.0	26.331010678713838	23.805933665926478	23.861594915683515	26.001460739676162	0.0
164.0	26.391089487975407	23.70992537269477	23.921968228912043	25.97701691041778	0.0
165.0	26.123385382001096	23.848636741136904	23.86424545138623	26.16373242547577	0.0
166.0	26.184347703163564	23.85511582841021	23.796215035016523	26.16432143340971	0.0
167.0	26.171095024649983	23.756751503442754	23.885449737007956	26.186703734899307	0.0
168.0	26.116611790760825	24.04713241487363	23.758224023277595	26.078031771087957	0.0
169.0	26.092833813867056	23.753876419881433	23.84959049102791	26.3036992752236	0.0
170.0	26.052345597568554	23.863278270421823	23.940144484922737	26.14423164708689	0.0
171.0	26.162196547793997	23.80084287780039	23.750776761075656	26.286183813329956	0.0
172.0	26.099172142034625	23.802020904076265	23.954575306802216	26.14423164708689	0.0
173.0	26.19871536234616	23.856210112766565	23.80319893035214	26.141875594535136	0.0
174.0	26.12251509350611	23.84921219260786	23.902223531144163	26.126049182741863	0.0
175.0	26.22794875570608	23.77529082609336	23.862170519805627	26.134589898394932	0.0
176.0	26.100132528346343	23.88396407009277	23.855985863643056	26.15991753791783	0.0
177.0	26.10668857808446	23.83691308176434	23.870487028381763	26.185911311769434	0.0
178.0	26.22508091615643	23.934100821972677	23.839858164800955	26.000960097069935	0.0
179.0	26.098147837278272	23.906711549732147	23.831022915691108	26.16411769729848	0.0
180.0	26.233032640355297	23.93115573893606	23.699672212258026	26.13613940845062	0.0
181.0	26.15742104209125	23.83256564609422	23.86731772827406	26.14269558354047	0.0
182.0	26.06258908902423	23.811360985781096	23.872913402523356	26.253136522671316	0.0
183.0	26.172735518984062	23.82314135262172	23.78249908702157	26.22162404137265	0.0
184.0	26.260793761117725	23.664695418615338	23.87644751257554	26.1980633076914	0.0
185.0	26.240472628317647	23.811655494952113	23.83727779283047	26.110594083899773	0.0
186.0	26.046096575447358	23.801642183137584	23.801642183137584	26.350619058277474	0.0
187.0	26.153003404526014	23.830209572726094	23.845524049618906	26.171262973128982	0.0
188.0	26.345023384028178	23.773369302720088	23.872324384181322	26.00928292907041	0.0
189.0	26.39744601646895	23.700625537479237	23.912377631439444	25.989550814612368	0.0
190.0	26.114717212293993	23.858187943972574	23.854653833920388	26.172441009813046	0.0
191.0	26.183926867482654	23.84051739371164	23.79192338049407	26.183632358311637	0.0
192.0	26.185104904166717	23.762766972563526	23.86731772827406	26.1848103949957	0.0
193.0	26.13209325338391	24.04461224922544	23.750692096551887	26.07260240083876	0.0
194.0	26.109198432028556	23.716598880272834	23.863853899460164	26.310348788238446	0.0
195.0	26.069593131985453	23.858104227716503	23.927609006170023	26.144693634128025	0.0
196.0	26.14145400462384	23.80803722628812	23.7276355122296	26.322873256858443	0.0
197.0	26.125550368875995	23.80479759678393	23.95440957752286	26.11524245681721	0.0
198.0	26.21125329485046	23.856337157077853	23.79714029068312	26.135269257388565	0.0
199.0	26.11531936950734	23.84138727234173	23.903823952124025	26.139469406026905	0.0
200.0	26.22797768759093	23.777912599914004	23.863910797486028	26.13019891500904	0.0
201.0	26.113117081244734	23.873629771869165	23.845650906220733	26.167602240665367	0.0
202.0	26.122772347211953	23.82230023649713	23.863532613337497	26.191394802953415	0.0
203.0	26.22763485354971	23.940094541063512	23.858217856774708	25.97405274861207	0.0
204.0	26.108507862269647	23.890755832275506	23.833029484615633	26.16770682083921	0.0
205.0	26.244282588143125	23.92963276029134	23.694015014740835	26.132069636824696	0.0
206.0	26.166619542423604	23.832791404538064	23.874319643740723	26.126269409297613	0.0
207.0	26.064713366791548	23.811290968638815	23.87579227633656	26.248203388233076	0.0
208.0	26.16647915034489	23.829102925843674	23.781389348680218	26.223028575131213	0.0
209.0	26.261626639805375	23.652075565059114	23.891824388404874	26.19447340673064	0.0
210.0	26.251612561188963	23.792861729136845	23.838808678082714	26.116717031591474	0.0
211.0	26.04956379851674	23.79963595878912	23.807293783613435	26.343506459080707	0.0
212.0	26.154122560540994	23.809060973957504	23.870912636000025	26.165903829501474	0.0
213.0	26.336453442821885	23.784895057110376	23.857056179642903	26.02159532042484	0.0
214.0	26.384168144251557	23.720686384816123	23.919203105579083	25.975942365353237	0.0
215.0	26.12248023657206	23.847771533594884	23.86367652776305	26.166071702070003	0.0
216.0	26.19729261654826	23.839819036510796	23.803885531167897	26.159002815773043	0.0
217.0	26.166660775928086	23.785624241567408	23.87339624642138	26.17431873608313	0.0
218.0	26.11778081481656	24.03920921793633	23.78060274747284	26.062407219774265	0.0
219.0	26.101952514056983	23.74208788522316	23.83899196196883	26.316967638751027	0.0
220.0	26.061753885758556	23.86240129127652	23.912768144585268	26.16307667837966	0.0
221.0	26.167494823406745	23.7923000568468	23.744289547552494	26.295915572193962	0.0
222.0	26.111390928611193	23.81629833847314	23.93706168061336	26.135249052302306	0.0
223.0	26.2147761312727	23.859007325327607	23.781542059515708	26.144674483883986	0.0
224.0	26.144918998527245	23.842120765832107	23.901914580265096	26.111045655375552	0.0
225.0	26.221656681335382	23.797194681559244	23.844912193886266	26.136236443219108	0.0
226.0	26.099584084455596	23.900710473295394	23.834729537073038	26.164975905175968	0.0
227.0	26.09083705708908	23.81740685210332	23.899589675009647	26.192166415797953	0.0
228.0	26.226784688572398	23.955108473128416	23.857902411004904	25.960204427294286	0.0
229.0	26.081129246530754	23.93315718312846	23.809439647935243	26.176273922405542	0.0
230.0	26.248597123255795	23.924755730070313	23.711194440926	26.115452705747895	0.0
231.0	26.18710969718393	23.81878166607753	23.86679627665842	26.127312360080126	0.0
232.0	26.06236633890856	23.81597629301457	23.858099788498812	26.263557579578055	0.0
233.0	26.186983391953433	23.825683262930298	23.77855152382804	26.20878182128823	0.0
234.0	26.25502984028232	23.66543534998262	23.903745205818414	26.175789603916648	0.0
235.0	26.25178953321904	23.793574765666882	23.83157473031808	26.123060970795997	0.0
236.0	26.037045546934372	23.80476855370367	23.819202648803735	26.33898325055822	0.0
237.0	26.149726634302684	23.82376160625913	23.85675401800443	26.16975774143376	0.0
238.0	26.334874952131266	23.818894158541255	23.843344036291867	26.002886853035612	0.0
239.0	26.40132679753965	23.720335587867933	23.92124054391629	25.957097070676127	0.0
240.0	26.14537548755052	23.844019183861047	23.86287310135159	26.14773222723684	0.0
241.0	26.17144574302288	23.864349455412146	23.821041684466064	26.14316311709891	0.0
242.0	26.173844127759494	23.77386062654124	23.881397328965086	26.17089791673418	0.0
243.0	26.127206460794163	24.055910265438225	23.776300010901558	26.04058326286605	0.0
244.0	26.091081593927896	23.7521656628991	23.85028345138897	26.306469291784033	0.0
245.0	26.07751444592759	23.854270720071664	23.949447356712014	26.118767477288735	0.0
246.0	26.142521636379172	23.79721769571457	23.77747459180396	26.282786076102298	0.0
247.0	26.09762925636152	23.8341510851788	23.96204452695634	26.10617513150334	0.0
248.0	26.211546565528863	23.865220325397317	23.817185764088418	26.1060473449854	0.0
249.0	26.13942440870165	23.82197101415108	23.96548573988177	26.0731188372655	0.0
