# Position (bp)	A	C	G	T	N
0.0	26.09057562859664	23.858648302192528	23.734621510185736	26.3161545590251	0.0
1.0	26.12775591971277	23.747384893703213	23.90387507422185	26.220984112362167	0.0
2.0	26.198621110602467	23.842856548337426	23.741590023166452	26.216932317893654	0.0
3.0	26.232605366535722	23.79236300685798	23.714406196595423	26.260625430010876	0.0
4.0	26.104517940267534	23.846102631535146	23.7193251108263	26.330054317371015	0.0
5.0	26.30498582532136	23.60624906380547	23.852017464535564	26.236747646337605	0.0
6.0	26.313847860758617	23.80223285486443	23.78975105748561	26.09416822689134	0.0
7.0	26.119936986210185	23.74360709570774	23.811003006467786	26.325452911614285	0.0
8.0	26.27413132767022	23.616738634252133	23.787852315303997	26.32127772277365	0.0
9.0	26.238200352741515	23.88825415136826	23.667513394194184	26.206032101696042	0.0
10.0	26.33050036740749	23.79164529233158	23.65965588475883	26.2181984555021	0.0
11.0	26.246963697467805	23.745549529165142	23.742776650140307	26.26471012322674	0.0
12.0	26.3490056455817	23.692864827693295	23.77716035004825	26.18096917667676	0.0
13.0	26.13216650583968	23.857019265963466	23.78326068390288	26.22755354429397	0.0
14.0	26.180691888774277	23.84176843132688	23.688705509156048	26.2888341707428	0.0
15.0	26.157676992868158	23.744440377555208	23.789915593562483	26.30796703601415	0.0
16.0	26.156845129160704	23.800452533856852	23.82707217249526	26.215630164487187	0.0
17.0	26.20481593629033	23.79185660887987	23.767732561363815	26.235594893465986	0.0
18.0	26.310462627136506	23.76440510653401	23.787420002440133	26.13771226388935	0.0
19.0	26.241972515223104	23.727803103406206	23.72336649696647	26.306857884404216	0.0
20.0	26.347896493971763	23.73889461950554	23.79185660887987	26.121352277642828	0.0
21.0	26.236076719804124	23.82783796449061	23.85528939071698	26.080795924988287	0.0
22.0	26.148176698453014	23.80676414233703	23.792622498523446	26.252436660686506	0.0
23.0	26.29042499798967	23.677271050945965	23.762120913827477	26.270183037236887	0.0
24.0	26.317876424216042	23.676161902411565	23.78069915177866	26.225262521593734	0.0
25.0	26.09466028166827	23.84807992524339	23.733560339066706	26.323699454021632	0.0
26.0	26.129321173368236	23.755743309754685	23.917678995776917	26.197256521100165	0.0
27.0	26.198920243901764	23.842811469704994	23.745760972945092	26.212507313448146	0.0
28.0	26.235799432670525	23.79012691432105	23.708881784176334	26.265191868832094	0.0
29.0	26.101869747141865	23.854180242182583	23.716645823917123	26.327304186758433	0.0
30.0	26.300961909066455	23.60406724767564	23.849466360911386	26.245504482346515	0.0
31.0	26.312607968677643	23.79678180552744	23.786522181584253	26.10408804421066	0.0
32.0	26.116565965222648	23.756297884021883	23.790958775721847	26.33617737503362	0.0
33.0	26.288761275188072	23.607394693278838	23.77931271611066	26.324531315422433	0.0
34.0	26.238572304006524	23.880799807008156	23.668675149804375	26.211952739180948	0.0
35.0	26.334513652232022	23.772935112037867	23.668675149804375	26.223876085925735	0.0
36.0	26.25153200716508	23.750963570117403	23.729612520033943	26.267891902683576	0.0
37.0	26.342481934793337	23.696338156267505	23.78257421569552	26.17860569324364	0.0
38.0	26.1070658111458	23.874633288782658	23.787288083895763	26.231012816175774	0.0
39.0	26.177496547784756	23.841636211380944	23.68358298349037	26.29728425734393	0.0
40.0	26.16085936590154	23.75900487469429	23.776196629306952	26.303939130097216	0.0
41.0	26.15642278406602	23.80198426122594	23.83082204315685	26.210770911551194	0.0
42.0	26.18969714783245	23.798102252119854	23.77786034749527	26.234340252552418	0.0
43.0	26.283697225472636	23.762609597435656	23.802538833955378	26.15115434313633	0.0
44.0	26.23933140711739	23.732108097316424	23.741258547352192	26.287301948213997	0.0
45.0	26.358009971217676	23.73099895185754	23.78396064751912	26.12703042940566	0.0
46.0	26.229830938972214	23.83075596371995	23.857929952112777	26.081483145195055	0.0
47.0	26.138603977939155	23.813286971181707	23.78749941076811	26.260609640111028	0.0
48.0	26.293883911612443	23.683517312326178	23.760602707971128	26.261996068090248	0.0
49.0	26.313016617725758	23.68573559709294	23.784449269213813	26.216798515967493	0.0
50.0	26.103665992862666	23.853770668175102	23.72511015170295	26.317453187259282	0.0
51.0	26.122798698975984	23.764761991908806	23.918100926411174	26.194338382704036	0.0
52.0	26.215412087988266	23.84988866983327	23.73037857802401	26.20432066415446	0.0
53.0	26.25007278746891	23.775021558955075	23.70154087605611	26.2733647775199	0.0
54.0	26.10921170477957	23.836301675636857	23.720119010977736	26.334367608605834	0.0
55.0	26.288338199695538	23.606986487872913	23.850165955429116	26.25450935700243	0.0
56.0	26.30275705067949	23.804136546518816	23.784449269213813	26.108657133587883	0.0
57.0	26.113093703121404	23.765039277504652	23.788885838747333	26.332981180626607	0.0
58.0	26.2905564844623	23.60560005989369	23.784171983617966	26.31967147202604	0.0
59.0	26.246468074722923	23.866803091179822	23.66660289097962	26.220125943117633	0.0
60.0	26.33131746705154	23.78389469802212	23.66549374859624	26.2192940863301	0.0
61.0	26.266637089618456	23.73364019520852	23.743622448979593	26.25610026619343	0.0
62.0	26.340672138420583	23.688442768411715	23.78493788819876	26.185947204968947	0.0
63.0	26.12411268855368	23.86507320319432	23.76968722271517	26.241126885536826	0.0
64.0	26.16570541259982	23.83984028393966	23.681510647737355	26.31294365572316	0.0
65.0	26.167923691215616	23.768023513753327	23.76164596273292	26.302406832298136	0.0
66.0	26.16653726708075	23.79159272404614	23.843167701863354	26.198702307009757	0.0
67.0	26.195652173913043	23.799079414374447	23.76691437444543	26.23835403726708	0.0
68.0	26.294642857142858	23.7597049689441	23.80185226264419	26.143799911268857	0.0
69.0	26.245840727595386	23.727539929015084	23.7219942324756	26.304625110913932	0.0
70.0	26.352872670807454	23.71561668145519	23.7974157054126	26.134094942324754	0.0
71.0	26.238003998436117	23.829237385654984	23.848369985664412	26.084388630244483	0.0
72.0	26.149827667957886	23.797072434914497	23.778494403021284	26.27460549410633	0.0
73.0	26.292628957883323	23.681722266741716	23.777662550846966	26.247986224527992	0.0
74.0	26.3026111839752	23.68394053920658	23.781544527660472	26.23190374915775	0.0
75.0	26.089934311406633	23.853083814652244	23.728305988503802	26.32867588543732	0.0
76.0	26.14705482737681	23.75104328126863	23.90881791033188	26.19308398102268	0.0
77.0	26.22108967089155	23.84393344073469	23.734128953724063	26.200847934649694	0.0
78.0	26.254918325980686	23.77572156244021	23.703904991390328	26.265455120188776	0.0
79.0	26.11516716069443	23.833119362468494	23.74050648706054	26.311206989776537	0.0
80.0	26.303165752091417	23.623215330481003	23.840051463921185	26.233567453506396	0.0
81.0	26.295124514406293	23.81454133057528	23.78431736824155	26.106016786776877	0.0
82.0	26.114335308520108	23.77322600591724	23.777385266788855	26.335053418773796	0.0
83.0	26.298451923103585	23.60962841163373	23.783208232009116	26.308711433253567	0.0
84.0	26.252422769457716	23.85835221175629	23.658707689918785	26.230517328867208	0.0
85.0	26.316475386880583	23.773780574033456	23.68754523196198	26.22219880712398	0.0
86.0	26.275919055462204	23.75208655675157	23.72851747716572	26.243476910620505	0.0
87.0	26.341357911724096	23.66446503735006	23.795897316452326	26.198279734473523	0.0
88.0	26.138663827285786	23.852463107458366	23.760682338718176	26.248190726537672	0.0
89.0	26.178038054358616	23.835826110103646	23.666960586953266	26.31917524858447	0.0
90.0	26.186633836325218	23.755413956222515	23.760682338718176	26.29726986873409	0.0
91.0	26.166946722788804	23.79395633342761	23.847194724962705	26.19190221882088	0.0
92.0	26.19162493553164	23.803383965261947	23.757632222536476	26.247358876669942	0.0
93.0	26.305311084122202	23.75458210635478	23.799501999212517	26.140604810310503	0.0
94.0	26.262609457578428	23.73378585966138	23.726021927562513	26.277582755197677	0.0
95.0	26.3524492432939	23.712989612967984	23.787856101064214	26.146705042673897	0.0
96.0	26.244790554648223	23.832709909799995	23.83437360492232	26.08812593062946	0.0
97.0	26.161883081052455	23.79472220450695	23.769766777672103	26.273627936768495	0.0
98.0	26.28471923758398	23.687413869117105	23.776421558161395	26.251445335137518	0.0
99.0	26.319934117673156	23.686304739035556	23.775312428079847	26.21844871521144	0.0
100.0	26.087571365588687	23.842692080533936	23.727065269532474	26.342671284344902	0.0
101.0	26.154951018042773	23.76089373701971	23.893434781764793	26.190720463172724	0.0
102.0	26.24257229448513	23.818845783780638	23.733165484980994	26.205416436753243	0.0
103.0	26.269468698962683	23.76893493011094	23.702109842697627	26.25948652822875	0.0
104.0	26.115022335107017	23.844355775656258	23.735938310184864	26.304683579051858	0.0
105.0	26.307733686776118	23.628352692274632	23.83437360492232	26.22954001602693	0.0
106.0	26.27085511156462	23.814409263454444	23.80054513743508	26.11419048754586	0.0
107.0	26.12167711559631	23.777530688242944	23.780026230926428	26.320765965234315	0.0
108.0	26.288323910349014	23.62058878170379	23.770598625233262	26.320488682713933	0.0
109.0	26.245899684729775	23.862379139481426	23.655526379272576	26.236194796516223	0.0
110.0	26.32520248556051	23.78584916385456	23.669945070332712	26.219003280252217	0.0
111.0	26.27383236654429	23.745022792559975	23.743636383802308	26.237508457093423	0.0
112.0	26.34148911391844	23.675702354676634	23.779405729750113	26.203402801654818	0.0
113.0	26.14129168931134	23.84234868734819	23.766373487428044	26.249986135912422	0.0
114.0	26.18621133305975	23.830702853783787	23.6687703108883	26.314315502268165	0.0
115.0	26.196470757866486	23.754727653863643	23.773028249464847	26.275773338805024	0.0
116.0	26.15571034039108	23.799924579363584	23.841239560342053	26.203125519903285	0.0
117.0	26.200907265891015	23.799092734108985	23.762214261155044	26.237785738844956	0.0
118.0	26.30655161322523	23.75860959838511	23.792715253823715	26.142123534565943	0.0
119.0	26.249708854160893	23.739477157529308	23.727554042213374	26.283259946096425	0.0
120.0	26.332893379620902	23.72228568893424	23.788278745799182	26.156542185645677	0.0
121.0	26.22732175586383	23.834650887442706	23.84491034069703	26.09311701599643	0.0
122.0	26.15328732292045	23.77891710084488	23.788067424017658	26.279728152217015	0.0
123.0	26.26808228636075	23.683809196352072	23.77780797076333	26.27030054652385	0.0
124.0	26.339621176620646	23.664399419924965	23.778362535804106	26.21761686765028	0.0
125.0	26.086739518027525	23.83825556020774	23.731779072379055	26.343225849385682	0.0
126.0	26.174360794469877	23.758675476856613	23.903694235019117	26.16326949365439	0.0
127.0	26.26004109326952	23.81357741589328	23.730947224817893	26.1954342660193	0.0
128.0	26.279173587176235	23.74897058864306	23.702109842697627	26.269745981483073	0.0
129.0	26.1089221196585	23.851010556145553	23.731779072379055	26.30828825181689	0.0
130.0	26.318824987591604	23.625025302029986	23.826886976871865	26.22926273350654	0.0
131.0	26.30274260140915	23.78889927157882	23.7936130744254	26.11474505258663	0.0
132.0	26.122304113220313	23.78674696790723	23.785360551461004	26.30558836741145	0.0
133.0	26.284792120718052	23.63479572540081	23.76567343792459	26.314738715956544	0.0
134.0	26.258172924950507	23.855513223640067	23.646441623549116	26.239872227860317	0.0
135.0	26.330266580154284	23.79700644960931	23.67028798642421	26.202438983812204	0.0
136.0	26.281814879617126	23.73912006677	23.741061055176754	26.238003998436117	0.0
137.0	26.331171441960286	23.659262258035	23.7934677421591	26.216098557845612	0.0
138.0	26.138736305633582	23.839219611746863	23.757143530546998	26.26490055207256	0.0
139.0	26.19336126508079	23.830901090003632	23.665362507313368	26.310375137602215	0.0
140.0	26.20202972493345	23.748336291038154	23.768023513753327	26.28161047027507	0.0
141.0	26.15211845607808	23.798524844720497	23.83179902395741	26.217557675244013	0.0
142.0	26.19814773735581	23.803515971606036	23.756377551020407	26.241958740017747	0.0
143.0	26.284106033717837	23.768855368234252	23.815993788819874	26.131044809228037	0.0
144.0	26.24500887311446	23.746672582076307	23.738631322094054	26.26968722271517	0.0
145.0	26.324866903283052	23.734472049689444	23.79547471162378	26.145186335403725	0.0
146.0	26.23232650933482	23.8279831077615	23.851829669004186	26.087860713899495	0.0
147.0	26.159268183797003	23.786522181584253	23.803991271001035	26.250218363617712	0.0
148.0	26.288206700920867	23.694185566095545	23.761843626693878	26.255764106289703	0.0
149.0	26.32674961249123	23.66340669426598	23.79068148858825	26.219162204654538	0.0
150.0	26.10138754866403	23.83594538537473	23.753313590434676	26.30935347552657	0.0
151.0	26.1727231133972	23.75975709512388	23.90145160619463	26.166068185284292	0.0
152.0	26.2597917562078	23.813551097369917	23.726205165887947	26.200451980534332	0.0
153.0	26.278924674532423	23.750883857639995	23.694871546022988	26.275319921804595	0.0
154.0	26.101182636183403	23.847934892619964	23.73286009400086	26.31802237719578	0.0
155.0	26.31996339789538	23.613903253982556	23.82658366492437	26.239549683197694	0.0
156.0	26.27282432376225	23.801904973172324	23.79968666380135	26.125584039264076	0.0
157.0	26.12870666659272	23.785333606925583	23.785056317485317	26.30090340899638	0.0
158.0	26.28537520034162	23.618405363886932	23.748731400810794	26.347488034960655	0.0
159.0	26.272342596649235	23.859369887475946	23.648352623435397	26.21993489243943	0.0
160.0	26.321700117016146	23.779233239239783	23.67608156746175	26.222985076282324	0.0
161.0	26.27186086686465	23.723841134893366	23.75517492852845	26.24912306971353	0.0
162.0	26.32731890869665	23.677533669963648	23.78539956132689	26.20974786001281	0.0
163.0	26.123787895173212	23.84751256817873	23.759334281665847	26.269365254982212	0.0
164.0	26.190337545371612	23.83725283043981	23.669214963688848	26.303194660499734	0.0
165.0	26.195678697397902	23.754686217529226	23.772710131103175	26.2769249539697	0.0
166.0	26.159908161228067	23.795725282282216	23.821513343241865	26.222853213247856	0.0
167.0	26.210097828257062	23.79295237250161	23.757736418287895	26.239213380953437	0.0
168.0	26.279697863750307	23.776314913817963	23.78990217174294	26.154085050688792	0.0
169.0	26.260842077242174	23.74414916036292	23.735553140043038	26.259455622351872	0.0
170.0	26.321014219481352	23.734998558086914	23.798775483040885	26.145211739390845	0.0
171.0	26.24067259886144	23.83433481869279	23.85374524098039	26.071247341465376	0.0
172.0	26.16622623249933	23.783167743026766	23.810619778220833	26.23998624625307	0.0
173.0	26.290730917369377	23.71301254197527	23.757656760826222	26.23859977982913	0.0
174.0	26.31374626000682	23.668645616409105	23.78788172886817	26.229726394715897	0.0
175.0	26.117772330490148	23.843129207937263	23.73664829131404	26.302450170258552	0.0
176.0	26.160825451228	23.76499818371891	23.910300670776177	26.16387569427691	0.0
177.0	26.260651587374213	23.819070674131442	23.737268701456074	26.183009037038268	0.0
178.0	26.268693137230436	23.75335180116852	23.702606848627532	26.275348212973515	0.0
179.0	26.10481189705707	23.851514168378962	23.73837788074659	26.30529605381738	0.0
180.0	26.329975293031303	23.62108217077479	23.83016246703658	26.218780069157326	0.0
181.0	26.273961738860375	23.798273562434318	23.81075182945259	26.11701286925272	0.0
182.0	26.114312334662504	23.80527194378664	23.786970434744028	26.293445286806833	0.0
183.0	26.308696544342336	23.60645100464193	23.752863076982802	26.331989374032933	0.0
184.0	26.267656796792245	23.857403514998918	23.657750689079545	26.21718899912929	0.0
185.0	26.32283861951163	23.797230371631553	23.67217005984039	26.207760949016436	0.0
186.0	26.26745233968804	23.73961871750433	23.751542461005197	26.241386481802426	0.0
187.0	26.319306759098787	23.666135181975736	23.804506065857886	26.21005199306759	0.0
188.0	26.13684575389948	23.868838821490467	23.723535528596187	26.270779896013863	0.0
189.0	26.189809358752164	23.80838821490468	23.696083188908148	26.30571923743501	0.0
190.0	26.200696570389105	23.756876968809618	23.771573716668883	26.270852744132394	0.0
191.0	26.166589023470426	23.808454234881758	23.817882337282047	26.207074404365766	0.0
192.0	26.196259816318378	23.80512666932872	23.75271751186832	26.24589600248458	0.0
193.0	26.275844092461952	23.789875327210613	23.78460668175163	26.149673898575802	0.0
194.0	26.26253383024979	23.751608323350638	23.73219752429123	26.253660322108345	0.0
195.0	26.339067837969743	23.724433204667466	23.788211544434095	26.1482874129287	0.0
196.0	26.237927142750184	23.822385150142946	23.860097664319802	26.079590042787064	0.0
197.0	26.18621766341949	23.792014330834867	23.789518635908614	26.232249369837028	0.0
198.0	26.294641742993335	23.70411040954354	23.7728806697336	26.228367177729528	0.0
199.0	26.318766793947105	23.67277557324726	23.812534489117386	26.195923143688248	0.0
200.0	26.09616771116411	23.848926848205867	23.74604847207587	26.308856968554156	0.0
201.0	26.169170232295023	23.752769543479406	23.92081393381935	26.157246290406217	0.0
202.0	26.255688136232425	23.834573330856113	23.737795290874857	26.171943242036612	0.0
203.0	26.283695534622414	23.764970786342374	23.693427135009525	26.257906544025687	0.0
204.0	26.099290386807127	23.850379486383137	23.74389591230634	26.306434214503394	0.0
205.0	26.31198023398656	23.647672474273403	23.83013651526958	26.210210776470454	0.0
206.0	26.278426816113402	23.794087388628995	23.814053058768394	26.113432736489205	0.0
207.0	26.11489165820896	23.792212257846256	23.794707973534322	26.298188110410464	0.0
208.0	26.292364773804966	23.599764848121836	23.773633041057295	26.3342373370159	0.0
209.0	26.275172065731606	23.85765546922228	23.64995646362633	26.217216001419786	0.0
210.0	26.309280180135215	23.778901774176553	23.675468223993256	26.236349821694976	0.0
211.0	26.265539339520878	23.74153187453725	23.751792067484338	26.24113671845753	0.0
212.0	26.334033060005492	23.670265128931803	23.78007692371685	26.215624887345857	0.0
213.0	26.14130781410749	23.846906829128965	23.743195689609752	26.268589667153798	0.0
214.0	26.204532786862515	23.81363052767895	23.684962162072225	26.29687452338631	0.0
215.0	26.195731747898044	23.769328038689352	23.77570601415356	26.259234199259048	0.0
216.0	26.159127714799123	23.802604432415645	23.827839030991417	26.21042882179382	0.0
217.0	26.19684096102225	23.797058366794595	23.756294784479888	26.249805887703264	0.0
218.0	26.28585531424008	23.7917896044546	23.7859662355525	26.136388845752823	0.0
219.0	26.251192404108526	23.744093440113584	23.747421079486212	26.257293076291678	0.0
220.0	26.32190474077689	23.730228276060963	23.807041284912483	26.14082569824966	0.0
221.0	26.24377799037755	23.826795890353978	23.85092134270621	26.078504776562262	0.0
222.0	26.182361700770635	23.81001239555978	23.782281836761292	26.225344066908292	0.0
223.0	26.287737824204893	23.70962777270925	23.755105889138772	26.24752851394708	0.0
224.0	26.32184641152704	23.69104829831426	23.794205977044644	26.19289931311406	0.0
225.0	26.097578560890927	23.85222898849733	23.735483012212573	26.314709438399163	0.0
226.0	26.178347304990695	23.763834159246393	23.914966542895254	26.142851992867662	0.0
227.0	26.24517832234735	23.825396341209782	23.746363810310832	26.183061526132036	0.0
228.0	26.27512749195116	23.75468302408967	23.71613733358106	26.25405215037811	0.0
229.0	26.095155167202332	23.85007667542033	23.76217031649062	26.292597840886717	0.0
230.0	26.323933546120337	23.632113274414813	23.82983325522516	26.214119924239693	0.0
231.0	26.269026735180013	23.788237186330978	23.803766385384804	26.1389696931042	0.0
232.0	26.115193699564625	23.78081583982696	23.78275699509165	26.321233465516762	0.0
233.0	26.30681345497906	23.598901860735975	23.756967360860763	26.337317323424198	0.0
234.0	26.264662654945788	23.85069742935581	23.659354981836334	26.22528493386207	0.0
235.0	26.30958653392862	23.788580460885722	23.673497684479077	26.22833532070658	0.0
236.0	26.25752546386807	23.730966226577817	23.743167807791817	26.268340501762292	0.0
237.0	26.33323072912767	23.674672567795035	23.787259885360598	26.204836817716696	0.0
238.0	26.129686169785003	23.862965150620198	23.738730869168545	26.268617810426253	0.0
239.0	26.184315976584056	23.819150381715374	23.700184964878858	26.29634867682171	0.0
240.0	26.182513006533775	23.74898776442921	23.801402154259154	26.267097074777862	0.0
241.0	26.145850089582375	23.811716154225905	23.82918887736367	26.21324487882805	0.0
242.0	26.190931859975535	23.798944352452036	23.766770123454737	26.24335366411769	0.0
243.0	26.285715870730808	23.7884827151967	23.794030273023058	26.13177114104943	0.0
244.0	26.248675458111187	23.747995850231067	23.74938280508846	26.253945886569284	0.0
245.0	26.337486233289226	23.725625639787946	23.782773094090786	26.154115032832042	0.0
246.0	26.246708965762146	23.823897416832896	23.844704798737133	26.08468881866783	0.0
247.0	26.18899647643093	23.802402685680992	23.77965208223511	26.22894875565297	0.0
248.0	26.31408086480727	23.715608039866375	23.74723920933175	26.22307188599461	0.0
249.0	26.32712178555177	23.68286700480572	23.794408497131	26.19560271251152	0.0
