# Position (bp)	A	C	G	T	N
0.0	26.321778711484594	23.70674076082046	23.652243155326648	26.319237372368303	0.0
1.0	26.56292355651938	23.577414836902502	23.7073055028463	26.152356103731815	0.0
2.0	26.178711196697517	23.699591707655905	23.725004094217837	26.39669300142874	0.0
3.0	26.23062371177683	23.759211678007734	23.593754411723182	26.41641019849225	0.0
4.0	26.194549848669645	23.607252563581334	23.942663865925827	26.255533721823195	0.0
5.0	26.22902685748003	23.7149318328755	23.755021837759703	26.301019471884768	0.0
6.0	26.17216613591707	23.764877927592202	23.814565124105066	26.248390812385665	0.0
7.0	26.299385983485074	23.79645705413226	23.68974521843461	26.21441174394806	0.0
8.0	26.227920855246627	23.669746525631144	23.893890248618863	26.208442370503366	0.0
9.0	26.24924489208308	23.782935407927646	23.68131340789377	26.286506292095503	0.0
10.0	26.424537009594296	23.820330648962805	23.663107264736517	26.09202507670638	0.0
11.0	26.385301730586296	23.71730275804253	23.58520124310913	26.312194268262047	0.0
12.0	26.31360560923356	23.730569363174727	23.64645344127269	26.309371586319024	0.0
13.0	26.213964936644903	23.83021003576338	23.707705639436256	26.248119388155462	0.0
14.0	26.141065954600112	23.811795390008864	23.75929365406437	26.287845001326655	0.0
15.0	26.27457843364176	23.674613434799056	23.823086085910905	26.22772204564828	0.0
16.0	26.099008112365006	23.819981144537845	23.76014045625702	26.32087028684013	0.0
17.0	26.27824790980992	23.81828754015254	23.580900658812105	26.322563891225435	0.0
18.0	26.29151447749482	23.731349181706815	23.740664005825998	26.236472334972365	0.0
19.0	26.241553148128283	23.780181441483144	23.72513929896069	26.25312611142788	0.0
20.0	26.26723948130543	23.722316624985183	23.706791918119873	26.303651975589514	0.0
21.0	26.21078600179522	23.723163427177834	23.901556422430094	26.16449414859685	0.0
22.0	26.352766502763398	23.658806460536194	23.66304047149946	26.325386565200947	0.0
23.0	26.214173210565832	23.72711517074355	23.84623201251009	26.212479606180526	0.0
24.0	26.176913914089095	23.818569807550087	23.756753247486408	26.24776303087441	0.0
25.0	26.3256688325985	23.712719533468444	23.64102361449048	26.320588019442575	0.0
26.0	26.554587692012397	23.58485240237782	23.701428837566404	26.15913106804338	0.0
27.0	26.163365079006645	23.69747709400069	23.733607320887224	26.405550506105445	0.0
28.0	26.239012741550326	23.75647098008886	23.583158797992514	26.4213574803683	0.0
29.0	26.207398793024606	23.607433794181905	23.930912231775405	26.25425518101808	0.0
30.0	26.23816593935767	23.704251511541912	23.746309353777022	26.31127319532339	0.0
31.0	26.173244437920935	23.771995686954163	23.80615004205784	26.24860983306706	0.0
32.0	26.2991356972287	23.80615004205784	23.683081456725585	26.21163280398787	0.0
33.0	26.23534326538216	23.67348436520885	23.8882898547452	26.202882514663788	0.0
34.0	26.249664808411545	23.78914684919907	23.678780608284526	26.28240773410486	0.0
35.0	26.425234634111916	23.814833109872275	23.667489944252345	26.09244231176346	0.0
36.0	26.37527344576953	23.71378166678428	23.59692329405123	26.31402159339496	0.0
37.0	26.3103521275845	23.719144732199563	23.66184461223626	26.308658527979677	0.0
38.0	26.214663749911793	23.830075506315715	23.703902335756123	26.251358408016372	0.0
39.0	26.144305569668845	23.80149939595118	23.76367577820682	26.29051925617315	0.0
40.0	26.270760649888786	23.6753265815353	23.815048154546172	26.23886461402974	0.0
41.0	26.104506091296052	23.820128939019295	23.753514209260576	26.321850760424077	0.0
42.0	26.283462611071595	23.820128939019295	23.573710892072846	26.32269755783626	0.0
43.0	26.29955176190315	23.73742505842902	23.734037868780273	26.22898531088756	0.0
44.0	26.244227664306923	23.774401878761193	23.717384186340592	26.26398627059129	0.0
45.0	26.260599080942544	23.7233117682259	23.71004527543497	26.306043875396583	0.0
46.0	26.20696857817069	23.72641669207059	23.908478135690817	26.158136594067905	0.0
47.0	26.345278822161255	23.663753683568743	23.660366493919994	26.330601000350008	0.0
48.0	26.212049362643814	23.72190043920559	23.85146044327022	26.214589754880375	0.0
49.0	26.177048402940077	23.820128939019295	23.75520780408495	26.247614853955675	0.0
50.0	26.32580248168095	23.712021136063406	23.64201921665594	26.3201571655997	0.0
51.0	26.56968013639084	23.577098081721594	23.689722137542482	26.16349964434509	0.0
52.0	26.17112082105477	23.690568934954666	23.73262653975996	26.405683704230597	0.0
53.0	26.24733258815161	23.74673982996308	23.58584832164753	26.420079260237785	0.0
54.0	26.204992717542254	23.608711851776583	23.929930336799558	26.256365093881605	0.0
55.0	26.225598121238807	23.702424098725288	23.760853120166196	26.311124659869705	0.0
56.0	26.16773363140602	23.78117625805869	23.801781661755243	26.249308448780045	0.0
57.0	26.28769659813253	23.79557181406587	23.68746401110998	26.22926757669162	0.0
58.0	26.232654766340367	23.663189151960616	23.90029242737301	26.203863654326003	0.0
59.0	26.240201875933238	23.786472167258953	23.684292234607383	26.28903372220043	0.0
60.0	26.414923915467277	23.81639225803538	23.66707406916057	26.101609757336774	0.0
61.0	26.368914719273334	23.709696085266614	23.60666935759307	26.314719837866978	0.0
62.0	26.29750167242017	23.719857625530306	23.66340462406535	26.319236077984176	0.0
63.0	26.209152725127517	23.8245779432478	23.709696085266614	26.256573246358077	0.0
64.0	26.14048854289569	23.7954374813	23.775396722347985	26.288677253456328	0.0
65.0	26.27512857134792	23.66728952969137	23.81717182551556	26.240410073445148	0.0
66.0	26.10605230920351	23.819994467621473	23.754791434974795	26.31916178820023	0.0
67.0	26.294322537668158	23.814913711830823	23.57301328335375	26.317750467147267	0.0
68.0	26.30928254082952	23.713298596017818	23.73926690339225	26.238151959760415	0.0
69.0	26.245773093446388	23.777372571822127	23.70595972654243	26.27089460818905	0.0
70.0	26.266660645030175	23.71866161601906	23.70595972654243	26.308718012408335	0.0
71.0	26.2181112008084	23.711040482333082	23.905520523430752	26.16532779342776	0.0
72.0	26.352751229260633	23.661644245479536	23.661361981268946	26.324242543990877	0.0
73.0	26.212183652385978	23.718097087597876	23.85471296552425	26.215006294491893	0.0
74.0	26.174360248166696	23.818300882357924	23.759307662344263	26.248031207131124	0.0
75.0	26.32452480820147	23.71696803075551	23.643297071791082	26.315210089251945	0.0
76.0	26.56924787878446	23.578376303354993	23.697774064435272	26.154601753425275	0.0
77.0	26.178029682904384	23.693540101276398	23.72628274970503	26.402147466114183	0.0
78.0	26.255370076606503	23.745194451814676	23.58430385177742	26.415131619801397	0.0
79.0	26.20710289659533	23.60801404546712	23.93544052975347	26.24944252818408	0.0
80.0	26.228272712389707	23.7003144423306	23.761848040239585	26.309564805040107	0.0
81.0	26.17548930500906	23.77257408024207	23.800235972880053	26.251700641868815	0.0
82.0	26.305613106091823	23.787251819192836	23.67152349285025	26.235611581865086	0.0
83.0	26.244361772393432	23.659103867584214	23.88181032974105	26.214724030281307	0.0
84.0	26.247957118542164	23.790007310622418	23.668916306075154	26.29311926476026	0.0
85.0	26.411105371755028	23.8230321300444	23.673997047524693	26.091865450675876	0.0
86.0	26.36707227919239	23.708433184015988	23.61443946719958	26.310055069592043	0.0
87.0	26.294812845243438	23.723675408364596	23.6655291451088	26.31598260128317	0.0
88.0	26.21069834791224	23.830935505632567	23.70024754501396	26.25811860144124	0.0
89.0	26.13356667043017	23.800948402393587	23.776673817319637	26.288811109856606	0.0
90.0	26.267923676188325	23.67449474991532	23.826352037936097	26.23122953596026	0.0
91.0	26.102235519927742	23.81760189680479	23.763407474314103	26.316755108953373	0.0
92.0	26.288246584622332	23.81393248278198	23.579372247939485	26.318448684656204	0.0
93.0	26.291915998645138	23.720785819126114	23.74534266681721	26.24195551541154	0.0
94.0	26.234334424748784	23.78316585751383	23.71457604154906	26.267923676188325	0.0
95.0	26.271028564976856	23.720785819126114	23.712600203229083	26.29558541266795	0.0
96.0	26.21739866772045	23.716269617251893	23.904538782883595	26.161792932144067	0.0
97.0	26.351755673478607	23.654171841481315	23.67477701253246	26.31929547250762	0.0
98.0	26.215422829400474	23.71316472846336	23.85006209777577	26.221350344360395	0.0
99.0	26.1815513153438	23.81393248278198	23.75860900982274	26.245907192051483	0.0
100.0	26.330303714576043	23.718245455571864	23.648244326521393	26.3032065033307	0.0
101.0	26.56542847465282	23.58558202551654	23.69425313311505	26.154736366715593	0.0
102.0	26.18634977983516	23.691995032177935	23.72812464717173	26.393530540815174	0.0
103.0	26.262278423845547	23.74449587896579	23.587275601219375	26.40595009596929	0.0
104.0	26.21034210229197	23.604211358247714	23.932482781980355	26.252963757479957	0.0
105.0	26.2250197583832	23.696228971435023	23.763125211696963	26.315626058484813	0.0
106.0	26.18126905272666	23.762278423845544	23.799254826690753	26.257197696737045	0.0
107.0	26.30433555379926	23.794174099582253	23.667720447103985	26.23376989951451	0.0
108.0	26.247883030371455	23.66630913401829	23.88195777351248	26.20385006209778	0.0
109.0	26.245550848055636	23.789590748586573	23.667935903985818	26.296922499371966	0.0
110.0	26.41547246394811	23.813865265142642	23.665395547602046	26.105266723307206	0.0
111.0	26.362971765350103	23.70914612976705	23.621080441796202	26.30680166308665	0.0
112.0	26.294099881167774	23.719025293481728	23.66313745303869	26.323737372311808	0.0
113.0	26.206316455017348	23.837857519878288	23.70858160612621	26.247244418978156	0.0
114.0	26.13878210013492	23.796862386460504	23.781902552204176	26.2824529612004	0.0
115.0	26.276243218678907	23.672385275006917	23.824241705759817	26.227129800554362	0.0
116.0	26.109426953669672	23.82170135654648	23.749442534478185	26.319429155305663	0.0
117.0	26.29346114112487	23.810693176622014	23.584037574587473	26.311808107665648	0.0
118.0	26.30277575490711	23.719805126989236	23.744361836051507	26.23305728205215	0.0
119.0	26.24491224504773	23.77625733173009	23.713313123444035	26.26551729977814	0.0
120.0	26.270880259228523	23.723756781321097	23.718393821870713	26.286969137579668	0.0
121.0	26.216686142677304	23.725168086439616	23.901863487278497	26.156282283604586	0.0
122.0	26.35555856633981	23.650086654134277	23.678312756504706	26.316042023021208	0.0
123.0	26.21979101393805	23.71161955730181	23.85529041836729	26.21329901039285	0.0
124.0	26.18168577573797	23.804201173076812	23.766378195900444	26.247734855284772	0.0
125.0	26.323098548613817	23.720369649036645	23.64952213208687	26.307009670262673	0.0
126.0	26.572617293568403	23.586860184824516	23.697506506116596	26.143016015490485	0.0
127.0	26.191000389520212	23.694119373832145	23.72940200179518	26.38547823485246	0.0
128.0	26.264952777730734	23.743797314004098	23.581214964350433	26.410034943914734	0.0
129.0	26.205187407735668	23.61261258718362	23.92902808787375	26.253171917206963	0.0
130.0	26.21704240419328	23.701242798795306	23.76362266110799	26.31809213590342	0.0
131.0	26.175059275149597	23.762842949079825	23.807722705204924	26.254375070565654	0.0
132.0	26.302641978096418	23.791069210793722	23.672801174212488	26.23348763689737	0.0
133.0	26.248165292988595	23.66630913401829	23.884215874449588	26.201309698543522	0.0
134.0	26.24626353805899	23.789160520380833	23.667504989005838	26.297070952554343	0.0
135.0	26.424089488792728	23.8100480130067	23.670045359730608	26.09581713846996	0.0
136.0	26.364041797684308	23.705677462331842	23.61845782125901	26.311822918724843	0.0
137.0	26.296298387142304	23.714992181281367	23.668983114954923	26.319726316621413	0.0
138.0	26.217546672387222	23.832696357098097	23.708782368648347	26.24097460186633	0.0
139.0	26.142894240648534	23.803475256579613	23.77666000519369	26.276970497578162	0.0
140.0	26.280075421422843	23.672503923494677	23.818717609998984	26.228703045083495	0.0
141.0	26.115232191850424	23.817588546782734	23.748997956395577	26.318181304971265	0.0
142.0	26.294753243234087	23.809120572660863	23.580485271370343	26.315640912734708	0.0
143.0	26.309713330849394	23.71343246508372	23.737989590037145	26.23886461402974	0.0
144.0	26.236606487597243	23.77073242330838	23.718795515360906	26.273865573733474	0.0
145.0	26.282898079463468	23.720206844381217	23.714561528299967	26.282333547855348	0.0
146.0	26.216847881312876	23.723594034029965	23.90311508541363	26.156442999243527	0.0
147.0	26.358545314952188	23.653309848818434	23.673068455102804	26.31507638112658	0.0
148.0	26.22446905802256	23.71315019927966	23.85738802515553	26.204992717542254	0.0
149.0	26.18297598482539	23.80516885140399	23.762828980794634	26.24902618297599	0.0
150.0	26.320721697207826	23.71681965473247	23.65415664623062	26.30830200182908	0.0
151.0	26.58040623694521	23.57794487913378	23.703270896137475	26.138377987783535	0.0
152.0	26.197936072440697	23.69677878264404	23.724723097246216	26.38056204766905	0.0
153.0	26.265962131219727	23.74081224807777	23.582743397802844	26.410482222899663	0.0
154.0	26.21748641591984	23.615835156305128	23.928868816597276	26.23780961117776	0.0
155.0	26.22397854773834	23.699386070143248	23.766000987933104	26.310634394185307	0.0
156.0	26.18848687738869	23.753366038715797	23.80615004205784	26.251997041837672	0.0
157.0	26.320023484647475	23.78356865025376	23.667839017257826	26.22856884784094	0.0
158.0	26.238448206755223	23.669250354245584	23.890830261323156	26.201471177676034	0.0
159.0	26.2534824838472	23.78391805189783	23.667905824039654	26.294693640215318	0.0
160.0	26.425948350565807	23.816096626048274	23.665365410290935	26.092589613094987	0.0
161.0	26.361383343871374	23.69507045434017	23.621115978683047	26.322430223105407	0.0
162.0	26.29759055189233	23.708901634901995	23.663174058350645	26.33033375485503	0.0
163.0	26.21996657935146	23.829148225092585	23.70438533104507	26.246499864510888	0.0
164.0	26.143619273435515	23.803031586078415	23.773393174697265	26.279955965788805	0.0
165.0	26.288141812741696	23.674316199508848	23.81940327998419	26.218138707765267	0.0
166.0	26.113980862054365	23.823355068168343	23.74827109266943	26.314392977107854	0.0
167.0	26.289270895080026	23.808959268354645	23.581731447765826	26.320038388799503	0.0
168.0	26.31467524769244	23.715809975442458	23.738391622209047	26.231123154656053	0.0
169.0	26.235357213424788	23.778474045219745	23.722866740057018	26.263302001298445	0.0
170.0	26.272334660005082	23.714116351934962	23.72681852824117	26.28673045981878	0.0
171.0	26.21870324893443	23.720044034211195	23.911988031727212	26.14926468512716	0.0
172.0	26.360685352979367	23.657379964433904	23.672622576001352	26.309312106585374	0.0
173.0	26.210517401981537	23.71947949304203	23.854969373641573	26.21503373133486	0.0
174.0	26.188782566968694	23.79795071555593	23.762102351313967	26.2511643661614	0.0
175.0	26.331329212182798	23.716939057780788	23.6542749880035	26.297456742032914	0.0
176.0	26.57775143252322	23.585965506534563	23.70056736387501	26.13571569706721	0.0
177.0	26.202896096197815	23.68758291698422	23.733875292855732	26.37564569396223	0.0
178.0	26.259350213114292	23.74685973974652	23.582578259519575	26.41121178761961	0.0
179.0	26.2074864015762	23.62046919149008	23.931814525120743	26.240229881812972	0.0
180.0	26.221317699262425	23.69922290688714	23.765556681504734	26.313902712345705	0.0
181.0	26.173405444465768	23.753486061399844	23.807400047421726	26.26570844671266	0.0
182.0	26.324421059762663	23.77070466426547	23.672473946277957	26.232400329693906	0.0
183.0	26.246796210778278	23.646787178068582	23.895468966996734	26.210947644156402	0.0
184.0	26.25816121738689	23.776417222038745	23.65899166447905	26.306429896095317	0.0
185.0	26.430630005052684	23.80605588440357	23.664637123977116	26.098676986566627	0.0
186.0	26.365499370529488	23.688697193634162	23.628290606493426	26.31751282934292	0.0
187.0	26.309609163735725	23.712408190455758	23.66329255418245	26.314690091626066	0.0
188.0	26.223233389599905	23.81628493843609	23.71833593966116	26.242145732302845	0.0
189.0	26.153659417835286	23.80117652372242	23.763351624777002	26.28181243366529	0.0
190.0	26.283223810491613	23.679798116658763	23.821782625386717	26.215195447462907	0.0
191.0	26.104825779644557	23.83166226317097	23.751778334801166	26.31173362238331	0.0
192.0	26.288022491701103	23.81105616150667	23.590599101235238	26.31032224555699	0.0
193.0	26.315403202131744	23.723550798274733	23.732583609963193	26.22846238963033	0.0
194.0	26.246528013007246	23.783957726441297	23.71621163877786	26.253302621773596	0.0
195.0	26.27983650610844	23.714800261951538	23.722421696813676	26.282941535126348	0.0
196.0	26.22620418670822	23.728349479484226	23.90166655375652	26.143779780051034	0.0
197.0	26.36113181130456	23.654111058419712	23.668789377413454	26.315967752862274	0.0
198.0	26.225921911342954	23.709437030011518	23.85142153873947	26.213219519906062	0.0
199.0	26.184991983379625	23.809927060045617	23.76250479868121	26.24257615789355	0.0
200.0	26.334315651604452	23.711412957568367	23.654393333784974	26.299878057042203	0.0
201.0	26.578483842558093	23.577614434433077	23.705767450263078	26.13813427274575	0.0
202.0	26.20898538942709	23.700404218323058	23.724397624370525	26.366212767879322	0.0
203.0	26.261488607366257	23.745286001400085	23.582695391007835	26.41053000022582	0.0
204.0	26.21075302811753	23.620869241213448	23.94097040898993	26.22740732167909	0.0
205.0	26.21272896125195	23.70893940377629	23.75833773213686	26.3199939028349	0.0
206.0	26.165662701616316	23.767155382174774	23.817682957810884	26.24949895839802	0.0
207.0	26.315551766771485	23.778446460529214	23.68049635580446	26.22550541689484	0.0
208.0	26.253450835822072	23.654809152548115	23.902930599386895	26.188809412242914	0.0
209.0	26.254371776740875	23.779360415061213	23.67322397893079	26.29304382926712	0.0
210.0	26.420351097072498	23.7994021357135	23.674917645464784	26.10532912174922	0.0
211.0	26.35042059504319	23.6913566307232	23.639981934172642	26.318240840060973	0.0
212.0	26.293400327443123	23.715068029131146	23.66369333258059	26.32783831084514	0.0
213.0	26.222830689324223	23.81979337209959	23.71873765031333	26.238638288262855	0.0
214.0	26.14027065020409	23.81145944481141	23.76262497953469	26.285644925449812	0.0
215.0	26.28197528355041	23.667496570296226	23.82529117197071	26.225236974182657	0.0
216.0	26.10865527383997	23.812024005103623	23.759802178073606	26.3195185429828	0.0
217.0	26.282123661984553	23.804536832121403	23.592260963822774	26.32107854207127	0.0
218.0	26.304498172220576	23.721895244950673	23.735727089243625	26.23787949358513	0.0
219.0	26.236750363438766	23.774117514219984	23.719636984657942	26.269495137683307	0.0
220.0	26.272317963049215	23.720766114804306	23.720766114804306	26.28614980734217	0.0
221.0	26.220095693779903	23.727540895682488	23.91215367461292	26.140209735924685	0.0
222.0	26.349945660611706	23.658381674217726	23.67390721373022	26.317765451440344	0.0
223.0	26.210780370072406	23.72133067987749	23.8602136878802	26.207675262169904	0.0
224.0	26.181987551340136	23.806580005927934	23.77016555870771	26.241266884024224	0.0
225.0	26.338089794074886	23.706369705438174	23.65047776319318	26.305062737293756	0.0
226.0	26.583957883445542	23.58216538933819	23.69197329607204	26.141903431144232	0.0
227.0	26.20880439231627	23.69846579441363	23.72387122270681	26.368858590563292	0.0
228.0	26.25199362041467	23.742219587585215	23.588375605143188	26.417411186856928	0.0
229.0	26.206337825402116	23.616105957872037	23.940731791313578	26.236824425412276	0.0
230.0	26.217064592072354	23.70558977456853	23.765998407921998	26.311347225437114	0.0
231.0	26.17648968392646	23.769170620996857	23.811230956406863	26.243108738669818	0.0
232.0	26.30492896319862	23.784413964031355	23.67827513105041	26.232381941719616	0.0
233.0	26.246213864102774	23.659079810192154	23.89648076374794	26.198225561957134	0.0
234.0	26.245723383354225	23.774883416325103	23.672413987782708	26.306979212537968	0.0
235.0	26.41481205469553	23.796619355712885	23.68652823413841	26.102040355453184	0.0
236.0	26.353348332114802	23.682360811966657	23.644534524955468	26.319756330963074	0.0
237.0	26.28193004395189	23.706072812779638	23.682360811966657	26.329636331301813	0.0
238.0	26.218980327507897	23.820680816709057	23.71792881318613	26.242410042596916	0.0
239.0	26.1479919491657	23.800208328040444	23.771415021637324	26.280384701156535	0.0
240.0	26.28592560390019	23.672435841338757	23.823463819624603	26.218174735136447	0.0
241.0	26.116095374139675	23.82490274570472	23.742187191228197	26.31681468892741	0.0
242.0	26.296056847793253	23.821811416423635	23.580710823271005	26.301420912512103	0.0
243.0	26.310618209744085	23.72495651977503	23.741049849795587	26.22337542068529	0.0
244.0	26.22161609658857	23.794195876463313	23.729253844285946	26.254934182662172	0.0
245.0	26.259805388798846	23.727487843859244	23.731441060365615	26.2812657069763	0.0
246.0	26.211143993132424	23.74000361451227	23.904350969141102	26.144501423214205	0.0
247.0	26.35687154939919	23.659931376286693	23.671792265006143	26.311404809307977	0.0
248.0	26.20484564702294	23.727233959631846	23.850366148814853	26.217554244530362	0.0
249.0	26.18281741134341	23.81393483596025	23.762253206096737	26.240994546599605	0.0
