# Position (bp)	A	C	G	T	N
0.0	26.207469202314964	23.80002888150806	23.6556213412128	26.336880574964177	0.0
1.0	26.162202992568567	23.719216200304366	23.75642891261122	26.362151894515844	0.0
2.0	26.21146230790165	23.70911575053735	23.75049291589605	26.328929025664948	0.0
3.0	26.272981986510015	23.786026285755543	23.80352050294486	26.137471224789582	0.0
4.0	26.252919011825988	23.66447399476313	23.791369443464884	26.291237549945993	0.0
5.0	26.301263362487852	23.66458420102735	23.737609329446062	26.296543107038733	0.0
6.0	26.30607167845759	23.709476793904997	23.68115636210171	26.3032951655357	0.0
7.0	26.25780532025066	23.852281277504296	23.787034491949658	26.102878910295384	0.0
8.0	26.329101272394617	23.801525318792738	23.649937393631642	26.219436015181003	0.0
9.0	26.207648998900623	23.82705355853905	23.699348147161054	26.26594929539927	0.0
10.0	26.140366949554846	23.788425181767455	23.749281675008955	26.321926193668748	0.0
11.0	26.144808765924605	23.693481356863856	23.766216099918662	26.395493777292877	0.0
12.0	26.238086909689546	23.701532149034044	23.798141655076304	26.262239286200113	0.0
13.0	26.24197349901308	23.779819162551046	23.90502286147363	26.07318447696224	0.0
14.0	26.223095779441607	23.777043027319948	23.75677724013292	26.243083953105522	0.0
15.0	26.258352696876567	23.75816530774847	23.73345770419169	26.250024291183273	0.0
16.0	26.355721876440114	23.698412610281665	23.666209531001016	26.279655982277202	0.0
17.0	26.250229030520742	23.873863869810723	23.707296218359087	26.168610881309444	0.0
18.0	26.25300515804494	23.736445557363123	23.651496055122788	26.359053229469147	0.0
19.0	26.086159893840883	23.772812827930064	23.721454468732475	26.41957280949658	0.0
20.0	26.271532279333176	23.77191399580806	23.835764751606682	26.120788973252086	0.0
21.0	26.24904570881279	23.845203558985606	23.73915578196355	26.166594950238053	0.0
22.0	26.135780020265674	23.895451327679304	23.757755784739672	26.211012867315354	0.0
23.0	26.283469594547697	23.70917368793637	23.842427439168272	26.164929278347653	0.0
24.0	26.331496467387534	23.744985633579947	23.74193190178088	26.181585997251645	0.0
25.0	26.212678539205754	23.794678178310175	23.65864830726094	26.333994975223128	0.0
26.0	26.173812861763114	23.704176672265177	23.7638632483378	26.358147217633913	0.0
27.0	26.218786002803878	23.706952792082507	23.751093097178074	26.32316810793554	0.0
28.0	26.284024818511163	23.768860264008996	23.807725941451633	26.139388976028204	0.0
29.0	26.24515914106853	23.67030801049373	23.805227433616036	26.279305414821703	0.0
30.0	26.28957705814583	23.673084130311064	23.741376677817414	26.29596213372569	0.0
31.0	26.300403925433425	23.711116971808504	23.67724831003706	26.311230792721013	0.0
32.0	26.257929292228255	23.84631400691254	23.79412295434671	26.101633746512498	0.0
33.0	26.327609899643267	23.79828713407271	23.653373679608013	26.220729286676015	0.0
34.0	26.20462779173549	23.825770720264288	23.700012492539177	26.269588995461046	0.0
35.0	26.11662479352609	23.794955790291908	23.759699068611802	26.3287203475702	0.0
36.0	26.13355912441181	23.695293088849713	23.76997071193593	26.40117707480255	0.0
37.0	26.226281526310675	23.700567716502643	23.79578862623711	26.277362130949573	0.0
38.0	26.240162125397333	23.780519967241787	23.9012811792957	26.078036728065186	0.0
39.0	26.220729286676015	23.77274683175326	23.76025429257527	26.246269588995464	0.0
40.0	26.281248698693837	23.748872201324208	23.72666324278556	26.243215857196393	0.0
41.0	26.37028893774846	23.703555644391145	23.65941546183401	26.266739956026385	0.0
42.0	26.256745952428545	23.875674595242856	23.703555644391145	26.164023807937458	0.0
43.0	26.26174295422746	23.7293734870189	23.64664534612566	26.362238212627982	0.0
44.0	26.09406578275257	23.7651853332445	23.724098874008927	26.416650009994	0.0
45.0	26.275828181346245	23.76511935860884	23.837298073105934	26.121754386938985	0.0
46.0	26.251398462593382	23.834521968702198	23.741244860736725	26.172834707967695	0.0
47.0	26.13119314191168	23.892264940299874	23.757623876718757	26.21891804106969	0.0
48.0	26.284989325878566	23.705710724368924	23.842850281913403	26.16644966783911	0.0
49.0	26.333571152943918	23.744020965140457	23.743188133819338	26.179219748096287	0.0
50.0	26.217252378427446	23.80481765158224	23.65490801378058	26.32302195620973	0.0
51.0	26.173389928848444	23.705988334809295	23.758734318480247	26.36188741786201	0.0
52.0	26.223359808115664	23.711262933176393	23.755680603636144	26.3096966550718	0.0
53.0	26.29442808085126	23.771226788297053	23.808148976866722	26.12619615398496	0.0
54.0	26.255007398318238	23.674340744606724	23.79982066365552	26.270831193419525	0.0
55.0	26.293040028649393	23.672119861083736	23.729307611800664	26.3055324984662	0.0
56.0	26.315526474319643	23.711540543616763	23.671009419322242	26.301923562741347	0.0
57.0	26.2658342054928	23.85423230996871	23.78149837459087	26.098435109947616	0.0
58.0	26.32468761885197	23.802596768059253	23.64519164836751	26.227523964721268	0.0
59.0	26.202261414647282	23.823695161527635	23.6965495798366	26.277493843988488	0.0
60.0	26.12119916605824	23.78649536251759	23.76678502125108	26.32552045017309	0.0
61.0	26.140354286444005	23.69516152763473	23.772892450939295	26.39159173498197	0.0
62.0	26.232798563088362	23.700436126001826	23.80065349497664	26.266111815933176	0.0
63.0	26.247789526868527	23.771226788297053	23.907533514520416	26.073450170314004	0.0
64.0	26.217807599308195	23.762065643764732	23.772892450939295	26.24723430598778	0.0
65.0	26.274995350025122	23.74735229042494	23.73458221016776	26.24307014938218	0.0
66.0	26.360981405704326	23.704812086014577	23.66483629357778	26.26937021470332	0.0
67.0	26.240221199384816	23.88053900693469	23.70897623106008	26.17026356262041	0.0
68.0	26.253268853860718	23.737014807699783	23.654287126129176	26.355429212310323	0.0
69.0	26.10807899660761	23.766719042357686	23.713140376105578	26.412061584929127	0.0
70.0	26.28484338693961	23.763044148143216	23.832723981799962	26.119388483117216	0.0
71.0	26.256249670339432	23.83189115510287	23.74333391631202	26.16852525824568	0.0
72.0	26.13021523017942	23.882971192524547	23.764154583739337	26.222658993556696	0.0
73.0	26.288452302627014	23.700026928063206	23.84410594666023	26.167414822649555	0.0
74.0	26.32648472179424	23.744166743009114	23.747220440898452	26.18212809429819	0.0
75.0	26.192677232461364	23.814957012261985	23.664770597886285	26.327595157390366	0.0
76.0	26.181295267601097	23.701692581457394	23.761378494749028	26.355633656192484	0.0
77.0	26.227378344840226	23.700304536962236	23.754993490071318	26.31732362812622	0.0
78.0	26.292616436112475	23.772205241811232	23.8096824431804	26.125495878895894	0.0
79.0	26.248754230065597	23.66615864238144	23.806628745291057	26.278458382261903	0.0
80.0	26.29622535179988	23.666991469078532	23.73694891163431	26.299834267487277	0.0
81.0	26.306496881064017	23.708632803933163	23.67670778054461	26.30816253445821	0.0
82.0	26.269574897492916	23.837443333083485	23.785252860065683	26.10772890935792	0.0
83.0	26.322598197207807	23.795801998228853	23.646170801651216	26.23542900291212	0.0
84.0	26.206557677412906	23.822174843636788	23.697250839072897	26.274016639877406	0.0
85.0	26.12438544329977	23.779978290984097	23.773315677407357	26.322320588308777	0.0
86.0	26.128827185684266	23.69780605687096	23.773593286306387	26.399773471138392	0.0
87.0	26.23293052282084	23.70724475943801	23.799133305017225	26.260691412723926	0.0
88.0	26.257915323733616	23.759990450253873	23.907400775639264	26.074693450373243	0.0
89.0	26.219050077869294	23.764154583739337	23.779145464287	26.237649874104363	0.0
90.0	26.276237511069656	23.745832396403298	23.728620644663383	26.249309447863663	0.0
91.0	26.36888568097274	23.69968352673366	23.6708122813836	26.26061851091	0.0
92.0	26.239797901282554	23.885958580867246	23.71578479817889	26.158458719671312	0.0
93.0	26.260896119038364	23.726056298928434	23.65831991560713	26.354727666426076	0.0
94.0	26.119871189828437	23.754927544278495	23.71994892010438	26.405252345788682	0.0
95.0	26.28664070112514	23.761524175436747	23.832314051651625	26.11952107178649	0.0
96.0	26.24916370783491	23.827039511855222	23.755694420924932	26.168102359384932	0.0
97.0	26.136732727964223	23.876453621526785	23.772350862387256	26.214462788121732	0.0
98.0	26.284975056978908	23.696841661091387	23.845083990106076	26.173099291823632	0.0
99.0	26.32439530177308	23.744590126616714	23.749031844340003	26.181982727270203	0.0
100.0	26.190310948001365	23.81621282490471	23.666304851743792	26.327171375350133	0.0
101.0	26.174487328612155	23.702949022960905	23.764577856371506	26.357985792055434	0.0
102.0	26.22528947507225	23.69961773466844	23.762912212225274	26.312180578034038	0.0
103.0	26.299688246937297	23.75985853129051	23.81760086169324	26.12285236007895	0.0
104.0	26.251384566696558	23.66880331796314	23.80843981888896	26.271372296451347	0.0
105.0	26.30079867636812	23.661307919305095	23.738482764747197	26.29941063957959	0.0
106.0	26.3102373265301	23.704059452391725	23.678241968125125	26.307461252953047	0.0
107.0	26.278590087751684	23.84369595331755	23.788174481776466	26.0895394771543	0.0
108.0	26.324672909130786	23.797335524580742	23.64881558820835	26.22917597808012	0.0
109.0	26.20197045702499	23.824818652993578	23.704059452391725	26.2691514375897	0.0
110.0	26.125628433656008	23.774294113891195	23.77679258011054	26.323284872342256	0.0
111.0	26.12479561158289	23.707390740684193	23.773738899175783	26.394074748557134	0.0
112.0	26.24194591653457	23.695731231660563	23.80483092323879	26.257491928566072	0.0
113.0	26.25776953592378	23.75847049450199	23.90032785428945	26.083432115284783	0.0
114.0	26.209743463040745	23.760136138648217	23.787064052345645	26.243056345965392	0.0
115.0	26.2741483700284	23.747921414909182	23.744034911901306	26.233895303161113	0.0
116.0	26.35596937444132	23.704826468122437	23.665406332761464	26.273797824674784	0.0
117.0	26.25020126477561	23.874444092809437	23.71815158430079	26.157203058114163	0.0
118.0	26.269356119282	23.711766632798664	23.658743774672285	26.360133473247053	0.0
119.0	26.115284463469752	23.7617358184675	23.72120525675833	26.401774461304417	0.0
120.0	26.289139167344487	23.760136138648217	23.8414750944559	26.109249599551386	0.0
121.0	26.24916370783491	23.825651475066696	23.75847049450199	26.166714322596405	0.0
122.0	26.14839223698785	23.88089533925007	23.766243500517735	26.204468923244338	0.0
123.0	26.283587020190385	23.69545362430286	23.850358529902476	26.170600825604286	0.0
124.0	26.32911462685407	23.745978163405244	23.75708245771346	26.16782475202723	0.0
125.0	26.205579352675162	23.808995033604372	23.660475097231977	26.32495051648849	0.0
126.0	26.176430580116094	23.7026714156032	23.766798715233147	26.354099289047557	0.0
127.0	26.226677511860775	23.698784912595322	23.748199022266885	26.32633855327702	0.0
128.0	26.296356958644836	23.763189819582976	23.81760086169324	26.12285236007895	0.0
129.0	26.25471585498902	23.663806385524442	23.818156076408652	26.26332168307789	0.0
130.0	26.30468517937599	23.663806385524442	23.738482764747197	26.293025670352364	0.0
131.0	26.316067081041915	23.704614667107137	23.681018041702178	26.298300210148767	0.0
132.0	26.273315547955285	23.849803315187064	23.787619267061054	26.089261869796598	0.0
133.0	26.324672909130786	23.796502702507627	23.6513140544277	26.22751033393389	0.0
134.0	26.206689782105986	23.81732325433553	23.705447489180255	26.27053947437823	0.0
135.0	26.125906041013714	23.776237365395133	23.77707018746825	26.32078640612291	0.0
136.0	26.126461255729122	23.699895342026146	23.77929104632989	26.39435235591484	0.0
137.0	26.2383370208844	23.69517601694515	23.8103830703929	26.25610389177755	0.0
138.0	26.26783632224752	23.754927544278495	23.905668757981232	26.071567375492755	0.0
139.0	26.216201210371437	23.752706679251567	23.78796291155405	26.24312919882294	0.0
140.0	26.284492809949477	23.748542557326076	23.7402143134751	26.226750319249348	0.0
141.0	26.35702170068764	23.69891649246708	23.66921234027078	26.2748494665745	0.0
142.0	26.25208553685397	23.8771414056449	23.71446259081281	26.15631046668832	0.0
143.0	26.27512707547353	23.718071506500213	23.667546686876594	26.339254731149666	0.0
144.0	26.124457967119913	23.763665335990982	23.723134324214783	26.388742372674322	0.0
145.0	26.304422056704706	23.75540299319577	23.834244358261824	26.1059305918377	0.0
146.0	26.24723430598778	23.835077189582947	23.756791045397634	26.16089745903164	0.0
147.0	26.137578182040272	23.89753953866697	23.760955202003238	26.203927077289524	0.0
148.0	26.288875872043793	23.6965495798366	23.85062337424386	26.16395117387575	0.0
149.0	26.328851775457572	23.743188133819338	23.761232812443613	26.166727278279485	0.0
150.0	26.20781362345475	23.81036986038971	23.66295871655141	26.318857799604128	0.0
151.0	26.188103282188237	23.696827190276974	23.762620864645477	26.352448662889316	0.0
152.0	26.226413522959774	23.705710724368924	23.757068655838008	26.3108070968333	0.0
153.0	26.298592237456862	23.76289847508585	23.81786534227979	26.12064394517749	0.0
154.0	26.2522312939145	23.645746869248256	23.82258471976614	26.279437117071097	0.0
155.0	26.30469966714508	23.660737833028424	23.73374937884664	26.300813120979853	0.0
156.0	26.313583201237034	23.6965495798366	23.687388435304275	26.302478783622096	0.0
157.0	26.27194163518102	23.839518956628922	23.79676694881141	26.091772459378653	0.0
158.0	26.32191151444824	23.786772972957966	23.65629606598245	26.235019446611346	0.0
159.0	26.20364946684915	23.807593755985977	23.71459425846087	26.274162518704003	0.0
160.0	26.128972258388693	23.771226788297053	23.778444659746764	26.32135629356749	0.0
161.0	26.125918543544586	23.69766002159809	23.777611828425645	26.398809606431676	0.0
162.0	26.24501342246479	23.694051085873237	23.818142952720166	26.242792538941806	0.0
163.0	26.26840562329269	23.76129877628978	23.89149843427277	26.078797166144756	0.0
164.0	26.21538188198192	23.748806271792482	23.79294645434961	26.242865391875984	0.0
165.0	26.29699957803096	23.751582383902992	23.728263042174696	26.223154995891356	0.0
166.0	26.358980053579113	23.697236372721846	23.674194578237998	26.269588995461046	0.0
167.0	26.25903974015519	23.865746845633858	23.718334883333565	26.156878530877393	0.0
168.0	26.27597407104091	23.714170703607568	23.6675318906764	26.34232333467513	0.0
169.0	26.11947342413121	23.75560083728006	23.735057493601026	26.389868244987703	0.0
170.0	26.29583052249641	23.755111558994262	23.836452321265472	26.112605597243853	0.0
171.0	26.248358610044615	23.837285161834803	23.75955337536402	26.154802852756564	0.0
172.0	26.140366949554846	23.881980939055502	23.76871462162665	26.208937489763002	0.0
173.0	26.29222154669598	23.694869424479407	23.84977777037475	26.163131258449862	0.0
174.0	26.333030734593144	23.72707259316016	23.76205189707201	26.177844775174684	0.0
175.0	26.20449567339324	23.81257755827802	23.661555801706214	26.321370966622524	0.0
176.0	26.183119432113777	23.694869424479407	23.771213143334638	26.350798000072178	0.0
177.0	26.227537595811366	23.699866467895383	23.76677132696488	26.305824609328372	0.0
178.0	26.294442454880862	23.75483394547115	23.831732891372603	26.11899070827538	0.0
179.0	26.2536332669837	23.646009444412055	23.816186534078447	26.284170754525793	0.0
180.0	26.30193802000483	23.663776709891092	23.746505539777853	26.28777973032622	0.0
181.0	26.326923237084728	23.686263405263	23.693203743340746	26.29360961431153	0.0
182.0	26.280839392248474	23.835619480696142	23.791478930521663	26.092062196533718	0.0
183.0	26.330809826408263	23.770935529811528	23.666275231599084	26.23197941218113	0.0
184.0	26.20754942214745	23.809523809523807	23.712359076435334	26.270567691893408	0.0
185.0	26.143975925355278	23.76815939458043	23.771213143334638	26.31665153672966	0.0
186.0	26.13120570329222	23.692093289248305	23.788147568244344	26.38855343921513	0.0
187.0	26.248913837090832	23.689872381063427	23.81257755827802	26.248636223567722	0.0
188.0	26.273694379976238	23.75850887810512	23.88870998189955	26.0790867600191	0.0
189.0	26.232329850199328	23.743795320533465	23.78543746460418	26.23843736466303	0.0
190.0	26.302843880825737	23.749069992115754	23.72769369149279	26.22039243556572	0.0
191.0	26.34816815699687	23.706105588113633	23.678344081663248	26.26738217322625	0.0
192.0	26.25544472545258	23.868510400848393	23.726926717951425	26.1491181557476	0.0
193.0	26.267659788290754	23.713045964726227	23.668072324276604	26.351221922706415	0.0
194.0	26.12990272287123	23.752665126815618	23.726569093412696	26.39086305690046	0.0
195.0	26.291549025976728	23.753563922966517	23.836571749022088	26.118315302034663	0.0
196.0	26.25601390311682	23.82296845980228	23.761614849239464	26.159402787841437	0.0
197.0	26.14441140788491	23.882656361481036	23.777994319932706	26.19493791070135	0.0
198.0	26.297379007070937	23.690822221666984	23.851007892683928	26.16079087857815	0.0
199.0	26.329860330310073	23.723303544906123	23.760781994797437	26.18605412998637	0.0
200.0	26.201878364384925	23.812141352055903	23.663615643227367	26.32236464033181	0.0
201.0	26.188552693312456	23.698317911645248	23.77105386624913	26.342075528793167	0.0
202.0	26.226308761351113	23.696929820908533	23.776050992901304	26.300710424839053	0.0
203.0	26.2844768951014	23.7559167696173	23.840313155008953	26.119293180272347	0.0
204.0	26.257270165600143	23.640982218458934	23.82087977679377	26.280867839147152	0.0
205.0	26.30529837176053	23.663747032939575	23.742591024555463	26.288363570744437	0.0
206.0	26.322510792465405	23.688177565552948	23.682347552088395	26.306964089893253	0.0
207.0	26.277755259548808	23.83440402885048	23.784987312674556	26.102853398926158	0.0
208.0	26.333148250971682	23.765408106607442	23.663797890061076	26.2376457523598	0.0
209.0	26.207940033314824	23.79455857856746	23.71848972792893	26.279011660188782	0.0
210.0	26.136035535813434	23.76152137701277	23.78622987229317	26.316213214880623	0.0
211.0	26.134092171016103	23.683231538034423	23.787617990005554	26.39505830094392	0.0
212.0	26.254025541365905	23.685452526374238	23.816213214880623	26.244308717379234	0.0
213.0	26.270755887717623	23.76214259339976	23.899289004133824	26.067812514748788	0.0
214.0	26.24105008620235	23.740765521281293	23.786018284337267	26.23216610817909	0.0
215.0	26.295259829316098	23.750270684456883	23.727783052654374	26.226686433572645	0.0
216.0	26.351135628558815	23.70758223971882	23.67648814398787	26.264793987734492	0.0
217.0	26.249802191578496	23.8838746574791	23.71618864121578	26.15013450972662	0.0
218.0	26.266182117008192	23.723962165148514	23.66954749761936	26.340308220223935	0.0
219.0	26.13237903013107	23.75365429089405	23.729222944365937	26.384743734608946	0.0
220.0	26.30597014925373	23.753720238095237	23.8292355188344	26.111074093816633	0.0
221.0	26.26626910092395	23.817852700781806	23.754553127221037	26.161325071073204	0.0
222.0	26.140225213219615	23.882540422885572	23.778984541577824	26.19824982231699	0.0
223.0	26.295975479744136	23.695695628997868	23.851723525230987	26.15660536602701	0.0
224.0	26.345817485216138	23.73025347733141	23.746356089841473	26.177572947610983	0.0
225.0	26.20811238513007	23.815208639884506	23.661678558538547	26.31500041644688	0.0
226.0	26.190899247619313	23.697770621061107	23.770232377356397	26.34109775396319	0.0
227.0	26.232821566395515	23.70082456481302	23.77356395235848	26.292789916432994	0.0
228.0	26.283350453927095	23.760515283600323	23.838252033648907	26.117882228823674	0.0
229.0	26.270301785168936	23.631139121019462	23.824092839890056	26.274466253921542	0.0
230.0	26.306671478941666	23.67111802104445	23.74385740858991	26.278353091423973	0.0
231.0	26.321663566451043	23.696382464810238	23.690552208556596	26.291401760182126	0.0
232.0	26.277388474907546	23.850044976512265	23.793963152575877	26.078603396004308	0.0
233.0	26.3454085088898	23.76980909969238	23.660699412529013	26.224082978888802	0.0
234.0	26.192710473419435	23.81284218241585	23.731773407220675	26.262673936944044	0.0
235.0	26.128022032938354	23.771474896442967	23.791742090241762	26.308760980376917	0.0
236.0	26.118304885226607	23.68624162937133	23.80007107399469	26.395382411407375	0.0
237.0	26.247404133397005	23.68707452774662	23.821726431752307	26.243794907104068	0.0
238.0	26.264135018754146	23.7551605138442	23.90841424038069	26.072290227020968	0.0
239.0	26.234705861122137	23.746831506967215	23.77265142828586	26.245811203624786	0.0
240.0	26.297435669624512	23.747542840642804	23.727552391635108	26.22746909809758	0.0
241.0	26.349049452883573	23.69357037547097	23.68413015290384	26.273250018741617	0.0
242.0	26.25120789044017	23.871247209356568	23.72463430075639	26.152910599446873	0.0
243.0	26.2600316569937	23.720252145177863	23.670822804143178	26.348893393685263	0.0
244.0	26.134697414022927	23.745056873722564	23.725617613080956	26.394628099173556	0.0
245.0	26.299038530968634	23.743175014024896	23.839266373023325	26.11852008198315	0.0
246.0	26.258328449901548	23.82179686219835	23.75986291211767	26.160011775782436	0.0
247.0	26.148325491742725	23.873060664470653	23.78223893613594	26.19637490765069	0.0
248.0	26.296829170740377	23.687338903208605	23.85899031197227	26.156841614078747	0.0
249.0	26.33738112167807	23.729001866500756	23.761498977868634	26.172118033952536	0.0
