# Position (bp)	A	C	G	T	N
0.0	26.03128392381328	24.07079591433929	24.056609592420802	25.841310569426625	0.0
1.0	25.919026941675718	24.05599279581565	24.084057041350043	25.94092322115859	0.0
2.0	25.8890794034564	23.992191643948832	24.018404529586636	26.100324423008132	0.0
3.0	26.011514349766106	24.094100668843723	24.0210181596159	25.87336682177427	0.0
4.0	25.812578821918734	24.094453712069118	23.97573903739358	26.11722842861856	0.0
5.0	26.047958658242916	24.051171524508128	23.829477585478585	26.071392231770375	0.0
6.0	25.96104040254551	24.055917320309803	24.038959597454493	25.9440826796902	0.0
7.0	26.018084899756133	23.972203638560977	23.888037637309278	26.12167382437361	0.0
8.0	26.038850335878756	24.071054002645102	23.924925934032736	25.965169727443403	0.0
9.0	25.99897651534302	23.991775129322836	24.061137794328907	25.948110561005233	0.0
10.0	26.053904417227464	23.99742284726054	24.084663783297213	25.86400895221478	0.0
11.0	25.867936742809583	24.064860199143006	24.051604550078608	26.0155985079688	0.0
12.0	26.017756404328125	23.998273682912544	23.902401430377015	26.081568482382316	0.0
13.0	26.056290267887423	23.953266130275285	24.032183482844722	25.95826011899257	0.0
14.0	26.158019667683963	23.826875057800795	23.960972902987145	26.054132371528098	0.0
15.0	25.999876691636608	23.967138321156632	23.92459693578717	26.10838805141959	0.0
16.0	26.085576004192486	23.915348808532936	24.008138351983725	25.99093683529085	0.0
17.0	25.977681186226455	24.029409044668455	23.941860106661732	26.051049662443354	0.0
18.0	25.903079626375657	24.10031135361756	23.987175930207467	26.009433089799316	0.0
19.0	26.111162489595856	23.91596535034989	23.947408983014274	26.02546317703998	0.0
20.0	25.97945072458854	23.91681643448801	24.050605596332822	26.053127244590634	0.0
21.0	26.107999297144495	24.119349797004233	23.771313014232824	26.001337891618448	0.0
22.0	26.016443119568667	23.89092175800192	24.048447706625648	26.044187415803766	0.0
23.0	25.962187606931142	23.987718524866597	23.921440483860525	26.12865338434174	0.0
24.0	26.09351060911061	23.908184875659312	23.816628698083488	26.181675817146594	0.0
25.0	26.0352475870169	24.060470234994188	24.07989124235876	25.82439093563015	0.0
26.0	25.943383139482908	24.026560539595735	24.074342383111738	25.95571393780962	0.0
27.0	25.907932094293617	23.96922232737653	24.009605691896507	26.113239886433348	0.0
28.0	26.01459349981966	24.064169474492203	24.022244760181387	25.89899226550675	0.0
29.0	25.82993979487717	24.083282211898606	23.980628315828735	26.10614967739549	0.0
30.0	26.05775129396315	24.059853695077855	23.818170047874325	26.06422496308467	0.0
31.0	25.972052245592508	24.050605596332822	24.0345755585081	25.942766599566575	0.0
32.0	26.017059659485003	23.959357688715162	23.901402936579622	26.122179715220213	0.0
33.0	26.053743784506967	24.05892888520335	23.921748753818694	25.96557857647099	0.0
34.0	26.03586412693324	23.971996757000042	24.05307175599816	25.939067360068556	0.0
35.0	26.068540742499017	23.96922232737653	24.08913934110379	25.873097589020656	0.0
36.0	25.89952896495598	24.044057806604354	24.024636859108732	26.031776369330935	0.0
37.0	26.028077141236526	24.00213322153444	23.906261560087792	26.063528077141235	0.0
38.0	26.06321980813337	23.952810180275716	24.023403783077267	25.96056622851365	0.0
39.0	26.129189375816914	23.845840834545857	23.974389010826407	26.050580778810822	0.0
40.0	25.99262620533182	23.95928382944092	23.92660731460702	26.121482650620237	0.0
41.0	26.069076919282843	23.922908086512614	24.020629362006463	25.98738563219808	0.0
42.0	25.97844583096994	24.026486473155934	23.96668228562973	26.028385410244397	0.0
43.0	25.893671853806506	24.10077930405189	23.991035537251225	26.01451330489038	0.0
44.0	26.10976842832129	23.92013366544181	23.938013267898096	26.032084638338798	0.0
45.0	25.99347088254062	23.895706750762194	24.038434861418096	26.072387505279092	0.0
46.0	26.107838331899885	24.111494391062692	23.79336175564824	25.98730552138918	0.0
47.0	26.02183154383726	23.882759492344164	24.06247976990872	26.032929193909855	0.0
48.0	25.956478715631963	24.00452537508516	23.92838316486484	26.110612744418038	0.0
49.0	26.06375599966707	23.930849309325417	23.831586994787187	26.173807696220326	0.0
50.0	26.032620925852285	24.062788037966293	24.070186471348027	25.834404564833395	0.0
51.0	25.933666879371625	24.00884112789117	24.09423137983865	25.96326061289855	0.0
52.0	25.882494381814652	23.986954095803547	24.016856097388047	26.11369542499376	0.0
53.0	26.01381657434038	24.08066758530548	24.009457664006316	25.896058176347825	0.0
54.0	25.825773059221373	24.0970057923568	23.967841476234074	26.10937967218775	0.0
55.0	26.044335112040024	24.048915975375547	23.838985428168918	26.067763484415508	0.0
56.0	25.9771326754893	24.05014904760584	24.018705705733478	25.954012571171386	0.0
57.0	26.033853998082574	23.947495784434313	23.89108272989861	26.127567487584503	0.0
58.0	26.057590638515627	24.053231728181558	23.94441310385859	25.944764529444225	0.0
59.0	26.015666182685816	23.989728508321694	24.05662267681485	25.937982632177636	0.0
60.0	26.087184372042554	23.971848960982513	24.059397089333	25.881569577641933	0.0
61.0	25.89289567624555	24.022022602144304	24.05192451155077	26.033157210059372	0.0
62.0	26.041172154848734	24.002293507278186	23.906422436913136	26.050111900959944	0.0
63.0	26.09912637101796	23.957594776722136	23.997361233561655	25.94591761869825	0.0
64.0	26.12409600670789	23.858024501069686	23.992120692737842	26.025758799484578	0.0
65.0	25.9668797819935	23.971466796549876	23.942489688465262	26.119163732991364	0.0
66.0	26.067066591860517	23.920602723848162	24.020789533715174	25.991541150576154	0.0
67.0	26.005104903296612	24.009075383638415	23.959136112258548	26.02668360080643	0.0
68.0	25.90830903160971	24.062097326091113	24.011233253389396	26.018360388909784	0.0
69.0	26.104366911841776	23.91474564880978	23.972699864979006	26.00818757436944	0.0
70.0	25.984370905840105	23.905423943032414	24.048459439880393	26.06174571124709	0.0
71.0	26.116925353350084	24.12305984987438	23.777185221720433	25.982829575055106	0.0
72.0	26.015814053854097	23.880454384315417	24.07620339401039	26.027528167820098	0.0
73.0	25.95570215323911	24.0083848394704	23.92823563865041	26.107677368640086	0.0
74.0	26.07284329289909	23.91590499237041	23.813868894403427	26.19738282032707	0.0
75.0	26.028452966291095	24.05986528768939	24.074045530911388	25.837636215108123	0.0
76.0	25.962792274850106	24.025956010419396	24.07034633702739	25.94090537770311	0.0
77.0	25.896823317252114	23.9951293947194	24.042910649054395	26.06513663897409	0.0
78.0	26.038317483315094	24.07712819248139	23.9886558054224	25.895898518781113	0.0
79.0	25.835478352009122	24.08545137872039	23.983107014596403	26.095963254674086	0.0
80.0	26.048182000339093	24.031813067402393	23.85517655944142	26.06482837281709	0.0
81.0	25.978822115014104	24.056782626119393	24.0127005656684	25.951694693198107	0.0
82.0	26.024137240093097	23.957520923565408	23.899875152206416	26.118466684135083	0.0
83.0	26.054347323479092	24.06726367545739	23.94056628493041	25.93782271613311	0.0
84.0	26.003175141417103	23.9923549993064	24.07188766781239	25.93258219146411	0.0
85.0	26.07870034988209	23.976941691456403	24.07034633702739	25.874011621634118	0.0
86.0	25.899517873216688	24.00337858666568	24.065648158423656	26.03145538169398	0.0
87.0	26.04440252037633	23.99628848691106	23.90658331175477	26.05272568095784	0.0
88.0	26.094033218658673	23.96361237499846	24.005228177906016	25.937126228436846	0.0
89.0	26.131025043465396	23.866817100087548	23.975018187647194	26.027139668799865	0.0
90.0	25.981516418204908	23.958988396897617	23.946657788628713	26.112837396268755	0.0
91.0	26.037620685828433	23.92415442853796	24.036362963785006	26.001861921848608	0.0
92.0	26.006794165156165	24.010776951627026	23.962995844585013	26.019433038631796	0.0
93.0	25.902908790490635	24.060407649909372	23.991972774016944	26.044710785583053	0.0
94.0	26.088792710144393	23.904733720514432	23.9777925745077	26.028680994833476	0.0
95.0	25.98143632647651	23.91421622271476	24.074513636069383	26.029833814739344	0.0
96.0	26.092719723055392	24.126610295409638	23.795226219724597	25.985443761810373	0.0
97.0	26.013187544890982	23.87599145491481	24.07112272924842	26.039698270945788	0.0
98.0	25.941670237394305	24.00885334944528	23.93949389174376	26.109982521416658	0.0
99.0	26.059118919102207	23.92747158574216	23.823894795574557	26.189514699581068	0.0
100.0	26.014728866173236	24.08684420632743	24.067423558171004	25.83100336932832	0.0
101.0	25.943828087189463	24.026116147806544	24.078212807146798	25.951842957857192	0.0
102.0	25.89666365595243	23.982959151903376	24.044920267450067	26.075456924694123	0.0
103.0	26.049562727152225	24.072355786274223	23.988507908519498	25.889573578054055	0.0
104.0	25.847033110663787	24.07112272924842	23.984808737442084	26.09703542264571	0.0
105.0	26.070832960847355	24.025191355037194	23.840232801166472	26.063742882948983	0.0
106.0	25.954617336165253	24.072355786274223	24.020875655446876	25.952151222113645	0.0
107.0	26.023360265353872	23.94196000579537	23.922847621895393	26.11183210695537	0.0
108.0	26.067442054026397	24.054168195143603	23.944117855590527	25.934271895239476	0.0
109.0	26.007330524018407	23.961072389695342	24.082220242480666	25.94937684380558	0.0
110.0	26.061893297410272	23.974327752722743	24.099483040841932	25.864295909025053	0.0
111.0	25.90305735547075	23.997681859937483	24.05625188811275	26.043008896479016	0.0
112.0	26.048249372684175	24.01494460508388	23.923698666452935	26.013107355779013	0.0
113.0	26.068903014198607	23.958532420051913	24.032207350230273	25.940357215519207	0.0
114.0	26.14473578752027	23.84971547296839	23.982268694628203	26.023280044883133	0.0
115.0	25.993378504183134	23.958224156745725	23.94959278417253	26.098804554898614	0.0
116.0	26.035302313824378	23.93479614547562	24.057176678031308	25.972724862668695	0.0
117.0	26.009408196104783	24.00939586557254	23.97887779826016	26.002318140062513	0.0
118.0	25.895659036122293	24.07289810664677	24.002614072836455	26.02882878439448	0.0
119.0	26.094488868612014	23.908593764449844	23.97055468899315	26.02636267794499	0.0
120.0	25.985135497553923	23.902502180969616	24.066498765401654	26.04586355607481	0.0
121.0	26.112756899724722	24.120136746024162	23.78042953541494	25.98667681883618	0.0
122.0	26.003631352940992	23.889863346455115	24.088385527609688	26.018119772994204	0.0
123.0	25.960782621294275	23.99128228682756	23.95552363307922	26.092411458798942	0.0
124.0	26.0554197480248	23.934561663640537	23.820503888753596	26.189514699581068	0.0
125.0	26.004247881453896	24.092701227200006	24.06526570837585	25.83778518297025	0.0
126.0	25.967564434936204	24.01933433416462	24.07913759991615	25.933963630983026	0.0
127.0	25.87970912184761	24.00422938559851	24.04831117427103	26.067750318282844	0.0
128.0	26.055111483768346	24.064957444119397	23.987583115750148	25.892347956362112	0.0
129.0	25.850424017484748	24.044920267450067	23.99405666513562	26.11059904992956	0.0
130.0	26.082855266848952	24.01224425626624	23.859036920809995	26.04586355607481	0.0
131.0	25.97142372724611	24.076511660167387	24.0250312119484	25.92703340063811	0.0
132.0	26.030691073201105	23.94711369507451	23.916903518560762	26.10529171316362	0.0
133.0	26.05103670228179	24.038977293044876	23.955745174078437	25.954240830594895	0.0
134.0	25.982909671572223	23.97485773472999	24.090149632853873	25.952082960843914	0.0
135.0	26.075389803757158	23.95882784515127	24.099089378965086	25.866692972126486	0.0
136.0	25.89328376382968	24.006683251488166	24.06402111019658	26.036011874485578	0.0
137.0	26.032929193909855	23.996202137530712	23.94009735105258	26.03077131750685	0.0
138.0	26.08656783592741	23.94040561911015	24.02086358213648	25.952162962825952	0.0
139.0	26.138973405714673	23.85069961435666	23.992194652782274	26.018132327146393	0.0
140.0	25.998094903404205	23.92653355651941	23.950886733067605	26.12448480700878	0.0
141.0	26.025839028585697	23.921909535655825	24.051998655951266	26.00025277980721	0.0
142.0	26.003951996498074	24.008224591776024	23.994044261127705	25.993779150598193	0.0
143.0	25.89883258886597	24.07357741998132	24.005450179257874	26.022139811894828	0.0
144.0	26.105988723554454	23.903721720259067	23.97585644573095	26.014433110455528	0.0
145.0	25.974438333867667	23.901329255961922	24.090606426792277	26.033625983378133	0.0
146.0	26.105452662211153	24.111568719327234	23.80545759451528	25.977521023946338	0.0
147.0	26.016054649929714	23.86125428493921	24.07180201731239	26.050889047818686	0.0
148.0	25.96056622851365	24.002441490542306	23.93277269476436	26.104219586179685	0.0
149.0	26.04942800509262	23.920823943944193	23.843139914485914	26.186608136477275	0.0
150.0	26.01459349981966	24.090988960852798	24.060470234994188	25.83394730433335	0.0
151.0	25.985307853793728	23.994808733904456	24.086981451396618	25.932901960905202	0.0
152.0	25.875563748685998	24.00282375281682	24.025019189804897	26.096593308692288	0.0
153.0	26.036172396891406	24.06848525390655	24.000357593151474	25.894984756050572	0.0
154.0	25.841654053287545	24.059853695077855	24.006831262273	26.091660989361603	0.0
155.0	26.0725482519552	24.012380121520017	23.865027081515823	26.050044545008955	0.0
156.0	25.95988150029748	24.08219760842692	24.016227430646538	25.94169346062906	0.0
157.0	26.04072900353897	23.93522571735083	23.92104516813199	26.103000110978215	0.0
158.0	26.078030013440696	24.021542103900266	23.96297027017029	25.937457612488746	0.0
159.0	25.996337719027828	23.961428906124766	24.08812903066698	25.95410434418043	0.0
160.0	26.07895483186801	23.954955177133556	24.10415921674045	25.861930774257985	0.0
161.0	25.88728894807745	23.9818488410448	24.061691744736997	26.06917046614075	0.0
162.0	26.05683951576358	23.98339020984195	23.92204373171551	26.037726542678964	0.0
163.0	26.09814819952711	23.930367123220105	24.027165083680913	25.944319593571873	0.0
164.0	26.145930632238652	23.796884585387208	24.012059669468876	26.045125112905264	0.0
165.0	25.99179375252399	23.92266027923437	23.96427723675733	26.12126873148431	0.0
166.0	26.046666481702413	23.91002105509777	24.053368353232404	25.989944109967418	0.0
167.0	26.012756368165185	24.01360103826602	23.988322589992816	25.985320003575975	0.0
168.0	25.890988233190605	24.06878204120387	24.011751395709446	26.028478329896082	0.0
169.0	26.111712244941998	23.8998480210366	23.980615746007082	26.007823988014316	0.0
170.0	25.97091119838711	23.91471888429217	24.086119622918375	26.02825029440235	0.0
171.0	26.128131300364384	24.100300259567305	23.809597208264226	25.96197123180409	0.0
172.0	26.032566140338982	23.86662802956971	24.07902930459391	26.021776525497405	0.0
173.0	25.944091298638046	24.005351648961422	23.92951607036062	26.12104098203992	0.0
174.0	26.054225688610757	23.917875364150625	23.838031968185952	26.189866979052667	0.0
175.0	26.004901582995515	24.09883317662654	24.05906561647425	25.837199623903693	0.0
176.0	25.97469056830618	23.997102208795106	24.10345731152797	25.924749911370746	0.0
177.0	25.869568568213698	24.000493241056155	24.034095288006537	26.095842902723614	0.0
178.0	26.03634570032523	24.045809763090155	24.002959446336913	25.914885090247697	0.0
179.0	25.870493395193982	24.034095288006537	23.996485657474913	26.098925659324568	0.0
180.0	26.074571882177043	23.98631256069177	23.869476085515668	26.06963947161552	0.0
181.0	25.96282789172059	24.090658265075543	24.018829593412725	25.927684249791145	0.0
182.0	26.05053933491789	23.93851674419895	23.915087505125147	26.09585641575801	0.0
183.0	26.05053933491789	24.017436286342296	23.97612683850164	25.955897540238176	0.0
184.0	26.00491397461627	23.951464481581844	24.076625942949804	25.966995600852083	0.0
185.0	26.09893921037299	23.955472114581312	24.093581313332162	25.852007361713543	0.0
186.0	25.898637400579567	23.980516677970282	24.052346013934276	26.068499907515875	0.0
187.0	26.054935569393923	23.97342622849744	23.92625932548246	26.04537887662618	0.0
188.0	26.093162340464886	23.916702632714717	24.035082310869967	25.955052715950426	0.0
189.0	26.146494851717122	23.80664652567976	23.999630063505766	26.047228559097356	0.0
190.0	25.994820889080707	23.925642764658733	23.95092175843147	26.12861458782909	0.0
191.0	26.065417103397248	23.908379061594427	24.027991861397126	25.998211973611195	0.0
192.0	26.02996485603305	24.018743449041246	23.969726863555092	25.981564831370612	0.0
193.0	25.883223379986436	24.08687342006289	24.020284851100563	26.00961834885012	0.0
194.0	26.12984770947654	23.882791787409825	23.9663357790246	26.02102472408903	0.0
195.0	25.96684742230539	23.912152143017888	24.08602283131769	26.03497760335903	0.0
196.0	26.129619981564773	24.10791080803628	23.79346381855792	25.969005391841026	0.0
197.0	26.056557298715394	23.859127748713696	24.06136032233899	26.022954630231922	0.0
198.0	25.945884289673497	24.01665952481511	23.919859177073732	26.11759700843766	0.0
199.0	26.04646431015667	23.914692118454393	23.852419091307056	26.186424480081882	0.0
200.0	26.000394608659192	24.114905108948985	24.065887314564762	25.818812967827064	0.0
201.0	25.98823551173674	23.990492221749506	24.098086729188633	25.92318553732512	0.0
202.0	25.875421602056985	23.991083925785706	24.04195364381332	26.09154082834399	0.0
203.0	26.057024115626753	24.05273250830882	24.00278707831567	25.887456297748756	0.0
204.0	25.864035763835364	24.01911515338369	24.005241251734237	26.111607831046708	0.0
205.0	26.094811745409253	23.965617176612774	23.871890685313303	26.067680392664666	0.0
206.0	25.981741776554124	24.070517069681543	24.033827968194558	25.913913185569776	0.0
207.0	26.058993466752582	23.934377707412878	23.929752945202733	26.076875880631807	0.0
208.0	26.063778947335965	24.01592161288035	23.98755622974727	25.932743210036413	0.0
209.0	26.012141692128864	23.9445391675942	24.061084612609722	25.98223452766721	0.0
210.0	26.098779972682735	23.9445391675942	24.101474700697114	25.85520615902595	0.0
211.0	25.920341867692763	23.99055300675842	24.058075575945935	26.03102954960288	0.0
212.0	26.048469151789845	23.961705670150774	23.935189467517652	26.054635710541735	0.0
213.0	26.100134433467765	23.914973914973913	24.031215697882363	25.953675953675955	0.0
214.0	26.136840157868775	23.823075974346324	24.00468672915639	26.035397138628515	0.0
215.0	26.002565383358313	23.929599960532563	23.94440024913819	26.123434406970937	0.0
216.0	26.06731664600793	23.90154108005106	24.039060428345017	25.992081845595987	0.0
217.0	26.024765816266747	24.024260139739393	23.973075808311595	25.97789823568226	0.0
218.0	25.87322241270859	24.091626685084915	24.02780004686787	26.00735085533862	0.0
219.0	26.130687354308762	23.889663168021315	23.947322981289854	26.032326496380076	0.0
220.0	25.953471162295916	23.907929019625982	24.082450703791068	26.056149114287035	0.0
221.0	26.127992846461	24.102492946672214	23.801859303454975	25.96765490341181	0.0
222.0	26.04089259449976	23.872616885539585	24.068415388837327	26.018075131123332	0.0
223.0	25.936055600608054	24.01106338629657	23.94415271666569	26.108728296429685	0.0
224.0	26.052568285116962	23.91443777713366	23.84074103767476	26.19225290007462	0.0
225.0	26.023126734505087	24.09404872032069	24.050878815911194	25.83194572926303	0.0
226.0	25.97209973542853	23.989355469352265	24.095430745795536	25.943114049423677	0.0
227.0	25.858474973481016	23.990120137158648	24.053642351432025	26.097762537928315	0.0
228.0	26.055061148217355	24.028196636385502	24.010311630804146	25.906430584592993	0.0
229.0	25.84090881057812	24.034203742306318	24.029269917235084	26.095617529880478	0.0
230.0	26.09162226169331	23.976218669824352	23.87538237615946	26.056776692322874	0.0
231.0	25.99102641195245	24.06494287432351	24.020845860893967	25.923184852830072	0.0
232.0	26.055019843778425	23.92447337664941	23.92385663139912	26.096650148173044	0.0
233.0	26.065048522731825	24.014666292505574	23.98043672000518	25.939848464757414	0.0
234.0	26.003065242798684	23.937572660747932	24.07664957243872	25.982712524014666	0.0
235.0	26.096824628327013	23.938793068888636	24.107476015875317	25.85690628690903	0.0
236.0	25.915121162967118	24.00130753621937	24.04571442668854	26.03785687412497	0.0
237.0	26.042723524459483	23.964831884442333	23.920116199105067	26.072328391993118	0.0
238.0	26.10733680987082	23.92273081916557	24.023573021164527	25.946359349799085	0.0
239.0	26.128776594596424	23.82141876910077	24.033589603629107	26.01621503267369	0.0
240.0	26.01269980293409	23.927933706905325	23.95630626324181	26.10306022691877	0.0
241.0	26.07915222245525	23.906968997890427	24.045756794433686	25.968121985220645	0.0
242.0	26.031263301399694	24.02209651649836	23.97089576637653	25.975744415725416	0.0
243.0	25.86632365370497	24.08956586650873	24.054400868637142	25.989709611149152	0.0
244.0	26.15732957402375	23.896191231225302	23.944313684359894	26.002165510391055	0.0
245.0	25.978164632133595	23.893655156669844	24.08368887531505	26.044491335881514	0.0
246.0	26.09149052360075	24.103344121485495	23.829372364024547	25.975792990889207	0.0
247.0	26.03278627826683	23.87850625889003	24.088627240441966	26.000080222401177	0.0
248.0	25.932874391737816	24.019143480447667	23.94693886367213	26.101043264142387	0.0
249.0	26.085695419004068	23.901961873376163	23.862156641302406	26.150186066317367	0.0
