# Position (bp)	A	C	G	T	N
0.0	26.331763795182233	23.636075059379777	23.743000426030758	26.289160719407235	0.0
1.0	26.28414859284547	23.820409936262458	23.578714055395135	26.31672741549694	0.0
2.0	26.304314533531958	23.725340053183345	23.683851476464284	26.286493936820417	0.0
3.0	26.265891511719207	23.7421830189835	23.731881031535217	26.260044437762076	0.0
4.0	26.25609043071526	23.79875824818331	23.69574296294234	26.249408358159087	0.0
5.0	26.288872184637658	23.73590578802305	23.708065369303156	26.26715665803614	0.0
6.0	26.31961380416263	23.76195726010312	23.65254624216305	26.265882693571196	0.0
7.0	26.263495192120313	23.80276279085306	23.799143657329303	26.134598359697332	0.0
8.0	26.282500974333278	23.720282835031455	23.775680641389677	26.22153554924559	0.0
9.0	26.178950503703664	23.782217409579694	23.710677292832905	26.32815479388374	0.0
10.0	26.285155989044025	23.694524238982787	23.666410581869197	26.35390919010399	0.0
11.0	26.385363083706327	23.724864720422207	23.74407108023248	26.145701115638985	0.0
12.0	26.24813503462712	23.914979847239852	23.63328657002249	26.20359854811054	0.0
13.0	26.26427951098938	23.68116329302781	23.735163782929163	26.319393413053643	0.0
14.0	26.349455541452333	23.627997862248648	23.731823546440424	26.290723049858595	0.0
15.0	26.128999933195267	23.81866969514775	23.716235776159618	26.33609459549736	0.0
16.0	26.24145456164963	23.744906139354665	23.809205691762976	26.204433607232723	0.0
17.0	26.243959739016187	23.86264947558287	23.69591600418643	26.19747478121451	0.0
18.0	26.23588750083506	23.681441646068542	23.698977887634445	26.383692965461954	0.0
19.0	26.397888970539114	23.61714209366023	23.641080455162893	26.343888480637762	0.0
20.0	26.186897365666823	23.72597813258512	23.73071013427751	26.35641436747055	0.0
21.0	26.3889816732358	23.644699044692363	23.598214086890685	26.36810519518115	0.0
22.0	26.1907214055676	23.672190103463535	23.82584055425503	26.311247936713826	0.0
23.0	26.309856175384194	23.661612717358327	23.781304191706774	26.24722691555071	0.0
24.0	26.168731576559402	23.68861288715321	23.80218061165127	26.340474924636126	0.0
25.0	26.342701742763534	23.626540331851572	23.72897396571257	26.301783959672324	0.0
26.0	26.295938562087866	23.80969612283129	23.590911241812965	26.303454073267886	0.0
27.0	26.31347475484124	23.72702549985108	23.665231296815374	26.294268448492303	0.0
28.0	26.26086617658111	23.73203584063776	23.7303657270422	26.276732255738928	0.0
29.0	26.255855835794435	23.77991243037714	23.708097545768073	26.256134188060358	0.0
30.0	26.285082823716728	23.71867493187328	23.71394294335253	26.28229930105746	0.0
31.0	26.316814982032362	23.734541011031098	23.662447774156107	26.286196232780433	0.0
32.0	26.258009564157238	23.78986689231694	23.811856660116128	26.140266883409698	0.0
33.0	26.28055603493868	23.72250583146374	23.77483591179598	26.222102221801602	0.0
34.0	26.190370151812903	23.775949317760496	23.710815068836325	26.32286546159028	0.0
35.0	26.279720980465292	23.696897494279877	23.66767058771134	26.355710937543492	0.0
36.0	26.379370814289455	23.731413079179863	23.74087702987825	26.148339076652434	0.0
37.0	26.25967967310401	23.918186929727383	23.61422710141458	26.207906295754025	0.0
38.0	26.274153950642713	23.66433036981779	23.7355883515468	26.325927327992698	0.0
39.0	26.35431918008785	23.620907537201678	23.73781516347583	26.286958119234644	0.0
40.0	26.136648314025017	23.810464902660485	23.70886660839842	26.34402017491608	0.0
41.0	26.249937370914495	23.74338219329841	23.81324841757177	26.193432018215322	0.0
42.0	26.24910231644111	23.860289819572564	23.696897494279877	26.19371036970645	0.0
43.0	26.23629814784918	23.70162946962907	23.6932789248952	26.368793457626555	0.0
44.0	26.40859772085799	23.60977347755652	23.644567413947637	26.337061387637856	0.0
45.0	26.18897839435726	23.714990341203258	23.726124400848413	26.36990686359107	0.0
46.0	26.399133770159604	23.64067049307183	23.58889711572185	26.371298621046712	0.0
47.0	26.186678691417615	23.669274812878733	23.822924408295965	26.321122087407694	0.0
48.0	26.313328267350293	23.666491305715375	23.769481070759536	26.250699356174795	0.0
49.0	26.159121970500394	23.692099571618247	23.81513058823857	26.33364786964279	0.0
50.0	26.34812210689224	23.627522205428395	23.717986188237454	26.306369499441907	0.0
51.0	26.291060210043447	23.79620273952775	23.598573730929495	26.3141633194993	0.0
52.0	26.299689082249856	23.721048046117147	23.681522244397495	26.297740627235505	0.0
53.0	26.263781839842565	23.739419193395296	23.72466660542951	26.272132361332634	0.0
54.0	26.250977706891128	23.774491383653576	23.709914017463724	26.264616891991572	0.0
55.0	26.2718540106163	23.717429486804782	23.709357316031053	26.301359186547867	0.0
56.0	26.295792172221155	23.746377961303683	23.67122326789308	26.28660659858208	0.0
57.0	26.253966486667036	23.794744753103604	23.81562099871959	26.13566776150977	0.0
58.0	26.296832377665204	23.716806769470576	23.75828091076101	26.22807994210321	0.0
59.0	26.196069698825365	23.75327061181317	23.70789957134109	26.342760118020376	0.0
60.0	26.28013138117241	23.69509547402995	23.673105828647774	26.351667316149864	0.0
61.0	26.37894561042142	23.727384067249346	23.734064465846462	26.15960585648277	0.0
62.0	26.258141735790236	23.912765128319325	23.61604409063074	26.2130490452597	0.0
63.0	26.274286032399935	23.671435728998496	23.728497467015533	26.32578077158604	0.0
64.0	26.360296164337804	23.609920391916717	23.737683015086567	26.29210042865891	0.0
65.0	26.137059511217505	23.79724990257752	23.71652841952903	26.349162166675942	0.0
66.0	26.260646885264155	23.737683015086567	23.805600400823916	26.196069698825365	0.0
67.0	26.2573066859656	23.851806491120637	23.694817124088406	26.196069698825365	0.0
68.0	26.245059288537547	23.705672771808718	23.690085175082114	26.35918276457162	0.0
69.0	26.42208985136113	23.61214719144909	23.64109558536993	26.324667371819853	0.0
70.0	26.200523297890104	23.709012971107278	23.727940767132438	26.362522963870177	0.0
71.0	26.40149195568669	23.633580136948172	23.592105995657743	26.3728219117074	0.0
72.0	26.18931640228135	23.66608120558591	23.831698959809163	26.312903432323576	0.0
73.0	26.328212636495472	23.659400825583628	23.77435903145624	26.23802750646466	0.0
74.0	26.164821675606316	23.686957393093046	23.80943102646822	26.33878990483242	0.0
75.0	26.364119679007743	23.610133023066794	23.712008818101605	26.31373847982386	0.0
76.0	26.305944703154534	23.798018710630988	23.57450432972129	26.321532256493192	0.0
77.0	26.315408574824435	23.723699483105598	23.664689459752104	26.29620248231787	0.0
78.0	26.250553218968943	23.74012208394454	23.735111798942828	26.274212898143688	0.0
79.0	26.24470788646694	23.77602912645681	23.718967547270648	26.260295439805603	0.0
80.0	26.27699638981131	23.71312221476865	23.7178541506036	26.292027244816442	0.0
81.0	26.295367434817585	23.756823033950248	23.666359554752674	26.281449976479493	0.0
82.0	26.25549042203183	23.788766972293203	23.81131319204369	26.144429413631276	0.0
83.0	26.2902839710295	23.714726300026165	23.76204552666299	26.232944202281345	0.0
84.0	26.195923866147826	23.752303332943644	23.710829422538428	26.340943378370103	0.0
85.0	26.286943790325722	23.686334764044066	23.676870918716702	26.349850526913503	0.0
86.0	26.37629362415173	23.72419014535353	23.74061270048043	26.158903530014303	0.0
87.0	26.260500693087497	23.914302097076785	23.613685833736938	26.211511376098777	0.0
88.0	26.274974809470525	23.661283408765748	23.731427203545046	26.33231457821868	0.0
89.0	26.357922630280967	23.6142425305209	23.743396184400243	26.284438654797892	0.0
90.0	26.15500665252657	23.789323669077163	23.698303744899267	26.357365933497	0.0
91.0	26.265232615751177	23.730870506761082	23.80992145008378	26.193975427403952	0.0
92.0	26.26133573826344	23.85751902511259	23.69691200293936	26.184233233684612	0.0
93.0	26.243243092784653	23.70999437736248	23.69106668670775	26.355695843145117	0.0
94.0	26.4199943216928	23.619252801576565	23.632891872783652	26.32786100394698	0.0
95.0	26.21373816323463	23.70164392560304	23.72586023570542	26.358757675456907	0.0
96.0	26.398004798726276	23.631221782431762	23.596984930218056	26.3737884886239	0.0
97.0	26.18917060760501	23.655928943420278	23.83351472319721	26.321385725777496	0.0
98.0	26.332797978082912	23.652867119631022	23.780907023545424	26.233427878740645	0.0
99.0	26.172469750572702	23.68042353373434	23.807906742414332	26.339199973278625	0.0
100.0	26.36647803976474	23.598589334276003	23.715495333502197	26.31943729245706	0.0
101.0	26.312200254409724	23.796216142491712	23.57994004392325	26.311643559175312	0.0
102.0	26.334189716168932	23.719670547760277	23.648413557755738	26.297726178315052	0.0
103.0	26.247345259600905	23.75223721897329	23.730804452448485	26.26961306897732	0.0
104.0	26.252077169093397	23.78007198069381	23.719113852525865	26.248736997686933	0.0
105.0	26.279911930813917	23.709928381158093	23.72356741440115	26.28659227362684	0.0
106.0	26.298839568783873	23.762814428427085	23.661217548147178	26.27712845464186	0.0
107.0	26.258684421483924	23.787799501202457	23.817582613342832	26.135933463970783	0.0
108.0	26.287632493096996	23.70262536741783	23.76831522223212	26.24142691725305	0.0
109.0	26.198561503518302	23.740758884831212	23.720161218491135	26.340518393159346	0.0
110.0	26.282343903090766	23.683419435289927	23.681471007392894	26.352765654226417	0.0
111.0	26.39535272111873	23.71626436269707	23.735470294824975	26.152912621359224	0.0
112.0	26.257571034114193	23.89691146343636	23.630533535227578	26.214983967221876	0.0
113.0	26.27399349781776	23.65920325999822	23.731573439030907	26.335229803153116	0.0
114.0	26.36195110002672	23.608544134675334	23.740480537988777	26.289024227309167	0.0
115.0	26.15597443662599	23.784180992250825	23.703182061102698	26.356662510020485	0.0
116.0	26.26898325465396	23.724614767970074	23.827603099670437	26.178798877705532	0.0
117.0	26.264529705175025	23.849314153380245	23.694553308987263	26.191602832457466	0.0
118.0	26.234746593034647	23.702903714260266	23.703182061102698	26.359167631602386	0.0
119.0	26.424579139574238	23.62079139574241	23.63971898102788	26.314910483655474	0.0
120.0	26.21860247617351	23.705965529527035	23.72350138060034	26.35193061369912	0.0
121.0	26.400641311124968	23.622739823639442	23.58933820254743	26.387280662688163	0.0
122.0	26.18917060760501	23.65119703392779	23.834071418431623	26.325560940035576	0.0
123.0	26.345880316091552	23.63616626259871	23.7795152854594	26.238438135850338	0.0
124.0	26.174139836275934	23.681258576585957	23.808185090031536	26.336416497106573	0.0
125.0	26.373158382577667	23.612506715136263	23.712711857330145	26.301623044955925	0.0
126.0	26.321942421011908	23.802339790070228	23.574094743961943	26.301623044955925	0.0
127.0	26.33001450191086	23.71994889537748	23.641733214942814	26.30830338776885	0.0
128.0	26.249850388155753	23.751402176121672	23.73219619053451	26.26655124518806	0.0
129.0	26.24595352151488	23.771721552177652	23.729691061979665	26.252633864327805	0.0
130.0	26.289375749798893	23.704083081196785	23.718000462057045	26.288540706947277	0.0
131.0	26.275180021321425	23.768103033153984	23.673186495687006	26.283530449837585	0.0
132.0	26.26217078343938	23.791828804604993	23.815488417923408	26.13051199403221	0.0
133.0	26.29278910655733	23.704427409522854	23.777076339829986	26.225707144089828	0.0
134.0	26.19063524670018	23.737829216560616	23.724468493745512	26.347067042993693	0.0
135.0	26.2783149901743	23.684107976908216	23.681602841380386	26.355974191537097	0.0
136.0	26.393829572846556	23.71361290645824	23.740891048872413	26.151666471822793	0.0
137.0	26.251315196152113	23.904281554965458	23.630665085647802	26.21373816323463	0.0
138.0	26.28555204836582	23.65627313771008	23.731705551937026	26.32646926198707	0.0
139.0	26.374901882191825	23.611737394993067	23.733653990680896	26.279706732134205	0.0
140.0	26.152223168606753	23.781808262493666	23.717509783945978	26.3484587849536	0.0
141.0	26.291675712989402	23.717231435553998	23.82773574717059	26.163357104286007	0.0
142.0	26.268294448062974	23.844436650689467	23.68828320278794	26.19898569845962	0.0
143.0	26.232665853889365	23.702757319170967	23.696633654547377	26.367943172392295	0.0
144.0	26.42027267008478	23.61841775640062	23.652654608614327	26.30865496490027	0.0
145.0	26.219305131074254	23.70554080309078	23.72780867444929	26.347345391385673	0.0
146.0	26.405798553701754	23.623706375848265	23.588356130066636	26.382138940383342	0.0
147.0	26.182914371445833	23.652998794748108	23.838379339811446	26.325707493994617	0.0
148.0	26.347418729002037	23.638524638076497	23.77881261812443	26.235244014797043	0.0
149.0	26.17985253061145	23.681390409757807	23.800523853131846	26.338233206498895	0.0
150.0	26.37497529651145	23.59983410389661	23.717019103103315	26.308171496488626	0.0
151.0	26.319305463159097	23.79829705979775	23.590091883059948	26.292305593983205	0.0
152.0	26.3323878739969	23.71451396060246	23.638246288909734	26.31485187649091	0.0
153.0	26.25417175813684	23.739287036444257	23.732885005608736	26.273656199810162	0.0
154.0	26.252501663136275	23.762390017285483	23.71924589643741	26.265862423140835	0.0
155.0	26.29119219731616	23.709225326433987	23.717575801436837	26.28200667481302	0.0
156.0	26.29007880064911	23.755431288116437	23.673874982255242	26.28061492897921	0.0
157.0	26.26231698491343	23.784167455324834	23.82369314702444	26.12982241273729	0.0
158.0	26.295162278015923	23.69370372432222	23.779992206201637	26.23114179146022	0.0
159.0	26.200801647831657	23.743250013917496	23.732951066080275	26.32299727217057	0.0
160.0	26.272615932750654	23.685909925958914	23.68785837554974	26.35361576574069	0.0
161.0	26.3967600066804	23.706229471691813	23.744363413683683	26.152647107944105	0.0
162.0	26.24979123754384	23.896064131826535	23.647775983967044	26.206368646662586	0.0
163.0	26.294883928074377	23.653342982797973	23.731002616489448	26.3207704726382	0.0
164.0	26.385904358960083	23.59628124478094	23.740188164560486	26.27762623169849	0.0
165.0	26.16350275566442	23.775816957078437	23.72320881812615	26.33747146913099	0.0
166.0	26.287925179535716	23.720425318710685	23.825363246673717	26.166286255079886	0.0
167.0	26.264543784445806	23.847074542114346	23.69676557367923	26.191616099760616	0.0
168.0	26.232533541167957	23.70455937204253	23.70066247286088	26.36224461392863	0.0
169.0	26.419306351945664	23.613260591215276	23.65195123309024	26.315481823748815	0.0
170.0	26.22752324222012	23.703445972276345	23.72877581695708	26.340254968546457	0.0
171.0	26.401770305628236	23.62495128876023	23.588487446417634	26.3847909591939	0.0
172.0	26.186957042133947	23.646728404855548	23.84964607706418	26.316668475946326	0.0
173.0	26.344781898296215	23.6361510776348	23.792305829499053	26.226761194569935	0.0
174.0	26.16608073840878	23.682078945830167	23.81680069253658	26.33503962322447	0.0
175.0	26.38041078998717	23.60024383522751	23.720491344684476	26.29885403010085	0.0
176.0	26.325297348152727	23.79119242663371	23.596903626631484	26.28660659858208	0.0
177.0	26.330307661046763	23.71019236818006	23.646171703422876	26.313328267350293	0.0
178.0	26.258214825515854	23.724388254713176	23.746656312020022	26.27074060775095	0.0
179.0	26.247637498295102	23.76753261574519	23.726336709727523	26.25849317623219	0.0
180.0	26.283823091418725	23.71715113608845	23.716316083939443	26.282709688553386	0.0
181.0	26.291616911476122	23.755841885659095	23.681522244397495	26.27101895846729	0.0
182.0	26.26747351485562	23.784856565476623	23.82688764063709	26.120782279030667	0.0
183.0	26.287793173708028	23.696897494279877	23.78736172889678	26.22794760311531	0.0
184.0	26.184524770499195	23.757299767854857	23.741155381369378	26.31702008027657	0.0
185.0	26.276659114062873	23.691608815948427	23.68242321674117	26.34930885324753	0.0
186.0	26.386607953058807	23.714990341203258	23.747279114174212	26.151122591563723	0.0
187.0	26.250494073896753	23.904547706662065	23.632319948337962	26.212638271103216	0.0
188.0	26.280716600046766	23.65470477547794	23.736263124491998	26.3283154999833	0.0
189.0	26.383151659559307	23.598198479062052	23.751015999910926	26.267633861467715	0.0
190.0	26.15740483003574	23.76855243672965	23.723737098192913	26.3503056350417	0.0
191.0	26.279676326579466	23.712947215178247	23.83403247311768	26.17334398512461	0.0
192.0	26.26304801670146	23.85525400139179	23.68072372999304	26.20097425191371	0.0
193.0	26.242727905358386	23.699373695198332	23.691022964509393	26.36687543493389	0.0
194.0	26.420041753653443	23.603618649965206	23.657898399443283	26.318441196938064	0.0
195.0	26.227418232428672	23.704662491301324	23.728322894919973	26.339596381350034	0.0
196.0	26.402226861517047	23.610299234516354	23.596381350034797	26.3910925539318	0.0
197.0	26.187407619784608	23.654902310096894	23.838618896642718	26.319071173475777	0.0
198.0	26.352195830746922	23.661026196315092	23.778493468318633	26.20828450461936	0.0
199.0	26.171541187310194	23.688305325832502	23.82386589802616	26.316287588831145	0.0
200.0	26.374186149439527	23.610086597318293	23.71892475692347	26.296802496318712	0.0
201.0	26.33048387051878	23.788514373039312	23.605911220351345	26.275090536090566	0.0
202.0	26.33911298291714	23.69637772130194	23.651840366987802	26.31266892879312	0.0
203.0	26.273420385303787	23.723935209283812	23.738966566364834	26.263677839047567	0.0
204.0	26.25866738668723	23.763740469702075	23.719481473852397	26.2581106697583	0.0
205.0	26.29429727013854	23.719481473852397	23.71892475692347	26.26729649908559	0.0
206.0	26.31469068721329	23.759074511201174	23.676680176368414	26.24955462521712	0.0
207.0	26.276350254838594	23.778904207968335	23.831235890626782	26.113509646566293	0.0
208.0	26.29138169560219	23.699849963952378	23.786419928350135	26.222348412095297	0.0
209.0	26.17530556970552	23.753573446681532	23.75329508666739	26.317825896945557	0.0
210.0	26.272453214640624	23.690664083485736	23.690664083485736	26.34621861838791	0.0
211.0	26.397993581018074	23.723788925168478	23.742717406130044	26.135500087683404	0.0
212.0	26.24656573332554	23.91919765509524	23.638889120855566	26.195347490723652	0.0
213.0	26.281301844985585	23.66747948469564	23.72704902517509	26.32416964514369	0.0
214.0	26.373439779091644	23.60651813252274	23.75599870839875	26.264043379986862	0.0
215.0	26.152976806849942	23.78467002928372	23.734286445981002	26.328066717885335	0.0
216.0	26.280539913095037	23.728506888095243	23.849038116261138	26.141915082548582	0.0
217.0	26.264189599211672	23.850217958924624	23.68626162865144	26.199330813212264	0.0
218.0	26.225497018722756	23.699901459183504	23.706025464728512	26.368576057365228	0.0
219.0	26.393907171210497	23.62112447876362	23.660930514806175	26.32403783521971	0.0
220.0	26.213673310321788	23.7025386927959	23.74067475782207	26.34311323906024	0.0
221.0	26.389600267230822	23.619585792228037	23.603718962253648	26.387094978287497	0.0
222.0	26.179228869916688	23.63301311939962	23.85431425875253	26.333443751931167	0.0
223.0	26.339289442404638	23.640250640938206	23.79474388916571	26.225716027491448	0.0
224.0	26.165588925478584	23.690913291708306	23.820910313189827	26.322587469623286	0.0
225.0	26.364342401576668	23.60656832916248	23.71791481437149	26.311174454889365	0.0
226.0	26.31646341293679	23.798919382361046	23.604898131884344	26.27971907281782	0.0
227.0	26.338732709978597	23.715131152241263	23.653055486737244	26.2930806510429	0.0
228.0	26.26747095944483	23.734895153365866	23.74213267490445	26.25550121228486	0.0
229.0	26.246593493468133	23.762175042242074	23.739349012774223	26.251882451515563	0.0
230.0	26.288626791634538	23.71707971573242	23.729606195318436	26.264687297314598	0.0
231.0	26.311526063501077	23.762797922268803	23.67511232107962	26.250563693150504	0.0
232.0	26.286267839893995	23.77622572285149	23.826610287915777	26.110896149338735	0.0
233.0	26.299351124744945	23.700231323610875	23.76954489654462	26.230872655099557	0.0
234.0	26.18132319332363	23.76481264457726	23.74811057881009	26.305753583289025	0.0
235.0	26.27778473701059	23.69757957882723	23.679485573510377	26.3451501106518	0.0
236.0	26.385513660974013	23.72430303283366	23.751304856152657	26.138878450039666	0.0
237.0	26.244102050189987	23.926120784444723	23.648864949128008	26.180912216237285	0.0
238.0	26.283571619454836	23.667434972385536	23.71949046855514	26.329502939604488	0.0
239.0	26.371683879408735	23.612727222113968	23.753584054783843	26.262004843693454	0.0
240.0	26.156599976059308	23.79064698333338	23.72578440570011	26.3269686349072	0.0
241.0	26.27259491045553	23.714738298529817	23.85755288733237	26.155113903682274	0.0
242.0	26.254350065424987	23.851165121523426	23.69804281856399	26.196441994487596	0.0
243.0	26.21630876911641	23.688892229822848	23.730932315462123	26.363866685598623	0.0
244.0	26.387079170982148	23.60735246622788	23.679741182497523	26.32582718029245	0.0
245.0	26.211218861631068	23.70038116398404	23.759128863496517	26.32927111088837	0.0
246.0	26.37950716970625	23.617430043157455	23.61826534874008	26.384797438396212	0.0
247.0	26.164726847468955	23.648437935067104	23.86423121902322	26.32260399844072	0.0
248.0	26.34572975140337	23.65037200392052	23.799897531854228	26.204000712821884	0.0
249.0	26.167245834447115	23.697150940033858	23.83776619442217	26.297837031096854	0.0
