# Position (bp)	A	C	G	T	N
0.0	26.33667917737645	23.729611700830528	23.768853658331487	26.164855463461535	0.0
1.0	26.324345990733296	23.71055132147292	23.65280958400722	26.312293103786565	0.0
2.0	26.176522521462026	23.71879493151491	23.736732503160095	26.36795004386297	0.0
3.0	26.0824236649244	23.81458178607962	23.807575354175135	26.295419194820845	0.0
4.0	26.269816137629153	23.826164447670266	23.826164447670266	26.077854967030316	0.0
5.0	26.357453700719883	23.693406153061538	23.682197369859022	26.266942776359553	0.0
6.0	26.354015181446023	23.74503688884032	23.669101638352064	26.23184629136159	0.0
7.0	26.298255543538563	23.68073028450387	23.748536012686955	26.272478159270612	0.0
8.0	26.11809203614205	23.788751138194296	23.798276948938852	26.294879876724803	0.0
9.0	26.39446863110947	23.77110263177063	23.669406576905192	26.16502216021471	0.0
10.0	26.176382426189832	23.754282656745936	23.826839196219215	26.242495720845017	0.0
11.0	26.134641405411763	23.89435319626964	23.61029014211557	26.360715256203022	0.0
12.0	26.15004916475937	23.74531814221642	23.722066432655488	26.382566260368723	0.0
13.0	26.128478301672725	23.711421071651685	23.91088151993344	26.249219106742157	0.0
14.0	26.30524732255164	23.847289494989678	23.690410490723128	26.15705269173556	0.0
15.0	26.221765280995506	23.772491826884018	23.73859475631928	26.26714813580119	0.0
16.0	26.197393007118386	23.87502346181537	23.70217641604312	26.225407115023124	0.0
17.0	26.17414129755745	23.813112283345895	23.73551320444976	26.277233214646895	0.0
18.0	26.28115518975356	23.708899801940255	23.789860573784956	26.220084434521223	0.0
19.0	26.19459159632791	23.811151295792563	23.755683362141173	26.238573745738353	0.0
20.0	26.315538821841976	23.771304669378424	23.724521240237113	26.188635268542487	0.0
21.0	26.242422205040285	23.81332571351733	23.776067054380835	26.168185027061554	0.0
22.0	26.233457715623988	23.770744388789904	23.855626897950494	26.140170997635614	0.0
23.0	26.28052128505956	23.739088535538595	23.717797873174888	26.262592306226956	0.0
24.0	26.176309095595073	23.69874833316525	23.827052587936038	26.29788998330364	0.0
25.0	26.348035095976062	23.728723344651	23.76430116202194	26.158940397350992	0.0
26.0	26.31777994419605	23.710234085229885	23.664851357559865	26.3071346130142	0.0
27.0	26.160621239116548	23.713315628466734	23.74581190260082	26.380251229815894	0.0
28.0	26.07713943142726	23.80492150468955	23.818928519402515	26.299010544480677	0.0
29.0	26.26567384946381	23.819488799991035	23.828173149113077	26.086664201432075	0.0
30.0	26.347194675093288	23.693705807868582	23.687262581100615	26.271836935937515	0.0
31.0	26.35503860333255	23.750014007014713	23.665691778442643	26.229255611210096	0.0
32.0	26.29424815947827	23.678578231978577	23.758418215842493	26.268755392700665	0.0
33.0	26.106834302618754	23.79455631380195	23.79987897939288	26.298730404186415	0.0
34.0	26.376329265696263	23.781389719971763	23.68053921403839	26.161741800293587	0.0
35.0	26.175115207373274	23.75470984550306	23.832588629137312	26.237586317986356	0.0
36.0	26.12216884008236	23.893659042203016	23.62276413654	26.361407981174622	0.0
37.0	26.151583488577312	23.735660358858713	23.726976034064965	26.385780118499014	0.0
38.0	26.133934699480342	23.709327244967994	23.90710573865785	26.249632316893813	0.0
39.0	26.30958217192162	23.84351407000686	23.693079153418402	26.15382460465312	0.0
40.0	26.225820458588377	23.781323098903254	23.732858963763952	26.259997478744413	0.0
41.0	26.21321418066197	23.867045788802823	23.707646407911138	26.212093622624067	0.0
42.0	26.15550544170997	23.81437956102139	23.752468729427253	26.277646267841387	0.0
43.0	26.289692266748844	23.698962083117394	23.784404633507485	26.22694101662628	0.0
44.0	26.19472497303657	23.811017886907678	23.763674309806284	26.230582830249467	0.0
45.0	26.315391381812276	23.763047461102737	23.72859039796507	26.192970759119916	0.0
46.0	26.238913509970136	23.806749102155386	23.78433800417967	26.169999383694805	0.0
47.0	26.236672400172566	23.75884538023229	23.856053517701966	26.148428701893177	0.0
48.0	26.29045903531429	23.74007608567763	23.716544432803126	26.252920446204957	0.0
49.0	26.187087845901292	23.703658051467087	23.825518396710052	26.283735705921572	0.0
50.0	26.355731358168565	23.719065681325393	23.77257217774242	26.152630782763627	0.0
51.0	26.316792075435757	23.715704016629036	23.66443863000958	26.30306527792563	0.0
52.0	26.170279522419506	23.714863600454944	23.741756918025807	26.373099959099743	0.0
53.0	26.087638598634044	23.805068269807208	23.80983062812705	26.297462503431703	0.0
54.0	26.265806827541	23.809270350677654	23.845408246163498	26.079514575617846	0.0
55.0	26.348727890051155	23.703097774017692	23.684608618187728	26.263565717743425	0.0
56.0	26.354330664545085	23.73979594695293	23.67256265302578	26.233310735476206	0.0
57.0	26.294661116184738	23.681807230940763	23.767249541973186	26.256282110901317	0.0
58.0	26.103326367217043	23.798905217863886	23.81123132175053	26.286537093168537	0.0
59.0	26.384585646812305	23.78265717183149	23.680406537317282	26.15235064403893	0.0
60.0	26.174688416576323	23.751495236254332	23.826011928273484	26.247804418895864	0.0
61.0	26.119781380351686	23.893245033854672	23.627394128869057	26.359579456924592	0.0
62.0	26.14863558816361	23.729924614880368	23.73356640809935	26.387873388856676	0.0
63.0	26.12454372533035	23.71647799376413	23.908092344670514	26.250885936235	0.0
64.0	26.301871041300735	23.84842296346721	23.694627234450245	26.15507876078181	0.0
65.0	26.23127628044049	23.781189857886023	23.738048615138094	26.249485246535393	0.0
66.0	26.220070762843623	23.85710723960478	23.712556062605227	26.21026593494637	0.0
67.0	26.145834208764395	23.81704751419599	23.75121509831441	26.285903178725206	0.0
68.0	26.289825109884106	23.697988889729302	23.786792616684455	26.225393383702134	0.0
69.0	26.19990083116927	23.812285169217322	23.762140477971354	26.225673521642058	0.0
70.0	26.32532888102015	23.764595145783378	23.721734161045248	26.18834181215123	0.0
71.0	26.240167185854197	23.809136953452413	23.77524035767912	26.175455503014277	0.0
72.0	26.242688420250555	23.759832814145806	23.85311848681114	26.144360278792494	0.0
73.0	26.293113108177764	23.750308150870666	23.71192936061496	26.244649380336615	0.0
74.0	26.187501400685775	23.70576634320163	23.826505457071782	26.28022679904081	0.0
75.0	26.3623069855001	23.717812240873133	23.762073911387017	26.157806862239752	0.0
76.0	26.321126823692882	23.718932789493735	23.655341655274423	26.304598731538963	0.0
77.0	26.163689742497926	23.70436565742588	23.742744447681584	26.389200152394615	0.0
78.0	26.08665202483136	23.797931467246364	23.814739696555435	26.300676811366845	0.0
79.0	26.26369870688689	23.814179422245132	23.83574998319177	26.086371887676208	0.0
80.0	26.34998095067345	23.688397839582258	23.699603325788306	26.262017883955984	0.0
81.0	26.354183008000714	23.739943076130075	23.675231393290154	26.230642522579057	0.0
82.0	26.300396674211697	23.69288003406468	23.74582595638825	26.260897335335383	0.0
83.0	26.117467111897984	23.797931467246364	23.805495170435446	26.279106250420202	0.0
84.0	26.38107617489523	23.77720131776518	23.67607180475561	26.16565070258399	0.0
85.0	26.17454176693214	23.757525163249472	23.82391748303074	26.24401558678765	0.0
86.0	26.11767408374397	23.898994030293945	23.62361997820539	26.359711907756694	0.0
87.0	26.137843902411696	23.744358753841368	23.729791662581345	26.388005681165595	0.0
88.0	26.13672335693015	23.69981707095014	23.913280985183587	26.25017858693612	0.0
89.0	26.300322997235053	23.84548798355039	23.705699934728226	26.148489084486325	0.0
90.0	26.22720740456454	23.77741484554681	23.740156708285593	26.25522104160305	0.0
91.0	26.220203995304914	23.85753384747695	23.707380752950534	26.214881404267597	0.0
92.0	26.151570584560563	23.813272300956108	23.757245026879083	26.277912087604243	0.0
93.0	26.296401088049663	23.704579389246685	23.78665934576952	26.21236017693413	0.0
94.0	26.201154722118723	23.810470937252255	23.767610072583334	26.22076426804568	0.0
95.0	26.319578676079225	23.761660643751576	23.737288847802336	26.181471832366864	0.0
96.0	26.24226125444715	23.816287082948147	23.776507829789615	26.164943832815084	0.0
97.0	26.249264644087738	23.755777796453483	23.863349861332885	26.13160769812589	0.0
98.0	26.282040507605682	23.754096982939743	23.706193797798132	26.25766871165644	0.0
99.0	26.18735467966496	23.70507325545564	23.83617670952741	26.27139535535199	0.0
100.0	26.363559963022105	23.715158136538083	23.770344846905903	26.150937053533912	0.0
101.0	26.31537664229487	23.717959492394318	23.660531697341515	26.3061321679693	0.0
102.0	26.160461663445105	23.707874611311873	23.745692915371038	26.385970809871978	0.0
103.0	26.09154830938174	23.78715298204331	23.823010337003108	26.298288371571843	0.0
104.0	26.259629660755806	23.80452138835196	23.84906294646609	26.086786004426145	0.0
105.0	26.350673726083425	23.687704849146986	23.69526850995882	26.26635291481077	0.0
106.0	26.354035353110906	23.740930610415443	23.668655629324594	26.236378407149058	0.0
107.0	26.295206880129985	23.688265120318235	23.75381684735412	26.262711152197664	0.0
108.0	26.115920105330982	23.789954337899545	23.812085049163795	26.282040507605682	0.0
109.0	26.386811216628846	23.773986609519007	23.68490349329075	26.154298680561393	0.0
110.0	26.18027794974942	23.743665451815414	23.832748318490857	26.243308279944312	0.0
111.0	26.11052438433374	23.898579996694412	23.62152667863776	26.369368940334088	0.0
112.0	26.141619347229888	23.732460059780767	23.733860733785097	26.39205985920425	0.0
113.0	26.1348961120091	23.69548226606643	23.920710645962835	26.248910975961632	0.0
114.0	26.304377666533135	23.842553036521174	23.69996442288029	26.153104874065402	0.0
115.0	26.228741270299267	23.78428499794101	23.734981272988563	26.251992458771163	0.0
116.0	26.222298169879345	23.850116676144562	23.70892873650801	26.218656417468083	0.0
117.0	26.14302002123422	23.825464813668336	23.763274887876047	26.2682402772214	0.0
118.0	26.29625375730802	23.697443209672496	23.793809581170457	26.212493451849028	0.0
119.0	26.20324900342045	23.808656725616366	23.76887758389337	26.219216687069817	0.0
120.0	26.31789786256548	23.76446199960781	23.732246407261115	26.185393730565593	0.0
121.0	26.240860576519037	23.80115976132448	23.781830405916462	26.176149256240024	0.0
122.0	26.241700983275905	23.7487744068129	23.87595596268594	26.133568647225257	0.0
123.0	26.284561727876294	23.743451830686052	23.724682746449282	26.24730369498837	0.0
124.0	26.188755357593074	23.698350001400676	23.845421183852984	26.26747345715326	0.0
125.0	26.36608118329271	23.717399221223072	23.77594755861837	26.140572036865844	0.0
126.0	26.326301930134182	23.712636916267474	23.663893324368996	26.297167829229345	0.0
127.0	26.164383561643834	23.69694932347256	23.759139423480967	26.379527691402636	0.0
128.0	26.094909936409223	23.78070986357397	23.82469115051685	26.299689049499957	0.0
129.0	26.24506261030339	23.80592206628008	23.861949183404768	26.087066140011768	0.0
130.0	26.33554640445976	23.68714457797574	23.71039583158249	26.266913185982016	0.0
131.0	26.356276437795895	23.730565593747375	23.672577527523323	26.240580440933414	0.0
132.0	26.294086337787487	23.696669187886936	23.758299016724095	26.25094545760148	0.0
133.0	26.1257248508278	23.784071490601452	23.807042608622574	26.283161049948173	0.0
134.0	26.391087181239826	23.77629430006527	23.687771207023577	26.14484731167132	0.0
135.0	26.17216717511703	23.75289592595394	23.84254006672886	26.232396832200177	0.0
136.0	26.11417862155325	23.909773172310047	23.63355716354733	26.342491042589373	0.0
137.0	26.146394484644237	23.726843097541227	23.741690408357073	26.385072009457456	0.0
138.0	26.152837657262435	23.687903923892126	23.906131379091065	26.253127039754375	0.0
139.0	26.316998490056502	23.823490686814186	23.704992338227342	26.154518484901967	0.0
140.0	26.235478349539314	23.76970420234924	23.738608891017936	26.25620855709351	0.0
141.0	26.226794073401745	23.864390826042744	23.70779371762656	26.201021382928953	0.0
142.0	26.16516372661899	23.811164617457635	23.75317606389386	26.270495592029512	0.0
143.0	26.29458745486277	23.697988889729302	23.791554961663124	26.2158686937448	0.0
144.0	26.20214193468864	23.804161168959595	23.777828202606962	26.2158686937448	0.0
145.0	26.318826775734316	23.758911938145197	23.730617847688148	26.191643438432337	0.0
146.0	26.239060521509174	23.80436122410103	23.778308176734907	26.17827007765489	0.0
147.0	26.25306753622214	23.720879416411737	23.890084154144393	26.135968893221722	0.0
148.0	26.28752479241604	23.747492744366376	23.725921941708407	26.239060521509174	0.0
149.0	26.194518214721935	23.70631212111025	23.828173149113077	26.27099651505474	0.0
150.0	26.362322250983294	23.70659226140451	23.787272666151207	26.143812821460987	0.0
151.0	26.334308221557357	23.70687240169877	23.66345065608857	26.295368720655304	0.0
152.0	26.179670779126184	23.68950370345469	23.757857935253977	26.372967582165145	0.0
153.0	26.095908831142633	23.769623827612868	23.84750282941697	26.28696451182752	0.0
154.0	26.2443831871001	23.811084591163254	23.84834325029975	26.096188971436895	0.0
155.0	26.34187200950236	23.691184545220246	23.713595768760996	26.253347676516398	0.0
156.0	26.366244215102924	23.71919857464618	23.684741318452282	26.229815891798612	0.0
157.0	26.290046055064376	23.687262581100615	23.762060039667865	26.260631324167143	0.0
158.0	26.118039914389122	23.7914747705651	23.814726414988627	26.27575890005715	0.0
159.0	26.397413737558235	23.770810980409735	23.68144597619361	26.150329305838422	0.0
160.0	26.171206378287827	23.755536319093682	23.84013939898196	26.233117903636533	0.0
161.0	26.12358212801959	23.891685646331112	23.63507498017991	26.349657245469395	0.0
162.0	26.140390686937785	23.724160342446375	23.748532752877765	26.386916217738072	0.0
163.0	26.147394253153706	23.67961766131314	23.915217628816592	26.25777045671656	0.0
164.0	26.315479842335716	23.814366275307385	23.712114208554997	26.1580396738019	0.0
165.0	26.24208246839291	23.75665688968823	23.74489089844549	26.25636974347338	0.0
166.0	26.226114337420615	23.85638767260289	23.706231212933627	26.21126677704287	0.0
167.0	26.160280814990994	23.805401710551013	23.756937032336868	26.277380442121128	0.0
168.0	26.289706718661144	23.706511355582265	23.791114435470543	26.21266749028605	0.0
169.0	26.20202206963786	23.794196004605546	23.769543451525514	26.23423847423108	0.0
170.0	26.315907429144524	23.755669418616705	23.745584226759934	26.182838925478833	0.0
171.0	26.233338375943386	23.801959894441364	23.788512934294793	26.17618879532046	0.0
172.0	26.254069106169354	23.72127813356193	23.886003395357434	26.138649364911277	0.0
173.0	26.29917245166098	23.7383669787482	23.723799438589413	26.238661131001408	0.0
174.0	26.190196045473137	23.70390914337261	23.829694249743667	26.276200561410583	0.0
175.0	26.379013777531252	23.69746580830238	23.777026989169595	26.14649342499678	0.0
176.0	26.3437155071465	23.710352478442843	23.661887392914572	26.28404462149609	0.0
177.0	26.189915900470083	23.694384213268787	23.745650748827593	26.370049137433536	0.0
178.0	26.103911384532637	23.77590640915738	23.840619904862756	26.27956230144723	0.0
179.0	26.258271281215155	23.802800329450523	23.847343384936043	26.091585004398276	0.0
180.0	26.34147434712207	23.68822102320161	23.72492001860163	26.24538461107469	0.0
181.0	26.370889572442696	23.71651566851002	23.680937253122217	26.231657505925064	0.0
182.0	26.286005636517462	23.690182038222986	23.766661624056614	26.257150701202942	0.0
183.0	26.110915009608977	23.793275399346705	23.8126054045574	26.283204186486923	0.0
184.0	26.396456716075043	23.761125289600706	23.681563885846195	26.160854108478055	0.0
185.0	26.181171296101752	23.74136795954672	23.83633791374263	26.241122830608898	0.0
186.0	26.113095488226808	23.89152694317211	23.636312700480453	26.35906486812063	0.0
187.0	26.147553613200543	23.72511941281114	23.73856648597162	26.3887604880167	0.0
188.0	26.147273465843035	23.66432743623146	23.926545362860864	26.261853735064644	0.0
189.0	26.305556722836208	23.825132019442226	23.708030424003027	26.161280833718536	0.0
190.0	26.236360325531226	23.758176800997326	23.749492232914513	26.25597064055693	0.0
191.0	26.228796346878458	23.85454749198078	23.713353223795718	26.20330293734504	0.0
192.0	26.15231611827821	23.817848188146964	23.759297390427363	26.270538303147458	0.0
193.0	26.29491112325083	23.702427476852826	23.7965569889762	26.206104410920144	0.0
194.0	26.213668389572913	23.795436399546162	23.772184168872826	26.218711042008096	0.0
195.0	26.322793196863454	23.753827534717455	23.744862769048027	26.178516499371067	0.0
196.0	26.228736636858734	23.79927833434187	23.795356238373788	26.176628790425603	0.0
197.0	26.240222775050988	23.732602702884424	23.89060714045586	26.13656738160873	0.0
198.0	26.30185571169233	23.74016674510859	23.72419821152424	26.233779331674846	0.0
199.0	26.184472982361772	23.701506084851744	23.82981465295054	26.284206279835942	0.0
200.0	26.37273358882987	23.703186983123782	23.77350456083731	26.150574867209038	0.0
201.0	26.347239965037318	23.714673121316032	23.660324077186846	26.277762836459807	0.0
202.0	26.18027073668168	23.70122593513974	23.74857123646877	26.369932091709806	0.0
203.0	26.090342679127726	23.77154351285327	23.85250677962303	26.285607028395972	0.0
204.0	26.253669961227278	23.804321029157983	23.855028127031087	26.086980882583653	0.0
205.0	26.35200251014142	23.695622940899614	23.712431923619985	26.23994262533898	0.0
206.0	26.36363636363636	23.727412802913573	23.686510715786525	26.222440117663538	0.0
207.0	26.28156639939935	23.688176923120025	23.766059852190526	26.2641968252901	0.0
208.0	26.111512665781376	23.789592823564348	23.819569346623858	26.279325164030414	0.0
209.0	26.39874490467719	23.768927986104302	23.682640182661192	26.149686926557315	0.0
210.0	26.180650692127315	23.743286743261528	23.83433769537433	26.241724869236826	0.0
211.0	26.111732125297316	23.890929364072136	23.638227952362143	26.359110558268405	0.0
212.0	26.147031879039513	23.727597963820553	23.744127213588726	26.381242943551207	0.0
213.0	26.147872349366708	23.658399240214827	23.92482833393567	26.268900076482797	0.0
214.0	26.315125944478527	23.82565283532665	23.711068714052384	26.148152506142434	0.0
215.0	26.25111713140267	23.75154437287955	23.737816613950205	26.259521881767572	0.0
216.0	26.239070322546304	23.84203551847504	23.711481729473498	26.207412429505155	0.0
217.0	26.164828360989635	23.80897683370641	23.752104689570544	26.27409011573341	0.0
218.0	26.297903575100644	23.699995237308126	23.802253033414488	26.199848154176742	0.0
219.0	26.217217971597545	23.80505461686945	23.761630073317438	26.21609733821556	0.0
220.0	26.326347078912644	23.745233779441303	23.746354419102424	26.18206472254363	0.0
221.0	26.221640733124516	23.804974533392354	23.78872521278205	26.184659520701075	0.0
222.0	26.249376642442108	23.724848573141553	23.895746600249904	26.130028184166438	0.0
223.0	26.30877071087976	23.737735965349724	23.727370019443153	26.226123304327366	0.0
224.0	26.18886193120374	23.701034913626458	23.828508032207274	26.281595122962532	0.0
225.0	26.38176031557478	23.70508998812112	23.77204877064796	26.14110092565614	0.0
226.0	26.342257435506646	23.71041307125087	23.670910191182735	26.27641930205975	0.0
227.0	26.186767375663983	23.69640495775153	23.753277898558846	26.363549768025642	0.0
228.0	26.08843041889863	23.770087634758053	23.84937355716431	26.292108389179013	0.0
229.0	26.247989824449334	23.788151310886608	23.86071374539831	26.103145119265747	0.0
230.0	26.35473224741829	23.683089870956536	23.714188057175836	26.247989824449334	0.0
231.0	26.3673396202099	23.728476413006327	23.696537735267583	26.20764623151619	0.0
232.0	26.300100298654655	23.684210526315788	23.756212633147868	26.259476541881693	0.0
233.0	26.11295085365922	23.785629836328283	23.829335395339193	26.2720839146733	0.0
234.0	26.404675387257555	23.75683951890131	23.688759515091068	26.149725578750072	0.0
235.0	26.180410219342114	23.738761833519646	23.84214315932211	26.23868478781613	0.0
236.0	26.109808338306284	23.892292908153117	23.63117801479838	26.366720738742224	0.0
237.0	26.143988614045853	23.723913025206553	23.748007317941003	26.384091042806595	0.0
238.0	26.152820308800912	23.650642004432253	23.931370104418527	26.265167582348308	0.0
239.0	26.326804490528925	23.808656623586202	23.710317738261672	26.154221147623197	0.0
240.0	26.246658858996845	23.755302397776497	23.73625018912119	26.26178855410547	0.0
241.0	26.22710130065173	23.84434768477268	23.711816821612896	26.216734192962694	0.0
242.0	26.16214883350799	23.805347425759773	23.75126792609322	26.281235814639015	0.0
243.0	26.301395197650667	23.707711836622607	23.79710088072027	26.193792085006457	0.0
244.0	26.215211122352038	23.79445732013194	23.75550330548635	26.234828252029672	0.0
245.0	26.327250713967416	23.7373496744757	23.751643035909968	26.183756575646917	0.0
246.0	26.232724480157856	23.78675471074102	23.799086860374842	26.181433948726283	0.0
247.0	26.246527884833686	23.718295489263422	23.88731146870121	26.14786515720168	0.0
248.0	26.316438628801446	23.727430978951	23.7229459072319	26.233184485015652	0.0
249.0	26.188053450842215	23.700240231653954	23.822178119016986	26.28952819848685	0.0
