# Position (bp)	A	C	G	T	N
0.0	26.24053826745164	23.848206258519184	23.86850729387199	26.042748180157187	0.0
1.0	26.14164322380441	23.934630666163976	23.856326672660305	26.067399437371307	0.0
2.0	26.029963632988995	23.911744746503953	23.898114367579417	26.16017725292763	0.0
3.0	26.221202700508083	23.962949214671834	23.83070783936153	25.985140245458556	0.0
4.0	26.13853863375364	23.95136125836649	23.702251557298133	26.20784855058174	0.0
5.0	26.1797671350066	23.794278423013907	23.81399799904302	26.21195644293648	0.0
6.0	26.03402727633895	23.907829985413567	23.89739039151377	26.160752346733712	0.0
7.0	26.01030019022874	23.946202384818818	23.736544796548046	26.3069526284044	0.0
8.0	26.105830293399524	23.91504810731498	23.818485504010393	26.160636095275102	0.0
9.0	26.13286086696805	23.858294887446103	23.924989198421375	26.083855047164477	0.0
10.0	26.077904302918004	23.875844910528652	23.89962274436799	26.146628042185355	0.0
11.0	26.04136763140878	23.797842016592288	23.90107261228502	26.25971773971391	0.0
12.0	26.071814857666464	23.96689661571831	23.803931461843824	26.157357064771396	0.0
13.0	26.274506392467643	23.862506125691947	23.883674197280627	25.979313284559773	0.0
14.0	26.25565810954622	23.770294526168666	23.8294491371836	26.14459822710151	0.0
15.0	26.096462612256023	23.833218793767887	23.856706654023817	26.21361193995227	0.0
16.0	26.177075268443044	23.8648259143592	23.839018265436017	26.119080551761737	0.0
17.0	26.050646786077785	23.88802380103173	23.879614567112935	26.18171484577755	0.0
18.0	25.99932146181483	23.891213510449198	23.91209160845447	26.197373419281504	0.0
19.0	26.272186603800396	23.748546507413174	23.805671303344266	26.173595585442165	0.0
20.0	26.145026546927603	23.836270265411283	23.910213100350575	26.10849008731054	0.0
21.0	26.077463093826207	23.984735879093318	23.758847767651314	26.17895325942916	0.0
22.0	26.170834046180925	23.78755498592186	23.951099138493483	26.090511829403727	0.0
23.0	26.151405928765502	23.806693131435562	23.869617034109396	26.172283905689536	0.0
24.0	26.14763629404311	23.838300068723342	23.797124058678715	26.216939578554836	0.0
25.0	26.26594482994598	23.843229591052626	23.868457146502504	26.022368432498894	0.0
26.0	26.174023737099876	23.916012538385033	23.83945995633023	26.07050376818486	0.0
27.0	26.038316887093643	23.896004477166162	23.9041236904144	26.1615549453258	0.0
28.0	26.238397499282318	23.939210290522848	23.836270265411283	25.98612194478355	0.0
29.0	26.16561455194992	23.940660150031462	23.70172330301194	26.192001995006684	0.0
30.0	26.186202556972226	23.795964171071823	23.79451431156321	26.22331896039274	0.0
31.0	26.047885959850493	23.91166295985919	23.891654898640322	26.148796181649995	0.0
32.0	26.014539191152373	23.93399079629184	23.74985863869791	26.301611373857874	0.0
33.0	26.102690649276084	23.91485265077814	23.81800203560275	26.164454664343022	0.0
34.0	26.14966609735517	23.862077764664605	23.92355180782982	26.064704330150406	0.0
35.0	26.08645222277961	23.87309669693007	23.89803428047822	26.142416799812096	0.0
36.0	26.049625791260826	23.78581515451153	23.891944870542044	26.2726141836856	0.0
37.0	26.073983431005537	23.96936736830201	23.8084329628459	26.14821623784655	0.0
38.0	26.274933958899382	23.854538495219813	23.87309669693007	25.997430848950735	0.0
39.0	26.2407172744961	23.77740596936157	23.836850209214727	26.145026546927603	0.0
40.0	26.10646028399848	23.820031838914808	23.854538495219813	26.2189693818669	0.0
41.0	26.167644355261977	23.864397539878386	23.850478888595696	26.117479216263945	0.0
42.0	26.048175931752215	23.88614543250759	23.889335123426537	26.176343512313654	0.0
43.0	25.994531129933506	23.890784982935152	23.918622285500536	26.196061601630806	0.0
44.0	26.258115588599463	23.754788161027196	23.803793412418337	26.183302837955004	0.0
45.0	26.152414147067095	23.83352229726007	23.897895686113035	26.1161678695598	0.0
46.0	26.07557203875162	23.972418032668045	23.776978104348682	26.175031824231652	0.0
47.0	26.155893789707797	23.775818223468452	23.959949313205534	26.10833867361822	0.0
48.0	26.158793491908384	23.80597512635452	23.859619617065327	26.175611764671768	0.0
49.0	26.130086440122604	23.8465709571627	23.80481524547429	26.21852735724041	0.0
50.0	26.26869220531051	23.83932170166124	23.863389229926085	26.02859686310216	0.0
51.0	26.168942449610427	23.892676222151984	23.855270063764454	26.083111264473143	0.0
52.0	26.03613608882368	23.890936400831635	23.905724882054614	26.167202628290077	0.0
53.0	26.24259488550526	23.942841070222087	23.839611671881297	25.974952372391357	0.0
54.0	26.173002032691244	23.94081127868168	23.68911712767099	26.197069560956088	0.0
55.0	26.181991109513053	23.814674232956275	23.79234652601178	26.210988131518892	0.0
56.0	26.054404212687356	23.894706013692392	23.89035646039152	26.16053331322873	0.0
57.0	26.02888683332222	23.918773541957243	23.7447914099222	26.307548214798338	0.0
58.0	26.121677303740903	23.918773541957243	23.822213458677794	26.13733569562406	0.0
59.0	26.145164891565635	23.86802875344702	23.912684167336014	26.074122187651326	0.0
60.0	26.092970251955123	23.870928455647604	23.900215447873503	26.135885844523767	0.0
61.0	26.053244331807125	23.7705987595074	23.898185656333094	26.277971252352383	0.0
62.0	26.083111264473143	23.968938390027343	23.806265096574585	26.141685248924933	0.0
63.0	26.28029101411285	23.858459736185093	23.874408098288306	25.98684115141375	0.0
64.0	26.230706106482867	23.785387240730376	23.8465709571627	26.13733569562406	0.0
65.0	26.104279090537403	23.829752684399313	23.85932964684527	26.206638578218016	0.0
66.0	26.174161913571474	23.858459736185093	23.84251137408188	26.12486697616155	0.0
67.0	26.041645523004785	23.876147919608655	23.88832666885111	26.19387988853545	0.0
68.0	26.00452933483731	23.87498803872842	23.93008238053952	26.190400245894747	0.0
69.0	26.268982175530574	23.74537135036232	23.810614649875458	26.175031824231652	0.0
70.0	26.12993490206313	23.85223203282444	23.899786873124267	26.11804619198817	0.0
71.0	26.07919040784075	23.96097023472953	23.780609803836285	26.179229553593437	0.0
72.0	26.15052266829049	23.78350948922042	23.965899699882563	26.100068142606524	0.0
73.0	26.157191944674	23.81424615429226	23.846142693517752	26.182419207515984	0.0
74.0	26.128195090832644	23.84005335421107	23.80786684644716	26.223884708509125	0.0
75.0	26.280138604961362	23.85107215867078	23.853971844054918	26.014817392312935	0.0
76.0	26.184738955823295	23.90239658996999	23.839763385672654	26.073101068534065	0.0
77.0	26.04874371130732	23.895147376509648	23.911095646122398	26.145013266060634	0.0
78.0	26.24911197135111	23.945311933655198	23.834253983442796	25.971322111550897	0.0
79.0	26.16966059182579	23.944152059501544	23.69448914792745	26.19169820074522	0.0
80.0	26.177779710901365	23.813086280138602	23.80699694083192	26.202137068128106	0.0
81.0	26.051933365229875	23.89601728212489	23.896307250663305	26.155742101981932	0.0
82.0	26.019166920389136	23.9218244820437	23.76060197468575	26.298406622881416	0.0
83.0	26.11108694706624	23.91863482812115	23.8258448958288	26.14443332898381	0.0
84.0	26.148492888521595	23.880938918127384	23.919214765197978	26.051353428153046	0.0
85.0	26.09977817406811	23.861800994592087	23.906746118046193	26.131674713293606	0.0
86.0	26.05367317646035	23.761471880300988	23.909355834891915	26.275499108346743	0.0
87.0	26.104127702144318	23.9687993852667	23.804387223986197	26.122685688602786	0.0
88.0	26.269699737578474	23.864990648514635	23.883258666434692	25.982050947472203	0.0
89.0	26.24795209719745	23.781479709451524	23.824105084598322	26.146463108752698	0.0
90.0	26.091079117915704	23.831644266597074	23.874849578820697	26.20242703666652	0.0
91.0	26.179229553593437	23.850492221593957	23.862380931668913	26.107897293143694	0.0
92.0	26.056282893306076	23.864700679976224	23.90413640120047	26.174880025517233	0.0
93.0	26.004958462006872	23.86035115190002	23.92762385281197	26.207066533281136	0.0
94.0	26.258680933118754	23.7510330129181	23.81105650036971	26.179229553593437	0.0
95.0	26.135872669753844	23.851803738832654	23.89877836963235	26.11354522178115	0.0
96.0	26.06338095555678	23.967210547834384	23.79902977089719	26.17037872571165	0.0
97.0	26.15095094630684	23.782791626917042	23.959961376414675	26.106296050361443	0.0
98.0	26.13616263661064	23.817587649731635	23.862822479390605	26.183427234267125	0.0
99.0	26.119924492630492	23.83991509770433	23.800769572037915	26.23939083762726	0.0
100.0	26.28433570042944	23.85209370568944	23.83875523027718	26.024815363603942	0.0
101.0	26.172988427422744	23.901678038200235	23.838175296563602	26.08715823781342	0.0
102.0	26.046852844719847	23.88891949650155	23.906607474765636	26.15762018401297	0.0
103.0	26.2680975564493	23.91559644732607	23.844264600556155	25.972041395668477	0.0
104.0	26.18603693597822	23.92400548617293	23.696671470450926	26.193286107397924	0.0
105.0	26.18255733369676	23.81700771601806	23.80163947260828	26.1987954776769	0.0
106.0	26.043663209295175	23.89877836963235	23.893268999353374	26.1642894217191	0.0
107.0	26.022785595606422	23.921685751318623	23.767423383507268	26.28810526956769	0.0
108.0	26.12137432691443	23.91066701076067	23.828896357146377	26.139062305178516	0.0
109.0	26.15385061487472	23.857313109111626	23.9222656850322	26.066570590981453	0.0
110.0	26.084258569245534	23.85847297653878	23.9222656850322	26.13500276918348	0.0
111.0	26.07352979554437	23.760754145801137	23.90921717647673	26.256498882177766	0.0
112.0	26.094697376089915	23.975039652967666	23.805988975460103	26.124273995482316	0.0
113.0	26.25794871646171	23.862822479390605	23.879640557084326	25.99958824706336	0.0
114.0	26.25997848445923	23.7665534829369	23.837595362850024	26.135872669753844	0.0
115.0	26.10397631550714	23.820777285156307	23.878480689657174	26.196765709679383	0.0
116.0	26.16718909028698	23.857893042825204	23.87935059022754	26.095567276660276	0.0
117.0	26.05874148584817	23.87877065651396	23.894718833637317	26.16776902400056	0.0
118.0	25.982480202512853	23.874421153662137	23.9445931330049	26.198505510820112	0.0
119.0	26.26606778845178	23.746545769818507	23.814687981163754	26.172698460565957	0.0
120.0	26.147622982906356	23.831644266597074	23.896597219201716	26.124135531294858	0.0
121.0	26.069331477534686	23.960100329114294	23.79974772737158	26.17082046597944	0.0
122.0	26.162121409827034	23.788728922911865	23.962130108883187	26.087019558377918	0.0
123.0	26.163861221057516	23.79887782175634	23.876009452974355	26.16125150421179	0.0
124.0	26.10905716729735	23.84353297667203	23.81917561944529	26.22823423658533	0.0
125.0	26.27433923419309	23.85716149797747	23.855131718208575	26.013367549620863	0.0
126.0	26.182999144592813	23.88963797427979	23.849332347440303	26.078030533687098	0.0
127.0	26.0525133023067	23.884418540588346	23.913415394429705	26.149652762675252	0.0
128.0	26.27172951734737	23.919794702274803	23.840633291287897	25.967842489089932	0.0
129.0	26.189530335234572	23.925732827238644	23.6981062044928	26.186630633033985	0.0
130.0	26.190980186334862	23.805685156134466	23.79901584107312	26.20431881645755	0.0
131.0	26.05129008124989	23.906954085982218	23.906954085982218	26.13480174678567	0.0
132.0	26.031282078048612	23.917393044174194	23.770667687364803	26.2806571904124	0.0
133.0	26.111024119792848	23.930731712975046	23.821412623020223	26.136831544211887	0.0
134.0	26.148430386647416	23.86954781912765	23.92522226281817	26.056799531406767	0.0
135.0	26.10087513266176	23.852439526535253	23.93131165509682	26.115373685706167	0.0
136.0	26.05418979185877	23.74920982885908	23.92377240751373	26.27282797176842	0.0
137.0	26.09188602977423	23.958858905881193	23.811553606950024	26.137701457394552	0.0
138.0	26.270798174342204	23.843740394708608	23.878536922015183	26.00692450893401	0.0
139.0	26.263258926759107	23.763708381903488	23.852439526535253	26.120593164802152	0.0
140.0	26.100295190539985	23.80169459087983	23.887526024902712	26.21048419367747	0.0
141.0	26.169598274092248	23.860848687301008	23.87128764549298	26.098265393113767	0.0
142.0	26.065788634294297	23.872157558675646	23.898254954155576	26.163798852874482	0.0
143.0	26.000835116655356	23.873027471858308	23.938270960558135	26.187866450928198	0.0
144.0	26.26905834797687	23.736161131119115	23.82808195742065	26.166698563483365	0.0
145.0	26.14278257843763	23.841558893464015	23.905352896827697	26.11030563127066	0.0
146.0	26.07434901119295	23.95435829032071	23.803862436930928	26.167430261555413	0.0
147.0	26.184248680624023	23.766165980397844	23.96247752711245	26.087107811865685	0.0
148.0	26.15902105202111	23.806762164356552	23.869686249492545	26.164530534129792	0.0
149.0	26.115600868760858	23.819300061764373	23.835538582435138	26.22956048703963	0.0
150.0	26.28697525655413	23.842497948436897	23.844237789937335	26.02628900507164	0.0
151.0	26.202302970199415	23.877874725612497	23.85844649552426	26.06137580866383	0.0
152.0	26.057896125662953	23.881354408613376	23.903972348119087	26.156777117604584	0.0
153.0	26.26058766046413	23.922820631040512	23.839308239019424	25.977283469475932	0.0
154.0	26.19201582105046	23.916289940468076	23.715627057012036	26.17606718146942	0.0
155.0	26.18650629101338	23.81015899343786	23.8142186471494	26.189116068399365	0.0
156.0	26.054643097408775	23.896930892894424	23.90360034333171	26.14482566636509	0.0
157.0	26.023615654070102	23.912009650404805	23.773691047857657	26.290683647667436	0.0
158.0	26.12539726726518	23.917229220312247	23.820377200918642	26.13699631150393	0.0
159.0	26.166573874312753	23.853724453105063	23.933177906140536	26.04652376644164	0.0
160.0	26.094079847820538	23.846475050455844	23.942457141531538	26.116987960192077	0.0
161.0	26.041304196534202	23.74701324610852	23.91316955482868	26.29851300252859	0.0
162.0	26.112058366390613	23.94158721321363	23.80355858677245	26.14279583362331	0.0
163.0	26.287493910501773	23.8366158628529	23.882142111490012	25.993748115155313	0.0
164.0	26.25530656273923	23.75223281601596	23.860973855754285	26.131486765490525	0.0
165.0	26.10886862922495	23.801528754030667	23.891711322986986	26.197891293757397	0.0
166.0	26.179332822975386	23.859233999118473	23.889101538033266	26.072331639872875	0.0
167.0	26.07552137703853	23.87083304335723	23.894901060152645	26.1587445194516	0.0
168.0	25.99490801957919	23.871992947781102	23.932597953928596	26.200501078711113	0.0
169.0	26.267485559189925	23.736284130187673	23.825596770826085	26.170633539796324	0.0
170.0	26.13859778340979	23.856182616411584	23.898519373415997	26.10670022676263	0.0
171.0	26.075382625690875	23.946655686174438	23.819355437373495	26.158606250761192	0.0
172.0	26.176874851386383	23.761649857620906	23.969563931402853	26.091911359589854	0.0
173.0	26.147587094828534	23.818485504010393	23.867781727919642	26.16614567324143	0.0
174.0	26.113155460442567	23.829863739042434	23.829863739042434	26.227117061472573	0.0
175.0	26.270323877130252	23.85944155915709	23.841752862814012	26.02848170089864	0.0
176.0	26.196669305472188	23.873070554700117	23.85944155915709	26.070818580670608	0.0
177.0	26.05196996981323	23.880030041785922	23.915987391729228	26.152012596671625	0.0
178.0	26.27409359930173	23.911637712300603	23.826094016870957	25.98817467152671	0.0
179.0	26.20117094049314	23.90336696138332	23.722999208353755	26.172462889769783	0.0
180.0	26.194791373665726	23.787954797869222	23.820142612316626	26.19711121614842	0.0
181.0	26.039437436566626	23.90372625779324	23.91242569233	26.144410613310136	0.0
182.0	26.02957807742497	23.90285631433957	23.787443816151953	26.280121792083516	0.0
183.0	26.121212121212125	23.90198637088589	23.84399014064086	26.132811367261127	0.0
184.0	26.16383935044222	23.84630998985066	23.93040452370596	26.059446136001156	0.0
185.0	26.09279396839205	23.863418877772947	23.932434391764534	26.111352762070467	0.0
186.0	26.05306655067421	23.741046831955924	23.912715673481223	26.29317094388865	0.0
187.0	26.116282441641292	23.93214441061331	23.81209221400609	26.139480933739307	0.0
188.0	26.283891547049443	23.822531535450196	23.889807162534435	26.003769754965926	0.0
189.0	26.249673771204872	23.759025663331883	23.85848919820212	26.132811367261127	0.0
190.0	26.124111932724375	23.797303175293607	23.884007539509934	26.194577352472088	0.0
191.0	26.18152820066696	23.856169348992314	23.877627954182977	26.08467449615775	0.0
192.0	26.084964477308976	23.870668406553573	23.890967087139337	26.153400028998114	0.0
193.0	25.99942003769755	23.868058576192546	23.943163694359868	26.189357691750036	0.0
194.0	26.269392489488187	23.73321734087284	23.814702044367117	26.18268812527186	0.0
195.0	26.15152182990767	23.857177655082822	23.888495801048578	26.102804713960932	0.0
196.0	26.085985709645986	23.94243260798961	23.796571242982413	26.17501043938199	0.0
197.0	26.203428757017583	23.75481371502807	23.955191852642326	26.086565675312023	0.0
198.0	26.164571057393402	23.822959680786898	23.858047603581866	26.15442165823783	0.0
199.0	26.113319820094127	23.82766850226332	23.830278355328595	26.228733322313953	0.0
200.0	26.276733024982242	23.850425553509545	23.846365758529195	26.02647566297902	0.0
201.0	26.20800649567197	23.87913410372776	23.851875480288246	26.060983920312026	0.0
202.0	26.064186103160587	23.869261485728206	23.90985990644964	26.156692504661567	0.0
203.0	26.285599946641767	23.908548627040446	23.834891065105744	25.970960361212043	0.0
204.0	26.201226673626515	23.888236402917336	23.718880044079054	26.191656879377096	0.0
205.0	26.214138438026524	23.786296555144084	23.819936027004378	26.179628979825015	0.0
206.0	26.061398726321528	23.89539132553041	23.92439129073045	26.11881865741761	0.0
207.0	26.023988771213475	23.89626132448641	23.79418144698226	26.285568457317854	0.0
208.0	26.123320167272766	23.909449983469923	23.837239651302397	26.12999019795491	0.0
209.0	26.180174118820727	23.840126210044602	23.92596760067513	26.05373207045954	0.0
210.0	26.089402648322903	23.848246341590734	23.936987779202024	26.12536323088434	0.0
211.0	26.06707228657104	23.733984490548746	23.920167506713607	26.278775716166603	0.0
212.0	26.112464474218434	23.925526361579955	23.821414071109565	26.14059509309205	0.0
213.0	26.272562758108677	23.82807062317294	23.899413020277482	25.999953598440907	0.0
214.0	26.2518343222723	23.769626523285016	23.855759916940727	26.12277923750196	0.0
215.0	26.118290546732716	23.797895664884052	23.887799728547733	26.196014059835505	0.0
216.0	26.19050381077225	23.85444822105959	23.88663967611336	26.0684082920548	0.0
217.0	26.08232892126724	23.87967936150714	23.897080148022688	26.140911569202927	0.0
218.0	25.989814739626233	23.878229295964175	23.953052677981045	26.178903286428547	0.0
219.0	26.27315754672111	23.75033351507488	23.808626149901976	26.167882788302034	0.0
220.0	26.143824969258254	23.864295491983945	23.88807684276467	26.103802695993135	0.0
221.0	26.09265607508077	23.94185648575124	23.803226199383996	26.16226123978399	0.0
222.0	26.190973370224068	23.768133595512786	23.960707884525032	26.08018514973811	0.0
223.0	26.14660007772577	23.82323768423617	23.86848104129326	26.161681196744794	0.0
224.0	26.110448878022464	23.835750725797798	23.819799125852324	26.23400127032741	0.0
225.0	26.274315313825973	23.848802034844095	23.847641918484424	26.029240732845505	0.0
226.0	26.18832858166251	23.872432865126992	23.864021972731305	26.07521658047919	0.0
227.0	26.03317410459211	23.868939374164338	23.918535211594406	26.179351309649146	0.0
228.0	26.28391606363386	23.892860768304885	23.844424786461126	25.978798381600125	0.0
229.0	26.19357682948405	23.892419289814175	23.720137013715874	26.1938668669859	0.0
230.0	26.215329642122725	23.784235301624502	23.815269314322343	26.185165741930433	0.0
231.0	26.064156853645805	23.8914670224491	23.921051105052495	26.1233250188526	0.0
232.0	26.025152416917553	23.894506029967108	23.781969847264037	26.298371705851302	0.0
233.0	26.13900039445901	23.88536325034225	23.831125136320395	26.144511218878346	0.0
234.0	26.167714690117645	23.836635960739727	23.947722579297864	26.04792676984477	0.0
235.0	26.091433278418453	23.84939786992134	23.92857971552544	26.130589136134763	0.0
236.0	26.049086943406735	23.748462770030397	23.93031997586839	26.27213031069448	0.0
237.0	26.106805578114482	23.933800496554284	23.82068357426271	26.13871035106852	0.0
238.0	26.275473208536603	23.841414955884144	23.889562438002866	25.99354939757638	0.0
239.0	26.250391563119972	23.779773299455872	23.856925736428714	26.11290940099544	0.0
240.0	26.136996472990532	23.786430295155004	23.885627436421014	26.19094579543345	0.0
241.0	26.1890949593628	23.86804657179819	23.884579908225483	26.05827856061353	0.0
242.0	26.092959576739222	23.8704924119367	23.892247180581982	26.1443008307421	0.0
243.0	26.00321399771423	23.886558643855405	23.950374482946668	26.159852875483697	0.0
244.0	26.267132725136698	23.76260025816932	23.815974589177195	26.15429242751679	0.0
245.0	26.14990543159165	23.85502604982537	23.9075318225595	26.087536696023484	0.0
246.0	26.079439306559603	23.94057717077246	23.821638682277584	26.158344840390352	0.0
247.0	26.18907400906873	23.76436389798695	23.971209831129006	26.07535226181531	0.0
248.0	26.156242928510505	23.834763587413764	23.87131774849577	26.13767573557996	0.0
249.0	26.132239413042914	23.821197413350433	23.84063499984044	26.205928173766218	0.0
