# Position (bp)	A	C	G	T	N
0.0	26.090971781310472	23.916167191710286	23.97813955325218	26.01472147372706	0.0
1.0	25.83609525516512	24.167398284823758	23.847207750190627	26.149298709820496	0.0
2.0	26.01047381243127	24.003499371206736	24.04116621405702	25.94486060230497	0.0
3.0	25.909422270821942	24.081161533321183	24.108498876131463	25.900917319725416	0.0
4.0	25.918614045425002	24.062858774290348	23.954429210985097	26.06409796929955	0.0
5.0	26.095816566699565	23.967808063169084	23.90797965226634	26.028395717865006	0.0
6.0	25.97208556539485	24.058586300304896	23.8065303742575	26.16279776004276	0.0
7.0	25.981514431981733	24.02941658721435	23.89034973188639	26.098719248917522	0.0
8.0	26.10413111727807	23.91894435774273	23.97663304529473	26.000291479684474	0.0
9.0	26.11026777582124	23.972615216467304	23.957435181249622	25.95968182646184	0.0
10.0	26.122581565709464	23.93707289380292	23.88789211802172	26.0524534224659	0.0
11.0	25.990218490150184	23.948609125159003	23.950734220408805	26.11043816428201	0.0
12.0	25.995986605828225	24.023898214009236	23.90550005009153	26.07461513007101	0.0
13.0	26.15354723934948	23.937983648909977	23.886677777878973	26.02179133386157	0.0
14.0	26.222157457414607	23.88849928809309	23.84447945791856	26.044863796573743	0.0
15.0	26.009951517469798	23.977146118513527	23.895178158878192	26.117724205138483	0.0
16.0	26.020576993718826	23.98261064915588	23.879695322058186	26.117117035067107	0.0
17.0	26.116509864995734	23.95650233608685	23.940412329195468	25.986575469721945	0.0
18.0	26.01693397329059	23.98291423419157	23.825657185706003	26.174494606811844	0.0
19.0	25.99325434050705	23.93282270330331	23.93585855366017	26.13806440252947	0.0
20.0	26.116126995306587	23.820120340742807	24.01866435133182	26.045088312618773	0.0
21.0	26.06391052768991	23.979198416505263	23.981627089417664	25.975263966387168	0.0
22.0	26.042963223820426	23.878712074754553	24.087577945221284	25.99074675620374	0.0
23.0	25.911207718322515	24.000449304488793	23.98375217821602	26.104590798972673	0.0
24.0	26.05229524072629	23.888354245155572	24.010698271700885	26.04865224241725	0.0
25.0	26.124244457329866	23.870746419995204	23.97973278607403	26.0252763366009	0.0
26.0	25.876520572315037	24.11695238904793	23.845245431831913	26.16128160680512	0.0
27.0	26.02709783575542	23.990054614616316	24.01768068512655	25.965166864501715	0.0
28.0	25.932987046105175	24.01768068512655	24.11330939073889	25.93602287802938	0.0
29.0	25.967899113233493	24.011912604470567	23.95544613068042	26.064742151615516	0.0
30.0	26.09570763724237	23.95301746514106	23.88106824853749	26.07020664907908	0.0
31.0	25.982471106469664	24.06898624464555	23.800315119353733	26.148227529531056	0.0
32.0	25.987632020740804	24.006144523814584	23.944213552560875	26.062009902883737	0.0
33.0	26.09115388935607	23.929945142517127	23.966375125607545	26.012525842519256	0.0
34.0	26.132441203525207	23.95423179791074	23.961517794528824	25.951809204035225	0.0
35.0	26.130923287563107	23.93358814082617	23.88531841323137	26.05017015837935	0.0
36.0	25.994918017358888	23.936320389557952	23.93237380805649	26.13638778502667	0.0
37.0	26.009186427402632	24.008876772546365	23.916587482050645	26.065349318000358	0.0
38.0	26.154299193379458	23.91173015097192	23.88228258130717	26.05168807434145	0.0
39.0	26.187996927738094	23.898372490505434	23.849192013333372	26.0644385684231	0.0
40.0	26.0207225887146	23.97275037264837	23.893515159426716	26.11301187921032	0.0
41.0	26.04713432645515	23.990965364193574	23.872264335957304	26.08963597339397	0.0
42.0	26.081742810391045	23.975786204572568	23.962124960913663	25.98034602412272	0.0
43.0	25.999168182052767	23.987625949076953	23.852531428449993	26.16067444042028	0.0
44.0	26.007972094632954	23.900801156044796	23.95301746514106	26.13820928418119	0.0
45.0	26.12689738919247	23.839708561020036	23.96387370977535	26.069520340012144	0.0
46.0	26.067698846387373	23.994535519125684	23.951730418943534	25.986035215543414	0.0
47.0	26.045233758348513	23.841226472374014	24.103217972070432	26.01032179720704	0.0
48.0	25.92622950819672	24.010928961748633	23.94687310261081	26.115968427443836	0.0
49.0	26.046065433924003	23.89822738850216	23.998409233730317	26.057297943843523	0.0
50.0	26.153836812881565	23.864226277394422	24.000230721825375	25.98170618789864	0.0
51.0	25.854505602593797	24.113770146417284	23.871512229774652	26.160212021214264	0.0
52.0	26.012064322816265	24.002659372618783	24.01510620793501	25.970170096629943	0.0
53.0	25.935561822823853	24.028160205949586	24.13896739839891	25.89731057282765	0.0
54.0	25.979277537105233	24.00721309285643	23.946800404370357	26.066708965667985	0.0
55.0	26.111942586695243	23.95530068214729	23.851779442078197	26.080977289079264	0.0
56.0	25.99718883670663	24.04425001745593	23.80563507700341	26.152926068834038	0.0
57.0	25.998099580754158	23.991426862699264	23.926460453975547	26.08401310257103	0.0
58.0	26.09372770574467	23.93374640635578	23.97806928333551	25.994456604564043	0.0
59.0	26.12196077121806	23.966836773415988	23.971390493653633	25.939811961712323	0.0
60.0	26.152622487484862	23.92403180318214	23.86544060279113	26.057905106541874	0.0
61.0	25.982313350596993	23.931621336911547	23.94437175357695	26.141693558914515	0.0
62.0	26.015403717657204	23.99173044404844	23.94255026548189	26.050315572812472	0.0
63.0	26.16446216010273	23.92494254722967	23.873637299218885	26.036957993448716	0.0
64.0	26.213035175970926	23.902781108739806	23.83872544406362	26.045458271225648	0.0
65.0	26.013582229562143	23.979283608732214	23.911584967865913	26.09554919383973	0.0
66.0	26.04151171368636	23.990212537302558	23.867262090886186	26.1010136581249	0.0
67.0	26.089173985507024	23.94649682302118	23.97472988849457	25.989599302977222	0.0
68.0	26.002653300991803	23.9756406325421	23.856333162315842	26.165372904150257	0.0
69.0	26.030582785116014	23.88851278532852	23.943157428180243	26.13774700137522	0.0
70.0	26.124006533050803	23.834099367945548	23.980121553603194	26.06177254540045	0.0
71.0	26.09030910559134	23.9825501970237	23.94763844785399	25.979502249530967	0.0
72.0	26.02321783109999	23.847153326330744	24.103071626766077	26.02655721580318	0.0
73.0	25.912107394612054	24.025658617737598	23.957353021535997	26.10488096611435	0.0
74.0	26.035889169193965	23.87834962037383	24.00342437682717	26.082336833605034	0.0
75.0	26.130605975051836	23.882296153951238	24.012228182499857	25.974869688497073	0.0
76.0	25.857384419692597	24.131838507846012	23.86225990655823	26.14851716590316	0.0
77.0	26.03983570277138	24.000692161273577	24.02922863483332	25.930243501121726	0.0
78.0	25.91385020780017	24.03438948643455	24.150053278203295	25.901707027561983	0.0
79.0	25.97031599590775	24.00646017188672	23.938761942058814	26.08446189014672	0.0
80.0	26.095997911372997	23.963048302535192	23.881385415433375	26.059568370658432	0.0
81.0	26.017067239824776	24.051693518273968	23.8088299135102	26.12240932839106	0.0
82.0	25.997638151443674	24.010406705464128	23.905975355415706	26.085979787676493	0.0
83.0	26.095997911372997	23.93602972650522	23.979441595856745	25.988530766265033	0.0
84.0	26.136070406159025	23.9764058007972	23.95060154279105	25.93692225025273	0.0
85.0	26.141534837266207	23.919940012689622	23.896260811225154	26.042264338819017	0.0
86.0	25.99642383341985	23.904457457885933	23.970941369690017	26.1281773390042	0.0
87.0	26.015549342295003	24.011621023487947	23.924797284784898	26.048032349432155	0.0
88.0	26.146392109361482	23.926315182314674	23.88624268752865	26.041050020795197	0.0
89.0	26.229876473499026	23.892314277647746	23.84556303373072	26.032246215122512	0.0
90.0	26.03072831759274	23.976102221291246	23.89717154974302	26.095997911372997	0.0
91.0	26.04013928227733	23.99310267362471	23.88867132357629	26.07808672052167	0.0
92.0	26.11785563580174	23.933297510951633	23.98004875486866	25.968798098377977	0.0
93.0	25.986709289229303	23.984602447457977	23.846170192742626	26.182518070570094	0.0
94.0	25.990048663794806	23.906582514427615	23.962137564017326	26.14123125776025	0.0
95.0	26.141151898580468	23.810882685091865	24.010030236427003	26.037935179900668	0.0
96.0	26.079525445956943	23.972993649136015	23.965100605942855	25.98238029896419	0.0
97.0	26.022756250683056	23.83516897184005	24.11203264076939	26.03004213670751	0.0
98.0	25.91711090332843	24.027334215735085	23.95052883389394	26.10502604704254	0.0
99.0	26.038766867533887	23.87790106403971	23.980813891713847	26.102518176712557	0.0
100.0	26.152912068729982	23.884883350283086	23.98506397899243	25.977140601994503	0.0
101.0	25.858441735857074	24.11651310696559	23.884276194957575	26.140768962219763	0.0
102.0	26.026016605698153	23.979903158725584	24.02938631775474	25.964693917821524	0.0
103.0	25.921282312047477	24.020278987872075	24.153853159484527	25.90458554059592	0.0
104.0	25.998694616050148	23.967760052215358	23.941955950881134	26.091589380853357	0.0
105.0	26.089464337214068	23.965331430913313	23.87699033105144	26.06821390082118	0.0
106.0	26.016302120489975	24.055190419088962	23.785917032224766	26.142590428196293	0.0
107.0	25.99171232980677	23.986278289643447	23.933152198661222	26.088857181888557	0.0
108.0	26.09826808943398	23.925259179429577	23.983546090678647	25.992926640457796	0.0
109.0	26.131054477011585	23.9428666838694	23.96958151819189	25.956497320927124	0.0
110.0	26.139251073905985	23.914937538895888	23.914330383570377	26.031481003627754	0.0
111.0	25.990194441492996	23.910383873954554	23.987796177957225	26.111625506595225	0.0
112.0	26.017516431140997	24.00540368239705	23.927687800731622	26.049392085730332	0.0
113.0	26.140768962219763	23.92161624747651	23.89277636951473	26.044838420788995	0.0
114.0	26.232145838709187	23.87790106403971	23.856954205309574	26.032998891941535	0.0
115.0	26.01599854282722	23.97383160547047	23.91341965058211	26.0967502011202	0.0
116.0	26.037856134545624	23.98202820236487	23.906437364338732	26.073678298750778	0.0
117.0	26.128018700384025	23.949545392450023	23.973528027807713	25.948907879358234	0.0
118.0	25.980783533947573	23.979903158725584	23.866972268180508	26.17234103914634	0.0
119.0	26.005373324630774	23.899455078095354	23.970492251180158	26.124679346093714	0.0
120.0	26.153598620538915	23.803596799067407	23.975422277810836	26.067382302582846	0.0
121.0	26.09136501074668	23.964797027358504	23.95417177690617	25.989666184988646	0.0
122.0	26.03702444414761	23.82727592864689	24.122050734053015	26.01364889315248	0.0
123.0	25.947165183179315	24.02520916564462	23.93990358344161	26.087722067734454	0.0
124.0	26.022531670931958	23.905975355415706	23.99644204819021	26.075050925462122	0.0
125.0	26.13030239554588	23.878046040867872	24.006156592380762	25.985494971205487	0.0
126.0	25.86224169178787	24.149142539685432	23.864384963099912	26.124230805426784	0.0
127.0	26.03467485117015	23.967601995124515	24.043193292107237	25.954529861598104	0.0
128.0	25.943600999383733	24.00949596694626	24.155214129804527	25.89168890386548	0.0
129.0	25.997030992431764	23.956976712416097	23.93906552156477	26.106926773587368	0.0
130.0	26.08962274174795	23.94665500921364	23.89352859567156	26.070193653366847	0.0
131.0	26.009556711859673	24.051766534507987	23.831367144097484	26.107309609534855	0.0
132.0	25.986181018937348	24.009265274649213	23.93185226562073	26.072701440792713	0.0
133.0	26.069058475661954	23.942477580585425	23.97981797317563	26.008645970576982	0.0
134.0	26.114291959368796	23.961603147521874	23.990139707712764	25.933965185396566	0.0
135.0	26.159221862648067	23.894815453458087	23.9215305310836	26.024432152810245	0.0
136.0	25.984055955944406	23.92274485279385	23.9849788404442	26.10822035081754	0.0
137.0	26.025342894092933	23.992568351133265	23.9418704197303	26.0402183350435	0.0
138.0	26.15223951281413	23.913030279111844	23.88995816661708	26.044772041456945	0.0
139.0	26.245742284503432	23.864153830274255	23.86718963454988	26.02291425067243	0.0
140.0	26.026253635375618	23.945816965288614	23.913333859539406	26.11459553979636	0.0
141.0	26.040825495898627	23.984675260016637	23.889047425334393	26.085451818750343	0.0
142.0	26.132506785022557	23.926691398352165	23.96919265821094	25.97160915841434	0.0
143.0	26.025646474520496	23.954924378115493	23.876297047376763	26.14313209998725	0.0
144.0	26.002653300991803	23.903995434136508	23.98110509682727	26.11224616804442	0.0
145.0	26.128415300546447	23.826654523375833	23.996357012750455	26.04857316332726	0.0
146.0	26.087735276259867	23.962659380692166	23.977231329690348	25.97237401335762	0.0
147.0	26.03734061930783	23.815118397085612	24.134486945962355	26.013054037644203	0.0
148.0	25.97085610200364	24.0197328476017	23.9210686095932	26.08834244080146	0.0
149.0	26.043570392048526	23.880533579438858	24.001056472716893	26.074839555795727	0.0
150.0	26.144360317913286	23.867175878420635	23.988305939926775	26.000157863739304	0.0
151.0	25.865670101214945	24.159527380251248	23.872943976587592	26.101858541946214	0.0
152.0	26.028773789682358	23.97441385319235	24.039988220900614	25.956824136224675	0.0
153.0	25.932537333369766	24.025719724223354	24.151100343961847	25.890642598445034	0.0
154.0	25.98445037447214	23.970467247728426	23.97077083276411	26.07431154503532	0.0
155.0	26.08888362674827	23.941323084302528	23.90975024059114	26.06004304835806	0.0
156.0	25.98847587705983	24.06313373568592	23.827551032799427	26.120839354454823	0.0
157.0	26.00517310471287	23.994523309329804	23.909519241277977	26.090784344679353	0.0
158.0	26.090784344679353	23.924698539144373	23.98450497273798	26.000012143438294	0.0
159.0	26.1521087080596	23.92864515658964	23.96537905742632	25.953867077924443	0.0
160.0	26.140876027638466	23.89221484171028	23.935931219565507	26.030977911085746	0.0
161.0	25.99181532259044	23.908304897448662	23.969629260828913	26.130250519131987	0.0
162.0	26.024602605981855	23.98875517614057	23.930466672333605	26.056175545543965	0.0
163.0	26.18368164762171	23.893429185539595	23.875517614057244	26.047371552781456	0.0
164.0	26.247434698660577	23.85062356555635	23.8761247859719	26.02581694981117	0.0
165.0	26.0185308868353	23.937752735309477	23.938967079138788	26.10474929871644	0.0
166.0	26.052532514056033	23.972968706359516	23.911644342979272	26.062854436605182	0.0
167.0	26.13267920679061	23.90860848340599	24.001809372305676	25.956902937497723	0.0
168.0	26.01579861321935	23.978433253591422	23.871267410654653	26.134500722534575	0.0
169.0	25.991287056573416	23.89562683100836	23.97061279011521	26.14247332230301	0.0
170.0	26.126158946428895	23.826481356673163	24.020777549074968	26.026582147822975	0.0
171.0	26.102175510179297	23.940933957509852	23.982829073996488	25.974061458314356	0.0
172.0	26.025671384421088	23.830731585881953	24.132497859706007	26.011099169990953	0.0
173.0	25.966471763298664	23.999222815230393	23.94275548431362	26.09154993715733	0.0
174.0	26.047991450915625	23.89432651673386	23.992993151017632	26.06468888133288	0.0
175.0	26.11295963472094	23.879450624180308	23.99177879244183	26.01581094865692	0.0
176.0	25.859765871666585	24.146002331568468	23.88764754456696	26.10658425219799	0.0
177.0	26.027650944770976	23.968098800213728	24.04004954582989	25.96420070918541	0.0
178.0	25.925644824403747	24.010297760722786	24.141752076553164	25.9223053383203	0.0
179.0	25.995166852868312	23.94775829406907	23.98752853742653	26.06954631563608	0.0
180.0	26.06559965026473	23.93500752902317	23.914363433234563	26.085029387477533	0.0
181.0	25.956386179343088	24.063802593270612	23.84643174828699	26.133379479099304	0.0
182.0	26.01437197737643	23.988208542431337	23.925061704782465	26.07235777540977	0.0
183.0	26.106967099890404	23.9132216727233	23.98365468394704	25.99615654343926	0.0
184.0	26.14825541681467	23.936294555710386	23.975457738675313	25.939992288799633	0.0
185.0	26.158881086611352	23.887416474645633	23.940241233063443	26.013461205679572	0.0
186.0	25.97945906233018	23.896524191614223	23.976368510372172	26.14764823568343	0.0
187.0	26.026819190566837	23.981833140553324	23.92627606704494	26.065071601834898	0.0
188.0	26.20077658466686	23.880737482202	23.870718993536556	26.047766939594585	0.0
189.0	26.249654665731608	23.83094862944039	23.873754899192754	26.04564180563525	0.0
190.0	26.0216581509513	23.946920225507075	23.921418617995027	26.110003005546602	0.0
191.0	26.06719673579424	23.972725423584738	23.90411395575471	26.055963884866312	0.0
192.0	26.14582669228971	23.924150933085603	23.989119314128192	25.94090306049649	0.0
193.0	26.020140198123205	23.98669058960324	23.864040001092928	26.129129211180636	0.0
194.0	25.999271380430493	23.872613011931147	23.984031087768297	26.144084519870063	0.0
195.0	26.1350561190568	23.833825659023223	24.011123625864858	26.019994596055117	0.0
196.0	26.099535807206674	23.94038659457359	23.957084177067237	26.0029934211525	0.0
197.0	26.057943647177044	23.813181375212896	24.124363594412685	26.004511383197375	0.0
198.0	25.96261563075877	23.994122450962234	23.951315921296704	26.09194599698229	0.0
199.0	26.06842407259546	23.889528123453566	23.971802165841396	26.07024563810958	0.0
200.0	26.104261604272228	23.86461960696211	23.99273793729488	26.038380851470784	0.0
201.0	25.872166275528947	24.132843120884324	23.880551701524983	26.11443890206175	0.0
202.0	26.023013632085494	23.96575280080153	24.05197801864165	25.959255548471322	0.0
203.0	25.950158789917598	24.020087076383113	24.153980678029914	25.875773455669375	0.0
204.0	25.99069722252584	23.920950680705847	23.988049695777317	26.100302400990998	0.0
205.0	26.067670223037265	23.937794888299198	23.92443572725451	26.070099161409026	0.0
206.0	25.97515765567454	24.053534614415362	23.85648399760746	26.11482373230264	0.0
207.0	26.020858951587194	23.996295790256713	23.925855080384387	26.056990177771706	0.0
208.0	26.105596832520106	23.916416424014795	23.978660804561756	25.999325938903343	0.0
209.0	26.155102734838753	23.921565055276716	23.977130225934665	25.946201983949862	0.0
210.0	26.163763394171998	23.89043574896536	23.918977594651135	26.026823262211508	0.0
211.0	25.998439298109243	23.896653600089877	23.984708765132584	26.1201983366683	0.0
212.0	26.03094113896185	23.9400610320798	23.952510361789667	26.07648746716869	0.0
213.0	26.197814343711002	23.889788023526627	23.864281615041495	26.04811601772088	0.0
214.0	26.236681251878817	23.860637842400763	23.867925387682227	26.034755518038192	0.0
215.0	26.019889167236016	23.93319669019965	23.934107644424202	26.112806498140134	0.0
216.0	26.06469714775036	23.964605747011255	23.92300474615798	26.047692359080404	0.0
217.0	26.12967973302482	23.943046104233282	23.99861532435116	25.92865883839074	0.0
218.0	26.019610284315718	23.975986663306177	23.89642806171561	26.10797499066249	0.0
219.0	25.98904369162	23.90922783533956	23.982715269595637	26.1190132034448	0.0
220.0	26.129113562724143	23.83459811057767	23.987646785522323	26.048641541175865	0.0
221.0	26.12107316925039	23.9182520763426	23.984452103672886	25.976222650734123	0.0
222.0	26.046990443393735	23.83290667201132	24.11562673663305	26.004476147961896	0.0
223.0	25.95681102469807	23.99566348919061	23.936750107046223	26.1107753790651	0.0
224.0	26.102616274655695	23.89419499825379	23.97679821431283	26.026390512777688	0.0
225.0	26.12024380392431	23.900559096941517	23.97921532065318	25.999981778480997	0.0
226.0	25.866828638675877	24.15427833877458	23.883076455849974	26.095816566699565	0.0
227.0	26.013144148302924	23.945552613037247	24.094973152894873	25.946330085764963	0.0
228.0	25.95088559002891	24.04516630627566	24.14022449525013	25.863723608445298	0.0
229.0	25.979906823054915	23.98638183110312	23.956314955081908	26.077396390760054	0.0
230.0	26.10260397368693	23.92746290233428	23.932018489610225	26.037914634368565	0.0
231.0	25.981504259487036	24.03960335899655	23.850697766236923	26.128194615279487	0.0
232.0	26.017354013988903	23.990390601984444	23.903833129341162	26.088422254685494	0.0
233.0	26.135959837088734	23.907015449843435	23.97352843809888	25.98349627496895	0.0
234.0	26.157986010927637	23.933887510364244	23.98005205660016	25.92807442210796	0.0
235.0	26.15677115444774	23.87071497340983	23.915664663165856	26.056849208976573	0.0
236.0	25.96923357276275	23.902750148061532	24.01421390715403	26.113802372021684	0.0
237.0	26.027097702982203	23.96880210658673	23.947541859907123	26.056558330523945	0.0
238.0	26.189138377711835	23.914581884337483	23.856571430306968	26.03970830764371	0.0
239.0	26.246860259926436	23.853520305424194	23.874173492848833	26.025445941800534	0.0
240.0	26.01305482235661	23.954900418252453	23.946395647987558	26.08564911140338	0.0
241.0	26.02990224965523	23.981336913665	23.933646409846723	26.055114426833047	0.0
242.0	26.170643238612545	23.8934558202553	24.0158819848228	25.920018956309356	0.0
243.0	26.01360486348045	23.98138217878334	23.908770245513402	26.096242712222807	0.0
244.0	25.96483125138636	23.918030744547995	23.99976906645113	26.117368937614515	0.0
245.0	26.13435035631258	23.807150562958686	24.042362451187454	26.016136629541275	0.0
246.0	26.05477986542097	23.928504130372676	24.050682924753666	25.96603307945269	0.0
247.0	26.030407664530873	23.869591119648874	24.1334241145789	25.96657710124135	0.0
248.0	25.927051764126542	24.01108905594076	23.986466974493347	26.07539220543935	0.0
249.0	26.05215720725787	23.892366103590938	24.058340198256968	25.997136490894224	0.0
