# Position (bp)	A	C	G	T	N
0.0	26.261322087126153	23.756579003007946	23.74586653962061	26.23623237024529	0.0
1.0	26.32813402983139	23.789562113963697	23.672288830565478	26.210015025639432	0.0
2.0	26.350433277517492	23.68903246903348	23.74766729248065	26.212866960968377	0.0
3.0	26.266014573438007	23.70875674761455	23.818691773195585	26.20653690575186	0.0
4.0	26.392400603216217	23.7049878088312	23.699068397389823	26.203543190562765	0.0
5.0	26.21234712658581	23.810060684297905	23.744105618300555	26.233486570815728	0.0
6.0	26.225183481584196	23.775662055670175	23.772279906652688	26.226874556092945	0.0
7.0	26.24337341927338	23.68687309939378	23.83793518421965	26.23181829711319	0.0
8.0	26.263104497801827	23.68645023109007	23.784522601735993	26.26592266937211	0.0
9.0	26.32017967801114	23.696024032215792	23.767038553558194	26.21675773621487	0.0
10.0	26.275480013300047	23.712966980945993	23.660837564739097	26.35071544101486	0.0
11.0	26.138534628021393	23.761715029615143	23.812435542681314	26.28731479968215	0.0
12.0	26.18249240601207	23.75889722333369	23.727056012353263	26.331554358300973	0.0
13.0	26.20700732066072	23.68394357624702	23.788202408660812	26.32084669443145	0.0
14.0	26.310139030561924	23.727619573609555	23.697469046398	26.264772349430523	0.0
15.0	26.275480013300047	23.756079417052238	23.721420399790354	26.24702016985736	0.0
16.0	26.381711310110852	23.71212163906156	23.596591581521952	26.309575469305635	0.0
17.0	26.14473380184059	23.946844902306655	23.665909616045717	26.242511679807034	0.0
18.0	26.17403898716771	23.78679350552008	23.834132651048506	26.205034856263705	0.0
19.0	26.19545431490676	23.780030770444593	23.7887659699171	26.235748944731547	0.0
20.0	26.119091764679364	23.784257479866774	23.78200323484161	26.314647520612255	0.0
21.0	26.284215212772555	23.71183985843341	23.806799930118405	26.197144998675633	0.0
22.0	26.220177126803744	23.792643855649825	23.716281520596695	26.270897496949736	0.0
23.0	26.38248231127091	23.733470090479507	23.600470008763352	26.283577589486228	0.0
24.0	26.299639040032464	23.67598700431405	23.877741365561434	26.146632590092057	0.0
25.0	26.261316982588824	23.761366294059798	23.74530484351357	26.232011879837806	0.0
26.0	26.33091660162249	23.79010783714253	23.66189801260683	26.217077548628154	0.0
27.0	26.35486788752476	23.693457354031	23.741923485503836	26.2097512729404	0.0
28.0	26.271742836452166	23.713463722255256	23.812932003708223	26.201861437584355	0.0
29.0	26.397060481053174	23.699589729717545	23.695644823155472	26.207704966073802	0.0
30.0	26.21953968576001	23.805538648813148	23.742420143820024	26.232501521606817	0.0
31.0	26.22714771984401	23.7782060819188	23.76552602511215	26.229120173125043	0.0
32.0	26.242363788011993	23.68550077771015	23.832871215707492	26.23926421857037	0.0
33.0	26.254762065778497	23.688882126191928	23.7852505579225	26.271105250107073	0.0
34.0	26.320416582132957	23.697053718356216	23.762144676630374	26.22038502288046	0.0
35.0	26.268287459705597	23.719596041568046	23.660704222177138	26.35141227654922	0.0
36.0	26.136696647956537	23.755663758706973	23.815119136178176	26.292520457158314	0.0
37.0	26.177836387818125	23.762990013750816	23.727485854692183	26.33168774373887	0.0
38.0	26.20206938527085	23.683810103469263	23.788631906404273	26.325488604855618	0.0
39.0	26.31309032708911	23.722413831969522	23.701562182998583	26.26293365794279	0.0
40.0	26.275050156669145	23.756790874867566	23.72156849484908	26.246590473614212	0.0
41.0	26.38099907576475	23.71311512364464	23.591950136381055	26.313935664209552	0.0
42.0	26.13923265931787	23.94361037848561	23.673102499943642	26.24405446225288	0.0
43.0	26.172200807015173	23.78806834832398	23.838788575550595	26.200942269110257	0.0
44.0	26.18713509614301	23.78412344176191	23.796521719528414	26.23221974256667	0.0
45.0	26.11640855706589	23.787223011203533	23.780178535199838	26.316189896530734	0.0
46.0	26.28265819075314	23.711424449403758	23.796239940488267	26.209677419354836	0.0
47.0	26.214957352862445	23.80096311804536	23.716147865952454	26.26793166313974	0.0
48.0	26.378670513878987	23.74742525127575	23.597237446074686	26.276666788770576	0.0
49.0	26.304281056893846	23.678671359213727	23.86943523186123	26.147612352031196	0.0
50.0	26.25327919433964	23.761232385337387	23.751088368475777	26.234400051847196	0.0
51.0	26.3116072912939	23.797300000845333	23.67078156832136	26.220311139539405	0.0
52.0	26.349083798032623	23.69726872346001	23.74488924706035	26.208758231447014	0.0
53.0	26.266522771908964	23.719247426660168	23.81786981281471	26.19635998861616	0.0
54.0	26.38648595339401	23.709036602891036	23.690721068500096	26.213756375214853	0.0
55.0	26.219673701710388	23.80963115331511	23.73975034517738	26.23094479979712	0.0
56.0	26.22108258897123	23.777226746315762	23.771309419820223	26.230381244892786	0.0
57.0	26.228972357631942	23.69184817830877	23.833864014201584	26.245315449857703	0.0
58.0	26.247851446927218	23.696356617543465	23.78201696300262	26.2737749725267	0.0
59.0	26.320268252134465	23.69579306263913	23.765955648229028	26.217983036997378	0.0
60.0	26.26334920679647	23.724252585308122	23.662261545831104	26.3501366620643	0.0
61.0	26.12837780720787	23.755248105046633	23.811321818028123	26.30505226971738	0.0
62.0	26.1689537603201	23.760320099185662	23.730451689255826	26.34027445123841	0.0
63.0	26.204457719293302	23.6853672969089	23.781735185550453	26.328439798247345	0.0
64.0	26.30223449519569	23.72453436276029	23.709318380343205	26.26391276170081	0.0
65.0	26.266448758770323	23.768773422750712	23.724252585308122	26.240525233170843	0.0
66.0	26.375214855307277	23.710445490151876	23.595198512215052	26.31914114232579	0.0
67.0	26.140776015103274	23.947702104877568	23.6676153174223	26.243906562596862	0.0
68.0	26.169517315224432	23.791315618924173	23.84090845050579	26.198258615345598	0.0
69.0	26.184169742737183	23.776663191411423	23.797796500324043	26.241370565527344	0.0
70.0	26.118515596381975	23.790752064019838	23.777226746315762	26.31350559328243	0.0
71.0	26.283355405900423	23.71016371269971	23.798923610132718	26.207557271267152	0.0
72.0	26.215373170917267	23.79801122034653	23.723903959243824	26.26271164949238	0.0
73.0	26.37288632284279	23.752363401720526	23.595132026453193	26.27961824898349	0.0
74.0	26.308359468118383	23.678256140617822	23.85831142519816	26.155072966065635	0.0
75.0	26.255949009695932	23.76222558475701	23.74870030516412	26.233125100382935	0.0
76.0	26.311177234700235	23.80336497685205	23.664730861024935	26.22072692742279	0.0
77.0	26.352034850137084	23.696289846741674	23.743910101974972	26.207765201146266	0.0
78.0	26.264684086099678	23.71883197939649	23.814636043179455	26.201847891324377	0.0
79.0	26.397044734736202	23.70411280051396	23.687769800389976	26.211072664359865	0.0
80.0	26.210790888495655	23.811469404776663	23.739616559403988	26.238123147323694	0.0
81.0	26.232769405903767	23.774838542429812	23.768357697553057	26.224034354113364	0.0
82.0	26.233614733496385	23.686642696933152	23.836829232555257	26.242913337015207	0.0
83.0	26.248830630163546	23.70383102464975	23.78526424940545	26.26207409578125	0.0
84.0	26.31307552720264	23.697913731501412	23.76666704236782	26.222343698928125	0.0
85.0	26.25193016466982	23.72609131792207	23.66804548989552	26.353933027512593	0.0
86.0	26.12400392232003	23.75342357675011	23.816541370332384	26.30603113059748	0.0
87.0	26.166833853679428	23.7615950768121	23.72806374897152	26.34350732053695	0.0
88.0	26.203464716026286	23.68748802452577	23.771739007923536	26.337308251524405	0.0
89.0	26.31166664788161	23.71482028335381	23.715947386810633	26.25756568195395	0.0
90.0	26.27052737170745	23.76074974921948	23.721019352366355	26.24770352670672	0.0
91.0	26.36830359658713	23.711720748847537	23.603237041128004	26.31673861343733	0.0
92.0	26.138938043122977	23.943058733361138	23.675653438229094	26.24234978528679	0.0
93.0	26.172469370963558	23.786954904590694	23.848663818851932	26.191911905593813	0.0
94.0	26.194729664235883	23.772584335516157	23.796535283973714	26.23615071627425	0.0
95.0	26.12005906022114	23.79371752533165	23.772020783787745	26.314202630659466	0.0
96.0	26.283207285596745	23.71143897298333	23.798225939158957	26.20712780226097	0.0
97.0	26.21635253442587	23.80154018253389	23.720107187236717	26.262000095803522	0.0
98.0	26.3842904762844	23.74828469425996	23.59443550591305	26.27298932354259	0.0
99.0	26.31553735914769	23.67784092670185	23.853950345597124	26.15267136855334	0.0
100.0	26.265944946786778	23.761528122560886	23.74631226876833	26.226214661884008	0.0
101.0	26.319200435060708	23.792805155356685	23.669105899524645	26.218888510057965	0.0
102.0	26.366820421929994	23.685167078527893	23.74828469425996	26.19972780528216	0.0
103.0	26.265099621576084	23.72236138779858	23.815347160975282	26.197191829650063	0.0
104.0	26.405349202860574	23.69242647100261	23.696934859422814	26.205289466714003	0.0
105.0	26.209234306581685	23.816125378281967	23.742864066453645	26.231776248682703	0.0
106.0	26.23093092585392	23.781748916577907	23.765124234278403	26.22219592328977	0.0
107.0	26.241356574075642	23.687918082582403	23.831904737752684	26.238820605589275	0.0
108.0	26.24022947697059	23.708205830473325	23.78513020789306	26.266434484663026	0.0
109.0	26.317717402942854	23.698061956527862	23.76596955710719	26.218251083422096	0.0
110.0	26.263616741900396	23.720322124352624	23.65776823502229	26.358292898724688	0.0
111.0	26.125829120807904	23.755262134609207	23.81161698986176	26.307291754721128	0.0
112.0	26.170631230733683	23.762306491515776	23.726521158430405	26.340541119320136	0.0
113.0	26.210361403686733	23.676365337255632	23.773295688290023	26.33997757076761	0.0
114.0	26.31856272577164	23.711305347512216	23.71074179895969	26.259390127756454	0.0
115.0	26.27319706729333	23.75441681178042	23.72793002981172	26.244456091114532	0.0
116.0	26.376044678129247	23.71271421889353	23.598877411283368	26.312363691693857	0.0
117.0	26.140763157449832	23.938978962732534	23.674392917321793	26.245864962495848	0.0
118.0	26.180775104679142	23.784848433616798	23.834158931962783	26.200217529741277	0.0
119.0	26.196272689873595	23.774141011118815	23.797528276048624	26.23205802295897	0.0
120.0	26.11850298962507	23.793019887628418	23.774141011118815	26.314336111627696	0.0
121.0	26.281650295581215	23.706233410539486	23.79837359887741	26.21374269500189	0.0
122.0	26.21071703302122	23.799849532112496	23.72067073737718	26.2687626974891	0.0
123.0	26.385417576565327	23.740676767363684	23.59528083112375	26.27862482494724	0.0
124.0	26.3008850554956	23.685167078527893	23.853386795456657	26.160561070519844	0.0
125.0	26.2696080226998	23.76096457242042	23.748566469330193	26.220860935549588	0.0
126.0	26.314692033936986	23.79477758084831	23.678122701772082	26.212407683442617	0.0
127.0	26.359568544796723	23.68607914520474	23.744124973231294	26.210227336767243	0.0
128.0	26.258411009546567	23.717638041995876	23.823022215209132	26.200928733248425	0.0
129.0	26.40001127109809	23.68733973907408	23.700865056778156	26.211783933049677	0.0
130.0	26.205866606554146	23.817239144523654	23.746513004029417	26.230381244892786	0.0
131.0	26.230663022344952	23.775254304150582	23.75581165995097	26.238271013553494	0.0
132.0	26.236862126292653	23.691284623404435	23.83245512694074	26.239398123362168	0.0
133.0	26.23573501648398	23.707345938178026	23.784271182619968	26.272647862718024	0.0
134.0	26.314706852001613	23.695296275736922	23.76714972850666	26.22284714375481	0.0
135.0	26.26201431997047	23.718120313675545	23.658383325490504	26.361482040863482	0.0
136.0	26.115771410215586	23.75756926813736	23.80913468718388	26.31752463446317	0.0
137.0	26.16523005914559	23.76333875289881	23.728679833299047	26.342751354656553	0.0
138.0	26.19460897302232	23.67041810609604	23.790174873057826	26.344798047823808	0.0
139.0	26.319437791290724	23.71212163906156	23.71578478722745	26.25265578242027	0.0
140.0	26.265617691314958	23.75467051391151	23.729310257378426	26.250401537395106	0.0
141.0	26.375512136291658	23.713530542202285	23.600818290944133	26.310139030561924	0.0
142.0	26.13381799737943	23.93169618327064	23.67950181044564	26.25498400890429	0.0
143.0	26.178057680657112	23.77474393113262	23.845752849514632	26.201445538695634	0.0
144.0	26.20003663158488	23.773616805444018	23.793905067838878	26.232441495132225	0.0
145.0	26.115502204939627	23.790805472195217	23.771926116911114	26.321766205954038	0.0
146.0	26.27083779488509	23.70352002344428	23.795099243696534	26.2305429379741	0.0
147.0	26.20751064435321	23.79657520929433	23.729229069862463	26.26668507649	0.0
148.0	26.374044403366742	23.735710079096492	23.602426715283627	26.28781880225314	0.0
149.0	26.299653688680497	23.678789911041104	23.85574964143112	26.165806758847282	0.0
150.0	26.263021897357717	23.758534502920682	23.746981399503497	26.231462200218097	0.0
151.0	26.306134697914523	23.794039162202754	23.677380995990227	26.222445143892493	0.0
152.0	26.35523920627138	23.683646958707403	23.745357611825902	26.215756223195314	0.0
153.0	26.258587361432816	23.72591452933651	23.820312103741525	26.195186005489145	0.0
154.0	26.40470018034265	23.68208972046889	23.702096483318304	26.21111361587015	0.0
155.0	26.207168620378717	23.812838142470692	23.743800721370604	26.236192515779983	0.0
156.0	26.220412533814248	23.77254283137962	23.760426059513076	26.246618575293056	0.0
157.0	26.228584310189362	23.70012398557259	23.837353471596032	26.233938232642018	0.0
158.0	26.236192515779983	23.706605049594227	23.785504959422905	26.27169747520289	0.0
159.0	26.323620163492343	23.694836831708834	23.772609819121445	26.208933185677374	0.0
160.0	26.264445064374055	23.72470616745426	23.656513910375086	26.3543348577966	0.0
161.0	26.12045232318621	23.75964765455268	23.80811487859242	26.311785143668686	0.0
162.0	26.164276636693838	23.76344479918394	23.73413887065096	26.33813969347126	0.0
163.0	26.200419301389783	23.670803322850798	23.794508504378996	26.334268871380427	0.0
164.0	26.312571151613522	23.718707379479028	23.719834533752636	26.248886935154815	0.0
165.0	26.26861213494291	23.759848510465627	23.734769327877906	26.236770026713558	0.0
166.0	26.382454716577058	23.7127898195426	23.599792603613658	26.304962860266684	0.0
167.0	26.142444522719266	23.927861923212397	23.68016907361747	26.249524480450866	0.0
168.0	26.17907713983797	23.780204297287778	23.839661852765058	26.201056710109192	0.0
169.0	26.204156393096163	23.774568510038748	23.78809439943642	26.233180697428672	0.0
170.0	26.118492426910883	23.790348714336034	23.77682282493836	26.314336033814723	0.0
171.0	26.27129629107796	23.699679322801895	23.801969149613665	26.22705523650648	0.0
172.0	26.206558402583457	23.80485413091444	23.727643410459518	26.260944056042586	0.0
173.0	26.36886999010914	23.73666072087761	23.610418375024306	26.28405091398895	0.0
174.0	26.30546702623192	23.676921039357744	23.86487560338487	26.152736331025466	0.0
175.0	26.26545271125163	23.762867279280194	23.74765056794966	26.224029441518514	0.0
176.0	26.30208553482514	23.794709656694085	23.681711485517354	26.221493322963425	0.0
177.0	26.35429112468721	23.678960301179018	23.74969002908091	26.21705854505286	0.0
178.0	26.254536847088527	23.729119231722986	23.815629297324108	26.20071462386438	0.0
179.0	26.404035280525264	23.685293205962747	23.70051004593231	26.210161467579677	0.0
180.0	26.217206300898923	23.80392819905881	23.7481331191704	26.230732380871867	0.0
181.0	26.22875982754248	23.75968664581396	23.767295065798745	26.244258460844815	0.0
182.0	26.23101417420464	23.697692112604614	23.829571392340856	26.241722320849885	0.0
183.0	26.236931834192802	23.712908952574182	23.776312452447375	26.27384676078564	0.0
184.0	26.319571447491892	23.692686597025943	23.77891559984107	26.208826355641097	0.0
185.0	26.264621592756765	23.7231203627254	23.659998478311714	26.352259566206122	0.0
186.0	26.12090658806489	23.756372069693324	23.807658600779444	26.31506274146234	0.0
187.0	26.152614923337474	23.765523421450855	23.73959821566953	26.34226343954214	0.0
188.0	26.19974863751388	23.673161136879838	23.801660345031646	26.325429880574642	0.0
189.0	26.305422328428197	23.718812171354823	23.722475525973184	26.2532899742438	0.0
190.0	26.274142915917558	23.75403673499293	23.731774810773647	26.24004553831587	0.0
191.0	26.385170740504865	23.70669492146331	23.6013030270581	26.30683131097372	0.0
192.0	26.140363236723825	23.92628182548293	23.6774548067575	26.255900131035748	0.0
193.0	26.183196426810195	23.786792160399024	23.84033364800699	26.18967776478379	0.0
194.0	26.206867400278977	23.774393079058235	23.79327349837262	26.225466022290167	0.0
195.0	26.116692263255043	23.79440068758542	23.76706634917504	26.3218406999845	0.0
196.0	26.284153929392666	23.696683799990982	23.803203480770097	26.21595878984625	0.0
197.0	26.20419711268856	23.79678918343135	23.729439248385997	26.269574455494094	0.0
198.0	26.370458458616426	23.727748455037577	23.60995651843106	26.291836567914938	0.0
199.0	26.29972693687423	23.674206665670976	23.8632937218025	26.162772675652295	0.0
200.0	26.25886609762077	23.769172892073843	23.74409279073896	26.227868219566425	0.0
201.0	26.30141773022265	23.796225585648546	23.680124442390444	26.222232241738364	0.0
202.0	26.3502431931286	23.67765497573705	23.752331892397606	26.219769938736746	0.0
203.0	26.252740501941602	23.728097119443614	23.815455021952197	26.20370735666259	0.0
204.0	26.408442766161304	23.687651468184637	23.698641717860564	26.2052640477935	0.0
205.0	26.21230907963704	23.815307445189653	23.740911908921827	26.23147156625148	0.0
206.0	26.23034436115651	23.76965563884349	23.762892408273686	26.237107591726318	0.0
207.0	26.22837175224032	23.693569294933216	23.833342726709127	26.244716226117344	0.0
208.0	26.23626218790509	23.71554979428507	23.780364087245676	26.267823930564166	0.0
209.0	26.31270448262549	23.6939178659693	23.7821219132106	26.211255738194605	0.0
210.0	26.25521686078132	23.728297718248655	23.651083951654037	26.36540146931598	0.0
211.0	26.123615295089035	23.760423153985105	23.808047703454047	26.307913847471813	0.0
212.0	26.156451753805054	23.762529695060262	23.732658507511477	26.348360043623202	0.0
213.0	26.193441846833643	23.67692810604865	23.792749735103815	26.33688031201389	0.0
214.0	26.298836711229345	23.717507946885497	23.720607795838312	26.26304754604685	0.0
215.0	26.27065626620376	23.758651396622856	23.727934711544965	26.24275762562842	0.0
216.0	26.383941655206616	23.70708118222603	23.596613837725723	26.312363324841627	0.0
217.0	26.13884544391371	23.92498344394189	23.668822476786293	26.267348635358108	0.0
218.0	26.167307773597663	23.786617068943652	23.841569091600796	26.204506065857885	0.0
219.0	26.195770103281625	23.77590846965662	23.795353031519916	26.23296839554184	0.0
220.0	26.11601921911767	23.795353031519916	23.766608896591563	26.32201885277085	0.0
221.0	26.28320379649095	23.697633392888342	23.79851995468559	26.220642855935118	0.0
222.0	26.214798804011803	23.791823656556378	23.721935562049637	26.27144197738218	0.0
223.0	26.378246766971113	23.72672627820534	23.610058249472317	26.28496870535123	0.0
224.0	26.291732069335755	23.674028400492595	23.86086633056505	26.173373199606598	0.0
225.0	26.254533567420875	23.767870075777857	23.743916494999336	26.233679861801928	0.0
226.0	26.303849763141358	23.795768952214015	23.685018866967447	26.21536241767718	0.0
227.0	26.356340107988686	23.675222346217577	23.749901367330605	26.218536178463136	0.0
228.0	26.266443475026207	23.7282021800638	23.800063124908412	26.20529122000158	0.0
229.0	26.412005072565876	23.689446244892206	23.695646047625758	26.202902634916164	0.0
230.0	26.21952937861068	23.8097787797661	23.741580949697056	26.229110891926165	0.0
231.0	26.22770184585036	23.7762434831619	23.74918979850641	26.24686487248133	0.0
232.0	26.230801747217136	23.69649147527124	23.82865999718191	26.244046780329715	0.0
233.0	26.238128786811327	23.712836409750597	23.78272509511061	26.266309708327462	0.0
234.0	26.308937040825814	23.695149204309438	23.779128587089158	26.21678516777559	0.0
235.0	26.24778426880166	23.734320795606017	23.648086932751678	26.369808002840646	0.0
236.0	26.128578634855952	23.7543293062683	23.810409498124553	26.30668256075119	0.0
237.0	26.149579959813668	23.763481162303755	23.732200074961884	26.354738802920696	0.0
238.0	26.18798013786262	23.67928622557391	23.795956555801673	26.3367770807618	0.0
239.0	26.294223409591766	23.714512774555725	23.72324895870321	26.268014857149296	0.0
240.0	26.268709716511335	23.7666594331354	23.720721812478686	26.24390903787458	0.0
241.0	26.378327799917706	23.703405164395992	23.602789066947754	26.31547796873855	0.0
242.0	26.141709202727192	23.921566416852453	23.67212800559193	26.264596374828425	0.0
243.0	26.166664787525512	23.79528260403865	23.832207727780094	26.205844880655743	0.0
244.0	26.18867754338095	23.771859602439932	23.794409804828	26.24505304935112	0.0
245.0	26.108993730548914	23.79995264083713	23.773172161833024	26.31788146678093	0.0
246.0	26.28974966170501	23.6947451511051	23.79989851150203	26.21560667568787	0.0
247.0	26.213641502465485	23.800032140108318	23.727857861780617	26.25846849564558	0.0
248.0	26.380650036088056	23.729023818116204	23.606944695055937	26.283381450739807	0.0
249.0	26.293531216167448	23.672354294478527	23.86294433417539	26.171170155178636	0.0
