# Position (bp)	A	C	G	T	N
0.0	25.860268662072293	24.121642091763952	24.138113600465907	25.87997564569785	0.0
1.0	26.026160285427714	24.06369767722314	24.01428315111727	25.895858886231878	0.0
2.0	25.970274809474645	24.168703545198113	24.108111923901628	25.75290972142561	0.0
3.0	26.00562372789628	23.999670576608587	24.0052590091415	25.989446686353634	0.0
4.0	25.940740827887222	24.13808316519509	24.09308290048765	25.82809310643004	0.0
5.0	26.065805688806797	24.06492922079641	24.051693965605985	25.81757112479081	0.0
6.0	25.870709685009263	24.136937148907386	24.12870209699715	25.863651069086202	0.0
7.0	25.937897040139283	24.15298103618653	23.993576772857747	25.91554515081643	0.0
8.0	25.887954638362697	24.069548236442827	24.06366628139861	25.97883084379586	0.0
9.0	25.882346021392166	24.02545650249536	24.07868694324929	26.013510532863183	0.0
10.0	25.953940306496058	24.02209171354882	24.066792731379234	25.957175248575894	0.0
11.0	25.89688769163356	24.088260983363575	24.03738416701712	25.97746715798575	0.0
12.0	25.793075459435293	24.21736458091325	24.1053179506936	25.884242008957848	0.0
13.0	25.834541535185878	24.211188782397212	24.14678402644418	25.807485655972734	0.0
14.0	25.838364648552954	24.085908298214605	24.194425900710804	25.881301152521637	0.0
15.0	25.797780829733234	24.034443310580908	24.302355331919763	25.865420527766098	0.0
16.0	25.83512970647312	24.044442222464028	24.16384099377421	25.956587077288646	0.0
17.0	25.741904557445217	24.236186062105006	24.061793275437672	25.960116105012105	0.0
18.0	25.957175248575894	24.124433517528978	24.06620456009199	25.852186673803146	0.0
19.0	25.802780285674793	24.223246293785678	24.03767825266074	25.936295167878793	0.0
20.0	25.923355399559462	24.145901769513316	24.02767934077762	25.903063490149602	0.0
21.0	25.91894411490514	24.1053179506936	24.028267512064865	25.947470422336394	0.0
22.0	25.87894846737267	24.031796539788317	24.1679581927849	25.92129680005411	0.0
23.0	25.853068930734008	24.14384317000797	24.08973141158168	25.913356487676342	0.0
24.0	25.946294079761905	24.119728147231037	24.07649755761873	25.857480215388325	0.0
25.0	25.797192658445994	24.12884480218329	24.14384317000797	25.930119369362746	0.0
26.0	26.012169263933043	24.107082464555326	24.045912650682133	25.834835620829498	0.0
27.0	25.951293535703467	24.20589524081203	24.129432973470536	25.713378250013967	0.0
28.0	25.999523581257332	24.03473739622453	24.026797083846755	25.938941938671377	0.0
29.0	25.928354855501016	24.14913671159315	24.102671179901012	25.819837253004817	0.0
30.0	26.02981440255031	24.098553980890316	24.080026585342186	25.79160503121719	0.0
31.0	25.834541535185878	24.1720753917956	24.151783482385742	25.841599590632786	0.0
32.0	25.906298432229434	24.16178239426886	24.041501366027816	25.89041780747389	0.0
33.0	25.850716245585037	24.092378182374272	24.109141064060676	25.947764507980015	0.0
34.0	25.86630278469696	24.02914976899573	24.08737872643271	26.0171687198746	0.0
35.0	25.937471510453275	24.050029849692827	24.091495925443407	25.92100271441049	0.0
36.0	25.873360840143867	24.1053179506936	24.061205104150428	25.960116105012105	0.0
37.0	25.761608295567832	24.27265268191403	24.124433517528978	25.841305504989165	0.0
38.0	25.806603399041865	24.246184973988125	24.166781850210416	25.78042977675959	0.0
39.0	25.818366824786715	24.122669003667248	24.205307069524785	25.85365710202125	0.0
40.0	25.75807926784438	24.049441678405586	24.323823583904105	25.86865546984593	0.0
41.0	25.819249081717576	24.059440590288702	24.192367301205454	25.92894302678826	0.0
42.0	25.734258330711068	24.265006455179876	24.06620456009199	25.934530654017063	0.0
43.0	25.928648941144637	24.145313598226075	24.08914324029444	25.836894220334845	0.0
44.0	25.75925561041887	24.25794839973297	24.075615300687865	25.9071806891603	0.0
45.0	25.880712981234392	24.170016792290248	24.06885133088458	25.880418895590772	0.0
46.0	25.88894737925579	24.140314142284517	24.067086817022854	25.903651661436843	0.0
47.0	25.86894955548955	24.03885459523522	24.196484500216155	25.895711349059074	0.0
48.0	25.81424962577602	24.155606595752815	24.10472977940636	25.925413999064805	0.0
49.0	25.914532830250824	24.142960913077104	24.11472869128948	25.827777565382593	0.0
50.0	25.763372809429562	24.162664651199723	24.186191502689415	25.8877710366813	0.0
51.0	25.946882251049153	24.12913888782691	24.077967985836835	25.8460108752871	0.0
52.0	25.916003258468933	24.214717810120664	24.163546908130588	25.705732023279822	0.0
53.0	25.965703732240904	24.04885350711834	24.057676076426976	25.927766684213776	0.0
54.0	25.89953446242615	24.172369477439222	24.14619585515694	25.781900204977692	0.0
55.0	25.99099509759232	24.127668459608806	24.117375462082066	25.763960980716803	0.0
56.0	25.826895308451725	24.163546908130588	24.172369477439222	25.837188305978465	0.0
57.0	25.885712437175957	24.177074847737156	24.05091210662369	25.8863006084632	0.0
58.0	25.83336519261139	24.11825771901293	24.116199119507584	25.932177968868093	0.0
59.0	25.837188305978465	24.04855942147472	24.10825880712981	26.005993465417	0.0
60.0	25.89953446242615	24.069733587815442	24.12590394574708	25.90482800401133	0.0
61.0	25.852774845090387	24.11884589030017	24.063263703655778	25.96511556095366	0.0
62.0	25.75513841140817	24.27382902448851	24.1359028576302	25.83512970647312	0.0
63.0	25.776606663392513	24.275005367062995	24.186485588333035	25.761902381211456	0.0
64.0	25.79336954507892	24.13825554277917	24.21707049526963	25.851304416872285	0.0
65.0	25.751903469328337	24.053558877416283	24.36146654628761	25.83307110696777	0.0
66.0	25.80395662824928	24.077967985836835	24.202072127444954	25.916003258468933	0.0
67.0	25.723965333184328	24.256477971514865	24.102965265544633	25.916591429756174	0.0
68.0	25.921590885697732	24.15472433882195	24.095613124454104	25.828071651026214	0.0
69.0	25.75778518220076	24.26824139725971	24.09708355267221	25.87688986786732	0.0
70.0	25.893358663910103	24.19883718536512	24.090613668512546	25.817190482212233	0.0
71.0	25.88688877975044	24.16766410714128	24.06532230316113	25.88012480994715	0.0
72.0	25.851892588159526	24.052970706129038	24.221187694280328	25.873949011431108	0.0
73.0	25.809250169834456	24.15707702397092	24.14884262594953	25.88483018024509	0.0
74.0	25.90747477480392	24.145901769513316	24.150607139811257	25.796016315871505	0.0
75.0	25.75925561041887	24.17472216258819	24.220011351705846	25.8460108752871	0.0
76.0	25.942470966394833	24.150901225454877	24.081202927916667	25.825424880233623	0.0
77.0	25.91041563124013	24.220305437349467	24.179133447242506	25.690145484167896	0.0
78.0	25.96482147531004	24.057087905139735	24.070615844746307	25.90747477480392	0.0
79.0	25.895711349059074	24.197072671503395	24.14854854030591	25.75866743913162	0.0
80.0	25.984525213432658	24.145313598226075	24.11766954772569	25.75249164061558	0.0
81.0	25.79366363072254	24.186191502689415	24.192073215561834	25.828071651026214	0.0
82.0	25.871302240638517	24.197366757147016	24.069733587815442	25.861597414399025	0.0
83.0	25.826013051520864	24.152665739316603	24.126492117034324	25.89482909212821	0.0
84.0	25.813367368845153	24.066498645735614	24.141784570502622	25.978349414916615	0.0
85.0	25.8863006084632	24.099436237821177	24.14913671159315	25.865126442122477	0.0
86.0	25.832777021324148	24.11796363336931	24.08884915465082	25.960410190655725	0.0
87.0	25.711613736152245	24.281181165579042	24.182074303678718	25.825130794590002	0.0
88.0	25.775430320818028	24.279122566073692	24.194719986354425	25.75072712675385	0.0
89.0	25.79366363072254	24.16442916506145	24.218540923487737	25.823366280728273	0.0
90.0	25.754256154477307	24.06385187494302	24.357937518564157	25.823954452015517	0.0
91.0	25.807485655972734	24.083261527422014	24.22383446507292	25.885418351532337	0.0
92.0	25.719554048530014	24.25471345765314	24.1053179506936	25.92041454312325	0.0
93.0	25.891888235691994	24.16178239426886	24.124433517528978	25.821895852510167	0.0
94.0	25.743669071306947	24.253831200722274	24.134432429412094	25.86806729855869	0.0
95.0	25.89835811985166	24.178545275955262	24.113258263071373	25.8098383411217	0.0
96.0	25.86983181242041	24.1873678452639	24.0900254972253	25.852774845090387	0.0
97.0	25.87453718271835	24.052970706129038	24.230304349232583	25.842187761920027	0.0
98.0	25.79336954507892	24.190896872987352	24.165311421992314	25.850422159941417	0.0
99.0	25.893946835197347	24.14619585515694	24.155900681396435	25.80395662824928	0.0
100.0	25.744257242594188	24.172663563082843	24.245596802700884	25.83748239162209	0.0
101.0	25.924825827777564	24.15443025317833	24.09443678187962	25.826307137164484	0.0
102.0	25.893946835197347	24.229422092301718	24.191485044274593	25.68514602822634	0.0
103.0	25.968056417389874	24.060911018506808	24.060322847219567	25.91070971688375	0.0
104.0	25.885418351532337	24.17825119031164	24.176780762093536	25.75954969606249	0.0
105.0	25.97364404461867	24.156194767040056	24.122669003667248	25.74749218467402	0.0
106.0	25.776606663392513	24.183250646253203	24.20354255566306	25.836600134691224	0.0
107.0	25.865420527766098	24.19560224328529	24.081497013560288	25.857480215388325	0.0
108.0	25.817190482212233	24.160017880407132	24.15472433882195	25.86806729855869	0.0
109.0	25.823366280728273	24.075321215044244	24.120610404161898	25.980702100065585	0.0
110.0	25.89247640697924	24.085320126927364	24.1679581927849	25.85424527330849	0.0
111.0	25.808367912903595	24.121786746736383	24.102083008613768	25.967762331746254	0.0
112.0	25.731905645562104	24.29441501954199	24.166487764566796	25.807191570329113	0.0
113.0	25.75513841140817	24.291474163105782	24.225304893291025	25.728082532195025	0.0
114.0	25.79366363072254	24.14384317000797	24.257066142802106	25.805427056467384	0.0
115.0	25.732493816849345	24.082673356134773	24.376170828468666	25.808661998547215	0.0
116.0	25.79042868864271	24.083555613065638	24.231186606163448	25.89482909212821	0.0
117.0	25.69249816931687	24.249125830424337	24.12796254525243	25.930413455006367	0.0
118.0	25.91012154559651	24.155312510109194	24.123551260598113	25.811014683696186	0.0
119.0	25.76543140893491	24.242950031908293	24.139431885353652	25.852186673803146	0.0
120.0	25.872184497569386	24.18472107447131	24.122374918023624	25.820719509935685	0.0
121.0	25.873654925787488	24.183838817540444	24.092672268017893	25.849833988654176	0.0
122.0	25.883359752026987	24.056499733852494	24.218246837844116	25.841893676276406	0.0
123.0	25.80101577181307	24.189426444769246	24.16707593585404	25.842481847563647	0.0
124.0	25.914532830250824	24.158253366545406	24.13884371406641	25.78837008913736	0.0
125.0	25.73984595793987	24.155900681396435	24.267065054685226	25.837188305978465	0.0
126.0	25.91865002926152	24.155606595752815	24.08943732593806	25.836306049047604	0.0
127.0	25.906592517873055	24.217658666556872	24.176780762093536	25.698968053476534	0.0
128.0	25.958645676793996	24.060028761575946	24.0691454165282	25.912180145101853	0.0
129.0	25.885418351532337	24.190014616056487	24.162958736843343	25.761608295567832	0.0
130.0	25.994818210959398	24.153253910603848	24.121198575449142	25.730729302987616	0.0
131.0	25.786605575275633	24.192073215561834	24.200895784870468	25.820425424292065	0.0
132.0	25.86983181242041	24.19589632892891	24.07914432841132	25.855127530239358	0.0
133.0	25.826895308451725	24.145607683869695	24.15384208189109	25.873654925787488	0.0
134.0	25.821895852510167	24.08384969870926	24.109435149704296	25.98481929907628	0.0
135.0	25.89659360598994	24.06885133088458	24.188838273482002	25.84571678964348	0.0
136.0	25.836306049047604	24.096201295741345	24.10002440910842	25.967468246102634	0.0
137.0	25.717495449024664	24.287651049738702	24.170899049221113	25.823954452015517	0.0
138.0	25.765137323291288	24.281181165579042	24.222364036854813	25.731317474274856	0.0
139.0	25.806015227754624	24.13796145713555	24.24412637448278	25.81189694062705	0.0
140.0	25.729847046056754	24.096495381384965	24.360290203713124	25.813367368845153	0.0
141.0	25.817778653499474	24.07914432841132	24.235891976461385	25.86718504162782	0.0
142.0	25.707790622785165	24.253537115078654	24.115905033863964	25.92276722827222	0.0
143.0	25.89659360598994	24.170310877933872	24.12855071653967	25.804544799536522	0.0
144.0	25.78366471883942	24.256477971514865	24.12531577445984	25.834541535185878	0.0
145.0	25.873654925787488	24.1985430997215	24.112670091784132	25.815131882706883	0.0
146.0	25.873949011431108	24.18472107447131	24.08737872643271	25.85395118766487	0.0
147.0	25.873066754500247	24.059440590288702	24.231480691807068	25.836011963403983	0.0
148.0	25.796604487158753	24.17531033387543	24.165605507635934	25.862479671329886	0.0
149.0	25.922473142628593	24.1470781120878	24.13854962842279	25.79189911686081	0.0
150.0	25.73661101586004	24.170899049221113	24.258536571020212	25.833953363898633	0.0
151.0	25.955410734714164	24.1359028576302	24.075027129400624	25.833659278255013	0.0
152.0	25.89894629113891	24.236186062105006	24.17825119031164	25.686616456444444	0.0
153.0	25.982172528283687	24.034149224937288	24.062969618012158	25.92070862876687	0.0
154.0	25.87865438172905	24.186485588333035	24.162076479912482	25.77278355002544	0.0
155.0	26.00569937977338	24.131785658619503	24.13913779971003	25.723377161897087	0.0
156.0	25.776900749036137	24.191485044274593	24.236186062105006	25.795428144584264	0.0
157.0	25.86395009954799	24.181780218035094	24.070321759102686	25.883947923314228	0.0
158.0	25.818660910430335	24.140608227928137	24.142372741789863	25.89835811985166	0.0
159.0	25.834835620829498	24.07620347197511	24.10825880712981	25.980702100065585	0.0
160.0	25.913944658963583	24.043854051176783	24.18236838932234	25.859832900537295	0.0
161.0	25.839246905483815	24.080908842273047	24.08384969870926	25.99599455353388	0.0
162.0	25.74778627031764	24.295003190829235	24.15766519525816	25.79954534359496	0.0
163.0	25.78954643171184	24.26559462646712	24.20618932645565	25.73866961536539	0.0
164.0	25.806015227754624	24.12855071653967	24.239715089828458	25.825718965877243	0.0
165.0	25.738375529721765	24.09767172395945	24.348232692324657	25.815720053994124	0.0
166.0	25.824836708946382	24.056205648208874	24.226481235865506	25.89247640697924	0.0
167.0	25.730141131700375	24.22471672200378	24.10767063584257	25.937471510453275	0.0
168.0	25.891594150048373	24.157959280901782	24.13384425812485	25.816602310924985	0.0
169.0	25.809250169834456	24.235597890817765	24.10502386504998	25.850128074297796	0.0
170.0	25.882477495096122	24.15942970911989	24.114140520002238	25.84395227578175	0.0
171.0	25.8821834094525	24.18266247496596	24.085320126927364	25.849833988654176	0.0
172.0	25.90482800401133	24.035913738799014	24.21736458091325	25.841893676276406	0.0
173.0	25.804250713892902	24.162370565556103	24.175604419519054	25.857774301031945	0.0
174.0	25.930119369362746	24.120904489805522	24.136785114561064	25.81219102627067	0.0
175.0	25.74808035596126	24.16472325070507	24.258830656663832	25.828365736669834	0.0
176.0	25.97276178768781	24.120022232874657	24.066792731379234	25.840423248058297	0.0
177.0	25.927472598570155	24.20324847001944	24.168840449715766	25.700438481694636	0.0
178.0	25.989230583730595	24.002976146713443	24.061793275437672	25.945999994118285	0.0
179.0	25.89453500648459	24.1720753917956	24.16501733634869	25.76837226537112	0.0
180.0	25.97746715798575	24.096201295741345	24.159135623476267	25.76719592279664	0.0
181.0	25.7889582604246	24.158841537832647	24.230892520519827	25.821307681222926	0.0
182.0	25.863067842617127	24.163252822486964	24.071204016033548	25.90247531886236	0.0
183.0	25.86424418519161	24.10825880712981	24.114140520002238	25.913356487676342	0.0
184.0	25.85659795845746	24.054735219990768	24.11855180465655	25.970115016895218	0.0
185.0	25.937471510453275	24.036207824442634	24.156488852683676	25.86983181242041	0.0
186.0	25.84970193894086	24.080745579079554	24.066335128267717	26.003217353711864	0.0
187.0	25.754122418250102	24.249847807993977	24.151033288141374	25.844996485614548	0.0
188.0	25.797941952351405	24.239848719675557	24.202499183897938	25.7597101440751	0.0
189.0	25.831250183807313	24.13257653736435	24.20374672822986	25.832426550598477	0.0
190.0	25.7636090933153	24.034938093697615	24.35079257712555	25.85066023586154	0.0
191.0	25.865364820751108	24.048172220098227	24.19698261918066	25.88948033997	0.0
192.0	25.728687847213035	24.210287946028135	24.094709568889712	25.966314637869125	0.0
193.0	25.902496551764703	24.143823026859472	24.11500195571554	25.83867846566028	0.0
194.0	25.81985654164792	24.222639833661248	24.093827291201634	25.863676333489206	0.0
195.0	25.891321034382365	24.166762246749542	24.097062309391255	25.844854409476838	0.0
196.0	25.912495698896272	24.1511753409268	24.071476256436952	25.864852703739977	0.0
197.0	25.92896488240709	24.02030415052834	24.193524669954623	25.857206297109954	0.0
198.0	25.851912630981477	24.136470712792143	24.1511753409268	25.860441315299575	0.0
199.0	25.98278382137994	24.07618173744004	24.116178325966313	25.824856115213702	0.0
200.0	25.800009999205948	24.116614268866883	24.237781117381854	25.845594614545313	0.0
201.0	25.99602970369826	24.082052790236013	24.059995588559666	25.861921917506063	0.0
202.0	25.95426806852437	24.1702815969414	24.13851922652746	25.736931108006765	0.0
203.0	26.00838173663701	23.99735313579884	24.053231380045585	25.941033747518567	0.0
204.0	25.971325637820748	24.139695610616865	24.122932137342843	25.766046614219544	0.0
205.0	26.01891664558935	24.07666652941903	24.135192842731858	25.769223982259764	0.0
206.0	25.805113907074418	24.14400583505385	24.21723811372473	25.833642144147007	0.0
207.0	25.887615731209486	24.138559815535924	24.057386209898475	25.916438243356115	0.0
208.0	25.87555733327059	24.098561227250805	24.095326047315975	25.93055539216263	0.0
209.0	25.90526216721763	24.011211369010503	24.114737126924933	25.968789336846935	0.0
210.0	25.934095668337214	24.014729065198466	24.145902449354136	25.905272817110188	0.0
211.0	25.869193732922746	24.068011964741075	24.03918835055397	26.023605951782216	0.0
212.0	25.773168586781647	24.242566846178054	24.149036609146552	25.835227957893746	0.0
213.0	25.804943042945	24.234616595047545	24.18961566855788	25.770824693449573	0.0
214.0	25.827382142899165	24.11232161135099	24.19497158723249	25.86532465851736	0.0
215.0	25.77959092433218	24.017459542451746	24.328942956474677	25.874006576741394	0.0
216.0	25.86827615417196	24.05877923666996	24.15643089086545	25.916513718292627	0.0
217.0	25.757758476159104	24.19326848695376	24.06767397193389	25.981299064953244	0.0
218.0	25.931449110391462	24.116053544168643	24.107817789817666	25.844679555622225	0.0
219.0	25.861455333743166	24.18398891689732	24.072804925039044	25.88175082432047	0.0
220.0	25.920282842662886	24.13339725922636	24.07662871311883	25.86969118499193	0.0
221.0	25.932342481991427	24.118102106907234	24.0410380702224	25.90851734087894	0.0
222.0	25.947060501863383	23.989846252496523	24.172507816797218	25.890585428842876	0.0
223.0	25.852793326489614	24.10470304820117	24.137941177335716	25.904562447973507	0.0
224.0	25.990746269534753	24.05234564124587	24.087054484058935	25.869853605160444	0.0
225.0	25.80676473443167	24.113963331950856	24.214266594895417	25.865005338722057	0.0
226.0	26.004429815659662	24.063370483779405	24.037779915227564	25.894419785333366	0.0
227.0	25.953336235601416	24.147262651339556	24.150204139261806	25.74919697379723	0.0
228.0	26.02232014166289	23.94708820397574	24.040333919673376	25.990257734687994	0.0
229.0	25.984833331372297	24.09429455576604	24.11047312005083	25.810398992810835	0.0
230.0	26.02080888127995	24.07052781136105	24.08229421298952	25.826369094369483	0.0
231.0	25.838875831374708	24.096261498048236	24.193629044356655	25.871233626220402	0.0
232.0	25.91609868597164	24.122877978037753	24.00903670278014	25.95198663321047	0.0
233.0	25.91242701025166	24.06212769712748	24.068599332244922	25.95684596037594	0.0
234.0	25.930959419906163	23.987703893276855	24.09154422038859	25.98979246642839	0.0
235.0	25.974060357177525	23.99990586657175	24.10374680461136	25.922286971639362	0.0
236.0	25.906347077096864	24.038642568012804	23.998929210204274	26.05608114468606	0.0
237.0	25.824272804292576	24.207792054975055	24.09688882613198	25.87104631460039	0.0
238.0	25.85229529174695	24.2005089208231	24.140203274155354	25.806992513274597	0.0
239.0	25.857230269583333	24.092759728416272	24.170716496240424	25.879293505759975	0.0
240.0	25.804012708872676	23.990350670746057	24.31483878559661	25.890797834784657	0.0
241.0	25.87978135646075	24.01607465417723	24.151991386056473	25.95215260330554	0.0
242.0	25.786331902524555	24.134380304853472	24.066419339748926	26.012868452873043	0.0
243.0	25.940375002574356	24.085956968557568	24.095665963500064	25.878002065368015	0.0
244.0	25.872716520490634	24.169209178344566	24.055347806771074	25.902726494393725	0.0
245.0	25.93695384814551	24.11924278711773	24.05127722300355	25.892526141733207	0.0
246.0	25.966486693245848	24.08485722272079	24.00835625910288	25.940299824930484	0.0
247.0	25.990954806399312	23.965937813558373	24.133070863824816	25.910036516217495	0.0
248.0	25.923680834284774	24.08426417448416	24.095151779093445	25.896903212137616	0.0
249.0	25.94192492849492	24.039536717710895	24.078378982803468	25.940159370990713	0.0
