# Position (bp)	A	C	G	T	N
0.0	26.15329608431256	23.82726594268494	23.697868633354428	26.32156933964807	0.0
1.0	26.289220012315447	23.80541595843395	23.6672219021972	26.238142127053404	0.0
2.0	26.20185350184726	23.708195474640622	23.829927301412543	26.260023722099575	0.0
3.0	26.22526139571836	23.759558500148962	23.750762551959937	26.26441755217274	0.0
4.0	26.218889380681627	23.78877123693439	23.776854720642813	26.215484661741172	0.0
5.0	26.328481856611912	23.75209237665617	23.7884075240446	26.131018242687322	0.0
6.0	26.146854059452007	23.70987783911985	23.88889204110234	26.2543760603258	0.0
7.0	26.11974172463489	23.897563632649817	23.753730581119573	26.228964061595722	0.0
8.0	26.23517730496454	23.74354609929078	23.916028368794326	26.105248226950355	0.0
9.0	26.258396877269423	23.878052378358753	23.72458242556282	26.138968318809003	0.0
10.0	26.144515770333786	23.770526680074546	23.762867735704013	26.32208981388765	0.0
11.0	26.228480493803346	23.78329158735877	23.785277239602983	26.2029506792349	0.0
12.0	26.266491551049704	23.758045437396643	23.773646990744023	26.201816020809638	0.0
13.0	26.251740991521267	23.83917351480304	23.721452703181868	26.18763279049383	0.0
14.0	26.243231053331783	23.679470341447086	23.81506202326617	26.262236581954962	0.0
15.0	26.328330435226604	23.698192205463947	23.82896158897566	26.144515770333786	0.0
16.0	26.218268567975965	23.81931699236091	23.741876554836626	26.220537884826495	0.0
17.0	26.17883918769803	23.777901959838765	23.768541027830334	26.274717824632866	0.0
18.0	26.29599267010657	23.606568537623854	23.80485009743879	26.292588694830783	0.0
19.0	26.343364659361356	23.78839755027246	23.624439407821768	26.243798382544416	0.0
20.0	26.316983850973962	23.68202332290393	23.683441645935513	26.317551180186594	0.0
21.0	26.240961736481257	23.62869437691651	23.789248544091407	26.34109534251083	0.0
22.0	26.30790658357185	23.794921836217732	23.606568537623854	26.290603042586568	0.0
23.0	26.28578074427919	23.746415188537682	23.77166133849981	26.196142728683313	0.0
24.0	26.22244915326355	23.728193345247213	23.835985589878874	26.213371911610363	0.0
25.0	26.1484129010297	23.83513459847389	23.69642299946104	26.320029501035375	0.0
26.0	26.298187388307376	23.801378606076078	23.6689076106998	26.23152639491674	0.0
27.0	26.194366436898985	23.71145718094914	23.83399994326724	26.260176438884635	0.0
28.0	26.221314498056902	23.764502311859985	23.752304768388505	26.261878421694608	0.0
29.0	26.21592488582532	23.78294045896803	23.778401838141434	26.222732817065214	0.0
30.0	26.34016963095339	23.742376535330326	23.78294045896803	26.13451337474825	0.0
31.0	26.147278245823053	23.712024508552464	23.881088134343177	26.259609111281307	0.0
32.0	26.122032167475105	23.90406490227782	23.748333475165236	26.22556945508184	0.0
33.0	26.24109652768125	23.734082960080105	23.91619460416247	26.10862590807617	0.0
34.0	26.262938578451255	23.87477980659857	23.72046713622348	26.141814478726694	0.0
35.0	26.13784319676851	23.781738343578297	23.759896292808293	26.3205221668449	0.0
36.0	26.22748070382463	23.776065083638034	23.788546255506606	26.20790795703073	0.0
37.0	26.264073230439312	23.75592501085011	23.772661127673878	26.2073406310367	0.0
38.0	26.24903909159762	23.844711528915187	23.71763050625335	26.188618873233843	0.0
39.0	26.230600996791768	23.684158272605814	23.81577790321986	26.269462827382554	0.0
40.0	26.324493448803082	23.695221129489322	23.83478332401973	26.14550209768786	0.0
41.0	26.20989359800982	23.82428779313025	23.73521761206816	26.230600996791768	0.0
42.0	26.184080265281633	23.779185376605177	23.75847797782323	26.27825638028996	0.0
43.0	26.297545464086845	23.60444897044515	23.809253654288558	26.288751911179443	0.0
44.0	26.338392935656724	23.800460101381155	23.634517248128535	26.22662971483359	0.0
45.0	26.30889198396737	23.690115195543086	23.679052338659577	26.321940481829962	0.0
46.0	26.239678212696187	23.631113292164375	23.79421951544687	26.334988979692564	0.0
47.0	26.303786050021134	23.79875812339908	23.60728560041528	26.290170226164506	0.0
48.0	26.287049933197366	23.74656413194868	23.776065083638034	26.19032085121592	0.0
49.0	26.221165738145757	23.734015635460043	23.83783599786686	26.206982628527335	0.0
50.0	26.14826455470709	23.835283038135547	23.696855888259787	26.319596518897576	0.0
51.0	26.288393677737055	23.80379653478266	23.673311926293216	26.234497861187066	0.0
52.0	26.190813883562342	23.71160632226294	23.835283038135547	26.262296756039166	0.0
53.0	26.221449400338127	23.766069463197667	23.752453677963985	26.260027458500225	0.0
54.0	26.209535588258653	23.784223843509242	23.780536235008455	26.22570433322365	0.0
55.0	26.329524695630468	23.747347758501355	23.787060465432923	26.13606708043525	0.0
56.0	26.137201729204723	23.723520134342415	23.883505610838167	26.255772525614695	0.0
57.0	26.11848002450841	23.905914924035265	23.745929447539517	26.229675603916807	0.0
58.0	26.242082301515033	23.741039845915136	23.910102033001166	26.106775819568668	0.0
59.0	26.26420788975784	23.873509713984223	23.716361305182776	26.145921091075163	0.0
60.0	26.133723651402846	23.787276652114837	23.75749220640337	26.321507490078943	0.0
61.0	26.22336064992497	23.78699299072711	23.778483149095262	26.211163210252657	0.0
62.0	26.25626537090145	23.76061248166838	23.774795551054794	26.208326596375375	0.0
63.0	26.248606513432787	23.848831173251867	23.710971738815942	26.191590574499408	0.0
64.0	26.231303168781363	23.686009536695856	23.81082054729628	26.271866747226504	0.0
65.0	26.330017331710792	23.707000479387748	23.823585309744054	26.139396879157413	0.0
66.0	26.209744903314014	23.823301648356324	23.731111697344645	26.23584175098501	0.0
67.0	26.187902976458943	23.77905047187072	23.76259811138248	26.270448440287858	0.0
68.0	26.28519883244973	23.603747734254664	23.813089838398106	26.2979635948975	0.0
69.0	26.333704929751256	23.79947409178715	23.635801471067957	26.231019507393633	0.0
70.0	26.309593711794356	23.693952055552245	23.67920166339038	26.317252569263015	0.0
71.0	26.237827380699112	23.640623714659338	23.795219170971226	26.326329733670324	0.0
72.0	26.30136753155024	23.80004141456261	23.607718993682862	26.290872060204297	0.0
73.0	26.288886430490194	23.74813138060834	23.772242598565242	26.190739590336225	0.0
74.0	26.22583920983508	23.733030005616477	23.831743888532735	26.2093868960157	0.0
75.0	26.154640403478812	23.83429683378057	23.685091367073813	26.3259713956668	0.0
76.0	26.275763472459396	23.802243187891097	23.68026913716124	26.24172420248827	0.0
77.0	26.185275746452824	23.705514929056488	23.843941293605724	26.265268030884965	0.0
78.0	26.20910323543261	23.772458826666366	23.74976598001895	26.268671957882077	0.0
79.0	26.211939841263536	23.778699359494404	23.789762122235018	26.21959867700704	0.0
80.0	26.326822377416082	23.748914998269672	23.79089676456739	26.13336585974686	0.0
81.0	26.134500502079234	23.71998161879422	23.883937435821792	26.261580443304762	0.0
82.0	26.107552746685425	23.912587154714153	23.747496695354204	26.23236340324621	0.0
83.0	26.235976569702302	23.740621498574612	23.908548087423945	26.114853844299148	0.0
84.0	26.263775227991548	23.867417419546996	23.722183612974597	26.146623739486856	0.0
85.0	26.137546626576086	23.787992681577716	23.75225154949154	26.32220914235466	0.0
86.0	26.224346518785367	23.78317046534387	23.78373778490079	26.208745230969978	0.0
87.0	26.258385692200775	23.75934304395308	23.771540414426937	26.210730849419207	0.0
88.0	26.251861517296156	23.846710255719287	23.71083722183613	26.190591005148423	0.0
89.0	26.233707291474605	23.6858751613315	23.81522402031004	26.265193526883856	0.0
90.0	26.32674769881005	23.698923511140737	23.826570411448508	26.147758378600706	0.0
91.0	26.21413476676075	23.822882834328507	23.730977066106913	26.232005332803837	0.0
92.0	26.187187087806883	23.776078970882324	23.753669848383847	26.283064092926946	0.0
93.0	26.284766051597714	23.609003361368373	23.807565206291574	26.298665380742335	0.0
94.0	26.33412285305005	23.795935155374643	23.63765299899301	26.232288992582298	0.0
95.0	26.311146410994652	23.69410129490689	23.68247124398996	26.3122810501085	0.0
96.0	26.234558270809988	23.637085679436083	23.79678613471003	26.331569915043897	0.0
97.0	26.298665380742335	23.806430567177728	23.608719701589916	26.28618435049002	0.0
98.0	26.288169968939258	23.757641085282312	23.768420156863858	26.185768788914576	0.0
99.0	26.235902149000385	23.73289536387773	23.820829645766672	26.210372841355213	0.0
100.0	26.150237138902128	23.83245966369392	23.692899448566955	26.324403748837	0.0
101.0	26.27873465404952	23.806363038101072	23.67871649987519	26.236185807974223	0.0
102.0	26.19136769010824	23.707366056232555	23.84323870469966	26.25802754895954	0.0
103.0	26.21264211314589	23.768069076633306	23.757857353575236	26.26143145664556	0.0
104.0	26.210089182381374	23.78055007148206	23.789910817618626	26.21944992851794	0.0
105.0	26.332346200104382	23.744809040778815	23.789343499670956	26.133501259445847	0.0
106.0	26.140592733791728	23.72637120747952	23.87529216874305	26.2577438899857	0.0
107.0	26.107971951800668	23.905076360995757	23.747929289491	26.239022397712574	0.0
108.0	26.242635524781793	23.74757826838034	23.90387391961695	26.105912287220917	0.0
109.0	26.26277525479595	23.876642735372457	23.721481716812704	26.139100293018892	0.0
110.0	26.137965660342033	23.78785772840865	23.74644363570349	26.327732975545832	0.0
111.0	26.21710628955259	23.7847374885473	23.785872121224156	26.21228410067596	0.0
112.0	26.262491596626734	23.757222646133595	23.77083823825584	26.209447518983826	0.0
113.0	26.250861611688986	23.84969520929718	23.71268831356709	26.186754865446748	0.0
114.0	26.245755764643143	23.679216649599898	23.805160876730667	26.269866709026285	0.0
115.0	26.333122480760885	23.692264925383718	23.830122795621453	26.144489798233945	0.0
116.0	26.21965921307551	23.8184928106837	23.731693410904388	26.230154565336406	0.0
117.0	26.19696655953843	23.76828531473292	23.74956387556483	26.285184250163812	0.0
118.0	26.293693995240215	23.611422347157887	23.79665113165427	26.29823252594763	0.0
119.0	26.335391746114595	23.803458927715386	23.635816949710243	26.225332376459775	0.0
120.0	26.315535674269654	23.688577369183943	23.679783965938327	26.316102990608076	0.0
121.0	26.226750667305843	23.6369515823871	23.803742585884603	26.332555164422455	0.0
122.0	26.303338372993473	23.79665113165427	23.61425892885002	26.285751566502242	0.0
123.0	26.28603522467145	23.752967773595397	23.766867023886853	26.1941299778463	0.0
124.0	26.226825061837655	23.732044386956225	23.815440125263805	26.225690425942318	0.0
125.0	26.145414936346928	23.83189234574625	23.69460140240997	26.328091315496856	0.0
126.0	26.277032700206505	23.81090158168244	23.674745274241495	26.23732044386956	0.0
127.0	26.185694510631542	23.7141738716046	23.848344566228697	26.251787051535164	0.0
128.0	26.208954546486034	23.76750175868564	23.762112238182766	26.26143145664556	0.0
129.0	26.206968933669184	23.78281934327274	23.78849252274945	26.22171920030862	0.0
130.0	26.32837497447069	23.746510994621826	23.78905984069712	26.136054190210363	0.0
131.0	26.14286200558241	23.719563392107474	23.874157532847708	26.26341706946241	0.0
132.0	26.111092200512854	23.90252343023124	23.747078312569496	26.239306056686406	0.0
133.0	26.231721673025373	23.749982271263846	23.905995149417787	26.11230090629299	0.0
134.0	26.258102032422315	23.871672316223922	23.7258711900946	26.144354461259166	0.0
135.0	26.13527734834839	23.78543974357156	23.746578353922306	26.332704554157743	0.0
136.0	26.220091622108445	23.78997830002695	23.782035826230018	26.20789425163459	0.0
137.0	26.26093863020693	23.75934304395308	23.76388160040847	26.21583672543152	0.0
138.0	26.25413079552385	23.84018608081467	23.71055356205767	26.195129561603814	0.0
139.0	26.237111208816145	23.67963464620534	23.80387762917157	26.27937651580694	0.0
140.0	26.322492802133123	23.69381763512843	23.83195994723928	26.15172961549917	0.0
141.0	26.211014509197668	23.820897215879274	23.734664643226914	26.233423631696144	0.0
142.0	26.18491780957919	23.771256754648476	23.755088147276158	26.28873728849618	0.0
143.0	26.287035329825407	23.610138000482223	23.801324691165416	26.301501978526954	0.0
144.0	26.328449657480817	23.795651495596182	23.633681762094543	26.242217084828457	0.0
145.0	26.311430070773117	23.682754903768423	23.693533975349965	26.3122810501085	0.0
146.0	26.229452394797683	23.638503978328394	23.797920773823876	26.33412285305005	0.0
147.0	26.291857546059255	23.806430567177728	23.609287021146834	26.292424865616184	0.0
148.0	26.276539918022323	23.754520827719233	23.774944331768477	26.193994922489967	0.0
149.0	26.2289594762491	23.734448308531945	23.819546483459753	26.21704573175921	0.0
150.0	26.144995943653658	23.829190943284903	23.695586808648244	26.33022630441319	0.0
151.0	26.26186410388785	23.81415693238099	23.685091367073813	26.238887596657346	0.0
152.0	26.190381636948494	23.7128901042169	23.846210578270465	26.250517680564144	0.0
153.0	26.209954217181892	23.77217516608327	23.75515553109771	26.26271508563713	0.0
154.0	26.20910323543261	23.779266680660587	23.783237928823887	26.228392155082915	0.0
155.0	26.32398577158515	23.74976598001895	23.784372571156258	26.14187567723964	0.0
156.0	26.14244299840583	23.723101885208237	23.870321727833343	26.264133388552597	0.0
157.0	26.112658637181095	23.909183227717044	23.744376428940186	26.233781706161675	0.0
158.0	26.231303168781363	23.74217449146605	23.911520339939806	26.115001999812783	0.0
159.0	26.26108761449283	23.881452232840612	23.719765241835518	26.137694910831044	0.0
160.0	26.133723651402846	23.789545943216662	23.750967994485624	26.325762410894864	0.0
161.0	26.216552776619494	23.793800864032587	23.78018511742163	26.209461241926284	0.0
162.0	26.266477180859667	23.750967994485624	23.771391614402056	26.211163210252657	0.0
163.0	26.262789582819195	23.844292591048212	23.70785146355093	26.18506636258166	0.0
164.0	26.240096671800938	23.677783356451737	23.804296335378535	26.27782363636879	0.0
165.0	26.325195088119408	23.690264457511777	23.833229796926815	26.151310657442	0.0
166.0	26.20889391915083	23.830109521661804	23.731679020120104	26.229317539067264	0.0
167.0	26.188753960622122	23.77252625995297	23.753237285587446	26.28548249383746	0.0
168.0	26.288886430490194	23.6091373006215	23.799190430399424	26.30278583848888	0.0
169.0	26.333421268363526	23.79805578484851	23.635801471067957	26.232721475720005	0.0
170.0	26.3181035534262	23.675514065349912	23.6945193783277	26.311863002896185	0.0
171.0	26.232721475720005	23.633248518578405	23.797772123460785	26.336257882240808	0.0
172.0	26.298530917672956	23.811671531459467	23.60601702535649	26.283780525511087	0.0
173.0	26.279241943307436	23.76061248166838	23.77564653521798	26.1844990398062	0.0
174.0	26.238185469687856	23.72890971599741	23.821667252901864	26.211237561412865	0.0
175.0	26.138620040166565	23.825071199210285	23.70735138937742	26.328957371245732	0.0
176.0	26.267119013309433	23.813724711515547	23.690898982220055	26.228257292954964	0.0
177.0	26.19109754575471	23.709620686916367	23.84918248556159	26.25009928176733	0.0
178.0	26.21208854798997	23.770324396083193	23.760963543735038	26.2566235121918	0.0
179.0	26.21067023702813	23.778834261854243	23.790748073933717	26.219747427183915	0.0
180.0	26.321582154244155	23.7550066376953	23.786493141048187	26.136918067012356	0.0
181.0	26.144009621821567	23.717846890495046	23.873010109720536	26.26513337796285	0.0
182.0	26.111672131891574	23.909602532536052	23.73827056834557	26.240454767226808	0.0
183.0	26.235706930738008	23.746847794945694	23.90853570324312	26.10890957107318	0.0
184.0	26.259534622487102	23.886409989476103	23.718765158241403	26.135290229795395	0.0
185.0	26.136141218786435	23.78429131055141	23.747698783936734	26.331868686725425	0.0
186.0	26.226346051836575	23.782589332569334	23.785425962539463	26.205638653054624	0.0
187.0	26.2637895674423	23.74940076191881	23.766420541739592	26.220389128899303	0.0
188.0	26.261803926463205	23.83932193197194	23.709404279339974	26.189469862224886	0.0
189.0	26.243082168660344	23.67281175272529	23.801878416366222	26.282227662248143	0.0
190.0	26.328181067764255	23.686994902575943	23.832230357046612	26.15259367261319	0.0
191.0	26.20875894602177	23.83478332401973	23.73521761206816	26.221240117890343	0.0
192.0	26.193441144183065	23.77578142064102	23.744294827972574	26.286482607203336	0.0
193.0	26.29499249711373	23.60700193741827	23.79819079740505	26.29981476806295	0.0
194.0	26.333854327704515	23.794786841440896	23.633666259137495	26.237692571717098	0.0
195.0	26.32562810079114	23.678768675662564	23.686427576581917	26.309175646964377	0.0
196.0	26.227197040827615	23.634517248128535	23.799041786396092	26.33924392464776	0.0
197.0	26.292723193137626	23.815494240222847	23.59934303649892	26.29243953014061	0.0
198.0	26.27712172830191	23.7644349007605	23.77549775764401	26.182945613293583	0.0
199.0	26.22868975690012	23.735852267892092	23.825490029217374	26.209967945990414	0.0
200.0	26.13990298697983	23.83286528806059	23.69812498227101	26.329106742688563	0.0
201.0	26.267835361529517	23.812157830539245	23.688196749212835	26.23181005871841	0.0
202.0	26.185005531444133	23.719399767395682	23.841942529713783	26.2536521714464	0.0
203.0	26.203727342353844	23.773295889711513	23.75797804442175	26.264998723512896	0.0
204.0	26.2085496269821	23.785493433182992	23.778685501943098	26.227271437891808	0.0
205.0	26.31747652682041	23.76223300144669	23.785493433182992	26.134797038549912	0.0
206.0	26.14359061640144	23.72308739681729	23.869457918475025	26.26386406830624	0.0
207.0	26.106714322185347	23.913993135336	23.735852267892092	26.24344027458656	0.0
208.0	26.225643847740187	23.745847859325046	23.906685691106265	26.121822601828505	0.0
209.0	26.25599596061601	23.883425193388344	23.716346740268175	26.144232105727472	0.0
210.0	26.13572216753799	23.784993574996665	23.743011213261887	26.336273044203455	0.0
211.0	26.22082154943281	23.7838589165714	23.78244059353982	26.212878940455965	0.0
212.0	26.258548942072853	23.751237486845053	23.766555375586123	26.223658195495975	0.0
213.0	26.259683600498114	23.82896158897566	23.717197734087126	26.1941570764391	0.0
214.0	26.235288444354932	23.666705434162864	23.804566432832477	26.293439688649727	0.0
215.0	26.322373478493965	23.694788230188156	23.833783887283033	26.149054404034842	0.0
216.0	26.214864592700177	23.83463488110198	23.73194829361556	26.218552232582283	0.0
217.0	26.19727738710858	23.768541027830334	23.75152115145137	26.282660433609717	0.0
218.0	26.290603042586568	23.60628487301754	23.79548916543036	26.307622918965535	0.0
219.0	26.33825869644767	23.786128233421934	23.62869437691651	26.246918693213892	0.0
220.0	26.318118509399223	23.67691735999024	23.68571096278604	26.319253167824492	0.0
221.0	26.240394407268624	23.626992389278612	23.78839755027246	26.34421565318031	0.0
222.0	26.293723353256045	23.804566432832477	23.603164562348063	26.298545651563416	0.0
223.0	26.280391116759187	23.761165748066116	23.774214319956656	26.18422881521804	0.0
224.0	26.22628557164254	23.737121590341758	23.81541324377071	26.221179594244997	0.0
225.0	26.14997957609041	23.828745518086507	23.693437117051694	26.32783778877139	0.0
226.0	26.27053737575455	23.812576589660964	23.678686515681026	26.238199518903464	0.0
227.0	26.189125402804887	23.71925066945037	23.836404484182815	26.255219443561927	0.0
228.0	26.205294331230427	23.776267417056236	23.75243952253438	26.265998729178957	0.0
229.0	26.20954931239504	23.789316025961057	23.77456542459039	26.22656923705351	0.0
230.0	26.323582807606773	23.76208414650751	23.77031044342577	26.14402260245995	0.0
231.0	26.140618617528254	23.722654654382065	23.879805292061906	26.256921436027774	0.0
232.0	26.10601143738937	23.91838378795443	23.73967457904053	26.23593019561567	0.0
233.0	26.227778297832504	23.754776229905794	23.90058066474341	26.11686480751829	0.0
234.0	26.25699591804316	23.884979022883353	23.71222629756019	26.1457987615133	0.0
235.0	26.132182783162712	23.787114178488455	23.747968240730497	26.33273479761834	0.0
236.0	26.211892989756812	23.78314285146953	23.785695847410267	26.219268311363386	0.0
237.0	26.265222238296644	23.750521236671236	23.764137215021826	26.220119310010297	0.0
238.0	26.255010254533694	23.836472100009363	23.70967330161945	26.19884434383749	0.0
239.0	26.23061495998888	23.66627237062693	23.808672810876896	26.29443985850729	0.0
240.0	26.32	23.69900709219858	23.826099290780142	26.154893617021273	0.0
241.0	26.20565414131098	23.83959601117778	23.726399704951984	26.228350142559258	0.0
242.0	26.198974091265022	23.768682547068103	23.745701737462692	26.286641624204183	0.0
243.0	26.302155742309637	23.60563364297185	23.783812923104858	26.308397691613656	0.0
244.0	26.33596449912326	23.797958245612044	23.63112228395027	26.23495497131443	0.0
245.0	26.308964773646203	23.68606977173096	23.68635351199512	26.31861194262772	0.0
246.0	26.238383723734803	23.630946469361405	23.78956627839337	26.341103528510423	0.0
247.0	26.290384369812287	23.804253749343776	23.605896791952212	26.299465088891726	0.0
248.0	26.273475943720165	23.767672582595026	23.775050939037747	26.183800534647062	0.0
249.0	26.224455915614065	23.74503733175171	23.81768597058298	26.212820782051242	0.0
