# Position (bp)	A	C	G	T	N
0.0	26.191366280921248	23.80184925190865	23.782465059994074	26.224042490148676	2.7691702735109476E-4
1.0	26.30019467267023	23.712128135046896	23.707143628554576	26.28025664670095	2.7691702735109476E-4
2.0	26.241374345114803	23.802653877252638	23.807638204313104	26.148056666260537	2.7690705891474587E-4
3.0	26.131344820997892	23.766063670422355	23.67828632030149	26.424028288120155	2.769001581099903E-4
4.0	26.18389028715725	23.77969935845786	23.94749156193498	26.088641907625686	2.768848242196693E-4
5.0	26.252734169504667	23.78713625162666	23.758894703325304	26.20095799761885	2.7687792452307775E-4
6.0	26.21607329248608	23.84303801673944	23.73589011664447	26.204721706171107	2.7686795890172016E-4
7.0	26.34350403238086	23.69207172737617	23.738029518190704	26.22611786789073	2.7685416153332913E-4
8.0	26.160294333417305	23.750702474648623	23.791120720441388	26.297882471492677	0.0
9.0	26.227656635394492	23.777187829596635	23.715732330852042	26.279423204156828	0.0
10.0	26.337628544933633	23.759947959197795	23.723408672544323	26.17901482332424	0.0
11.0	26.20392797331525	23.718979668101483	23.80922063362445	26.267871724958823	0.0
12.0	26.16683506110642	23.680502692004264	23.90195291414652	26.2507093327428	0.0
13.0	26.32544878271581	23.80894382084677	23.588047224259874	26.27756017217755	0.0
14.0	26.287525432173947	23.712059348659533	23.72285504698897	26.27756017217755	0.0
15.0	26.157700239443056	23.736142060317505	23.839670039169008	26.266487661070435	0.0
16.0	26.25292383496422	23.78845967529861	23.676627313116775	26.281989176620392	0.0
17.0	26.33292272771311	23.80783656973606	23.65448229090255	26.20475841164828	0.0
18.0	26.22164399108663	23.726176800321102	23.813649638067293	26.238529570524978	0.0
19.0	26.17901482332424	23.729775366430914	23.751366763089784	26.33984304715506	0.0
20.0	26.264404565171056	23.718017920760012	23.797739559371863	26.219837954697073	0.0
21.0	26.271878468790916	23.701686057294392	23.797739559371863	26.228695914542833	0.0
22.0	26.241982854311473	23.773656981041196	23.81739315777964	26.166967006867687	0.0
23.0	26.215408974774192	23.973791511306356	23.67538898900229	26.135410524917162	0.0
24.0	26.27132484630056	23.620857173701825	23.849780073465705	26.258037906531918	0.0
25.0	26.19215683017907	23.802722161785102	23.799123615597757	26.205997392438068	0.0
26.0	26.2915320671987	23.719401976985914	23.711928073366053	26.277137882449335	0.0
27.0	26.239214741859673	23.81074968789532	23.81490185657302	26.135133713671983	0.0
28.0	26.126829376316586	23.77670190473818	23.66736146289207	26.429107256053168	0.0
29.0	26.18440611531403	23.78306856337732	23.941958218110653	26.090567103197998	0.0
30.0	26.246135022989176	23.79081927824236	23.760646852517738	26.20239884625073	0.0
31.0	26.227865480807296	23.837877189922963	23.732412105509372	26.201845223760373	0.0
32.0	26.350769673667223	23.699748378578132	23.727152691850954	26.22232925590369	0.0
33.0	26.17499453297791	23.739609197884054	23.784729430848397	26.300666838289636	0.0
34.0	26.22897272578801	23.7805772621707	23.719125165740735	26.27132484630056	0.0
35.0	26.33499143269196	23.753172948897877	23.736287462941892	26.17554815546827	0.0
36.0	26.19049596270799	23.733519350490095	23.806320707972443	26.269663978829477	0.0
37.0	26.16890468558395	23.68784549503539	23.89268581646861	26.250564002912053	0.0
38.0	26.32557985035584	23.819884458986262	23.592622426693463	26.261913263964438	0.0
39.0	26.28378135233366	23.718571543250373	23.716910675779292	26.280736428636676	0.0
40.0	26.156171368305664	23.742654121581037	23.838984434903683	26.262190075209613	0.0
41.0	26.258037906531918	23.780854073415878	23.68867592877093	26.272432091281278	0.0
42.0	26.328624774052823	23.8068743304628	23.663486105459548	26.20101479002483	0.0
43.0	26.221222010922972	23.717464298269654	23.81683953528928	26.244474155518095	0.0
44.0	26.170842364300206	23.716910675779292	23.761477286253278	26.350769673667223	0.0
45.0	26.257338917507937	23.7131808480896	23.801206336727944	26.22827389767452	0.0
46.0	26.270348974004797	23.696018645902246	23.79483971333586	26.238792666757092	0.0
47.0	26.239623095895187	23.772418126607224	23.808680198970823	26.179278578526766	0.0
48.0	26.21747831887925	23.97476602659034	23.667784055206926	26.139971599323474	0.0
49.0	26.27588516825878	23.61961916519727	23.84715674903601	26.257338917507937	0.0
50.0	26.190904586460128	23.799545478451748	23.80674253098193	26.202807404106192	0.0
51.0	26.292770560733437	23.716225754929287	23.70515336642132	26.285850317915955	0.0
52.0	26.236854998768194	23.79926866873905	23.82030620690419	26.143570125588568	0.0
53.0	26.115335534893248	23.779891988850103	23.676641966013303	26.428130510243342	0.0
54.0	26.181769865941057	23.782936895689797	23.93684309595055	26.0984501424186	0.0
55.0	26.23823904733169	23.789303519081876	23.759684879823062	26.212772553763365	0.0
56.0	26.235470950204704	23.84328141305822	23.723699617172166	26.19754801956491	0.0
57.0	26.361696179195537	23.696018645902246	23.724253236597566	26.218031938304655	0.0
58.0	26.18509158249345	23.741692248497614	23.785981802529488	26.28723436647945	0.0
59.0	26.23270285307771	23.7812760374136	23.72646771429916	26.25955339520953	0.0
60.0	26.323773248555742	23.76079211867386	23.745013965050006	26.17042066772039	0.0
61.0	26.18758286990774	23.7466748233262	23.803697624142238	26.262044682623824	0.0
62.0	26.16294680547751	23.695741836189548	23.896705687609167	26.244605670723775	0.0
63.0	26.328202203958934	23.821136636042286	23.58501795110987	26.26564320888891	0.0
64.0	26.28806479561755	23.704046127570525	23.727298143437256	26.28059093337467	0.0
65.0	26.14965993926795	23.741138629072218	23.825842401158173	26.283359030501664	0.0
66.0	26.247096958138066	23.77823113057391	23.686053496245076	26.288618415042947	0.0
67.0	26.32211239027955	23.80618891155653	23.66058700267675	26.211111695487173	0.0
68.0	26.217201509166554	23.720931520045173	23.810617866959717	26.251249103828556	0.0
69.0	26.1679293803061	23.718163422918185	23.765497883789745	26.348409312985975	0.0
70.0	26.25580951168269	23.707513404436128	23.80467307569873	26.232004008182454	0.0
71.0	26.269649920694455	23.6806630109533	23.80301222661732	26.246674841734922	0.0
72.0	26.24030825358951	23.764812697744844	23.812146896565086	26.182732152100556	0.0
73.0	26.22480699549633	23.975186914723704	23.652982192929766	26.147023896850204	0.0
74.0	26.281829480624815	23.609523308632816	23.843149412751448	26.26549779799093	0.0
75.0	26.19878702655421	23.800520952995203	23.791386283047437	26.20930573740315	0.0
76.0	26.302866902322698	23.721353813447895	23.70502213081401	26.270757153415396	0.0
77.0	26.238647404508097	23.801628185716144	23.828201771018737	26.13152263875702	0.0
78.0	26.119066270646428	23.783912462181082	23.68426151729636	26.41275974987613	0.0
79.0	26.18633065844362	23.790279050326497	23.925361442281343	26.098028848948545	0.0
80.0	26.249442923537273	23.795261597570732	23.750695480552842	26.20459999833915	0.0
81.0	26.240031445409272	23.84702472727474	23.720246580726954	26.19269724658903	0.0
82.0	26.35961257927094	23.707513404436128	23.710281486238483	26.22259253005445	0.0
83.0	26.182732152100556	23.745712933308603	23.7769922576752	26.294562656915637	0.0
84.0	26.2300663509208	23.780037147657787	23.718585731645543	26.27131076977587	0.0
85.0	26.332485377607878	23.757062068698254	23.731042099756134	26.179410453937734	0.0
86.0	26.18716108298432	23.746543357849312	23.78695735216367	26.279338207002695	0.0
87.0	26.175258331234204	23.686199174558006	23.88937637885075	26.249166115357042	0.0
88.0	26.328886871264817	23.81546859472791	23.58322653151046	26.27241800249681	0.0
89.0	26.284597562427166	23.711665527139658	23.721353813447895	26.282383096985285	0.0
90.0	26.164462812205024	23.7401767697039	23.817683060169795	26.27767735792128	0.0
91.0	26.257193552583868	23.780867572198495	23.683154284575416	26.278784590642225	0.0
92.0	26.32141305039847	23.800520952995203	23.668483451022944	26.209582545583388	0.0
93.0	26.200171067455386	23.718308923465305	23.824049648315206	26.257470360764103	0.0
94.0	26.17138301671091	23.7080670207966	23.759553342320373	26.360996620172116	0.0
95.0	26.260646675690563	23.69132737091814	23.807586162989292	26.240439790402004	0.0
96.0	26.26479877540739	23.67665661858535	23.79845154361227	26.260093062394986	0.0
97.0	26.24652953665335	23.758037773035156	23.808139776284868	26.18729291402662	0.0
98.0	26.22909071784268	23.973116538366785	23.65368166681891	26.144111076971626	0.0
99.0	26.284728854048154	23.61741999595862	23.841079767371692	26.256771382621523	0.0
100.0	26.19836517993816	23.804264483215828	23.7882096976441	26.20916063920191	0.0
101.0	26.307703805814604	23.709873416319965	23.70572131660314	26.27670146126229	0.0
102.0	26.240716597049797	23.805371709806984	23.81672078236631	26.137190910776916	0.0
103.0	26.118644865375085	23.785441631166215	23.676103005289775	26.41981049816892	0.0
104.0	26.187016107378835	23.79845154361227	23.927166634833902	26.087365714174993	0.0
105.0	26.261753902281715	23.78931692423525	23.750287186897083	26.19864198658595	0.0
106.0	26.240993403697583	23.853259259874385	23.715409549275734	26.190337787152295	0.0
107.0	26.364725975259024	23.711257449558907	23.704337283364197	26.219679291817872	0.0
108.0	26.187016107378835	23.74364382735016	23.78627205110958	26.283068014161426	0.0
109.0	26.23268920426393	23.774369365254678	23.724544168652752	26.268397261828643	0.0
110.0	26.343411863379313	23.752778446727177	23.727865848426216	26.175943841467298	0.0
111.0	26.17732787470624	23.745581473884677	23.79319221730429	26.283898434104792	0.0
112.0	26.16763964203364	23.688559304440254	23.891181770621404	26.2526192829047	0.0
113.0	26.32597304456864	23.812291876001694	23.593614624248815	26.26812045518085	0.0
114.0	26.281407174274698	23.704337283364197	23.727312235130636	26.286943307230466	0.0
115.0	26.160165862543355	23.735062821268716	23.814229522536213	26.290541793651716	0.0
116.0	26.2526192829047	23.77215491207237	23.69326501745266	26.281960787570274	0.0
117.0	26.303274899449985	23.807309356341502	23.67665661858535	26.21275912562316	0.0
118.0	26.198918793233737	23.71762400245804	23.82391775520881	26.25953944909941	0.0
119.0	26.1615498957823	23.703230056773045	23.767172392412174	26.368047655032484	0.0
120.0	26.252211005339632	23.695887460866246	23.81270051292556	26.23920102086857	0.0
121.0	26.263836948909514	23.66460813649965	23.800244144814968	26.27131076977587	0.0
122.0	26.242522719031392	23.7495882478319	23.81187008838485	26.196018944751852	0.0
123.0	26.235325706345275	23.958024807549112	23.65215176838906	26.154497717716552	0.0
124.0	26.287919260589987	23.60564799410952	23.832353893722267	26.27407885157822	0.0
125.0	26.197126177472796	23.795538405750964	23.777822682215906	26.229512734560334	0.0
126.0	26.323627515840347	23.701423624470948	23.69118172180224	26.28376713788646	0.0
127.0	26.25387185442104	23.79304713212885	23.80605711659991	26.147023896850204	0.0
128.0	26.121280736088316	23.786680543983437	23.66986749192412	26.42217122800413	0.0
129.0	26.18778718928196	23.79228256657255	23.918230637214194	26.101699606931295	0.0
130.0	26.26695454797099	23.789237668161434	23.737197586225985	26.206610197641588	0.0
131.0	26.242318551735593	23.84902840059791	23.720035431545146	26.188617616121352	0.0
132.0	26.373525992360076	23.720035431545146	23.70840945579361	26.198029120301168	0.0
133.0	26.18944804296075	23.75519016774622	23.77982616398162	26.27553562531141	0.0
134.0	26.23761279964568	23.787576814482644	23.71532967945524	26.259480706416433	0.0
135.0	26.342523390355975	23.765708907711897	23.725294801527987	26.16647290040414	0.0
136.0	26.190001660853678	23.757958257210873	23.785362342910922	26.266677739024523	0.0
137.0	26.171527906571185	23.693250548775254	23.889785444791688	26.245436099861873	0.0
138.0	26.342042689593892	23.818091729202596	23.58474114139717	26.255124439806345	0.0
139.0	26.300244422976316	23.70515336642132	23.706537414984815	26.28806479561755	0.0
140.0	26.175680052261676	23.738370531945225	23.800652717302544	26.285296698490555	0.0
141.0	26.260937443773024	23.77767751114851	23.688544783659367	26.272840261419095	0.0
142.0	26.32626453597004	23.803697624142238	23.657818905549757	26.212218934337965	0.0
143.0	26.195887161288717	23.723699617172166	23.827226449721667	26.25318677181745	0.0
144.0	26.16377723461561	23.707921463548313	23.777954320861213	26.35034698097487	0.0
145.0	26.247242267969895	23.708606338423895	23.80382940676582	26.240321986840392	0.0
146.0	26.260878712049074	23.6696414730828	23.808047478796198	26.261432336071927	0.0
147.0	26.24185132385711	23.762716086974574	23.819739519176206	26.17569306999211	0.0
148.0	26.230501999972315	23.979737304673986	23.65669679312397	26.133063902229726	0.0
149.0	26.269809414402566	23.62126475758121	23.84575992027792	26.2631659077383	0.0
150.0	26.19015983214027	23.815653252282328	23.783819694730024	26.21036722084738	0.0
151.0	26.31424514121682	23.717173282990036	23.699457167137712	26.26912440865543	0.0
152.0	26.242273420566747	23.800771204668198	23.822362720863218	26.134592653901834	0.0
153.0	26.11244750908643	23.79551173277454	23.68174105128539	26.410299706853646	0.0
154.0	26.187259862921174	23.79530078726208	23.917653051055773	26.099786298760975	0.0
155.0	26.249266440047393	23.78810359527421	23.745197258423484	26.21743270625491	0.0
156.0	26.23404161084229	23.849833357323973	23.72498975784217	26.191135273991563	0.0
157.0	26.361099730935745	23.71308670955455	23.705335887413774	26.22047767209593	0.0
158.0	26.188367123227003	23.752394450411344	23.782567293745085	26.27667113261657	0.0
159.0	26.234872056071662	23.769556985151638	23.7305260593713	26.2650448994054	0.0
160.0	26.34282993588963	23.757377121787563	23.734401470441686	26.165391471881122	0.0
161.0	26.1927961644503	23.747965409188048	23.786719519891932	26.27251890646972	0.0
162.0	26.170169771156342	23.682702608435687	23.894466728119784	26.252660892288187	0.0
163.0	26.335152013420032	23.822217793168736	23.576958956515	26.26567123689623	0.0
164.0	26.29003103105597	23.699588374841866	23.7170277729335	26.293352821168657	0.0
165.0	26.181242404865312	23.72643951158613	23.81086834361704	26.281449739931517	0.0
166.0	26.24518686453463	23.77986496923192	23.693498426301936	26.281449739931517	0.0
167.0	26.314114009372986	23.80616247429073	23.66443276281588	26.215290753520403	0.0
168.0	26.19314548610246	23.723671353158885	23.82803092586595	26.255152234872707	0.0
169.0	26.170723402841787	23.709553745179946	23.774328652377434	26.34539419960083	0.0
170.0	26.246716253885822	23.70719365313122	23.803526099726227	26.24256399325673	0.0
171.0	26.265612543183632	23.65770883160599	23.81604880857472	26.26062981663566	0.0
172.0	26.24187882529128	23.762411867780216	23.809747901020632	26.18596140590787	0.0
173.0	26.226653785360156	23.985251088590356	23.65251476136826	26.13558036468123	0.0
174.0	26.275650732047602	23.622064681506004	23.83770661071234	26.264577975734056	0.0
175.0	26.19627622174363	23.81479656522148	23.773550433776432	26.215376779258452	0.0
176.0	26.30929147808274	23.719082617060444	23.694445597862945	26.27718030699387	0.0
177.0	26.242577751941205	23.810987003280324	23.815139309886643	26.131295934891835	0.0
178.0	26.108043017896442	23.804896953591054	23.679220473639774	26.40783955487273	0.0
179.0	26.17316827407514	23.794443644738735	23.936176102578866	26.096211978607258	0.0
180.0	26.249847748336304	23.789460863017794	23.752366821317448	26.208324567328457	0.0
181.0	26.235176224380197	23.839842322640653	23.731328409606803	26.193653043372343	0.0
182.0	26.360299409817188	23.711674103929752	23.71278138875663	26.21524509749643	0.0
183.0	26.195590791819377	23.7603946363123	23.780602584402786	26.263411987465535	0.0
184.0	26.23739079403395	23.78004894198935	23.723023773405234	26.259536490571474	0.0
185.0	26.34756563430811	23.772574769407935	23.733266158053837	26.146593438230113	0.0
186.0	26.191992116132035	23.75734960303839	23.800810532493273	26.249847748336304	0.0
187.0	26.16133738231606	23.694853602699567	23.89471906722068	26.249089947763693	0.0
188.0	26.323278236533305	23.838524206697432	23.580802949814945	26.25739460695432	0.0
189.0	26.275941679146726	23.710078811215716	23.720598046190513	26.29338146344704	0.0
190.0	26.1685347536146	23.73443914484156	23.803921460069816	26.293104641474024	0.0
191.0	26.23026605359827	23.78094523630908	23.695130424672588	26.29365828542006	0.0
192.0	26.310821247747363	23.807520145719085	23.670216447100707	26.211442159432846	0.0
193.0	26.195940128943672	23.732778213003435	23.820253956478048	26.25102770157484	0.0
194.0	26.17324072715596	23.71035563318874	23.767657781604072	26.34874585805123	0.0
195.0	26.250342569088225	23.711871022392252	23.801561838218806	26.236224570300713	0.0
196.0	26.27754401505924	23.665983833462516	23.80052042963127	26.25595172184697	0.0
197.0	26.256854880010188	23.754356534039793	23.810552016808817	26.178236569141205	0.0
198.0	26.235816177101583	23.981353065422063	23.656914120568377	26.125916636907974	0.0
199.0	26.279554533148413	23.617881790172156	23.842110071171717	26.26045360550771	0.0
200.0	26.187997940416015	23.82418239498613	23.78210487268781	26.205714791910044	0.0
201.0	26.300462023546867	23.727912699972595	23.696631297458456	26.27499397902208	0.0
202.0	26.250356414210064	23.81068384467815	23.808746058681695	26.130213682430092	0.0
203.0	26.11194312874927	23.809022885252617	23.67808391720671	26.400950068791403	0.0
204.0	26.180668593384933	23.801060802356353	23.922864830747766	26.095405773510944	0.0
205.0	26.261779003200125	23.789987708866224	23.73766734212537	26.210565945808277	0.0
206.0	26.238802334208106	23.847567795014893	23.72216501123919	26.19146485953781	0.0
207.0	26.35977588058776	23.71192239976082	23.70915412638829	26.21914759326313	0.0
208.0	26.171256463918326	23.772824413956528	23.79026453620348	26.265654585921673	0.0
209.0	26.22302317598467	23.78334385277215	23.726871075972493	26.26676189527068	0.0
210.0	26.335691902246733	23.7617513204664	23.75150870898803	26.15104806829884	0.0
211.0	26.18869658616528	23.750124572301765	23.794693773599533	26.266485067933427	0.0
212.0	26.16191675778925	23.688180824117264	23.886112918183457	26.26378949991003	0.0
213.0	26.333827010118068	23.82022782952925	23.56997522388473	26.275969936467952	0.0
214.0	26.28122967043614	23.702852713607488	23.723891649480255	26.292025966476118	0.0
215.0	26.186554459008676	23.732473320691515	23.79697426882777	26.28399795147203	0.0
216.0	26.24330422024444	23.778149957783715	23.69565518291417	26.282890639057676	0.0
217.0	26.329397760460644	23.806109596246213	23.667418716348084	26.197073926945063	0.0
218.0	26.20039586418813	23.730812352069982	23.825487563497447	26.24330422024444	0.0
219.0	26.167176491757445	23.70672830705773	23.77953409830166	26.346561102883165	0.0
220.0	26.23154584437192	23.71322664319151	23.808179208433337	26.247048304003233	0.0
221.0	26.264284448775303	23.659033529698366	23.816826859192982	26.259855162333345	0.0
222.0	26.24165700064502	23.75460577857382	23.814954973410366	26.188782247370796	0.0
223.0	26.211482403226743	23.9838219864851	23.66242099930515	26.142274610983	0.0
224.0	26.27155476689431	23.613975544734533	23.843745414983765	26.27072427338739	0.0
225.0	26.185255931124214	23.8191733798411	23.774603438252637	26.220967250782053	0.0
226.0	26.302982318695346	23.72622353133331	23.69355727253349	26.277236877437858	0.0
227.0	26.249276774566827	23.808996509139632	23.81314899966503	26.12857771662851	0.0
228.0	26.10836892940489	23.80982700724471	23.676116812326807	26.40568725102359	0.0
229.0	26.171005569889378	23.80324891758114	23.921179974974255	26.10456553755523	0.0
230.0	26.253501943370942	23.784977908689246	23.74732855703323	26.214191590906573	0.0
231.0	26.23495410101099	23.83812993455657	23.725181879588515	26.20173408484392	0.0
232.0	26.358421827765287	23.714662207802277	23.717430542482866	26.209485421949573	0.0
233.0	26.178756906995027	23.764769065520948	23.797435414751902	26.259038612732127	0.0
234.0	26.230524765522052	23.777226571583597	23.730995382417753	26.2612532804766	0.0
235.0	26.331292147895514	23.76061656350006	23.751204225586058	26.15688706301837	0.0
236.0	26.18789241144097	23.758678729223647	23.79189874539072	26.26153011394465	0.0
237.0	26.164710832800424	23.692581119351544	23.88664191768611	26.25606613016192	0.0
238.0	26.335517555442976	23.817987027547773	23.566621542686455	26.279873874322796	0.0
239.0	26.277659200447363	23.708360670713983	23.722756050904277	26.291224077934373	0.0
240.0	26.179362811866714	23.732323400108523	23.79932006688593	26.28899372113883	0.0
241.0	26.23278967200361	23.774547125774863	23.710869258263585	26.281793943957936	0.0
242.0	26.32033601253679	23.80079573173264	23.676479953042413	26.202388302688156	0.0
243.0	26.192559447994775	23.722435734142586	23.830145421922936	26.254859395939707	0.0
244.0	26.175009552923196	23.702602271657447	23.77404152337282	26.34834665204654	0.0
245.0	26.237438699190598	23.71064079594826	23.807835981048324	26.244084523812823	0.0
246.0	26.26597176452344	23.65898101942366	23.81932175040016	26.255725465652745	0.0
247.0	26.250387717121587	23.76041297412265	23.804169620701877	26.18502968805388	0.0
248.0	26.227383382307735	23.97216075419652	23.64812655612577	26.152329307369975	0.0
249.0	26.295105394783853	23.605329699698952	23.824954094901003	26.274610810616196	0.0
