# Position (bp)	A	C	G	T	N
0.0	26.396645351127813	23.537093721329406	23.838505175515692	26.227755752027086	0.0
1.0	26.138489471262595	23.703228188307772	23.846770571882775	26.311511768546858	0.0
2.0	26.24842276942404	23.80832998143138	23.60501187399787	26.338235375146702	0.0
3.0	26.219920384578298	23.678012093830496	23.820162812159946	26.28190470943126	0.0
4.0	26.180414756699577	23.86035569464034	23.708292930183354	26.25093661847673	0.0
5.0	26.16402546353046	23.78900859160012	23.77743926793727	26.26952667693215	0.0
6.0	26.236692421049735	23.801457119640816	23.738104091779256	26.223746367530197	0.0
7.0	26.259991516507004	23.786006643566594	23.76975579659448	26.18424604333192	0.0
8.0	26.25647240277625	23.795306819433733	23.722320149829237	26.22590062796078	0.0
9.0	26.29978683440834	23.830756434901872	23.713432737167377	26.15602399352241	0.0
10.0	26.334299059243428	23.79265901429862	23.638161228491487	26.234880697966467	0.0
11.0	26.18227984754015	23.810835224393575	23.721606556654695	26.285278371411575	0.0
12.0	26.255535482165282	23.765670096278836	23.763191522174974	26.215602899380908	0.0
13.0	26.108676913247393	23.768358610129628	23.954801948704674	26.168162527918305	0.0
14.0	26.31329641186077	23.827568828436327	23.65627228989323	26.202862469809673	0.0
15.0	26.130984018748986	23.747979279177557	23.854282275765396	26.266754426308065	0.0
16.0	26.21938625166271	23.926986915918736	23.60312079159931	26.25050604081925	0.0
17.0	26.208095000729802	23.758168944653594	23.801406173835694	26.232329880780913	0.0
18.0	26.16127761881288	23.72181662457692	23.84106325028297	26.27584250632723	0.0
19.0	26.196803749796892	23.764778457394804	23.757067359196725	26.28135043361158	0.0
20.0	26.239214789886343	23.671419089925173	23.880995723094465	26.208370397094015	0.0
21.0	26.308063880940647	23.66233100990601	23.758719737382027	26.270885371771325	0.0
22.0	26.302005160927866	23.770561781043366	23.85676084304335	26.070672214985418	0.0
23.0	26.204514847994975	23.825090261158373	23.795072057458697	26.175322833387956	0.0
24.0	26.236460826244173	23.76505385375902	23.699509519075328	26.298975800921475	0.0
25.0	26.40004626658919	23.54005502419357	23.83307675572067	26.22682195349657	0.0
26.0	26.138695116947062	23.70336506817437	23.85290529394431	26.305034520934257	0.0
27.0	26.254912382646722	23.80553711929895	23.61000570070474	26.329544797349584	0.0
28.0	26.21883545893427	23.678028602666387	23.825641053886805	26.277494884512535	0.0
29.0	26.179453778851215	23.856210050314917	23.708046806366063	26.25628936446781	0.0
30.0	26.15301572788636	23.7790990683341	23.78681016653218	26.28107503724736	0.0
31.0	26.22379259349018	23.80278315565678	23.741645162800562	26.23177908805248	0.0
32.0	26.25711555356046	23.78102684288362	23.770837177407582	26.19102042614833	0.0
33.0	26.241968753528518	23.79782602110087	23.719888850027402	26.240316375343216	0.0
34.0	26.28795994635279	23.834453737541757	23.715757904564143	26.16182841154131	0.0
35.0	26.336357177084885	23.788121636731162	23.648496064596795	26.22702512158716	0.0
36.0	26.173047582852764	23.81290724125206	23.726708416640506	26.28733675925467	0.0
37.0	26.262826550339565	23.756726537671366	23.760857471758182	26.21958944023089	0.0
38.0	26.11486719083486	23.760792035581012	23.955771587513595	26.168569186070528	0.0
39.0	26.315079244867327	23.82110350715338	23.658620547209562	26.20519670076973	0.0
40.0	26.130013907439793	23.755284138633765	23.854977073378958	26.259724880547488	0.0
41.0	26.22116960191675	23.93043526155626	23.597207496247748	26.251187640279248	0.0
42.0	26.21676328435895	23.75583492832849	23.793839417264504	26.23356237004806	0.0
43.0	26.168569186070528	23.731600181760598	23.83101772165843	26.26881291051044	0.0
44.0	26.20987841317489	23.756385718023214	23.753907164396953	26.279828704404938	0.0
45.0	26.247332112416178	23.67349186896713	23.886922875672997	26.192253142943695	0.0
46.0	26.30378805612547	23.66523002354626	23.760516640733652	26.270465279594617	0.0
47.0	26.30681739944646	23.774286383101774	23.851947730057972	26.066948487393798	0.0
48.0	26.20492130592237	23.843410489789736	23.781722043980558	26.16994616030734	0.0
49.0	26.24044724123212	23.773184803712322	23.696625036145573	26.289742918909987	0.0
50.0	26.40595954449692	23.542128526775265	23.832945485589967	26.218966443137848	0.0
51.0	26.13414483015023	23.711771752750508	23.852223124905333	26.301860292193936	0.0
52.0	26.253115404210785	23.800999683295927	23.610977238615867	26.33490767387742	0.0
53.0	26.2222711813062	23.674868843203946	23.817798768985032	26.285061206504828	0.0
54.0	26.188948404775346	23.846990622805446	23.699103589771838	26.26495738264737	0.0
55.0	26.16664142213899	23.781997438827922	23.773460198559686	26.277900940473405	0.0
56.0	26.24292579485838	23.795491786348677	23.724439915729175	26.237142503063765	0.0
57.0	26.262478829021106	23.78778073062253	23.772634014017598	26.177106426338764	0.0
58.0	26.249259876347715	23.79686876058549	23.715627280613578	26.238244082453217	0.0
59.0	26.284510416810104	23.826886798947992	23.720033598171376	26.168569186070528	0.0
60.0	26.330428843675303	23.77725024510074	23.659381575033876	26.232939336190086	0.0
61.0	26.16794633119995	23.808094383062162	23.736767314026373	26.287191971711522	0.0
62.0	26.258000198283742	23.74998623029555	23.768713028343562	26.223300543077144	0.0
63.0	26.11912964691821	23.754327117705863	23.95426267566652	26.172280559709403	0.0
64.0	26.31162958495471	23.812985897107545	23.663998105293885	26.21138641264386	0.0
65.0	26.13510246008862	23.744137564476464	23.85181635671147	26.26894361872344	0.0
66.0	26.22735922581427	23.93002806258038	23.5984544926291	26.244158218976253	0.0
67.0	26.222126752534308	23.753225544383767	23.795360723953987	26.22928697912794	0.0
68.0	26.168975839743112	23.73560037123021	23.830611070261103	26.26481271876558	0.0
69.0	26.198993712770264	23.767270604240505	23.746891497781707	26.286844185207524	0.0
70.0	26.236722599052097	23.674463051853813	23.892299176298547	26.196515172795543	0.0
71.0	26.31548509158205	23.667027431929654	23.760661164307923	26.25682631218037	0.0
72.0	26.303643178369505	23.78324341741092	23.85622264999986	26.056890754219715	0.0
73.0	26.20973405266071	23.833365003566342	23.79040364400455	26.166497299768395	0.0
74.0	26.233417879085803	23.779387910783576	23.69566833830418	26.291525871826437	0.0
75.0	26.41545287056238	23.532084699972735	23.82730635029481	26.225156079170077	0.0
76.0	26.141987293351733	23.703379351558866	23.850163996728327	26.304469358361075	0.0
77.0	26.263435752112958	23.792331397318218	23.60809325919745	26.336139591371378	0.0
78.0	26.213864952618575	23.679144738472722	23.82014612370118	26.286844185207524	0.0
79.0	26.180266966294614	23.8509901767199	23.70888721816935	26.259855638816138	0.0
80.0	26.165946513107347	23.776633977478333	23.774706224164664	26.28271328524966	0.0
81.0	26.239201139026815	23.7887512840214	23.727613964645002	26.24443361230678	0.0
82.0	26.262884965451903	23.784344990733015	23.775532404156234	26.17723763965884	0.0
83.0	26.24773833227307	23.790128250674027	23.712467331466165	26.249666085586735	0.0
84.0	26.272523732020257	23.826755563633757	23.721830704703994	26.178889999641992	0.0
85.0	26.3107309469649	23.78730880870681	23.666686862121956	26.235273382206337	0.0
86.0	26.15375718086132	23.796947548730714	23.73525961257773	26.31403565783024	0.0
87.0	26.25537703997048	23.75260934462076	23.761146514356216	26.230867101052553	0.0
88.0	26.12229048879293	23.748963838300945	23.953855347695935	26.174890325210193	0.0
89.0	26.321398770100156	23.80486837648264	23.65891071522008	26.214822138197118	0.0
90.0	26.14845271109471	23.737672773939124	23.83736461049959	26.27650990446658	0.0
91.0	26.230244079764486	23.92383764000231	23.595570598068402	26.250347682164797	0.0
92.0	26.23520113241114	23.755022458202408	23.77953232962197	26.230244079764486	0.0
93.0	26.16773013805392	23.738223557566528	23.82359501981444	26.270451284565116	0.0
94.0	26.20545881653122	23.773473709720506	23.743456002026882	26.27761147172139	0.0
95.0	26.253101600301832	23.671578738650414	23.878948774368734	26.19637088667902	0.0
96.0	26.31010770573834	23.665795510562653	23.76080568629017	26.263291097408835	0.0
97.0	26.312861623875367	23.78311242320011	23.844800189469566	26.059225763454958	0.0
98.0	26.214271354569714	23.82524737069666	23.79633123025785	26.164150044475775	0.0
99.0	26.239607401430387	23.774575276975316	23.69195773286443	26.293859588729866	0.0
100.0	26.410350325926213	23.542144586210032	23.83571225961737	26.211792828246388	0.0
101.0	26.14982967016323	23.707104282618094	23.853061943880657	26.29000410333802	0.0
102.0	26.274031378143253	23.797157405698957	23.612644890517984	26.316166325639806	0.0
103.0	26.219779190843774	23.681492843943722	23.819188750795195	26.279539214417312	0.0
104.0	26.17296258251427	23.85554047020398	23.711510551637343	26.259986395644404	0.0
105.0	26.171585623445758	23.77787997873975	23.76190725354498	26.288627144269512	0.0
106.0	26.253376992115534	23.78338781501381	23.71619221247029	26.247042980400366	0.0
107.0	26.27761147172139	23.779807721435674	23.763008820799794	26.179571986043143	0.0
108.0	26.252826208488127	23.79550505481674	23.69994409546182	26.251724641233317	0.0
109.0	26.274031378143253	23.825522762510364	23.72252622418546	26.177919635160922	0.0
110.0	26.321877065432915	23.775335977087465	23.670687376074024	26.232099581405592	0.0
111.0	26.155265476977306	23.79323639568187	23.73815818462216	26.31333994271866	0.0
112.0	26.257986340603658	23.758812513769552	23.767625027539104	26.215576118087686	0.0
113.0	26.118291148129686	23.749383814210688	23.95895583015028	26.173369207509346	0.0
114.0	26.32015223575613	23.811346631012803	23.65960657742185	26.20889455580922	0.0
115.0	26.13536534653738	23.7482822530231	23.850176662875462	26.266175737564062	0.0
116.0	26.227621095998305	23.929489068382164	23.596542199432143	26.24634763618739	0.0
117.0	26.230925779561083	23.753239278367268	23.787387675182654	26.228447266889	0.0
118.0	26.164832108305497	23.732585006099896	23.824289974967023	26.278292910627588	0.0
119.0	26.20751760432473	23.773067379743942	23.736165079959573	26.28324993597176	0.0
120.0	26.251029271234653	23.679985459392324	23.87716491197149	26.19182035740153	0.0
121.0	26.310513575364684	23.664288212469124	23.768385744696673	26.25681246746952	0.0
122.0	26.30996279477089	23.782155259541586	23.846596589015785	26.061285356671743	0.0
123.0	26.22156250946654	23.820709901107346	23.798127896761688	26.159599692664433	0.0
124.0	26.244970684702896	23.76535645143079	23.69017490037756	26.299497963488754	0.0
125.0	26.409929472544963	23.535956334114523	23.834754806249155	26.219359387091355	0.0
126.0	26.149134861382294	23.702567463737985	23.854307517328934	26.29399015755079	0.0
127.0	26.279945252408975	23.78931540726094	23.617747252293313	26.31299208803677	0.0
128.0	26.227621095998305	23.674202263157458	23.817955998138363	26.280220642705878	0.0
129.0	26.177224671665915	23.85182900465685	23.70917683086354	26.26176949281369	0.0
130.0	26.17075944800465	23.770444399769772	23.77099518339718	26.2878009688284	0.0
131.0	26.263841881036242	23.779807721435674	23.71398907796067	26.242361319567415	0.0
132.0	26.278713038976203	23.771545967024586	23.763008820799794	26.186732173199417	0.0
133.0	26.258058652948485	23.803216025600424	23.686449896590375	26.25227542486072	0.0
134.0	26.278713038976203	23.824145803441844	23.72059848148954	26.176542676092414	0.0
135.0	26.312383302397567	23.778496246399243	23.67467324671319	26.234447204490003	0.0
136.0	26.14714775913064	23.80162922245661	23.74049207144785	26.3107309469649	0.0
137.0	26.25950792855215	23.755363270341874	23.76940829151956	26.215720509586415	0.0
138.0	26.11644763656793	23.754943323896498	23.953777856112097	26.174831183423482	0.0
139.0	26.325471750074357	23.80726820079534	23.65910618094493	26.208153868185374	0.0
140.0	26.137928375505346	23.737318102204256	23.847475737780766	26.277277784509636	0.0
141.0	26.229083818944908	23.93257251126362	23.59604093457738	26.24230273521409	0.0
142.0	26.229634607122794	23.75301556527391	23.79294770817039	26.22440211943291	0.0
143.0	26.165467784399475	23.732636402692254	23.82764736337699	26.274248449531278	0.0
144.0	26.215661704969502	23.76244440466519	23.747573082907618	26.27432080745769	0.0
145.0	26.253115404210785	23.685058452556355	23.8803133993363	26.181512743896562	0.0
146.0	26.3189347727304	23.665780813240982	23.75803808710739	26.257246326921223	0.0
147.0	26.314253060325242	23.780345069743746	23.85084615066852	26.05455571926249	0.0
148.0	26.224474340085095	23.82440824532173	23.79686876058549	26.154248654007684	0.0
149.0	26.23383776489542	23.773184803712322	23.695523456756124	26.297453974636138	0.0
150.0	26.402379411481213	23.54653484433306	23.839004172231938	26.21208157195379	0.0
151.0	26.14929154675516	23.710670173361056	23.846164438263358	26.293873841620425	0.0
152.0	26.269914489899893	23.786128361538356	23.622268427357724	26.32168872120403	0.0
153.0	26.227228288558724	23.67349186896713	23.82082811230602	26.27845173016813	0.0
154.0	26.172975503628326	23.854977073378958	23.713699516682045	26.258347906310675	0.0
155.0	26.170365698832043	23.777446690148796	23.770561781043366	26.28162582997579	0.0
156.0	26.25546317537516	23.784056202890007	23.714380922743057	26.246099698991777	0.0
157.0	26.274465524506148	23.771663366500235	23.766981628308542	26.18688948068508	0.0
158.0	26.255187779010942	23.795622850187133	23.69152302451303	26.257666346288893	0.0
159.0	26.283553604525313	23.81517599204655	23.72016424639162	26.181106157036517	0.0
160.0	26.31805062900703	23.775859789816916	23.669281103351032	26.236808477825026	0.0
161.0	26.150609178435303	23.790731234440063	23.737854986891097	26.320804600233537	0.0
162.0	26.270406926788432	23.74556610632532	23.765119302033533	26.21890766485272	0.0
163.0	26.121285560849326	23.749827875850293	23.955275260940212	26.173611302360168	0.0
164.0	26.336371898322824	23.79499325273333	23.65977252072375	26.2088623282201	0.0
165.0	26.140288066976947	23.739362727548126	23.84456500784886	26.275784197626063	0.0
166.0	26.22828469766571	23.933099794000682	23.594908401907972	26.243707106425635	0.0
167.0	26.223878295162873	23.75849609482578	23.796776716569177	26.220848893442174	0.0
168.0	26.15310045496106	23.74362448637871	23.837535939720414	26.26573911893982	0.0
169.0	26.217891695836215	23.766823553387844	23.743414475622888	26.271870275153052	0.0
170.0	26.258926432153608	23.682000071604236	23.872026702872706	26.187046793369444	0.0
171.0	26.31318041238533	23.669882431349436	23.76021393143068	26.256723224834555	0.0
172.0	26.323921048065724	23.777839589983117	23.84558821504405	26.052651146907106	0.0
173.0	26.231386340665424	23.827962556491613	23.78527541468493	26.155375688158035	0.0
174.0	26.256172423004788	23.765171147898553	23.689160495391164	26.289495933705492	0.0
175.0	26.40488891704098	23.550909236120482	23.840355597661294	26.203846249177236	0.0
176.0	26.160883706455675	23.702104338390612	23.850820832426805	26.28619112272691	0.0
177.0	26.263883648621484	23.79353744213138	23.6249920822237	26.317586827023437	0.0
178.0	26.223675115048735	23.68062306702983	23.820802132704685	26.274899685216752	0.0
179.0	26.188423797943855	23.858807458958378	23.71091716766683	26.241851575430935	0.0
180.0	26.173696313738446	23.78898665675218	23.760895608708225	26.276421420801142	0.0
181.0	26.254113823825065	23.78513102270693	23.717106622051475	26.24364853141653	0.0
182.0	26.27201498189229	23.790363668911198	23.763649633026258	26.173971716170254	0.0
183.0	26.254940031120476	23.804959997796782	23.693422012916372	26.24667795816637	0.0
184.0	26.27917544511918	23.82313655829581	23.73418157282329	26.163506423761724	0.0
185.0	26.31532563673218	23.780790076672247	23.683848153697014	26.22003613289856	0.0
186.0	26.15393936723363	23.799242090420375	23.739755001321935	26.30706354102406	0.0
187.0	26.26189741781969	23.751872741693838	23.77252798096413	26.21370185952234	0.0
188.0	26.107264625366977	23.752829783366657	23.954976838464123	26.184928752802243	0.0
189.0	26.325109748775827	23.798271560057504	23.658365968791138	26.218252722375528	0.0
190.0	26.125441336043316	23.740987380956316	23.853077096793736	26.28049418620663	0.0
191.0	26.21454144863674	23.927568163040487	23.604241255852383	26.253649132470393	0.0
192.0	26.21178738639493	23.760671991187003	23.798402643899752	26.229137978518313	0.0
193.0	26.14789314238502	23.747177086202147	23.832553015698153	26.272376755714678	0.0
194.0	26.212410389453016	23.76955045318219	23.74145894094999	26.276580216414807	0.0
195.0	26.26005579745469	23.67453504416151	23.87090022280425	26.194508935579552	0.0
196.0	26.309629054335044	23.662692543906758	23.764317720511485	26.263360681246713	0.0
197.0	26.30577335657768	23.78993056989967	23.849969292121433	26.054326781401215	0.0
198.0	26.21378742436636	23.83289405919598	23.80012062825841	26.153197888179257	0.0
199.0	26.244908413407913	23.763216092580812	23.70262655639371	26.289248937617565	0.0
200.0	26.40519527732106	23.556936262562	23.833444873161312	26.20442358695562	0.0
201.0	26.161735504641985	23.708134696047082	23.849693885138766	26.280435914172166	0.0
202.0	26.26804259995208	23.796815744466386	23.61559794987042	26.319543705711112	0.0
203.0	26.227006959534453	23.678666148901538	23.830966210317296	26.263360681246713	0.0
204.0	26.18679754006483	23.85244795496545	23.697118416740338	26.26363608822938	0.0
205.0	26.165459918424	23.777668226396802	23.77326169040229	26.283610164776906	0.0
206.0	26.24505297482491	23.78951079188206	23.723137343464696	26.242298889828337	0.0
207.0	26.277826586284103	23.779871494394058	23.76747811190949	26.174823807412345	0.0
208.0	26.25441686381325	23.797222229872457	23.696422718997955	26.251938187316338	0.0
209.0	26.278101994783764	23.821733586341942	23.738284810945835	26.161879607928462	0.0
210.0	26.314803798444487	23.777733712296474	23.685471610813668	26.22199087844537	0.0
211.0	26.14680415096834	23.79563531407672	23.75046819573887	26.307092339216076	0.0
212.0	26.262200630136384	23.74551082909203	23.77222552713332	26.220063013638267	0.0
213.0	26.111144772428073	23.74701867835877	23.962940726092967	26.178895823120186	0.0
214.0	26.318804496907138	23.799071314866122	23.666598732008794	26.215525456217946	0.0
215.0	26.12766941893835	23.736002247351927	23.8566321668769	26.279696166832835	0.0
216.0	26.216220682361495	23.928095358752053	23.60641380146079	26.249270157425663	0.0
217.0	26.22448305112754	23.76532669406101	23.79204168640455	26.218148568406907	0.0
218.0	26.153151267447367	23.763398808015598	23.82922234585174	26.254227578685292	0.0
219.0	26.221525733218392	23.781916929915642	23.737575428749267	26.258981908116695	0.0
220.0	26.247965386087785	23.68414529690904	23.88629847613959	26.181590840863585	0.0
221.0	26.300569278775843	23.67533207928591	23.765392146872273	26.258706495065976	0.0
222.0	26.300293865725124	23.794310517198166	23.851321018697792	26.054074598378918	0.0
223.0	26.210509211189482	23.832317518197918	23.797890886857566	26.159282383755038	0.0
224.0	26.242181712022607	23.768697103480946	23.68992897097422	26.299192213522232	0.0
225.0	26.405226238050517	23.564616032895337	23.83038962684286	26.19976810221129	0.0
226.0	26.161761101211546	23.722703124010234	23.843609453277555	26.271926321500672	0.0
227.0	26.262562277776098	23.798441712959008	23.62080029524279	26.318195714022103	0.0
228.0	26.22978812474008	23.682492818604704	23.8248813658284	26.262837690826817	0.0
229.0	26.19563690645045	23.848842301241284	23.70480127571325	26.250719516595012	0.0
230.0	26.17016764484741	23.780120025668637	23.778192123694193	26.271520205789766	0.0
231.0	26.246732894689735	23.792238266650877	23.725587941248563	26.23544089741083	0.0
232.0	26.282261373933114	23.782323342210862	23.77103134493196	26.16438393892406	0.0
233.0	26.25774947740086	23.80050070368422	23.693915265954075	26.247834552960846	0.0
234.0	26.277028497145327	23.814822261208686	23.741561986179697	26.16658725546629	0.0
235.0	26.320891904992727	23.77991010443749	23.684891816859825	26.214306173709957	0.0
236.0	26.143249019521438	23.80084166923721	23.744106112016922	26.311803199224432	0.0
237.0	26.274071299519676	23.74658484995373	23.772198475300755	26.207145375225842	0.0
238.0	26.118605509438535	23.75139774048022	23.94639286560209	26.18360388447916	0.0
239.0	26.326545226199855	23.796566102796582	23.65748059688338	26.21940807412018	0.0
240.0	26.13283315705976	23.739919354838708	23.845408073329807	26.281839414771724	0.0
241.0	26.225575258776928	23.92316294545715	23.595112572785315	26.2561492229806	0.0
242.0	26.216828175873335	23.751769806684774	23.79777100767421	26.233631009767684	0.0
243.0	26.144709077786775	23.753918538474675	23.83407985278967	26.267292530948875	0.0
244.0	26.210409452419718	23.768515993245124	23.751160477910286	26.26991407642487	0.0
245.0	26.24676977668068	23.684080026888683	23.876929180280897	26.19222101614974	0.0
246.0	26.301709531222016	23.670877357320954	23.754907497968123	26.272505613488907	0.0
247.0	26.31761662171061	23.785290965347556	23.843150652850138	26.053941760091693	0.0
248.0	26.227967939339337	23.825071568894877	23.791732449433372	26.155228042332418	0.0
249.0	26.25855175967179	23.765832637620303	23.693092740613384	26.28252286209452	0.0
