# Position (bp)	A	C	G	T	N
0.0	26.203298027705703	23.90772328328158	23.6791583365236	26.20953677315071	2.835793384094035E-4
1.0	26.346505593602448	23.70723269102613	23.7545904405405	26.191671274830913	0.0
2.0	26.262299730611087	23.74110307670495	23.830426768750886	26.166170423933078	0.0
3.0	26.332787959043053	23.778791650952893	23.653459535023522	26.23496085498053	0.0
4.0	26.217069166446915	23.630806048696947	23.82418741546654	26.327937369389602	0.0
5.0	26.30679063278864	23.70639423608571	23.77331098994264	26.21350414118301	0.0
6.0	26.118774543856414	23.819839233310176	23.83628450316855	26.225101719664856	0.0
7.0	26.19886755111473	23.880664725379727	23.658938378789124	26.261529344716422	0.0
8.0	26.24245792315021	23.682971918522888	23.851392732386696	26.223177425940207	0.0
9.0	26.326444394668417	23.655267642213722	23.7494010337661	26.268886929351755	0.0
10.0	26.305373466101116	23.655782883843308	23.76239027377685	26.27645337627872	0.0
11.0	26.218896726926307	23.76153968289972	23.67648059518679	26.34308299498718	0.0
12.0	26.339113570893915	23.731201941615442	23.741409032140997	26.188275455349654	0.0
13.0	26.316714677796178	23.638771066300723	23.81569396874362	26.228820287159483	0.0
14.0	26.242146210901176	23.819096332252137	23.845181119150773	26.093576337695918	0.0
15.0	26.17381541043845	23.836675210379475	23.72836663869168	26.261142740490396	0.0
16.0	26.329473540953114	23.769195000793886	23.746229047111395	26.155102411141606	0.0
17.0	26.22201556014245	23.6980288974074	23.767493819039625	26.31246172341053	0.0
18.0	26.24498151382494	23.73403724453921	23.65011227799578	26.370868963640078	0.0
19.0	26.231088529498493	23.62317690022002	23.755585546759818	26.390149023521676	0.0
20.0	26.2177626057568	23.77429854605666	23.744244335064757	26.263694513121784	0.0
21.0	26.26333651831459	23.722061713028463	23.74984760289994	26.264754165757008	0.0
22.0	26.245757690028555	23.758069958065988	23.75580172215811	26.240370629747346	0.0
23.0	26.177352862789128	23.758569654491946	23.803650715342872	26.260426767376053	0.0
24.0	26.28197494740543	23.849015304878392	23.66869106147469	26.200318686241488	0.0
25.0	26.20088574361068	23.907705742589975	23.681449852281556	26.209675132833187	2.835286845970207E-4
26.0	26.3511559464471	23.713205064956423	23.747228507108066	26.18841048148841	0.0
27.0	26.26184441079904	23.730500314716842	23.82775065353362	26.179904620950502	0.0
28.0	26.330174823786923	23.774730789513974	23.654231098560242	26.24086328813886	0.0
29.0	26.210809247571575	23.6392040782766	23.820095379049498	26.329891295102325	0.0
30.0	26.291898451366325	23.71462270837941	23.765090814237677	26.228388026016592	0.0
31.0	26.101083646632528	23.822647137210872	23.8390918009175	26.2371774152391	0.0
32.0	26.19606575597253	23.882471689660843	23.655648741983228	26.2658138123834	0.0
33.0	26.25447266499952	23.68768748334269	23.841360030394277	26.216479821263516	0.0
34.0	26.327906594310146	23.654798155929434	23.74467674894669	26.272618500813728	0.0
35.0	26.298703139796654	23.648276996183704	23.776715490306156	26.276304373713486	0.0
36.0	26.209391604148593	23.77019433056042	23.679465151489374	26.34094891380161	0.0
37.0	26.333577168002087	23.740423818677737	23.74014028999314	26.185858723327037	0.0
38.0	26.31032781586513	23.653380512506452	23.817543620888127	26.21874805074029	0.0
39.0	26.22952214075498	23.838808272232903	23.843344731186455	26.08832485582566	0.0
40.0	26.176785805419932	23.83597298538693	23.735887359724185	26.25135384946895	0.0
41.0	26.334711282740475	23.766224928976065	23.748079093161856	26.150984695121604	0.0
42.0	26.220732751532474	23.693925114403825	23.778700191098334	26.30664194296537	0.0
43.0	26.24114681682346	23.74070734736233	23.642606422491763	26.375539413322446	0.0
44.0	26.220165694163278	23.631832332477074	23.760554355284125	26.38744761807552	0.0
45.0	26.202303387033666	23.775864904252366	23.751764966061618	26.270066742652354	0.0
46.0	26.247877084993153	23.72136013994936	23.756517597157917	26.27424517789957	0.0
47.0	26.24163947161744	23.753682318350773	23.756517597157917	26.248160612873868	0.0
48.0	26.172667989793023	23.770626594839808	23.79472639637085	26.26197901899631	0.0
49.0	26.26509781684151	23.857952934505246	23.670825063793593	26.206124184859654	0.0
50.0	26.179472639637087	23.922597108023815	23.68471789055855	26.212928834703714	2.835270768358378E-4
51.0	26.340516019279843	23.71307059824213	23.757584349305358	26.188829033172667	0.0
52.0	26.262546073149984	23.735752764388998	23.827615537283812	26.174085625177206	0.0
53.0	26.328607882052736	23.760419620073716	23.663736886872698	26.247235611000853	0.0
54.0	26.19818542670825	23.64303941026368	23.823362631131275	26.335412531896797	0.0
55.0	26.281542387297986	23.71590586901049	23.76864190530196	26.233909838389568	0.0
56.0	26.101219166430393	23.8298837538985	23.82506379359229	26.24383328607882	0.0
57.0	26.201020697476608	23.876949248653247	23.646725262262546	26.275304791607603	0.0
58.0	26.259710802381626	23.690671959172104	23.821944995747092	26.227672242699178	0.0
59.0	26.335412531896797	23.661185143181175	23.748227955769778	26.255174369152257	0.0
60.0	26.297986957754464	23.658916926566487	23.781684150836405	26.26141196484264	0.0
61.0	26.195066628863056	23.79018996314148	23.692089594556283	26.322653813439185	0.0
62.0	26.31755032605614	23.738588035157356	23.75673376807485	26.187127870711652	0.0
63.0	26.304791607598528	23.641338247802665	23.82506379359229	26.228806351006522	0.0
64.0	26.21774879500992	23.833569605897363	23.855401190813723	26.09328040827899	0.0
65.0	26.1772044230224	23.835270768358377	23.729798695775447	26.257726112843777	0.0
66.0	26.314431528210946	23.766090161610435	23.75333144315282	26.1661468670258	0.0
67.0	26.20981003685852	23.701445988091862	23.776297136376524	26.312446838673093	0.0
68.0	26.229940459313866	23.743975049617237	23.63339948965126	26.392685001417636	0.0
69.0	26.21236178055004	23.62404309611568	23.762120782534733	26.401474340799545	0.0
70.0	26.19421604763255	23.777998298837538	23.761837255457895	26.265948398072013	0.0
71.0	26.251414087286403	23.71243631291094	23.758934621676715	26.277214978125947	0.0
72.0	26.251130561013436	23.74277362411788	23.761769884406338	26.24432593046235	0.0
73.0	26.17365367931001	23.76964122687141	23.79317384080612	26.263531253012456	0.0
74.0	26.26891823692522	23.85611649494474	23.671824940034362	26.203140328095675	0.0
75.0	26.17733951040822	23.922177929243386	23.690821146463588	26.20937788841572	2.8352546909288863E-4
76.0	26.345753639049395	23.71747254055832	23.755181427947672	26.181592392444614	0.0
77.0	26.257577218161508	23.73505111964208	23.832867406479124	26.17450425571729	0.0
78.0	26.32930916184201	23.76737302311867	23.668139108936156	26.23517870610317	0.0
79.0	26.199454496997465	23.65963334486337	23.827763948035454	26.313148210103716	0.0
80.0	26.28649681600898	23.713503183991016	23.763120141082272	26.236879858917728	0.0
81.0	26.08604430936031	23.842223746959192	23.825779269751802	26.245952673928695	0.0
82.0	26.200305073404746	23.88446904185403	23.63099727248499	26.28422861225624	0.0
83.0	26.261546574728804	23.692805824747236	23.821809913184502	26.22383768733945	0.0
84.0	26.325906856212892	23.66587090518341	23.748943867627627	26.259278370976062	0.0
85.0	26.28451213772533	23.67267551644164	23.777012889067827	26.265799456765198	0.0
86.0	26.19520161496107	23.792606789867936	23.68515063708173	26.327040958089263	0.0
87.0	26.32250455058378	23.73533464511117	23.752629698725837	26.189531105579217	0.0
88.0	26.3137152610419	23.63241489983045	23.826346320689986	26.22752351843766	0.0
89.0	26.226956467499473	23.830032151788195	23.84023906867554	26.10277231203679	0.0
90.0	26.180741816037333	23.84619310352649	23.714070234929206	26.258994845506972	0.0
91.0	26.321086923238312	23.769074175933223	23.755748478885856	26.154090421942605	0.0
92.0	26.218167177957596	23.69790928319091	23.784668076733332	26.29925546211816	0.0
93.0	26.232343451412238	23.749510918565814	23.63525015452138	26.38289547550056	0.0
94.0	26.200305073404746	23.617955100906716	23.77928109282057	26.402458732867974	0.0
95.0	26.20796026107025	23.7580166826386	23.768223599525946	26.265799456765198	0.0
96.0	26.26487441274954	23.689903403146555	23.75908342146225	26.28613876264166	0.0
97.0	26.254951049466545	23.737535546904905	23.76220219277976	26.245311210848786	0.0
98.0	26.182578025766652	23.759866630375612	23.799843494828522	26.257711849029214	0.0
99.0	26.274156232988567	23.850877789874797	23.676227091272	26.198738885864636	0.0
100.0	26.183995645073487	23.927996280166937	23.691253855924515	26.19647069497369	2.8352386136817274E-4
101.0	26.357228724369442	23.713368717111234	23.745406913445834	26.183995645073487	0.0
102.0	26.261964706949737	23.73548357829795	23.82224187987661	26.180309834875704	0.0
103.0	26.324056432589366	23.771774632553075	23.661483850480856	26.2426850843767	0.0
104.0	26.198738885864636	23.660349755035384	23.82876292868808	26.312148430411902	0.0
105.0	26.285780711304664	23.709682906913446	23.761000725821084	26.243535655960805	0.0
106.0	26.094402104881148	23.83953683542007	23.831314643440393	26.234746416258393	0.0
107.0	26.212631555071674	23.893406369080022	23.624058700780257	26.269903375068044	0.0
108.0	26.264232897840685	23.690970332063145	23.81146797314462	26.23332879695155	0.0
109.0	26.33794910179641	23.67169070949011	23.74937624750499	26.24098394120849	0.0
110.0	26.298255761204864	23.676227091272	23.772625204137178	26.252891943385954	0.0
111.0	26.207811649428415	23.798142351660314	23.675943567410634	26.318102431500634	0.0
112.0	26.32915986209399	23.732648339684268	23.753345581564144	26.184846216657593	0.0
113.0	26.314133097441484	23.63143032117583	23.830464071856287	26.2239725095264	0.0
114.0	26.241550988931227	23.818556069678824	23.83953683542007	26.10035610596988	0.0
115.0	26.176907548539287	23.83982035928144	23.708265287606604	26.27500680457267	0.0
116.0	26.30931319179822	23.768939393939394	23.759583106514246	26.162164307748142	0.0
117.0	26.220003175467248	23.705713572854293	23.77716158591907	26.297121665759388	0.0
118.0	26.227941843585555	23.75391262928688	23.643054799491924	26.375090727635637	0.0
119.0	26.200156505171474	23.621790509889312	23.767521774632552	26.410531210306658	0.0
120.0	26.203842315369265	23.766104155325714	23.7510773906732	26.278976138631826	0.0
121.0	26.265157937414767	23.698692667768633	23.744907188200838	26.291242206615767	0.0
122.0	26.243326538192193	23.740370793557187	23.76050104478839	26.255801623462233	0.0
123.0	26.179607714160962	23.753480275133114	23.79232326439884	26.27458874630708	0.0
124.0	26.27487227177617	23.845909578057398	23.678629551292595	26.200588598873836	0.0
125.0	26.187546427295565	23.91877562361427	23.69790928319091	26.195768665899255	0.0
126.0	26.356527606874923	23.722008948063806	23.731081763074776	26.19038168198649	0.0
127.0	26.27742400099801	23.74185573090031	23.801396079409816	26.179324188691872	0.0
128.0	26.315699939325548	23.783250449387868	23.66275212502339	26.23829748626319	0.0
129.0	26.199170971528375	23.66558737971432	23.835986186639147	26.29925546211816	0.0
130.0	26.28734739241626	23.68826941724175	23.771625905155062	26.252757285186927	0.0
131.0	26.101354684691323	23.830032151788195	23.829748626319102	26.23886453720138	0.0
132.0	26.20710968466297	23.896093586086838	23.623625610288574	26.27317111896162	0.0
133.0	26.263814778481553	23.686851789896288	23.833150931948214	26.216182499673945	0.0
134.0	26.321086923238312	23.673809618318014	23.762836615613182	26.242266842830492	0.0
135.0	26.307194175252764	23.686568264427194	23.768223599525946	26.2380139607941	0.0
136.0	26.20937788841572	23.803664283162558	23.678062500354407	26.308895328067322	0.0
137.0	26.32363865246015	23.731081763074776	23.752346173256743	26.19293341120833	0.0
138.0	26.319385770423757	23.63241489983045	23.82946510085001	26.21873422889578	0.0
139.0	26.24963850502691	23.82379459146815	23.826913371628173	26.099653531876772	0.0
140.0	26.18924758011012	23.828898049911825	23.688836468179936	26.293017901798116	0.0
141.0	26.327608009027454	23.76170251373681	23.754897902478582	26.15579157475716	0.0
142.0	26.22525531468492	23.712085556645555	23.76879065046413	26.293868478205397	0.0
143.0	26.22837409484494	23.752346173256743	23.651127580790583	26.368152151107733	0.0
144.0	26.192366360270142	23.60179414916842	23.793457366275213	26.412382124286225	0.0
145.0	26.212780194044832	23.752346173256743	23.759434309984066	26.275439322714362	0.0
146.0	26.2678586111182	23.7104516290002	23.73993836138826	26.28175139849334	0.0
147.0	26.245460035554196	23.760919305587453	23.745325360574537	26.248295298283814	0.0
148.0	26.18060674794443	23.773461865608166	23.785370002835272	26.260561383612135	0.0
149.0	26.27246952083924	23.842358945279273	23.677346186560815	26.207825347320668	0.0
150.0	26.19279841224837	23.92429827048483	23.698610717323504	26.184292599943294	0.0
151.0	26.34873830450808	23.722143464700878	23.730649277005956	26.19846895378509	0.0
152.0	26.270201304224557	23.736886872696342	23.80153104621491	26.191380776864193	0.0
153.0	26.309895094981574	23.789339381910974	23.665721576410547	26.235043946696912	0.0
154.0	26.191097249787354	23.675361497022966	23.82421321236178	26.3093280408279	0.0
155.0	26.286362347604197	23.693790757017293	23.76495605330309	26.254607314998584	2.835270768358378E-4
156.0	26.0870428125886	23.827048483130138	23.83186844343635	26.254040260844913	0.0
157.0	26.203288914091296	23.888006804649844	23.627728948114544	26.280975333144312	0.0
158.0	26.263113127303654	23.679897930252338	23.824496739438615	26.232492203005386	0.0
159.0	26.319535015593985	23.67848029486816	23.749645591153957	26.2523390983839	0.0
160.0	26.300255174369152	23.702013042245536	23.76835837822512	26.229373405160196	0.0
161.0	26.213212361780553	23.80323220867593	23.670825063793593	26.312730365749932	0.0
162.0	26.334278423589453	23.72639637085342	23.753614970229656	26.185710235327477	0.0
163.0	26.31613269067196	23.64502409980153	23.8298837538985	26.208959455628012	0.0
164.0	26.25007088176921	23.823929685284945	23.833853132974202	26.092146299971645	0.0
165.0	26.200737170399773	23.834136660051037	23.68415083640488	26.280975333144312	0.0
166.0	26.311596257442588	23.770910121916643	23.749929118230792	26.16756450240998	0.0
167.0	26.229940459313866	23.72696342500709	23.752480861922315	26.290615253756734	0.0
168.0	26.236178055004256	23.766090161610435	23.647575843493055	26.35015593989226	0.0
169.0	26.201871278707117	23.614686702580094	23.78196767791324	26.401474340799545	0.0
170.0	26.206974766090163	23.76155372838106	23.762120782534733	26.269350722994044	0.0
171.0	26.25609939353386	23.737237701269354	23.744042370406493	26.262620534790287	0.0
172.0	26.252413531084578	23.77296221423934	23.73837181279221	26.236252441883874	0.0
173.0	26.184157551219457	23.771044916614215	23.792876625328184	26.251920906838144	0.0
174.0	26.27318555818292	23.84929883356299	23.674078106482032	26.203437501772054	0.0
175.0	26.201452800979872	23.907138685220783	23.706116847841496	26.185291665957845	0.0
176.0	26.35030536039331	23.714055651010213	23.73730500314717	26.198333985449306	0.0
177.0	26.268082041860175	23.731634429455227	23.807336588242634	26.192946940441963	0.0
178.0	26.31486427481868	23.77529784688317	23.682300438335346	26.227537439962802	0.0
179.0	26.203437501772054	23.667273418051703	23.8393753296021	26.289913750574144	0.0
180.0	26.279706717928654	23.69789451598818	23.761404941337915	26.26071029606065	2.835286845970207E-4
181.0	26.088891913194857	23.837390628809917	23.83597298538693	26.23774447260829	0.0
182.0	26.21704687863271	23.880203460184067	23.636368791430627	26.26638086975259	0.0
183.0	26.283392590828413	23.687403954658095	23.815842448780543	26.21336100573295	0.0
184.0	26.333577168002087	23.689955712819465	23.74014028999314	26.23632682918531	0.0
185.0	26.291898451366325	23.704982733103108	23.77614843293696	26.226970382593606	0.0
186.0	26.21251041967916	23.801666014550694	23.689388655450273	26.296434910319878	0.0
187.0	26.322236020618206	23.731350900770632	23.758569654491946	26.187843424119215	0.0
188.0	26.306358414280773	23.649127582237494	23.832287112487172	26.21222689099456	0.0
189.0	26.23774447260829	23.823214194580068	23.833137698540963	26.10590363427068	0.0
190.0	26.186142252011635	23.8393753296021	23.67833103675099	26.29615138163528	0.0
191.0	26.324504250094982	23.777849605044544	23.741557933416125	26.15608821144435	0.0
192.0	26.229238612070382	23.728799142609258	23.746944978423468	26.295017266896892	0.0
193.0	26.221016280217068	23.767075515029855	23.636085262746032	26.375822942007044	0.0
194.0	26.201169272295278	23.60773239428633	23.78663899426705	26.404459339151344	0.0
195.0	26.222717452324652	23.752615552115408	23.756584953699765	26.268082041860175	0.0
196.0	26.259650634964288	23.72432994893634	23.74928054392297	26.266738872176397	0.0
197.0	26.2502941618443	23.756652310623565	23.754951133692657	26.23810239383947	0.0
198.0	26.186007213010637	23.771463243132896	23.796130378569647	26.24639916528682	0.0
199.0	26.275319255109213	23.85056819470592	23.66939233787738	26.204720212307482	0.0
200.0	26.19706489441332	23.90755778347359	23.709653639394833	26.18572368271826	0.0
201.0	26.352439494635604	23.72099485108989	23.729217229568807	26.197348424705698	0.0
202.0	26.27815455803298	23.72581486606029	23.806053938802823	26.189976637103907	0.0
203.0	26.31444643545716	23.777133848980426	23.67421235284778	26.234207362714635	0.0
204.0	26.204720212307482	23.672511171093518	23.820230453421644	26.302538163177353	0.0
205.0	26.273051012770203	23.70681833647107	23.766643228162497	26.253203892303855	2.835302923764375E-4
206.0	26.079683353369475	23.83724227096423	23.841495225349878	26.24157915031642	0.0
207.0	26.213226121078776	23.867863542540885	23.62629573343616	26.29261460294418	0.0
208.0	26.267380406922676	23.683001791911447	23.816261029328373	26.233356771837503	0.0
209.0	26.32833941978361	23.672794701385897	23.754167895297932	26.24469798353256	0.0
210.0	26.29289813323655	23.69405947331413	23.773164424887156	26.23987796856216	0.0
211.0	26.19536371265906	23.79726449973915	23.690373579513235	26.316998208088556	0.0
212.0	26.313028783995286	23.7232630934289	23.7570031982217	26.206704924354117	0.0
213.0	26.323235874520833	23.629698096944676	23.821931635175904	26.225134393358584	0.0
214.0	26.259441558736135	23.815977499036	23.832989316578583	26.091591625649286	0.0
215.0	26.205435873590137	23.83936216663737	23.682285493940924	26.27291646583157	0.0
216.0	26.316863910358556	23.78690876510516	23.733888299772605	26.162339024763675	0.0
217.0	26.227267829903546	23.72141289616495	23.7514672775834	26.29985199634811	0.0
218.0	26.230670212705633	23.767628595893324	23.63833804941394	26.363363141987108	0.0
219.0	26.198347576085784	23.599210647189917	23.785774637504463	26.416667139219836	0.0
220.0	26.203167618388747	23.748631958581658	23.769329787294367	26.278870635735224	0.0
221.0	26.25314366885648	23.726583742801814	23.758339405658745	26.261933182682956	0.0
222.0	26.256829594009524	23.756638209434268	23.741327443413958	26.245204753142254	0.0
223.0	26.169575720458642	23.766345706735624	23.79441552402663	26.26966304877911	0.0
224.0	26.263708845111317	23.851122225624625	23.665407777891193	26.219761151372868	0.0
225.0	26.196227870209704	23.917185532986288	23.693761128690188	26.192825468113824	0.0
226.0	26.35047009855625	23.722398012997175	23.718145010377327	26.20898687806925	0.0
227.0	26.262007644063374	23.726651015617026	23.815964070633868	26.195377269685732	0.0
228.0	26.32041554670931	23.771165776371454	23.65831944019144	26.2500992367278	0.0
229.0	26.197078470733672	23.663706576843254	23.826171276921507	26.313043675501568	0.0
230.0	26.281287922606694	23.714175541265465	23.755854966939992	26.248398035679855	2.835335079899743E-4
231.0	26.076860263345925	23.837796150749096	23.836378483209145	26.248965102695838	0.0
232.0	26.203599741417438	23.868984836627995	23.635353226044252	26.292062195910315	0.0
233.0	26.263992378619307	23.688941059054358	23.816247604141857	26.230818958184475	0.0
234.0	26.337144023680718	23.66030417474737	23.748199562224265	26.254352239347647	0.0
235.0	26.297165799054135	23.694611729214156	23.76294330463974	26.24527916709197	0.0
236.0	26.202749140893474	23.802921529266328	23.67192904857496	26.32240028126524	0.0
237.0	26.31531194356549	23.733739353316775	23.752452564844113	26.19849613827362	0.0
238.0	26.30794007235775	23.633652024996312	23.83155841357332	26.226849489072617	0.0
239.0	26.236489628344277	23.821067673777687	23.845168021956834	26.0972746759212	0.0
240.0	26.18886948237536	23.8369323594792	23.689209726443767	26.284988431701674	0.0
241.0	26.321012577831716	23.77170498236382	23.737396649692073	26.169885790112396	0.0
242.0	26.224757713747792	23.72165293380439	23.747171673065253	26.30641767938256	0.0
243.0	26.23150230095923	23.75105974554765	23.636507986015612	26.380929967477506	0.0
244.0	26.192535294734782	23.606853941186312	23.772446430546143	26.42816433353276	0.0
245.0	26.210635558857387	23.755905020614406	23.75618857502566	26.277270845502542	0.0
246.0	26.250003544500494	23.723200031758722	23.747019075083863	26.279777348656918	0.0
247.0	26.24479298112287	23.754214530595576	23.754781666756465	26.246210821525086	0.0
248.0	26.171908232424922	23.77789751297394	23.789524430706408	26.260669823894734	0.0
249.0	26.272296741627198	23.85049485296203	23.663329835805236	26.213878569605537	0.0
