# Position (bp)	A	C	G	T	N
0.0	26.343541265708144	23.735707007811616	23.771085701347218	26.149666025133023	0.0
1.0	26.205988905241707	23.734574889618475	23.66410053209555	26.39533567304427	0.0
2.0	26.1854964014117	23.74275824788514	23.771060161377513	26.30068518932565	0.0
3.0	26.2740980563071	23.774579168411876	23.761843847991216	26.189478927289812	0.0
4.0	26.38144452431218	23.706001211222485	23.756657478732855	26.15589678573248	0.0
5.0	26.2558860816807	23.63714570316037	23.8103323372272	26.296635877931724	0.0
6.0	26.171799834742547	23.823389588780604	23.799053731309495	26.20575684516735	0.0
7.0	26.391966112342004	23.74484653497565	23.706929482771795	26.156257869910554	0.0
8.0	26.31345141757682	23.803406711561315	23.744836172259635	26.13830569860223	0.0
9.0	26.160127436472745	23.776069444955308	23.81341761192425	26.25038550664769	0.0
10.0	26.239234503910097	23.788209730537226	23.7599167053338	26.212639060218873	0.0
11.0	26.18038501148697	23.8003757313747	23.784814567512814	26.234424689625513	0.0
12.0	26.240649155170264	23.781985264992475	23.80235624313894	26.175009336698317	0.0
13.0	26.227917293828725	23.746336053236156	23.796697638098255	26.229049014836864	0.0
14.0	26.25734204004029	23.79443419608198	23.797263498602327	26.1509602652754	0.0
15.0	26.168219010649494	23.728794377610033	23.797263498602327	26.305723113138153	0.0
16.0	26.16312626611288	23.69908670114643	23.761331356593974	26.376455676146715	0.0
17.0	26.206697524926152	23.782551125496543	23.8507373162368	26.160014033340502	0.0
18.0	26.30826948540646	23.8003757313747	23.648442186032298	26.24291259718654	0.0
19.0	26.155487149307955	23.761897217098042	23.71549665576442	26.367118977829584	0.0
20.0	26.201321850137504	23.759350844829733	23.765575310374487	26.27375199465828	0.0
21.0	26.309967066918666	23.770102194407034	23.743789680967847	26.176141057706452	0.0
22.0	26.40899265513066	23.65240320956078	23.736150564162923	26.20245357114564	0.0
23.0	26.161145754348635	23.78170233474044	23.712950283496113	26.344201627414808	0.0
24.0	26.222467427746892	23.79125465065286	23.782200908203542	26.20407701339671	0.0
25.0	26.356218488821487	23.728377177843292	23.767421331688574	26.147983001646647	0.0
26.0	26.214471234644048	23.726679605936976	23.653401085314304	26.40544807410467	0.0
27.0	26.190139370653508	23.74110896714067	23.768553046292787	26.30019861591304	0.0
28.0	26.276432609224603	23.77109940415226	23.76374325922489	26.188724727398245	0.0
29.0	26.374325922488868	23.706591671712225	23.757518828901727	26.16156357689718	0.0
30.0	26.257193460953015	23.635859508949032	23.806748414184913	26.30019861591304	0.0
31.0	26.167222149918235	23.832494921430715	23.789206837819638	26.211076090831416	0.0
32.0	26.381964996067293	23.7546895423912	23.704328242503806	26.159017219037707	0.0
33.0	26.31519383441884	23.801372769814908	23.73941139523435	26.14402200053191	0.0
34.0	26.145153715136114	23.786660479960165	23.81184112990386	26.25634467499986	0.0
35.0	26.226920095290367	23.79628005409596	23.76176275866752	26.215037091946154	0.0
36.0	26.172314865637187	23.802787413070174	23.790055623772798	26.234842097519845	0.0
37.0	26.24106652784301	23.782699478845426	23.79967519790859	26.176558795402975	0.0
38.0	26.226637166639318	23.74110896714067	23.79514833949175	26.23710552672827	0.0
39.0	26.247290958166168	23.801372769814908	23.797128840049115	26.154207431969805	0.0
40.0	26.16807093587139	23.729508892447505	23.797977626002275	26.304442545678832	0.0
41.0	26.164109934756652	23.69668916892538	23.75582125699541	26.383379639322555	0.0
42.0	26.211359019482465	23.776757977173315	23.844660853425985	26.167222149918235	0.0
43.0	26.299632758610937	23.80363619902333	23.648308369595355	26.24842267277038	0.0
44.0	26.15562207522507	23.75667004294857	23.72215274752013	26.365555134306227	0.0
45.0	26.200041873440355	23.763177401922782	23.769401832245947	26.26737889239092	0.0
46.0	26.301613259168306	23.784679979402796	23.737996751979086	26.175710009449816	0.0
47.0	26.415067648240466	23.651137656105885	23.734035750864347	26.199758944789302	0.0
48.0	26.160431862292967	23.78241655019437	23.717342960452235	26.339808627060428	0.0
49.0	26.214114138753473	23.795646872091147	23.779802912459296	26.21043607669608	0.0
50.0	26.350976664176905	23.718623390145087	23.777189289513593	26.153210656164415	0.0
51.0	26.21121070143274	23.72654534754759	23.660340417826667	26.401903533193	0.0
52.0	26.185747266924697	23.747199022204114	23.768701478010907	26.298352232860278	0.0
53.0	26.26921074670107	23.776057581313236	23.76332586405921	26.191405807926483	0.0
54.0	26.373044974083882	23.71522826554401	23.746067314003756	26.165659446368352	0.0
55.0	26.249405853194812	23.64477943007175	23.807462483873156	26.298352232860278	0.0
56.0	26.163113102917546	23.84933568728639	23.782281976415202	26.20526923338086	0.0
57.0	26.380118150336116	23.765306353409837	23.701647767139722	26.15292772911432	0.0
58.0	26.311649804214483	23.80717955682307	23.73871121070143	26.142459428261017	0.0
59.0	26.139630157760124	23.79699418301985	23.804067359272086	26.259308299947943	0.0
60.0	26.225357053937216	23.800955161721102	23.75314049025599	26.220547294085694	0.0
61.0	26.166225300468525	23.802369796971547	23.793881985468868	26.237522917091056	0.0
62.0	26.237522917091056	23.786242955116453	23.80038930762092	26.17584482017157	0.0
63.0	26.21686924243453	23.74465267875331	23.80123808877119	26.237239990040965	0.0
64.0	26.244313166293203	23.80548199452253	23.798974672370477	26.15123016681379	0.0
65.0	26.157171634865666	23.73616486725063	23.798974672370477	26.30768882551323	0.0
66.0	26.163396029967632	23.690613612186233	23.754555125506442	26.391435232339695	0.0
67.0	26.210644847332564	23.776340508363322	23.845940562685318	26.167074081618797	0.0
68.0	26.305708336162603	23.80038930762092	23.647042846472466	26.24685950974401	0.0
69.0	26.15123016681379	23.751160000905365	23.72116973359589	26.376440098684956	0.0
70.0	26.196781421878185	23.756818541907155	23.77407709196261	26.272322944252053	0.0
71.0	26.3031619927118	23.77803807066386	23.73871121070143	26.180088725922907	0.0
72.0	26.41237183404631	23.650437971073536	23.73220388854938	26.204986306330774	0.0
73.0	26.154625291414863	23.785677101016272	23.7022136212399	26.357483986328965	0.0
74.0	26.219341404276147	23.797209781326302	23.777404943853288	26.206043870544267	0.0
75.0	26.348564153345595	23.721884283491303	23.774791342481254	26.15476022068185	0.0
76.0	26.2005941434432	23.734898854151933	23.657660206535578	26.40684679586929	0.0
77.0	26.1788088838591	23.75102560475315	23.768849908049226	26.30131560333852	0.0
78.0	26.25972556231433	23.775357193379545	23.769698684396662	26.19521855990946	0.0
79.0	26.366954307539963	23.719903805347293	23.750176828405714	26.162965058707034	0.0
80.0	26.254915829678882	23.635592021502333	23.813835054463148	26.29565709435564	0.0
81.0	26.161833356910453	23.84325930117414	23.790352242184184	26.20455509973122	0.0
82.0	26.38110057999717	23.765171877210356	23.70066487480549	26.153062667986987	0.0
83.0	26.310086292261992	23.805913141887114	23.738576884990806	26.14542368086009	0.0
84.0	26.146272457207527	23.795444900268777	23.81326920356486	26.245013438958836	0.0
85.0	26.226057433866178	23.803083887395672	23.754420710142877	26.216437968595272	0.0
86.0	26.163813835054462	23.802800961946527	23.794030273023058	26.23935492997595	0.0
87.0	26.24048663177253	23.79487904937049	23.80421558919225	26.16041872966473	0.0
88.0	26.21134531051068	23.752157306549723	23.799122931107654	26.23737445183194	0.0
89.0	26.241618333569107	23.81326920356486	23.793181496675626	26.151930966190406	0.0
90.0	26.15051633894469	23.74706464846513	23.795161974819635	26.307257037770547	0.0
91.0	26.16155043146131	23.692177111331166	23.752157306549723	26.394115150657804	0.0
92.0	26.20851605601924	23.77790352242184	23.84608855566558	26.16749186589334	0.0
93.0	26.305276559626538	23.799971707455086	23.64294808318008	26.251803649738292	0.0
94.0	26.155043146130996	23.744801244871976	23.723864761635312	26.376290847361723	0.0
95.0	26.201159994341488	23.757532890083464	23.774508417032113	26.26679869854293	0.0
96.0	26.301032677889374	23.76686942990522	23.751591455651436	26.18050643655397	0.0
97.0	26.411090677606452	23.656811430188146	23.73348422690621	26.19861366529919	0.0
98.0	26.15815532607158	23.769981609845807	23.720186730796435	26.35167633328618	0.0
99.0	26.22145643950647	23.789719084116328	23.780099646061263	26.208724830315944	0.0
100.0	26.35888324298632	23.716657424487625	23.77578850876498	26.148670823761076	0.0
101.0	26.213177461154558	23.73052069305026	23.657526340210268	26.398775505584915	0.0
102.0	26.189694781752543	23.748061971639714	23.76362278329165	26.29862046331609	0.0
103.0	26.265235449226488	23.77013003180064	23.768432488711337	26.196202030261535	0.0
104.0	26.37500990233469	23.71807204372871	23.746081504702193	26.160836549234407	0.0
105.0	26.250806332967418	23.646492310129805	23.807475979765286	26.295225377137488	0.0
106.0	26.164797483109446	23.843690232337064	23.788237158086528	26.203275126466963	0.0
107.0	26.398775505584915	23.76164231635413	23.696286907416	26.143295270644952	0.0
108.0	26.316161741905546	23.802949198193815	23.738442560800337	26.142446499100302	0.0
109.0	26.159139006145104	23.791349320416916	23.813417380577846	26.236094292860134	0.0
110.0	26.233265054377963	23.80153457895273	23.748061971639714	26.217138395029593	0.0
111.0	26.16423163541301	23.81200276133676	23.78710546269366	26.236660140556566	0.0
112.0	26.249391713726332	23.79021762502405	23.81087106594389	26.149519595305726	0.0
113.0	26.214592080395644	23.752588753211185	23.793046863506216	26.239772302886955	0.0
114.0	26.242601541369126	23.81285153288141	23.789934701175834	26.154612224573633	0.0
115.0	26.14923667145751	23.743252266220026	23.796441949684823	26.311069112637643	0.0
116.0	26.15942192999332	23.69232597354096	23.755983839389792	26.392268257075923	0.0
117.0	26.21742131887781	23.779466518791804	23.83661713613164	26.16649502619875	0.0
118.0	26.302298473342915	23.80521258897955	23.642531376254766	26.249957561422764	0.0
119.0	26.1540463768772	23.746081504702193	23.717789119880493	26.382082998540113	0.0
120.0	26.198465421047274	23.763905707139866	23.77211049873816	26.265518373074702	0.0
121.0	26.29862046331609	23.762774011747	23.752871677059403	26.185733847877508	0.0
122.0	26.40075597252244	23.66035557869244	23.731652388443127	26.207236060341998	0.0
123.0	26.153763453028983	23.773525117979244	23.719486662969793	26.353224766021977	0.0
124.0	26.214666247938183	23.78604106368351	23.783494741845406	26.2157979465329	0.0
125.0	26.351959258735324	23.719903805347293	23.775074267930403	26.153062667986987	0.0
126.0	26.20766727967181	23.730372046965627	23.66048946102702	26.401471212335547	0.0
127.0	26.18531616918942	23.753571933795445	23.76432310086292	26.296788796152214	0.0
128.0	26.265666996746358	23.77224501343896	23.763757249964634	26.19833073985005	0.0
129.0	26.38110057999717	23.71848917810157	23.746215872117695	26.15419436978356	0.0
130.0	26.251803649738292	23.64153345593436	23.805347290988824	26.30131560333852	0.0
131.0	26.16551138774933	23.838732493987834	23.779318149667564	26.216437968595272	0.0
132.0	26.392983448861223	23.755552411939455	23.692177111331166	26.159287027868157	0.0
133.0	26.310369217711134	23.797142452963644	23.74168906493139	26.150799264393832	0.0
134.0	26.153628518885274	23.789220540387607	23.81440090536144	26.24275003536568	0.0
135.0	26.239072004526808	23.795161974819635	23.75130853020229	26.214457490451267	0.0
136.0	26.149101711698968	23.810157023624274	23.79261564577734	26.248125618899422	0.0
137.0	26.23765737728109	23.786957136794452	23.810722874522565	26.164662611401894	0.0
138.0	26.21756967039185	23.745650021219408	23.800820483802518	26.235959824586217	0.0
139.0	26.235959824586217	23.81440090536144	23.789786391285897	26.159852878766443	0.0
140.0	26.14117979912293	23.739991512236525	23.80223511104824	26.316593577592307	0.0
141.0	26.142028575470366	23.69811854576319	23.762625548168057	26.397227330598387	0.0
142.0	26.205969726976942	23.789220540387607	23.84099589758099	26.163813835054462	0.0
143.0	26.295091243457346	23.807327769132833	23.646343188569812	26.251237798840005	0.0
144.0	26.159287027868157	23.747347573914272	23.71650869995756	26.37685669826001	0.0
145.0	26.19436978356203	23.771962087989813	23.770830386193236	26.262837742254913	0.0
146.0	26.300466826991087	23.765737728108643	23.747630499363417	26.18616494553685	0.0
147.0	26.400056585089825	23.656528504739	23.73065497241477	26.212759937756402	0.0
148.0	26.149667562597255	23.777337671523554	23.715376998160984	26.357617767718207	0.0
149.0	26.207741428041953	23.780517132599048	23.789853698836325	26.221887740522675	0.0
150.0	26.350693737126818	23.72116973359589	23.769267332111088	26.1588691971662	0.0
151.0	26.19847898417872	23.73475023200018	23.65524773092506	26.41152305289604	0.0
152.0	26.179805798872817	23.752008782055633	23.766438061610195	26.301747357461352	0.0
153.0	26.265815622099996	23.77351123786243	23.75851610420769	26.20215703582988	0.0
154.0	26.37474253638442	23.724281931146873	23.74380389760304	26.157171634865666	0.0
155.0	26.251669269595528	23.641101378420586	23.80152101582128	26.305708336162603	0.0
156.0	26.163678957017723	23.84480885448496	23.781150268214844	26.210361920282477	0.0
157.0	26.394264502840585	23.75398927140626	23.69259410153686	26.15915212421629	0.0
158.0	26.306557117312874	23.795579547769403	23.747481949254205	26.15038138566352	0.0
159.0	26.15179602091397	23.793033204318597	23.81255517077477	26.242615603992665	0.0
160.0	26.23780584414115	23.798691745320387	23.751725855005546	26.21177655553292	0.0
161.0	26.16084968651683	23.80604784862271	23.793033204318597	26.24006926054186	0.0
162.0	26.239503406441685	23.793033204318597	23.803501505171905	26.16396188406781	0.0
163.0	26.214605826033814	23.75370634435617	23.804633213372263	26.227054616237748	0.0
164.0	26.243747312193022	23.812272243724678	23.795862474819494	26.148117969262806	0.0
165.0	26.14585455286209	23.73984291890179	23.805199067472444	26.309103460763676	0.0
166.0	26.154342364364773	23.7022136212399	23.762194155858854	26.381249858536478	0.0
167.0	26.206118014531132	23.7876575903669	23.8436771462846	26.162547248817365	0.0
168.0	26.296937597609833	23.81312102487495	23.63657454561916	26.253366831896063	0.0
169.0	26.164244811117904	23.750311219755098	23.71692582784455	26.368518141282454	0.0
170.0	26.19338629727711	23.771247821461714	23.773794164912516	26.26157171634866	0.0
171.0	26.301747357461352	23.76955025916118	23.751160000905365	26.1775423824721	0.0
172.0	26.405015730743987	23.660340417826667	23.73446730495009	26.200176546479252	0.0
173.0	26.156605780765485	23.77322831081234	23.720603879495712	26.34956202892646	0.0
174.0	26.207040942489257	23.777822417505313	23.79762736704513	26.217509272960303	0.0
175.0	26.356501417472543	23.7037623852017	23.78411412210069	26.15562207522507	0.0
176.0	26.204002874555094	23.731772321655924	23.65000594150167	26.41421886228731	0.0
177.0	26.1793880819135	23.74167482444277	23.778738477730684	26.30019861591304	0.0
178.0	26.273320394063028	23.77619211987121	23.756387114297517	26.194100371768247	0.0
179.0	26.376306423046238	23.72130396156697	23.751860255880672	26.15052935950612	0.0
180.0	26.245876314910905	23.648874226897462	23.800241055210698	26.305008402980935	0.0
181.0	26.16835386452244	23.846075496681244	23.77619211987121	26.209378518925096	0.0
182.0	26.3927162848073	23.75497247104225	23.693011096461696	26.159300147688757	0.0
183.0	26.30670597488725	23.797694697351222	23.73714796602593	26.158451361735597	0.0
184.0	26.151378145459276	23.79628005409596	23.80646548553386	26.245876314910905	0.0
185.0	26.23710552672827	23.800806912512805	23.743938253651194	26.218149307107737	0.0
186.0	26.173729508892446	23.79967519790859	23.78750926591332	26.23908602728564	0.0
187.0	26.23852016998353	23.794016624887533	23.801938627117014	26.16552457801192	0.0
188.0	26.220129807665103	23.752709041833832	23.799958126559645	26.22720302394142	0.0
189.0	26.257759318255125	23.805899628231753	23.799392269257538	26.136948784255587	0.0
190.0	26.14119271402138	23.738845537932242	23.806182556882803	26.313779191163572	0.0
191.0	26.151095216808223	23.703196527899596	23.765723759782258	26.379984495509923	0.0
192.0	26.20541751781036	23.782982407496476	23.85031942644704	26.161280648246127	0.0
193.0	26.298501044006724	23.80844598609123	23.6426497965743	26.25040317332775	0.0
194.0	26.165241649360865	23.743938253651194	23.717625889103285	26.373194207884655	0.0
195.0	26.190139370653508	23.765440831131205	23.77619211987121	26.268227678344076	0.0
196.0	26.29736932940251	23.769401832245947	23.746767540161724	26.186461298189823	0.0
197.0	26.404599288151516	23.65905965833536	23.72696253458803	26.209378518925096	0.0
198.0	26.153924503318756	23.77817262042858	23.717342960452235	26.35055991580043	0.0
199.0	26.208886814072912	23.781069190397375	23.796347380780603	26.21369661474911	0.0
200.0	26.33882595262616	23.717760097780697	23.783399916252645	26.160014033340502	0.0
201.0	26.201038919885473	23.733604191894614	23.65127148855264	26.414085399667275	0.0
202.0	26.177555708966626	23.73671642466699	23.784531637260784	26.3011962291056	0.0
203.0	26.265829947601315	23.768404612894827	23.763877728862283	26.201887710641575	0.0
204.0	26.367967768585686	23.720589400301037	23.756238612057356	26.155204219055918	0.0
205.0	26.249985853487402	23.64787632552823	23.800658661626738	26.301479159357633	0.0
206.0	26.167370219893392	23.84451285069205	23.77689252045586	26.211224408958707	0.0
207.0	26.382114281187402	23.75397517004108	23.698520840642363	26.16538970812915	0.0
208.0	26.299781577845426	23.799809870870632	23.73077488937427	26.169633661909664	0.0
209.0	26.155487149307955	23.79443419608198	23.801790382634874	26.248288271975195	0.0
210.0	26.235839340885686	23.79301954482181	23.74265795995971	26.228483154332793	0.0
211.0	26.176423987958486	23.801224522130802	23.781419404488403	26.2409320854223	0.0
212.0	26.235273480381615	23.790473172553504	23.801224522130802	26.173028824934075	0.0
213.0	26.21575129299125	23.760765496089903	23.795848847342153	26.22763436357669	0.0
214.0	26.25536152827605	23.813673453220314	23.787643870033158	26.143321148470477	0.0
215.0	26.14445286947862	23.738414006179195	23.80150745238284	26.315625671959346	0.0
216.0	26.15661887031609	23.704462375935083	23.75652154230939	26.382397211439436	0.0
217.0	26.2103756182026	23.78905852129333	23.833761501114743	26.166804359389324	0.0
218.0	26.30063036860153	23.80546847591132	23.63712497595093	26.256776179536224	0.0
219.0	26.162277475356778	23.759633775081767	23.70615995744729	26.37192879211417	0.0
220.0	26.186043616527655	23.764443589366348	23.772082706171275	26.27743008793472	0.0
221.0	26.30091329885357	23.76783875239076	23.743506750715817	26.18774119803986	0.0
222.0	26.404182840846076	23.654100791072985	23.727662656601893	26.214053711479046	0.0
223.0	26.151243195527442	23.768404612894827	23.725116284333588	26.355235907244147	0.0
224.0	26.203659430233444	23.782335482666227	23.791672207399778	26.222332879700545	0.0
225.0	26.34491656339654	23.71336739832844	23.780988111203534	26.160727927071488	0.0
226.0	26.2017530457614	23.73656781027722	23.653102913632225	26.40857623032916	0.0
227.0	26.176572110841384	23.743924038456097	23.76882204152308	26.310681809179442	0.0
228.0	26.272768940872904	23.765709791139706	23.758919426666893	26.2026018413205	0.0
229.0	26.368399907198352	23.718743103536085	23.756938903695655	26.15591808556991	0.0
230.0	26.242212300745244	23.649424799542782	23.798812817944672	26.30955008176731	0.0
231.0	26.162425518189693	23.8474770966665	23.782685702321736	26.207411682822073	0.0
232.0	26.374907339818133	23.7623146089033	23.698654941970677	26.16412310930789	0.0
233.0	26.305306103971798	23.7965493631204	23.729211582098337	26.16893295080947	0.0
234.0	26.150542380362268	23.797115226826467	23.7965493631204	26.255793029690867	0.0
235.0	26.22749984438748	23.798246954238603	23.744206970309133	26.230046231064787	0.0
236.0	26.17345986045801	23.800793340915906	23.78410036158691	26.241646437039172	0.0
237.0	26.234290208860294	23.78438329343994	23.799661613503773	26.181664884195992	0.0
238.0	26.212787388029717	23.760617017785098	23.788061407529383	26.238534186655805	0.0
239.0	26.24871973336502	23.812959410596363	23.777592928967128	26.160727927071488	0.0
240.0	26.137013122973407	23.745281897766436	23.80215377476473	26.315551204495424	0.0
241.0	26.155099869556974	23.709505363443697	23.743460163945095	26.391934603054235	0.0
242.0	26.206699452747863	23.796130186020452	23.823577682073108	26.17359267915858	0.0
243.0	26.297083384032895	23.81200320326892	23.63514427443978	26.255769138258405	0.0
244.0	26.15572258130242	23.75711714567085	23.706179323772115	26.380980949254614	0.0
245.0	26.188663653677985	23.762236139450245	23.778933039769754	26.27016716710201	0.0
246.0	26.300492150775302	23.7678542622408	23.745496636450856	26.186156950533046	0.0
247.0	26.395571304042658	23.665561002116988	23.7309386073155	26.207929086524857	0.0
248.0	26.154072581329924	23.770357245962515	23.73101547065783	26.344554702049734	0.0
249.0	26.214433094734694	23.783727176752624	23.785991457998996	26.215848270513682	0.0
