# Position (bp)	A	C	G	T	N
0.0	26.18864663768931	23.75118523952712	23.922555651888988	26.137612470894577	0.0
1.0	26.122824161198377	23.91356667932855	23.800479605181128	26.16312955429194	0.0
2.0	26.088381129121117	23.96468234407168	23.838257894279003	26.1086786325282	0.0
3.0	26.185795391940246	23.804345935037144	23.93714805987114	26.072710613151468	0.0
4.0	26.103647946091236	23.88170923715274	23.730061847778497	26.28458096897753	0.0
5.0	26.15878870119402	23.828163509101557	23.77452259587226	26.238525193832164	0.0
6.0	26.219160367538542	23.813748771343825	23.68153231909397	26.28555854202367	0.0
7.0	26.174846910372985	23.833851363889405	23.684820931527184	26.30648079421043	0.0
8.0	26.211945491446798	23.84343287909539	23.725137721078575	26.219483908379242	0.0
9.0	26.24120055203127	23.82084497895091	23.846938893849952	26.09101557516787	0.0
10.0	26.108461505008478	23.76440572314918	23.92328544713915	26.20384732470319	0.0
11.0	25.95798964962382	23.830798892480757	23.972283026252843	26.238928431642577	0.0
12.0	26.139773567400663	23.885595001667077	23.699752112839395	26.274879318092864	0.0
13.0	26.245016888218835	23.760926605105606	23.948509052955075	26.04554745372048	0.0
14.0	26.33663366336634	23.86501021990925	23.741791455865936	26.056564660858474	0.0
15.0	26.124117536204572	23.87573750054361	23.8635605873911	26.13658437586072	0.0
16.0	26.191960338054304	23.907339489439426	23.896032355797807	26.004667816708466	0.0
17.0	26.18152298392358	23.87051882347825	23.825580215415393	26.122377977182786	0.0
18.0	26.055115028340314	23.916327211052	23.8386269080788	26.189930852528885	0.0
19.0	26.307930939506836	23.79658756505226	23.79687749155589	26.09860400388502	0.0
20.0	26.218847487504206	23.776803627549896	23.751000243537558	26.25334864140834	0.0
21.0	26.106936181563047	23.886105602523514	23.771584965614817	26.235373250298622	0.0
22.0	26.190434772524323	23.832469354857412	23.805216342529775	26.17187953008849	0.0
23.0	25.975309930533815	23.862041772489533	23.888714933491055	26.273933363485604	0.0
24.0	26.084611905507426	23.793039464681257	23.865520880446255	26.256827749365065	0.0
25.0	26.215658305210543	23.735924109058438	23.928724674993333	26.119692910737687	0.0
26.0	26.128680606292548	23.90060188567651	23.799127903605516	26.171589604425428	0.0
27.0	26.10577647891081	23.95365828201649	23.825801064607035	26.114764174465666	0.0
28.0	26.198262765426943	23.792169687692073	23.928434749330272	26.08113279755071	0.0
29.0	26.12048695773186	23.86922071106962	23.74020416506	26.27008816613852	0.0
30.0	26.17470289953815	23.824282363583123	23.75499033100717	26.24602440587156	0.0
31.0	26.214132675397266	23.81993349124572	23.68047965162633	26.285454181730678	0.0
32.0	26.186589817260387	23.8297909352105	23.695555742395996	26.28806350513312	0.0
33.0	26.216162149154727	23.845156950802657	23.705413186360776	26.23326771368184	0.0
34.0	26.259360947706263	23.8208032657132	23.8477662742051	26.07206951237544	0.0
35.0	26.132953725099085	23.75672987994213	23.913289284088634	26.197027110870152	0.0
36.0	25.964217478407846	23.826601762163072	23.960257105332587	26.248923654096494	0.0
37.0	26.15266861302864	23.88661620041923	23.697005366508463	26.263709820043662	0.0
38.0	26.24950350374148	23.771226121066807	23.92691575074583	26.052354624445883	0.0
39.0	26.31705598738247	23.881977403259334	23.75093138349226	26.05003522586593	0.0
40.0	26.131504100986614	23.862552440152268	23.851535296897513	26.154408161963605	0.0
41.0	26.1993465094501	23.904011689768843	23.899082967786452	25.997558832994606	0.0
42.0	26.170064102378255	23.876468831631957	23.843417401867693	26.110049664122094	0.0
43.0	26.053514323735854	23.92111725429596	23.842837552222708	26.182530869745474	0.0
44.0	26.28748365548813	23.799058904026186	23.802248077073614	26.11120936341207	0.0
45.0	26.219565229996693	23.776375834256257	23.744774120225674	26.259284815521372	0.0
46.0	26.10649487704324	23.884807403498804	23.79319142520831	26.215506294249646	0.0
47.0	26.179265796508155	23.817834963672524	23.819574507564116	26.183324732255205	0.0
48.0	25.982697336758303	23.856104929287543	23.886546947390393	26.274650786563765	0.0
49.0	26.07924202274164	23.794061197154107	23.859873941052655	26.266822839051603	0.0
50.0	26.227393177508855	23.73027792112908	23.92046805327643	26.121860848085632	0.0
51.0	26.128819023652	23.87987869580596	23.805948080413316	26.185354200128725	0.0
52.0	26.101276245368467	23.955838779072128	23.831171466841393	26.111713508718015	0.0
53.0	26.20999773859294	23.790872033352855	23.939313112102006	26.0598171159522	0.0
54.0	26.124394423038456	23.87430092282536	23.721511427320618	26.279793226815574	0.0
55.0	26.172811587648116	23.83110237476045	23.751953357165014	26.244132680426418	0.0
56.0	26.232825677912786	23.802399983764307	23.674253955276455	26.290520383046456	0.0
57.0	26.193396130685752	23.827913220205325	23.68382141894184	26.294869230167084	0.0
58.0	26.22296829110603	23.848497763242964	23.71165404051386	26.216879905137148	0.0
59.0	26.26036837634343	23.814576755702063	23.839800069001708	26.085254798952796	0.0
60.0	26.141209965238215	23.75166343402364	23.918659163455768	26.188467437282377	0.0
61.0	25.97276462009921	23.810227908581435	23.970265482620555	26.246741988698798	0.0
62.0	26.155996045448354	23.889666849318246	23.703246269413977	26.251090835819426	0.0
63.0	26.248481527547046	23.77543713161641	23.927936703979775	26.04814463685677	0.0
64.0	26.322411928597727	23.88038930879424	23.75543243486152	26.04176632774651	0.0
65.0	26.13570142555209	23.866472998008227	23.865313305442726	26.132512270996962	0.0
66.0	26.19774497780638	23.905612622093884	23.89546531214575	26.001177087953987	0.0
67.0	26.16266427769998	23.878649769945987	23.839220222718957	26.11946572963507	0.0
68.0	26.05858186994628	23.920978548586767	23.84559853182921	26.17484104963774	0.0
69.0	26.30211730870146	23.79109298125067	23.802399983764307	26.10438972628356	0.0
70.0	26.21390467354749	23.777977502029458	23.75449379566276	26.253624028760292	0.0
71.0	26.125188449495536	23.877420851211877	23.788994549460746	26.20839614983185	0.0
72.0	26.186941899570915	23.820886002551315	23.81856662414473	26.17360547373304	0.0
73.0	25.97529861996985	23.85915574626	23.890467354748925	26.275078279021223	0.0
74.0	26.099385364722256	23.777977502029458	23.86321465847153	26.259422474776763	0.0
75.0	26.222892264873014	23.746375971239708	23.911051838107387	26.11967992577989	0.0
76.0	26.13011712860953	23.890467354748925	23.80233097529862	26.17708454134292	0.0
77.0	26.121419459584832	23.950191348718544	23.837701495999074	26.09068769569755	0.0
78.0	26.20868607213267	23.794792995477213	23.93453554447408	26.061985387916035	0.0
79.0	26.11728482754022	23.884599661951576	23.72427309441872	26.273842416089483	0.0
80.0	26.176428805436608	23.829804505959334	23.767471391999905	26.226295296604153	0.0
81.0	26.23441309749189	23.812119296882475	23.669767859886758	26.283699745738883	0.0
82.0	26.176718726896887	23.832123877641546	23.70020961321578	26.290947782245787	0.0
83.0	26.2158581240342	23.84546026481426	23.72282348711734	26.2158581240342	0.0
84.0	26.26108587183732	23.819367333389387	23.84227112875122	26.077275666022075	0.0
85.0	26.144247523345925	23.755584612128576	23.90779337877369	26.192374485751813	0.0
86.0	25.974063626163673	23.80052243847142	23.988101623270257	26.23731231209465	0.0
87.0	26.168600926009145	23.890398091157106	23.705428199500755	26.235572783332994	0.0
88.0	26.235282861872715	23.782547307934284	23.93736536772188	26.044804462471117	0.0
89.0	26.3239988287173	23.870973353318586	23.756164455049127	26.048863362914986	0.0
90.0	26.12685223572934	23.861985788050017	23.871843117699417	26.139318858521225	0.0
91.0	26.182517156102413	23.896776363283188	23.91330188651894	26.00740459409546	0.0
92.0	26.163672261184445	23.881410525888537	23.859666416367805	26.09525079655921	0.0
93.0	26.06654857199185	23.90054534226678	23.830094427419613	26.20281165832176	0.0
94.0	26.295586525610208	23.783996915235665	23.817047961707175	26.103368597446952	0.0
95.0	26.227668864264963	23.761024231565397	23.763343596523274	26.247963307646366	0.0
96.0	26.109961092652835	23.878442082557797	23.798713912130857	26.212882912658515	0.0
97.0	26.17490331147332	23.823067244188543	23.809440975061026	26.192588469277112	0.0
98.0	25.974568163236906	23.864525892810548	23.89351795478398	26.26738798916857	0.0
99.0	26.084448078116214	23.79001629353883	23.854668591739582	26.270867036605377	0.0
100.0	26.23259751480045	23.754356057311508	23.89351795478398	26.119528473104065	0.0
101.0	26.124167203019816	23.890618748586636	23.802482880187405	26.182731168206146	0.0
102.0	26.119818393723797	23.926858826053426	23.848000417485693	26.105322362737084	0.0
103.0	26.22389989620842	23.774360580073175	23.93091771472971	26.070821808988697	0.0
104.0	26.14148665064377	23.863297025712985	23.728194408607138	26.26702191503611	0.0
105.0	26.18497461752333	23.83691432580605	23.7522577502805	26.225853306390125	0.0
106.0	26.223823867935742	23.827057053313347	23.656004383587064	26.29311469516385	0.0
107.0	26.183525018627346	23.81777962037904	23.716597617439255	26.28209774355436	0.0
108.0	26.238899696453995	23.82096873795021	23.727904488827942	26.212227076767856	0.0
109.0	26.26267311834815	23.803283631419188	23.84996071586992	26.08408253436274	0.0
110.0	26.148734645123696	23.74298031734619	23.923020500227587	26.185264537302526	0.0
111.0	25.986959408331717	23.799514674289625	23.989122209884524	26.224403707494137	0.0
112.0	26.167579430771504	23.890259565178315	23.711668981192904	26.230492022857277	0.0
113.0	26.221504509702164	23.78095980842101	23.94273504521299	26.054800636663835	0.0
114.0	26.338632100497794	23.860397827921016	23.762694862331593	26.0382752092496	0.0
115.0	26.133078977047052	23.852859913661888	23.87982245312722	26.134238656163838	0.0
116.0	26.17627702414742	23.901276516787807	23.924470099123575	25.997976359941205	0.0
117.0	26.165839912096324	23.87808293445204	23.860397827921016	26.095679325530625	0.0
118.0	26.050741759755073	23.90475555413817	23.855469191674665	26.18903349443209	0.0
119.0	26.296013892955823	23.78559852488816	23.80879210722393	26.109595474932085	0.0
120.0	26.23549672099779	23.742179391282665	23.75116693049443	26.271156957225113	0.0
121.0	26.117209108146188	23.88366065371301	23.795814705933516	26.203315532207284	0.0
122.0	26.182441247586414	23.830605180301635	23.809151054441294	26.177802517670663	0.0
123.0	25.990223876702558	23.851479464922505	23.909173668249633	26.2491229901253	0.0
124.0	26.08589768121488	23.787696928580953	23.867135178388157	26.259270211816006	0.0
125.0	26.229408387983373	23.745948359339213	23.914682160024586	26.109961092652835	0.0
126.0	26.139822916485468	23.869164622726295	23.820747879230666	26.170264581557568	0.0
127.0	26.121557917442207	23.92772858791263	23.853218988640908	26.097494506004253	0.0
128.0	26.22274021372948	23.772331135735037	23.938455650842798	26.066472999692685	0.0
129.0	26.15294516715422	23.85212845840062	23.73007152362425	26.264854850820914	0.0
130.0	26.199332600798442	23.82603552697574	23.755294690668297	26.219337181557517	0.0
131.0	26.25093862072764	23.809510003739987	23.664259352141507	26.27529202339086	0.0
132.0	26.189765192609322	23.81008984666054	23.72427309441872	26.27587186631142	0.0
133.0	26.210639537749223	23.85067885109924	23.72195372273651	26.216727888415026	0.0
134.0	26.247459563204327	23.81733788316745	23.86517492411306	26.070027629515163	0.0
135.0	26.150915716932282	23.739928853273646	23.925478587850552	26.183676841943516	0.0
136.0	25.97638299784588	23.799362752630312	23.98868146619081	26.235572783332994	0.0
137.0	26.16251257534334	23.872712882080243	23.707747571182967	26.25702697139345	0.0
138.0	26.240791369617973	23.756164455049127	23.945483168609623	26.05756100672328	0.0
139.0	26.326608121859792	23.85676720176504	23.778778328950686	26.03784634742448	0.0
140.0	26.133810350775978	23.83415332786348	23.87851131128577	26.15352501007477	0.0
141.0	26.171210219151632	23.90054534226678	23.917940629883365	26.010303808698225	0.0
142.0	26.16947069038997	23.874162489381625	23.869523746017205	26.086843074211195	0.0
143.0	26.069447786594612	23.898805813505124	23.86517492411306	26.166571475787208	0.0
144.0	26.305443855259607	23.78167754355345	23.82864482011823	26.08423378106871	0.0
145.0	26.218543430360665	23.75565348486606	23.768699988403107	26.257103096370173	0.0
146.0	26.12837759480459	23.86263481386988	23.816247245738143	26.192740345587385	0.0
147.0	26.19563956859562	23.821755769453787	23.809579032819205	26.17302562913139	0.0
148.0	25.989794735011017	23.845819320422127	23.911921605009855	26.252464339556997	0.0
149.0	26.085469094282733	23.761451930882522	23.89075727704975	26.262321697784998	0.0
150.0	26.242606981329004	23.74492635973559	23.902354169082685	26.11011248985272	0.0
151.0	26.160558970195986	23.864374347674826	23.81769685724226	26.157369824886928	0.0
152.0	26.123738837991418	23.925258030847733	23.85190768873942	26.099095442421433	0.0
153.0	26.214484518149135	23.777107735126986	23.93511538907573	26.07329235764815	0.0
154.0	26.14642858178297	23.84878768638434	23.764999898526902	26.23978383330579	0.0
155.0	26.18179920503075	23.825593835074322	23.767029360516528	26.225577599378404	0.0
156.0	26.240073756447163	23.793412366381673	23.66149733705595	26.30501654011522	0.0
157.0	26.17687051162737	23.799210829209176	23.726150197582623	26.297768461580834	0.0
158.0	26.226447368802532	23.831682221043202	23.722961043027492	26.218909367126773	0.0
159.0	26.261817992050307	23.806168984602184	23.871401691411606	26.060611331935903	0.0
160.0	26.152806890893228	23.736297507530754	23.931705704817652	26.17918989675837	0.0
161.0	25.96493669528208	23.780075901878412	23.99258956450645	26.262397838333058	0.0
162.0	26.177160434768744	23.85661561120147	23.70614550082773	26.260078453202055	0.0
163.0	26.263847454039933	23.73600758438938	23.938084013927906	26.062060947642777	0.0
164.0	26.328210391425234	23.84994737894984	23.791382904392044	26.03045932523288	0.0
165.0	26.137440964400337	23.83748068387071	23.886187771621742	26.138890580107216	0.0
166.0	26.178320127334242	23.896335081569873	23.945332092462287	25.980012698633594	0.0
167.0	26.183538743878998	23.87169161455298	23.87227146083573	26.07249818073229	0.0
168.0	26.069888872459913	23.892276157590622	23.85255668722222	26.185278282727246	0.0
169.0	26.310235156659967	23.782975133292165	23.819215525964065	26.0875741840838	0.0
170.0	26.226523405563064	23.75289199171977	23.77376651841887	26.246818084298297	0.0
171.0	26.12591978383268	23.86045378901652	23.834360630642646	26.179265796508155	0.0
172.0	26.186223972074522	23.81696519172673	23.81551557181707	26.181295264381678	0.0
173.0	25.990525284270465	23.84682736186572	23.90220284241472	26.260444511449098	0.0
174.0	26.083300958488685	23.77463629036467	23.884807403498804	26.257255347647845	0.0
175.0	26.221014849906354	23.761009863213868	23.897564058703807	26.12041122817597	0.0
176.0	26.1560718779536	23.86625226865516	23.822183823401506	26.155492029989734	0.0
177.0	26.127659327724274	23.91901843336677	23.854365385395948	26.098956853513013	0.0
178.0	26.214636522303852	23.78101461796717	23.92916577273439	26.075183086994592	0.0
179.0	26.171223801668226	23.827181611808058	23.771805970711796	26.229788615811923	0.0
180.0	26.193258088177735	23.802248077073614	23.779923865741615	26.22456996900704	0.0
181.0	26.214712525042255	23.804567475653563	23.674971079998954	26.305748919305223	0.0
182.0	26.181371170455503	23.79210070828634	23.736435142367583	26.290092978890574	0.0
183.0	26.212103201639813	23.82486221322811	23.7448429622199	26.21819162291218	0.0
184.0	26.260230722173738	23.800508528138653	23.87501920751949	26.064241542168116	0.0
185.0	26.14773989104625	23.742233638817456	23.935903420243132	26.17412304989316	0.0
186.0	25.96508725287533	23.78543243736899	23.9866402641795	26.26284004557618	0.0
187.0	26.192388313710257	23.848056199027592	23.702803862958337	26.25675162430382	0.0
188.0	26.263709820043662	23.728897096982752	23.938802668468064	26.068590414505522	0.0
189.0	26.319085461139924	23.85356477065497	23.78456266290151	26.042787105303596	0.0
190.0	26.139621996016434	23.848056199027592	23.885166576306762	26.12715522864921	0.0
191.0	26.18050139598802	23.895024020271542	23.92865529968079	25.995819284059646	0.0
192.0	26.183980493857945	23.87994792950188	23.855594244412423	26.08047733222775	0.0
193.0	26.070040038617986	23.884006877016787	23.85936326710484	26.186589817260387	0.0
194.0	26.315026513625018	23.77035634659933	23.816164468553307	26.09845267122235	0.0
195.0	26.231604216678843	23.752449871852857	23.765786452353616	26.25015945911468	0.0
196.0	26.129840308944786	23.861751846826472	23.819712625682776	26.188695218545966	0.0
197.0	26.210439643275464	23.822611882313375	23.806376045182017	26.160572429229145	0.0
198.0	25.99676442960025	23.847835414999594	23.898282480372032	26.257117675028123	0.0
199.0	26.07823354092011	23.769555485973395	23.883206345892912	26.269004627213583	0.0
200.0	26.23320595858678	23.75635665702175	23.911757713516995	26.098679670874482	0.0
201.0	26.159136243447605	23.860868859303242	23.829266595537412	26.15072830171174	0.0
202.0	26.14306506700376	23.92419963700255	23.84330803175358	26.08942726424011	0.0
203.0	26.235126296012805	23.77705100549718	23.93129682462366	26.05652587386635	0.0
204.0	26.165907516026245	23.816551320226267	23.766972163187912	26.250569000559576	0.0
205.0	26.210557751019852	23.80176455409202	23.78030924636782	26.207368448520306	0.0
206.0	26.24361052237876	23.80814315909111	23.662594990475583	26.285651328054556	0.0
207.0	26.17750497966095	23.79799537841074	23.736238884555945	26.288260757372363	0.0
208.0	26.215348752250645	23.831186340428122	23.746814303234842	26.20665060408639	0.0
209.0	26.283789073259552	23.78739159807131	23.879882979556218	26.04893634911292	0.0
210.0	26.16491300301249	23.740710994876732	23.926853524385542	26.167522477725235	0.0
211.0	25.983119598024917	23.782462590280577	23.99093062566505	26.24348718602945	0.0
212.0	26.183179326001678	23.842480508673606	23.712876597940834	26.261463567383885	0.0
213.0	26.270466492506372	23.728808645000043	23.946557338072967	26.054167524420617	0.0
214.0	26.31279846213173	23.85290510390179	23.795785939407292	26.03851049455918	0.0
215.0	26.134205498000807	23.839264227041166	23.898413692521363	26.128116582436668	0.0
216.0	26.198284085604357	23.887395654833874	23.930597960503235	25.983722299058538	0.0
217.0	26.1936449118412	23.897543847440772	23.848832522927665	26.05997871779036	0.0
218.0	26.06316814975253	23.878407255667767	23.87898715238816	26.179437442191546	0.0
219.0	26.310081969827447	23.777338981625654	23.81387311059113	26.098705937955767	0.0
220.0	26.223766085398314	23.761156118975403	23.75825654289343	26.25682125273285	0.0
221.0	26.141418124670174	23.849883147083897	23.837994885147793	26.170703843098135	0.0
222.0	26.21013807781302	23.825236750387095	23.798560650432908	26.166064521366977	0.0
223.0	25.97817199125488	23.855392341639654	23.906424880682444	26.260010786423027	0.0
224.0	26.06764248764759	23.78679626064163	23.887123338513998	26.25843791319678	0.0
225.0	26.229441647915746	23.76040965923589	23.90626087359948	26.103887819248882	0.0
226.0	26.15956064858846	23.85116796956552	23.834350135702522	26.1549212461435	0.0
227.0	26.12218149763385	23.920444001113484	23.858100584578267	26.0992739166744	0.0
228.0	26.24746273850258	23.760946471031723	23.920721452183493	26.0708693382822	0.0
229.0	26.15315913552574	23.823497855632915	23.767822604731816	26.25552040410953	0.0
230.0	26.212314089608157	23.795950205447475	23.780871491661763	26.21086421328261	0.0
231.0	26.246393411723766	23.798987980455554	23.66907830827449	26.285540299546184	0.0
232.0	26.176950758729085	23.80057589755635	23.73011109081261	26.292362252901963	0.0
233.0	26.221331655304205	23.82144068853324	23.745755388590368	26.211472267572184	0.0
234.0	26.27381839587762	23.78461297553422	23.89625604249976	26.045312586088404	0.0
235.0	26.166966799769177	23.737773563348384	23.91379365341731	26.18146598346513	0.0
236.0	25.960498423938734	23.80359985732803	23.997888918853867	26.238012799879368	0.0
237.0	26.18393771114559	23.846075773173457	23.708912699908655	26.261073815772303	0.0
238.0	26.267682010891946	23.751747176968003	23.938499370726305	26.04207144141375	0.0
239.0	26.31871987750912	23.864262473828592	23.79205549208043	26.024962156581854	0.0
240.0	26.153730157349248	23.846269842650752	23.883388721660605	26.1166112783394	0.0
241.0	26.191380705331017	23.908233308490246	23.929403098909322	25.970982887269418	0.0
242.0	26.19661453424471	23.88937061193004	23.856600556220943	26.057414297604303	0.0
243.0	26.064260172787307	23.875272970880207	23.877593042106394	26.1828738142261	0.0
244.0	26.320078652239353	23.798102717736487	23.81231348369677	26.069505146327387	0.0
245.0	26.248763779687412	23.75022114205005	23.761241991757565	26.239773086504968	0.0
246.0	26.123348656448037	23.85620441131687	23.84924375353471	26.171203178700388	0.0
247.0	26.207864679710656	23.833030726662063	23.816788579450204	26.142316014177077	0.0
248.0	25.990637453665837	23.86173131696338	23.915389032942937	26.232242196427848	0.0
249.0	26.093677942554173	23.768116782732026	23.901246312834093	26.236958961879708	0.0
