# Position (bp)	A	C	G	T	N
0.0	26.78315747736635	22.075063697307456	27.028217723638125	24.104015683855764	0.009545417832309036
1.0	25.2688774058539	19.89775407744624	27.463768781034027	27.36959973566584	0.0
2.0	24.756913531522766	22.85462538892917	24.326452690609713	28.06200838893835	0.0
3.0	26.925922186630935	22.938881903205967	24.629519150459373	25.50567675970373	0.0
4.0	26.708397198792138	23.17935256486742	24.516626435251897	25.59562380108854	0.0
5.0	25.518893467825578	24.98031261186016	24.182537424394006	25.318072930529677	1.835653905812598E-4
6.0	26.093820271126084	24.190063605407836	24.846860572907584	24.869255550558496	0.0
7.0	25.58185639679495	24.40758859324663	24.932952741090194	25.077602268868226	0.0
8.0	25.07833653043055	25.062549906840566	25.04841537176581	24.810698190963077	0.0
9.0	25.58846475085587	24.816755848852257	25.303571264673757	24.29120813561811	0.0
10.0	25.268326709682153	24.88137086633686	25.10678916597065	24.743513258010335	0.0
11.0	25.025836828724312	25.182050976108965	25.251255128358096	24.540857066808623	0.0
12.0	25.67841179224069	24.605655649683808	25.04327554082953	24.672657017245967	0.0
13.0	25.61948730186411	24.475691353152275	24.768845281910547	25.135976063073066	0.0
14.0	25.18498802235826	25.07081034941672	24.848145530641652	24.89605609758336	0.0
15.0	25.586996227731223	24.642735858581222	24.948372233899022	24.821895679788533	0.0
16.0	25.463089589088874	24.711389314658614	24.86374858884106	24.961772507411453	0.0
17.0	24.90560149789359	25.251989389920425	25.146989986507943	24.695419125678043	0.0
18.0	25.31036318412527	24.917166117500205	25.068791130120328	24.703679568254202	0.0
19.0	25.06658834543335	24.946169449212046	25.066404780042774	24.92083742531183	0.0
20.0	24.642552293190644	25.417565372224722	25.230695804612996	24.70918652997164	0.0
21.0	25.21197213477371	24.935706221948912	25.075583049571833	24.776738593705545	0.0
22.0	25.045845456297673	24.862280065716412	25.004543243416887	25.08733123456903	0.0
23.0	24.661643093811094	25.320826411388396	25.074848788009508	24.942681706791	0.0
24.0	25.213991354070103	24.910924894220443	24.937725441245306	24.936991179682984	3.671307811625196E-4
25.0	24.925426560076364	25.047681110203484	24.80831184088552	25.218580488834636	0.0
26.0	24.52690609712445	25.38232081723312	25.065486953089867	25.025286132552573	0.0
27.0	24.959753288115056	25.066404780042774	24.979578350297835	24.994263581544335	0.0
28.0	24.71689627637605	24.996833497012474	24.987838792873994	25.298431433737484	0.0
29.0	24.438794709645443	25.40269657558764	25.07227887254137	25.08622984222555	0.0
30.0	24.899543840004405	24.988389489045733	24.96874799225354	25.143318678696318	0.0
31.0	24.73415142309069	24.91771681367195	24.754894312226373	25.593237451010985	0.0
32.0	24.61152974218241	25.236202766330436	24.96287389975494	25.189393591732212	0.0
33.0	25.203528126806972	24.80408983690215	24.636861766082625	25.35533670481767	1.835653905812598E-4
34.0	24.999954108652357	24.848696226813395	24.354171064587483	25.79717859994677	0.0
35.0	24.753030604319946	25.15954992102232	24.496212448082964	25.591207026574768	0.0
36.0	25.32342390291423	24.7037642641806	24.403061214686605	25.569750618218567	0.0
37.0	25.119303374820724	24.733626487223344	24.377738453859827	25.7693316840961	0.0
38.0	24.91347164345042	25.30442156858767	24.245996161508778	25.53611062645313	0.0
39.0	25.315011710433673	24.819015822143477	24.26765392273412	25.59831854468873	0.0
40.0	25.1413744353643	24.785136719423466	24.25562911623737	25.817859728974863	0.0
41.0	24.848797954875433	25.289265768213276	24.24109488986078	25.620841387050515	0.0
42.0	25.308530825380554	24.896694691838533	24.195603695444408	25.5991707873365	0.0
43.0	25.327647953622634	24.701457677059253	24.109283857753717	25.861610511564397	0.0
44.0	25.025873993650922	25.061699523321423	24.1974086200205	25.715017863007155	0.0
45.0	25.569287962886257	24.647398724215062	24.094679396901668	25.688633915997016	0.0
46.0	25.535381436513564	24.613114586058906	23.909882740742937	25.941621236684586	0.0
47.0	25.329987509424196	24.9566768316698	23.99175171886077	25.721583940045235	0.0
48.0	25.744238860623557	24.65890886044751	24.020444929551843	25.57640734937709	0.0
49.0	25.58066108153012	24.424090269539548	24.00535829785147	25.989890351078866	0.0
50.0	25.405859242310626	24.95882122965897	24.009306081639718	25.62601344639069	0.0
51.0	25.83369358681774	24.68691458808784	23.745898974869387	25.73349285022503	0.0
52.0	25.634875549664415	24.647057585894927	23.76584120572002	25.95222565872064	0.0
53.0	25.531391114883363	25.03389512902195	23.83828808471394	25.59642567138075	0.0
54.0	25.978860011085793	24.6327831495966	23.767860442199915	25.62049639711769	0.0
55.0	25.737026399018916	24.57964887368489	23.785741947976504	25.897582779319695	0.0
56.0	25.403312813352798	25.046222842757714	23.82983224387045	25.720632100019042	0.0
57.0	25.882749864602104	24.460406104891195	23.86687501664728	25.789969013859416	0.0
58.0	25.90375767407387	24.385025242283973	23.591629723896496	26.119587359745665	0.0
59.0	25.64096279229374	24.903671748615128	23.699691161331437	25.755674297759697	0.0
60.0	26.076768176176422	24.387003074641164	23.602634818122358	25.933593931060056	0.0
61.0	25.93458576214677	24.53818717153512	23.715502730554608	25.811724335763497	0.0
62.0	25.617614244404475	24.85598488125868	23.762494592317676	25.76390628201917	0.0
63.0	26.209457638285766	24.461082327573298	23.51651642658201	25.812943607558925	0.0
64.0	26.042698742261404	24.281990925097343	23.539212035920965	26.136098296720288	0.0
65.0	25.745997694885443	24.99317126468178	23.553473994177253	25.70735704625552	0.0
66.0	26.249146589525395	24.32483793999029	23.525975351393964	25.90004011909035	0.0
67.0	26.055819556923897	24.300024540972267	23.5139697625475	26.130186139556326	0.0
68.0	25.802396385778824	24.927126301316047	23.365154193675114	25.90532311923001	0.0
69.0	26.227820354210085	24.3596237036791	23.506895721414516	25.905660220696298	0.0
70.0	26.00832294428544	24.416603747080824	23.43769205106144	26.1373812575723	0.0
71.0	25.726738782944874	24.899631983941116	23.474963755994203	25.89866547711981	0.0
72.0	26.28321805606116	24.23085626580348	23.6031444622635	25.88278121587186	0.0
73.0	26.091627897273277	24.389251663780694	23.480691798969396	26.038428639976637	0.0
74.0	25.86325202532206	24.701181991234673	23.440612687591305	25.994953295851964	0.0
75.0	26.379892987890734	24.324134046747396	23.49924903782972	25.79672392753215	0.0
76.0	26.54181586794595	24.510599009345093	23.225492520181163	25.72209260252779	0.0
77.0	25.871372320256675	24.75506118498681	23.198589364551157	26.172325559812798	0.002651570392564997
78.0	26.58043745322583	24.150298648667732	23.562885666276	25.704966181391995	0.0014120504384416612
79.0	26.185437024361686	24.019453325527987	23.331982407949443	26.460125185752243	0.0030020564086399183
80.0	26.125233674724786	24.604151021777685	23.53044561969738	25.738571907904195	0.001597775895952834
81.0	26.32858867744843	24.180739077938203	23.359352413992486	26.131319830620885	0.0
82.0	26.36363636363636	24.083665338645417	22.796088373777618	26.7566099239406	0.0
83.0	26.352368817328852	24.331055253098572	23.29626626510676	26.020309664465806	0.0
84.0	26.225889633831873	24.367199587416195	23.385250128932437	26.021660649819495	0.0
85.0	26.720087815587267	24.20636663007684	22.83424807903403	26.237102085620194	0.0021953896816684962
86.0	26.123509988056487	24.264068757171962	23.17510128568418	26.434978103557295	0.002341865530081263
87.0	26.630679262258212	24.099065327135502	23.164392462638077	26.103363822662068	0.00249912530614285
88.0	26.454644983844695	24.088760714571816	23.124783038265374	26.331811263318112	0.0
89.0	25.95802919708029	24.489621350364963	23.01551094890511	26.53398722627737	0.0028512773722627737
90.0	26.430925067122285	23.886380278252382	23.267024652184524	26.415670002440812	0.0
91.0	26.32713026444662	24.08749591903363	23.04276852758733	26.54260528893242	0.0
92.0	25.988542685482745	24.696101718597177	23.14866564202878	26.166689953891296	0.0
93.0	26.5175002801539	24.085764446602667	23.14818273504912	26.248552538194314	0.0
94.0	25.944886613606364	23.937127544694636	23.793144822621283	26.32484101907771	0.0
95.0	26.33473305338932	25.044991001799637	22.632616333876083	25.987659610934955	0.0
96.0	27.023672718915194	24.394392093771547	22.610894047345436	25.97104113996782	0.0
97.0	26.50816356730627	23.997435012085038	23.00596852957135	26.488432891037338	0.0
98.0	26.411002380322667	24.205236709865115	23.17905316053954	26.199418143348318	0.005289605924358635
99.0	26.68588547849189	24.43050138488497	23.01170086484653	25.87191227177661	0.0
100.0	26.35057297035106	24.258776450615414	22.87030861577639	26.520341963257138	0.0
101.0	26.26821019771072	23.861862643080126	23.60171696149844	26.26821019771072	0.0
102.0	26.56960873521383	24.147826695597395	23.363897249247568	25.918667319941207	0.0
103.0	27.113177829445732	23.715592889822247	22.703067576689417	26.468161704042604	0.0
104.0	26.034357609484637	24.36486813452698	23.429308815227035	26.17146544076135	0.0
105.0	27.12659657659223	24.01598748805283	22.990702928143193	25.866713007211743	0.0
106.0	27.243680105253265	23.79475613194249	22.648247345174326	26.313316417629924	0.0
107.0	25.9945338597024	24.678611195465127	22.299827917805445	27.027027027027028	0.0
108.0	26.100217864923746	24.66230936819172	23.12636165577342	26.111111111111114	0.0
109.0	26.572934973637963	24.534270650263622	22.54247217340363	26.350322202694787	0.0
110.0	25.358851674641148	23.772349534122387	24.263409720473433	26.60538907076303	0.0
111.0	26.49141923181694	24.62544265867611	22.25551620811768	26.627621901389265	0.0
112.0	26.23791385877527	24.289481394667447	22.66334602988573	26.809258716671554	0.0
113.0	26.409401302207403	24.313164999205974	22.931554708591392	26.345878989995235	0.0
114.0	26.82296155835201	24.71987588346837	22.46164454404413	25.995518014135495	0.0
115.0	27.177374040082412	23.187862895673348	22.21389773365799	27.420865330586253	0.0
116.0	27.07654723127036	23.59527687296417	23.574918566775242	25.753257328990227	0.0
117.0	27.512757932105615	24.539605058797427	22.964277790104283	24.98335921899268	0.0
118.0	26.64083313150884	23.589246790990554	23.104868006781302	26.6650520707193	0.0
119.0	26.42500656685054	23.614394536380352	23.483057525610718	26.47754137115839	0.0
120.0	26.710753306497985	23.92179413456009	23.26049453709028	26.10695802185164	0.0
121.0	27.181418706842436	24.042686754551163	22.849968612680478	25.925925925925924	0.0
122.0	28.36438923395445	24.016563146997928	22.22222222222222	25.396825396825395	0.0
123.0	27.433962264150942	24.339622641509433	22.49056603773585	25.735849056603772	0.0
124.0	28.003314001657	25.062137531068768	20.7953603976802	26.139188069594034	0.0
125.0	26.583448913545997	24.22561257512714	23.02357836338419	26.16736014794267	0.0
126.0	27.119509703779364	22.93156281920327	22.216547497446374	27.732379979570993	0.0
127.0	29.331823329558325	23.89580973952435	21.687429218573044	25.084937712344278	0.0
128.0	27.008222643896268	24.984187223276408	23.719165085388994	24.28842504743833	0.0
129.0	28.37837837837838	24.11095305832148	20.69701280227596	26.81365576102418	0.0
130.0	25.10220768601799	24.1210139002453	22.403924775143093	28.37285363859362	0.0
131.0	27.746741154562383	26.256983240223462	20.763500931098697	25.232774674115454	0.0
132.0	28.246753246753247	21.1038961038961	21.753246753246753	28.8961038961039	0.0
133.0	30.510585305105852	21.91780821917808	19.05354919053549	28.51805728518057	0.0
134.0	27.340267459138186	27.4888558692422	20.65378900445765	24.51708766716196	0.0
135.0	27.522935779816514	25.688073394495415	21.467889908256883	25.321100917431195	0.0
136.0	27.027027027027028	21.17117117117117	22.74774774774775	29.054054054054053	0.0
137.0	25.958702064896755	20.64896755162242	23.008849557522122	30.383480825958703	0.0
138.0	27.54237288135593	23.30508474576271	26.27118644067797	22.88135593220339	0.0
139.0	24.0	28.666666666666668	20.0	27.333333333333332	0.0
140.0	15.714285714285714	40.0	20.0	24.285714285714285	0.0
