# Position (bp)	A	C	G	T	N
0.0	26.272590651612653	23.84438805000633	23.771723633000654	26.111297665380363	0.0
1.0	26.192219402500317	23.690801895880696	23.82732292177015	26.289655779848836	0.0
2.0	26.17797300570271	23.843494726644206	23.730376290816213	26.248155976836866	0.0
3.0	26.114681234605275	23.79711301619628	23.710145725254918	26.37806002394353	0.0
4.0	26.175569725106435	23.814936003104215	23.71779171494068	26.291702556848673	0.0
5.0	26.31160375463344	23.67257306867809	23.749349873827367	26.266473302861105	0.0
6.0	26.16810857218333	23.7152181570026	23.885274952670276	26.231398318143796	0.0
7.0	26.299062231712416	23.76587712153565	23.713595438835934	26.221465207915994	0.0
8.0	26.265797532929586	23.765983264864747	23.815236622485397	26.152982579720273	0.0
9.0	26.18945422128306	23.867776053532317	23.702963867886112	26.23980585729851	0.0
10.0	26.1666969311785	23.88282681545801	23.685557224689237	26.26491902867425	0.0
11.0	26.272072458743967	23.84128189466849	23.631356235314833	26.255289411272702	0.0
12.0	26.287204714660678	23.711419625710526	23.748562435687912	26.25281322394088	0.0
13.0	26.284728527328856	23.7334301797712	23.702890536012017	26.278950756887927	0.0
14.0	26.220072524775627	23.717197396151455	23.757366657312183	26.305363421760735	0.0
15.0	26.163120216143643	23.754890469980356	23.733155047845443	26.348834266030565	0.0
16.0	26.143310717489037	23.68693288431803	23.846784533183662	26.322971865009272	0.0
17.0	26.259966654010597	23.727102145478757	23.794234335363807	26.21869686514684	0.0
18.0	26.256665070901498	23.685557224689237	23.780477739075888	26.277299965333377	0.0
19.0	26.25804073053029	23.771123253600102	23.742509533321225	26.228326482548383	0.0
20.0	26.199162498417994	23.739758214063645	23.751588886871254	26.30949040064711	0.0
21.0	26.17920894503995	23.7492571478881	23.862060616732332	26.20947329033962	0.0
22.0	26.345112583364518	23.661765676930866	23.824642880725463	26.168478858979157	0.0
23.0	26.360519886426165	23.75090793035899	23.70908810776308	26.179484075451764	0.0
24.0	26.359969625602535	23.793002883366714	23.758611581889816	26.088415909140934	0.0
25.0	26.270552241762594	23.83922479255167	23.769616798362424	26.120606167323313	0.0
26.0	26.187187726982593	23.692030022230536	23.83647348843352	26.284308762353355	0.0
27.0	26.184436422864437	23.84390200955253	23.737426540180046	26.234235027402992	0.0
28.0	26.122256949794203	23.793002883366714	23.71183941188123	26.37290075495785	0.0
29.0	26.160775207448328	23.827944445667246	23.73027314947285	26.281007197411572	0.0
30.0	26.29201241388418	23.665342372284464	23.775394537010545	26.267250676820815	0.0
31.0	26.169304250214605	23.714590715999385	23.879393832676687	26.236711201109326	0.0
32.0	26.302742499944976	23.76631523342064	23.69423106552506	26.236711201109326	0.0
33.0	26.274128937116192	23.781172275658662	23.778145841128694	26.16655294609645	0.0
34.0	26.194891378513415	23.8579336605551	23.701934717055885	26.245240243875596	0.0
35.0	26.17343120639183	23.87141505073405	23.68212532740519	26.27302841546893	0.0
36.0	26.28485902317699	23.838399401316224	23.621871767217662	26.25486980828913	0.0
37.0	26.307969977769464	23.707162194880375	23.75145819118262	26.233409636167544	0.0
38.0	26.263949111879032	23.741003235533643	23.717617150529353	26.277430502057975	0.0
39.0	26.204520942926944	23.71596636805846	23.7619131468316	26.317599542182997	0.0
40.0	26.16187572909559	23.767690885479716	23.71596636805846	26.354467017366233	0.0
41.0	26.157748772918367	23.687627935641494	23.838949662139854	26.31567362930029	0.0
42.0	26.247166156758304	23.71596636805846	23.80730966478111	26.22955781040213	0.0
43.0	26.2507428521119	23.683500979464267	23.78172253648229	26.28403363194154	0.0
44.0	26.266425285585367	23.749532278299913	23.758061321066183	26.225981115048537	0.0
45.0	26.190764422336187	23.72449541082473	23.756685669007112	26.32805449783197	0.0
46.0	26.16173177133487	23.754904172604867	23.877886789961096	26.20547726609917	0.0
47.0	26.327634496761732	23.65778367165017	23.82808845944325	26.18649337214485	0.0
48.0	26.36862870254714	23.75380365701331	23.7128094512279	26.164758189211646	0.0
49.0	26.330936043536397	23.80937969438682	23.765359070724635	26.094325191352148	0.0
50.0	26.286090033180542	23.83001436172847	23.751877754728092	26.132017850362892	0.0
51.0	26.17576334512719	23.701529166414463	23.847622611193344	26.275084877264998	0.0
52.0	26.18676850104274	23.84817286898912	23.734269505263217	26.230789124704923	0.0
53.0	26.138070686116443	23.794522733900834	23.696026588456693	26.371379991526027	0.0
54.0	26.166408962598975	23.812956370059375	23.733994376365327	26.286640290976322	0.0
55.0	26.289666708853098	23.67346601882982	23.782417062393733	26.25445020992335	0.0
56.0	26.16613383370109	23.72298922044978	23.86495573176033	26.245921214088803	0.0
57.0	26.28306361530377	23.77663935553807	23.691624526090475	26.248672503067688	0.0
58.0	26.28251335750799	23.783242449087396	23.77884038672118	26.15540380668343	0.0
59.0	26.191995950102626	23.86495573176033	23.692449912784138	26.25059840535291	0.0
60.0	26.1925462078984	23.87073343861599	23.689148366009473	26.24757198747613	0.0
61.0	26.29461902901509	23.84212003323557	23.63219668414652	26.231064253602813	0.0
62.0	26.288291064363655	23.71886228698145	23.764808812928855	26.228037835726038	0.0
63.0	26.261053303472675	23.73757105203788	23.713634837921564	26.28774080656788	0.0
64.0	26.197223399162507	23.699328135231358	23.7807662890064	26.322682176599738	0.0
65.0	26.153202775500322	23.773612937661294	23.70648148657646	26.36670280026192	0.0
66.0	26.16971050937364	23.67594217891082	23.835241810788354	26.319105500927186	0.0
67.0	26.261603561268455	23.716386126900453	23.801400956348047	26.22060935548304	0.0
68.0	26.256376112208567	23.688873237111586	23.78269219129162	26.272058459388226	0.0
69.0	26.25775175669801	23.739772083220988	23.754904172604867	26.24757198747613	0.0
70.0	26.181541051982855	23.71501048241101	23.76205752394997	26.34139094165617	0.0
71.0	26.16351370684627	23.751747058888263	23.889861005645614	26.19487822861985	0.0
72.0	26.33987035997667	23.656828111415585	23.824380688258664	26.17892084034908	0.0
73.0	26.373435900822077	23.73633992538545	23.715980498971025	26.17424367482144	0.0
74.0	26.335743449216984	23.799344096316595	23.758350116103756	26.10656233836266	0.0
75.0	26.288696666556614	23.81392584766747	23.75312269580816	26.144254789967754	0.0
76.0	26.19020106309221	23.690393652260997	23.844189859905136	26.275215424741656	0.0
77.0	26.195703610771787	23.846666006360945	23.749821167200412	26.207809215666856	0.0
78.0	26.147281191191524	23.79164052956519	23.684065722429484	26.377012556813806	0.0
79.0	26.18029647726898	23.814476102435428	23.76027600779161	26.24495141250399	0.0
80.0	26.29392408685221	23.68984339749304	23.756149097031926	26.26008341862282	0.0
81.0	26.16351370684627	23.708552059603598	23.871977725686992	26.255956507863143	0.0
82.0	26.288971793940597	23.787788746189488	23.666457569854842	26.25678189001508	0.0
83.0	26.290897685628444	23.767704447159037	23.774582631758502	26.166815235454017	0.0
84.0	26.195428483387808	23.87500412691076	23.681864703357654	26.24770268634378	0.0
85.0	26.189650808324256	23.86372390416763	23.694795690404657	26.25182959710346	0.0
86.0	26.276315934277573	23.853544190960417	23.609781328755215	26.260358546006803	0.0
87.0	26.302177908371576	23.698097219012404	23.763027281631395	26.236697590984626	0.0
88.0	26.26531083891842	23.742392727832986	23.703324639308	26.288971793940597	0.0
89.0	26.21661329195418	23.704425148843914	23.756974479183864	26.32198708001805	0.0
90.0	26.172868037901548	23.762752154247416	23.699747983316275	26.36463182453476	0.0
91.0	26.184698515412634	23.68736725103723	23.846666006360945	26.281268227189187	0.0
92.0	26.26145905554272	23.74596938382471	23.78971463787734	26.202856922755235	0.0
93.0	26.26255956507863	23.70387489407596	23.775958268678398	26.25760727216701	0.0
94.0	26.268887494910143	23.75917549825569	23.760551135175586	26.211385871658578	0.0
95.0	26.186074152332527	23.702774384540042	23.7707308483828	26.340420614744627	0.0
96.0	26.1520895809833	23.750790986876495	23.901009711943214	26.196109720196993	0.0
97.0	26.349629955704735	23.647068533854238	23.82865160811071	26.174649902330316	0.0
98.0	26.371364899441495	23.730431672490166	23.718876385946572	26.17932704212177	0.0
99.0	26.357058354197044	23.80196439871241	23.73373318293119	26.107244064159353	0.0
100.0	26.273695215561123	23.83360387377225	23.76619803560129	26.126502875065345	0.0
101.0	26.20601425152007	23.695765812859385	23.823424216579085	26.27479571904146	0.0
102.0	26.201337111728616	23.82369934244917	23.75299199383718	26.221971551985035	0.0
103.0	26.14218504966022	23.785731972377363	23.679258260654247	26.392824717308166	0.0
104.0	26.180427545602114	23.822323713098744	23.758494511238894	26.238754230060252	0.0
105.0	26.305609816491042	23.698792197430326	23.752441742097012	26.24315624398162	0.0
106.0	26.14713731532176	23.70539521831238	23.867444355792774	26.280023110573087	0.0
107.0	26.29845654386882	23.790684238038903	23.655322309956805	26.255536908135475	0.0
108.0	26.296530662778224	23.773626434093597	23.76344677690043	26.16639612622775	0.0
109.0	26.19363358736622	23.890830054750047	23.663576086059372	26.25196027182436	0.0
110.0	26.201612237598702	23.849561174237213	23.6897130437175	26.25911354444658	0.0
111.0	26.290202767766253	23.822323713098744	23.619555946845683	26.267917572289324	0.0
112.0	26.311937711503013	23.693014554158527	23.75794425949872	26.237103474839742	0.0
113.0	26.283324621014113	23.715299749635456	23.713098742674774	26.288276886675654	0.0
114.0	26.22169642611495	23.69714144220981	23.760970644069662	26.320191487605584	0.0
115.0	26.171073266019203	23.765647783861116	23.708696728753402	26.354582221366275	0.0
116.0	26.159793105345695	23.692464302418355	23.861391586650893	26.286351005585058	0.0
117.0	26.278372355352573	23.74611384708504	23.79288524499959	26.182628552562797	0.0
118.0	26.270118579250006	23.701268330261094	23.772525930613256	26.25608715987564	0.0
119.0	26.27066883099018	23.758219385368808	23.752166616226926	26.21894516741409	0.0
120.0	26.158417475995265	23.711723113324346	23.765647783861116	26.364211626819266	0.0
121.0	26.147281191191524	23.757799861335798	23.910770686828002	26.18414826064468	0.0
122.0	26.341796251664523	23.64252148744869	23.843639605137177	26.17204265574961	0.0
123.0	26.367933353142504	23.72588508479426	23.714604862051132	26.191576700012103	0.0
124.0	26.364906951918737	23.775958268678398	23.740741963529114	26.118392815873747	0.0
125.0	26.28181848195715	23.8031958796923	23.779810052054103	26.135175586296455	0.0
126.0	26.222390967017727	23.704425148843914	23.83208425501007	26.241099629128286	0.0
127.0	26.221290457481818	23.829332981170282	23.722583556186514	26.22679300516139	0.0
128.0	26.15003246503131	23.76880495669495	23.68269008550959	26.398472492764153	0.0
129.0	26.172317783133593	23.828507599018344	23.765228300703225	26.23394631714484	0.0
130.0	26.31455864065062	23.693144926100786	23.737715562305347	26.254580870943244	0.0
131.0	26.139577624440115	23.69342005348476	23.866750305391395	26.30025201668372	0.0
132.0	26.28291899149306	23.818878140579088	23.662055531711182	26.23614733621667	0.0
133.0	26.291447940396402	23.76908008407893	23.774857759142485	26.164614216382187	0.0
134.0	26.175966456377058	23.899556218308675	23.667623195503307	26.256854129810957	0.0
135.0	26.216960549375873	23.87754596703415	23.676152167872186	26.229341315717797	0.0
136.0	26.30032437607816	23.833525464485085	23.617549873853747	26.248600285583013	0.0
137.0	26.311879757997286	23.670374476912624	23.78097598956714	26.23676977552295	0.0
138.0	26.292693126729873	23.714735353513124	23.70675661547435	26.285814904282656	0.0
139.0	26.239318120539473	23.713634837921564	23.733994376365327	26.313052665173636	0.0
140.0	26.16372965760114	23.755519788700425	23.70764722875655	26.373103324941876	0.0
141.0	26.16435190280193	23.68735280522968	23.839499922963483	26.308795369004905	0.0
142.0	26.30852023859309	23.743479409239978	23.76934166795061	26.178658684216316	0.0
143.0	26.256317699463217	23.70502637132253	23.78784085312673	26.250815076087523	0.0
144.0	26.260169535826204	23.76693088429909	23.753449457028637	26.219450122846066	0.0
145.0	26.156995347531936	23.714105699892425	23.772708638843568	26.35619031373207	0.0
146.0	26.132377338971718	23.753305031351367	23.931866142447195	26.18245148722972	0.0
147.0	26.329372339810874	23.665812838241244	23.842448020557914	26.162366801389968	0.0
148.0	26.37999675343434	23.7406489279455	23.695802300659494	26.18355201796066	0.0
149.0	26.340652779803058	23.772564319142905	23.76155901183346	26.125223889220578	0.0
150.0	26.291954294958742	23.801453250830214	23.79429980107907	26.112292653131973	0.0
151.0	26.204534199086556	23.69614262917515	23.8400374181478	26.25928575359049	0.0
152.0	26.219116271391623	23.82325427832499	23.720904638749793	26.236724811533595	0.0
153.0	26.145105376107413	23.769603257579927	23.69008969350135	26.395201672811314	0.0
154.0	26.169592252242335	23.840587685027238	23.755021185274856	26.234798877455567	0.0
155.0	26.298629835470205	23.688989159742473	23.746492048643592	26.26588895614373	0.0
156.0	26.117867165575305	23.704946899246135	23.875804765311177	26.301381169867387	0.0
157.0	26.314587574973864	23.77593132669345	23.665327683926705	26.244153414405986	0.0
158.0	26.293952566994992	23.75144445055852	23.76602652286359	26.188576459582897	0.0
159.0	26.200204149573953	23.89485471538743	23.65713876943479	26.247802365603825	0.0
160.0	26.22028894593338	23.866515893126873	23.687128396875575	26.22606676406417	0.0
161.0	26.313009170222777	23.815891200933255	23.64090585182923	26.230193777014737	0.0
162.0	26.321263196123912	23.68960460464592	23.767467582313273	26.2216646169169	0.0
163.0	26.28639347599998	23.719934627935004	23.719109223073918	26.274562672991102	0.0
164.0	26.235493509566442	23.708654094833513	23.742495694137975	26.313356701462066	0.0
165.0	26.152474708149793	23.76512214649876	23.71669826141744	26.365704883934	0.0
166.0	26.168504578270824	23.688424458531433	23.83369651347068	26.309374449727063	0.0
167.0	26.297543581616484	23.754732347244236	23.775092445853144	26.17263162528614	0.0
168.0	26.24203821656051	23.71215143552847	23.769104841039468	26.27670550687155	0.0
169.0	26.26239837118763	23.767178880466634	23.753422019232094	26.217000729113643	0.0
170.0	26.176280419859406	23.7052730049112	23.77020538993823	26.348241185291165	0.0
171.0	26.1249735178964	23.766209110944196	23.93129235416959	26.177525016989815	0.0
172.0	26.32142257733462	23.65780444789285	23.864983918140723	26.155789056631807	0.0
173.0	26.366545330482893	23.747224537973274	23.71475816680561	26.17147196473822	0.0
174.0	26.332428126882977	23.7695107758087	23.73924551455071	26.158815582757605	0.0
175.0	26.2963849521121	23.809681031660215	23.781616880311898	26.112317135915784	0.0
176.0	26.217217129084446	23.684007791950517	23.83203284065021	26.266742238314826	0.0
177.0	26.226021592947625	23.83065714317159	23.718125089420337	26.225196174460454	0.0
178.0	26.14292946523888	23.775904383522445	23.688134884386383	26.393031266852297	0.0
179.0	26.181999273631728	23.84358869947063	23.74839043395001	26.226021592947625	0.0
180.0	26.315166789562305	23.69446309278804	23.73931083059111	26.25105928705854	0.0
181.0	26.135225559358595	23.718125089420337	23.87467946248748	26.271969888733587	0.0
182.0	26.31461651057086	23.787735381838594	23.66639886422416	26.23124924336639	0.0
183.0	26.32809834586135	23.765724222180644	23.775078965035274	26.13109846692273	0.0
184.0	26.195828323487895	23.91381506723052	23.66728940077204	26.223067208509537	0.0
185.0	26.205183092081185	23.89317954827473	23.697004548068378	26.2046328115757	0.0
186.0	26.313038071156775	23.835400095198526	23.629320045893394	26.222241787751305	0.0
187.0	26.314964052925976	23.674718187596127	23.794954478045184	26.215363281432708	0.0
188.0	26.270738753611226	23.752648232219013	23.703948273490163	26.272664740679595	0.0
189.0	26.228642179116797	23.68991608199202	23.758151052414362	26.32329068647682	0.0
190.0	26.14974865799603	23.772523792884286	23.719971715426375	26.357755833693307	0.0
191.0	26.166604301027935	23.705454425392354	23.82899341859083	26.298947854988885	0.0
192.0	26.283264731130725	23.76681120820585	23.76488521053906	26.185038850124364	0.0
193.0	26.250594997344866	23.71322366122158	23.76274945177701	26.27343188965654	0.0
194.0	26.280310471678124	23.754495153351108	23.7462408549252	26.218953520045563	0.0
195.0	26.203270353036345	23.680206467517962	23.767702030832556	26.348821148613137	0.0
196.0	26.128024873089462	23.765631663663005	23.93704687091582	26.169296592331715	0.0
197.0	26.332182310941132	23.655848890478616	23.85422828763637	26.15774051094388	0.0
198.0	26.36877656866926	23.730688274704566	23.73151370908941	26.169021447536768	0.0
199.0	26.32475340147753	23.777462889845783	23.75600159583981	26.141782112836882	0.0
200.0	26.28953486772414	23.800575052621443	23.793696432747733	26.116193646906684	0.0
201.0	26.221240252915184	23.690712685930627	23.846996219479312	26.241050841674873	0.0
202.0	26.23032010609671	23.850297984272594	23.70006768617826	26.219314223452432	0.0
203.0	26.163184221966638	23.786739012001913	23.681632832749106	26.368443933282336	0.0
204.0	26.17391495754481	23.84369445468603	23.754821952333522	26.227568635435638	0.0
205.0	26.29387907836739	23.704194892169863	23.747943275680854	26.253982753781894	0.0
206.0	26.14199789787641	23.71932798080574	23.863229896379615	26.275444224938227	0.0
207.0	26.31616599072204	23.775457982291535	23.676405038493076	26.231970988493348	0.0
208.0	26.31203878473044	23.776558570555963	23.796369159315653	26.115033485397944	0.0
209.0	26.21195737409924	23.914197902823293	23.661337053331902	26.212507669745573	0.0
210.0	26.209481043690726	23.86632218159206	23.70811218327046	26.21608459144675	0.0
211.0	26.295602312342304	23.846236390500795	23.637674340539455	26.220486956617446	0.0
212.0	26.309359703500707	23.673718705374462	23.7782748781783	26.23864671294653	0.0
213.0	26.28824565265243	23.731565045124366	23.725236627779	26.254952674444198	0.0
214.0	26.2615562403698	23.702124147039402	23.7400946511116	26.296224961479197	0.0
215.0	26.150743315934722	23.771802145614533	23.731080043693716	26.34637449475703	0.0
216.0	26.156318271617167	23.70308003015645	23.83597752574029	26.30462417248609	0.0
217.0	26.271331011066536	23.74545314469043	23.77764570573248	26.20557013851056	0.0
218.0	26.267551184937144	23.715802188549873	23.758725721376745	26.25792090513624	0.0
219.0	26.27085299515459	23.74056576518076	23.753497855199114	26.235083384465536	0.0
220.0	26.17482534799704	23.682233784672448	23.79174382355126	26.35119704377925	0.0
221.0	26.123791049293548	23.769037104296505	23.936604894960585	26.170566951449363	0.0
222.0	26.31447163866991	23.67053255740366	23.855159794736338	26.15983600919009	0.0
223.0	26.368126349966293	23.732716992034337	23.701899927084625	26.19725673091474	0.0
224.0	26.31447163866991	23.79077414118068	23.756380095477873	26.138374124671536	0.0
225.0	26.299888563291923	23.775640761071443	23.78774746515883	26.136723210477804	0.0
226.0	26.231998106946513	23.705266981074967	23.83761563309982	26.225119278878694	0.0
227.0	26.213012541479337	23.851648442358172	23.703340909215978	26.231998106946513	0.0
228.0	26.155780691955073	23.78038378357556	23.679402587539965	26.384432936929404	0.0
229.0	26.167887429354437	23.832112570645563	23.76937765866705	26.230622341332953	0.0
230.0	26.310967053165086	23.693985703043744	23.760022452494812	26.235024791296357	0.0
231.0	26.135969667119753	23.713521574756353	23.85715150481243	26.293357253311466	0.0
232.0	26.313993737514927	23.75204301193614	23.681878965644383	26.252084284904548	0.0
233.0	26.334079915472962	23.7704782711579	23.774055261753166	26.12138655161597	0.0
234.0	26.202903974047487	23.91334854017109	23.659931816868585	26.22381566891284	0.0
235.0	26.213910129239775	23.87455184311826	23.68854782036854	26.222990207273416	0.0
236.0	26.298107216460803	23.83465453054621	23.630490351729204	26.23674790126378	0.0
237.0	26.33332691307614	23.6868968970897	23.781549831743405	26.198226358090764	0.0
238.0	26.283465866879453	23.74680130974328	23.720661475387285	26.249071347989982	0.0
239.0	26.233937759678618	23.716809289271662	23.760834273450183	26.28841867759954	0.0
240.0	26.1369890153433	23.743313447949458	23.754870451493602	26.364827085213637	0.0
241.0	26.150726057440675	23.723655135786636	23.833451201290035	26.292167605482646	0.0
242.0	26.27520693906305	23.763594135258895	23.767171539274393	26.19402738640366	0.0
243.0	26.274973856568877	23.720347845230886	23.7544719026914	26.250206395508833	0.0
244.0	26.27084359631331	23.740027135548395	23.747732970792132	26.241396297346164	0.0
245.0	26.184827601391518	23.6715068915408	23.771412215421197	26.372253291646487	0.0
246.0	26.120822289562845	23.76344174806717	23.942894417425624	26.172841544944365	0.0
247.0	26.325365041355298	23.65633128277115	23.845698636169715	26.17260503970384	0.0
248.0	26.377244025565787	23.727078046121918	23.710562678572412	26.185115249739884	0.0
249.0	26.311733067619418	23.788184906055086	23.741116108538996	26.158965917786503	0.0
