# Position (bp)	A	C	G	T	N
0.0	26.189021656279426	23.855535129803165	23.735876339505896	26.219566874411516	0.0
1.0	26.216484329462403	23.808176030130475	23.706732278168857	26.268607362238267	0.0
2.0	26.26132170882512	23.754226817986986	23.82258430523299	26.161867167954906	0.0
3.0	26.204682589038104	23.875993747583912	23.716882083690493	26.20244157968749	0.0
4.0	26.250318619418557	23.77699161645785	23.693240226436867	26.279449537686727	0.0
5.0	26.264784882239095	23.792772177673463	23.631164277091727	26.31127866299571	0.0
6.0	26.361041950815128	23.6161328176418	23.82226006200621	26.20056516953686	0.0
7.0	26.21585973401887	23.762717275331635	23.74703508609802	26.274387904551478	0.0
8.0	26.14817241697959	23.805483449123663	23.787561850517065	26.258782283379677	0.0
9.0	26.1178190208443	23.798456558506288	23.843258924071193	26.24046549657822	0.0
10.0	26.28784866693173	23.655591830791888	23.75751093390378	26.299048568372598	0.0
11.0	26.13469001472787	23.79027064561832	23.70263141684353	26.372407922810282	0.0
12.0	26.14168995312841	23.792510625906495	23.830030295733398	26.235769125231702	0.0
13.0	26.157929810217674	23.764790869840347	23.84823013557481	26.229049184367177	0.0
14.0	26.232969149871483	23.727551197549463	23.718591276396765	26.32088837618229	0.0
15.0	26.21448931249405	23.779350741713472	23.838430221814047	26.16772972397843	0.0
16.0	26.122090125606896	23.88182983989741	23.626192089509612	26.369887944986086	0.0
17.0	26.30436852155701	23.77879074664143	23.749671002895177	26.167169728906387	0.0
18.0	26.343568176600048	23.71719128871666	23.74547103985485	26.193769494828445	0.0
19.0	26.308008489525292	23.758630924047868	23.736511118702154	26.196849467724686	0.0
20.0	26.283088708819363	23.79559059880273	23.714391313356444	26.206929379021464	0.0
21.0	26.225409216398898	23.779630739249495	23.712431330604293	26.282528713747315	0.0
22.0	26.255928947825257	23.763670879696257	23.689471532650515	26.29092863982797	0.0
23.0	26.36197420109927	23.72888474493696	23.746524540315335	26.16261651364844	0.0
24.0	26.228695747129333	23.794403984913775	23.80700383875547	26.169896429201422	0.0
25.0	26.1897761985961	23.860763215146704	23.741764595530693	26.20769599072651	0.0
26.0	26.20713599722243	23.810083803027883	23.723004813144165	26.259775386605515	0.0
27.0	26.262855350877928	23.748764514331633	23.846483380792783	26.14189675399765	0.0
28.0	26.188096218083874	23.881202978045454	23.7336446897216	26.197056114149074	0.0
29.0	26.24353557498733	23.7893640433771	23.691645176915948	26.275455204719627	0.0
30.0	26.268101739334952	23.792377389765587	23.63417966781278	26.305341203086673	0.0
31.0	26.36106040073023	23.61457995004872	23.839136716431284	26.18522293278977	0.0
32.0	26.212102545723344	23.76325780908755	23.74729803890824	26.277341606280867	0.0
33.0	26.13706362628378	23.790417417989183	23.795737341382285	26.276781614344753	0.0
34.0	26.11130399722244	23.79909729299898	23.852856518866126	26.236742190912448	0.0
35.0	26.29218139258795	23.65573935735325	23.749258010684645	26.302821239374154	0.0
36.0	26.14126356580465	23.782857526851615	23.706698623539822	26.36918028380391	0.0
37.0	26.144063525485233	23.790137422021125	23.83801673255905	26.227782319934594	0.0
38.0	26.15610335211173	23.758497877630564	23.851176543057782	26.234222227199925	0.0
39.0	26.242342110273615	23.72713832920806	23.712018546932924	26.318501013585404	0.0
40.0	26.208182602170528	23.767457748608418	23.849216571281374	26.175143077939676	0.0
41.0	26.126983771433693	23.88421606728863	23.626619776675213	26.362180384602464	0.0
42.0	26.31010113454366	23.769417720384826	23.751777974397168	26.16870317067434	0.0
43.0	26.341180686998104	23.71845845419826	23.75457793407775	26.185782924725885	0.0
44.0	26.32046098536181	23.74869801874853	23.739178155834555	26.191662840055102	0.0
45.0	26.277901598216985	23.801617256711502	23.70641862757176	26.214062517499748	0.0
46.0	26.234502223167986	23.778097595394627	23.705858635635646	26.28154154580174	0.0
47.0	26.246262053826424	23.778097595394627	23.683458958191004	26.29218139258795	0.0
48.0	26.362386566951045	23.728751865467913	23.740791658383475	26.168069909197563	0.0
49.0	26.227148893039036	23.786990863757143	23.820030295478915	26.1658299477249	0.0
50.0	26.183189649138033	23.861189587539094	23.73939168246306	26.21622908085981	0.0
51.0	26.20838921570549	23.809110483299687	23.716992067736435	26.265508233258387	0.0
52.0	26.274468079149038	23.7452715813288	23.848589804255365	26.131670535266792	0.0
53.0	26.1918694998446	23.870989418981996	23.73743171617448	26.199709364998924	0.0
54.0	26.242548628163597	23.790910796334302	23.69263248672123	26.27390808878087	0.0
55.0	26.268514629707408	23.790564188716225	23.63152736945261	26.30939381212376	0.0
56.0	26.35951280974381	23.62312753744925	23.84068318633627	26.17667646647067	0.0
57.0	26.220635587288253	23.759484810303793	23.753604927901442	26.266274674506512	0.0
58.0	26.14755704885902	23.80680386392272	23.790284194316115	26.255354892902144	0.0
59.0	26.11759764804704	23.79672406551869	23.862242755144898	26.223435531289375	0.0
60.0	26.300153996920063	23.648887022259554	23.756964860702787	26.2939941201176	0.0
61.0	26.135237295254093	23.790004199916	23.715805683886323	26.358952820943582	0.0
62.0	26.142237155256893	23.79252414951701	23.836763264734707	26.22847543049139	0.0
63.0	26.151476970460592	23.75612487750245	23.86140277194456	26.2309953800924	0.0
64.0	26.235475290494193	23.72532549349013	23.708245835083297	26.33095338093238	0.0
65.0	26.217835643287135	23.7572448551029	23.857482850342993	26.167436651266975	0.0
66.0	26.133277334453307	23.87568248635027	23.62872742545149	26.362312753744927	0.0
67.0	26.317513649727005	23.767044659106816	23.748845023099538	26.16659666806664	0.0
68.0	26.3429931401372	23.710205795884082	23.754724905501888	26.19207615847683	0.0
69.0	26.325913481730367	23.74772504549909	23.73064538709226	26.19571608567829	0.0
70.0	26.27047459050819	23.790844183116338	23.728685426291474	26.209995800083995	0.0
71.0	26.232955340893184	23.78272434551309	23.707965840683187	26.27635447291054	0.0
72.0	26.24779504409912	23.772364552708947	23.681926361472772	26.297914041719167	0.0
73.0	26.361118966487563	23.730578942800104	23.739818732132907	26.168483358579426	0.0
74.0	26.24240167324185	23.786577666029217	23.821856861663555	26.149163799065384	0.0
75.0	26.183603013851286	23.860215987075495	23.740658712981343	26.215522286091876	0.0
76.0	26.208242452072096	23.796377442594306	23.732258904496977	26.26312120083662	0.0
77.0	26.283000747582957	23.740098725749053	23.839496459480724	26.13740406718727	0.0
78.0	26.194802758497104	23.872255712569753	23.73533883427458	26.197602694658563	0.0
79.0	26.233721871141334	23.792177538352124	23.695299747165766	26.278800843340772	0.0
80.0	26.263327658811935	23.788751007974195	23.638954842756025	26.30896649045785	0.0
81.0	26.355725293432485	23.62887510079742	23.834949825284475	26.18044978048562	0.0
82.0	26.225808619299347	23.76439163157423	23.748712032971955	26.261087716154467	0.0
83.0	26.151330525938537	23.795750828778782	23.799670728429355	26.25324791685333	0.0
84.0	26.117451393244334	23.796030821610966	23.86266911567064	26.22384866947406	0.0
85.0	26.29888674849924	23.645394677896245	23.763831645909864	26.29188692769465	0.0
86.0	26.130331063524775	23.80107069259027	23.71539288594212	26.353205357942837	0.0
87.0	26.147130633455784	23.789590986470746	23.832149896962637	26.231128483110833	0.0
88.0	26.153010482931638	23.759351760594928	23.86126915150972	26.226368604963714	0.0
89.0	26.24036824657289	23.729392527551294	23.71539288594212	26.314846339933695	0.0
90.0	26.21880879849476	23.752911925454708	23.859029208852252	26.16925006719828	0.0
91.0	26.13313099184661	23.871348893468326	23.6257951796434	26.36972493504166	0.0
92.0	26.31736627542335	23.761591703252396	23.752911925454708	26.168130095869547	0.0
93.0	26.34956545112445	23.70951303646627	23.75235193979034	26.188569572618942	0.0
94.0	26.320446196577368	23.733312427201863	23.740032255174267	26.206209121046502	0.0
95.0	26.277047307588923	23.790430964967296	23.72183272108234	26.210689006361438	0.0
96.0	26.23448839709703	23.785391093987993	23.700833258668577	26.27928725024639	0.0
97.0	26.25156795986023	23.768871516889167	23.687673595555953	26.29188692769465	0.0
98.0	26.365731213233545	23.725966182560416	23.750045498707838	26.158257105498205	0.0
99.0	26.239174807435468	23.781124616060904	23.827043311969938	26.152657264533687	0.0
100.0	26.16973677947546	23.85868241341946	23.755085355575904	26.216495451529177	0.0
101.0	26.209215658275305	23.80436395606365	23.734645936055415	26.25177444960563	0.0
102.0	26.275853765753055	23.734085951958964	23.84916268377978	26.1408975985082	0.0
103.0	26.19241613538176	23.859522389564138	23.7464056020809	26.201655872973205	0.0
104.0	26.252334433702085	23.775244783048162	23.69964693002719	26.27277385322257	0.0
105.0	26.26766044899399	23.787777821331975	23.635462573567708	26.30909915610633	0.0
106.0	26.35333777586139	23.611103333575993	23.845456021772122	26.190102868790493	0.0
107.0	26.23238154969565	23.75221893076936	23.749419018126634	26.265980501408354	0.0
108.0	26.150064117999516	23.78721783880343	23.811297087530868	26.251420955666184	0.0
109.0	26.119825061458084	23.79281766408888	23.86533540153547	26.222021872917566	0.0
110.0	26.293419645307065	23.644142302760155	23.761738633754625	26.30069941817815	0.0
111.0	26.13382462467171	23.789177777653336	23.72505977813492	26.351937819540026	0.0
112.0	26.16126376857042	23.783297961103614	23.83677629257967	26.218661977746294	0.0
113.0	26.157623882134878	23.751658948240813	23.86645536659256	26.224261803031744	0.0
114.0	26.23994131383101	23.73373950732737	23.719179961585198	26.30713921725642	0.0
115.0	26.221741881653294	23.75361888709072	23.851335838321845	26.173303392934137	0.0
116.0	26.135784563521618	23.865895384064018	23.623142957939713	26.37517709447465	0.0
117.0	26.322258745527137	23.750818974447995	23.761738633754625	26.165183646270236	0.0
118.0	26.3522178108043	23.70854029354284	23.747459079276727	26.19178281637613	0.0
119.0	26.319738824148686	23.72925964709901	23.748299053069545	26.20270247568276	0.0
120.0	26.27074035290099	23.774618231911166	23.741019280198458	26.21362213498939	0.0
121.0	26.233781506017014	23.778258118346706	23.702100494464574	26.285859881171707	0.0
122.0	26.25562082463027	23.76537852019017	23.692300800215033	26.286699854964525	0.0
123.0	26.369371109860477	23.724846214367513	23.753965387382998	26.15181728838901	0.0
124.0	26.236094894904983	23.775804767144614	23.836283049561395	26.15181728838901	0.0
125.0	26.182336421645623	23.850842636069135	23.758165268106385	26.208655674178853	0.0
126.0	26.21509549128805	23.786444464977194	23.735485912200094	26.262974131534666	0.0
127.0	26.27865368623531	23.737165864489448	23.85112262811736	26.13305782115788	0.0
128.0	26.185976318272562	23.86008237366059	23.753125411238322	26.200815896828527	0.0
129.0	26.256887823671715	23.767191559896066	23.70027327300421	26.27564734342801	0.0
130.0	26.258081315746	23.78293774901932	23.64630086434029	26.312680070894384	0.0
131.0	26.353839132467783	23.611021668705952	23.856576070065604	26.17856312876066	0.0
132.0	26.229521966899156	23.74905852146571	23.7465385789204	26.274880932714733	0.0
133.0	26.13943721125577	23.787484250314993	23.81212375752485	26.260954780904385	0.0
134.0	26.12067758644827	23.79840403191936	23.86392272154557	26.216995660086802	0.0
135.0	26.300993980120396	23.641047179056418	23.75416491670167	26.303793924121514	0.0
136.0	26.13047739045219	23.781604367912642	23.734845303093937	26.353072938541228	0.0
137.0	26.160436791264175	23.781884362312752	23.832843343133135	26.224835503289935	0.0
138.0	26.16659666806664	23.74352512949741	23.869522609547808	26.220355592888144	0.0
139.0	26.241635167296657	23.731485370292592	23.720565588688224	26.306313873722527	0.0
140.0	26.22119557608848	23.751364972700546	23.85720285594288	26.170236595268094	0.0
141.0	26.136430453396205	23.860349601986847	23.632993512511586	26.37022643210537	0.0
142.0	26.31226742900022	23.750591489826377	23.77411108528933	26.163029995884067	0.0
143.0	26.353426721060398	23.707192236293537	23.75479141758762	26.184589625058447	0.0
144.0	26.311427443447972	23.72371195215442	23.755631403139866	26.209229201257738	0.0
145.0	26.271948122492294	23.775231066025665	23.74135164875164	26.2114691627304	0.0
146.0	26.226028912302706	23.77187112381667	23.711672159238862	26.29042780464176	0.0
147.0	26.254661932868167	23.770257708289	23.695778780785556	26.279301578057275	0.0
148.0	26.378774006221526	23.721884826136016	23.75184447860405	26.14749668903841	0.0
149.0	26.249695503532163	23.756884420140725	23.840043455495916	26.1533766208312	0.0
150.0	26.18725622782776	23.836403497719427	23.76276435193352	26.2135759225193	0.0
151.0	26.21049595824688	23.78292411808023	23.741484598778655	26.265095324894233	0.0
152.0	26.274895211215547	23.729724735193074	23.866363150187457	26.129016903403922	0.0
153.0	26.188936208339985	23.86496316642727	23.761084371421294	26.185016253811455	0.0
154.0	26.258728923185476	23.763950877232283	23.70375140698762	26.273568792594627	0.0
155.0	26.268322390065656	23.78137731173613	23.64305814165115	26.307242156547062	0.0
156.0	26.359601842388948	23.60329838020972	23.85669685981884	26.180402917582494	0.0
157.0	26.229402623584257	23.74581752509485	23.764577412535527	26.260202438785367	0.0
158.0	26.138196357771655	23.789563873395604	23.810283807091817	26.261955961740924	0.0
159.0	26.121676410635487	23.797123849203683	23.85928365029232	26.221916089868515	0.0
160.0	26.303115830029345	23.63668436261004	23.757083977331273	26.303115830029345	0.0
161.0	26.127276392715544	23.790963868915618	23.742524023923124	26.339235714445714	0.0
162.0	26.168716260107967	23.773043926259437	23.83464372914007	26.223596084492527	0.0
163.0	26.163676276235915	23.741684026611114	23.880283583092535	26.214356114060433	0.0
164.0	26.251315995788815	23.717324104562863	23.72460408126694	26.306755818381383	0.0
165.0	26.21799610241247	23.740844029299108	23.868523620724414	26.172636247564007	0.0
166.0	26.139389544244185	23.849830460067817	23.63619054552378	26.374589450164223	0.0
167.0	26.31494947402021	23.7462305015078	23.781510487395803	26.157309537076184	0.0
168.0	26.353589458564215	23.70367051853179	23.7526704989318	26.19006952397219	0.0
169.0	26.31494947402021	23.724670510131794	23.7501504999398	26.210229515908196	0.0
170.0	26.276589489364206	23.78487048605181	23.757710496915802	26.180829527668187	0.0
171.0	26.225629509748195	23.7585504965798	23.728310508675797	26.287509484996207	0.0
172.0	26.241102978647145	23.768417044200906	23.71185690845658	26.278623068695367	0.0
173.0	26.37893717047329	23.716963328209307	23.760083552434473	26.14401594888293	0.0
174.0	26.240616451205547	23.753923520402306	23.839603965940622	26.165856062451525	0.0
175.0	26.19105619349221	23.834843941188495	23.763163568450558	26.21093629686874	0.0
176.0	26.215416320164863	23.781923666003063	23.74328346507402	26.259376548758052	0.0
177.0	26.27197661427839	23.739923447601928	23.863124088245257	26.12497584987442	0.0
178.0	26.18601616728407	23.870404126101455	23.759803550978464	26.183776155636007	0.0
179.0	26.26785014280114	23.76575012600101	23.697709581676655	26.268690149521195	0.0
180.0	26.258963596806844	23.77757679782942	23.645975376534068	26.317484228829674	0.0
181.0	26.350524585665525	23.600334883616743	23.86549774737567	26.18364278334206	0.0
182.0	26.225083230898893	23.74845648333002	23.780656831093776	26.245803454677308	0.0
183.0	26.135275439745982	23.78156342926264	23.819923950965734	26.26323718002565	0.0
184.0	26.121555253151442	23.79388359681692	23.871444651647263	26.213116498384377	0.0
185.0	26.30775778550588	23.637081464307915	23.76504320458758	26.29011754559862	0.0
186.0	26.127995340736632	23.787723513039776	23.743482911367593	26.340798234855995	0.0
187.0	26.176996007145696	23.768683254092256	23.82720404997508	26.227116688786968	0.0
188.0	26.170555919560506	23.736482816166298	23.875084701151934	26.217876563121255	0.0
189.0	26.25175702389552	23.707922427745018	23.728082701924748	26.312237846434712	0.0
190.0	26.217316555505153	23.74124288090318	23.866684586910385	26.174755976681286	0.0
191.0	26.141788725335097	23.848551116238305	23.6377076584056	26.371952500021003	0.0
192.0	26.310071485172358	23.74690944931497	23.783030041692683	26.15998902381999	0.0
193.0	26.354312210720256	23.70210871458292	23.747189453907044	26.196389620789777	0.0
194.0	26.311751512724808	23.71750896714706	23.75698961462968	26.213749905498453	0.0
195.0	26.273670888202567	23.7749099085225	23.7522295365644	26.19918966671053	0.0
196.0	26.230830185615044	23.769309816680995	23.72366906817272	26.276190929531246	0.0
197.0	26.24658393441154	23.777496527933337	23.709735226916358	26.266184310738765	0.0
198.0	26.376020272445995	23.722121886681506	23.75936270597953	26.142495134892968	0.0
199.0	26.241897321741074	23.751522533495738	23.839164461618157	26.16741568314503	0.0
200.0	26.19233623139709	23.836364400016798	23.760762736780208	26.210536631805898	0.0
201.0	26.21817021062122	23.78854995603891	23.741508789417978	26.25177104392189	0.0
202.0	26.276691661953215	23.733948601925327	23.867511914295473	26.121847821825984	0.0
203.0	26.204449870356783	23.86079174763534	23.761389282454203	26.173369099553668	0.0
204.0	26.263044860038136	23.752775576605913	23.702094177799307	26.28208538555664	0.0
205.0	26.263398407311584	23.78112294613756	23.65231903049853	26.30315961605233	0.0
206.0	26.359161318504082	23.58987713226482	23.867645576425524	26.18331597280557	0.0
207.0	26.231197428401824	23.741361737396815	23.773282707794316	26.25415812640704	0.0
208.0	26.134667670966678	23.783989628455664	23.817030725420086	26.26431197515757	0.0
209.0	26.124867345595877	23.789589814381838	23.86743239875564	26.218110441266653	0.0
210.0	26.29847310930723	23.641464896634567	23.763548949825132	26.296513044233066	0.0
211.0	26.129627503633117	23.784269637751972	23.74142821541675	26.34467464319815	0.0
212.0	26.175829037524046	23.773349275195937	23.83243123671706	26.218390450562957	0.0
213.0	26.168828805116327	23.725187676230853	23.89235322612711	26.213630292525714	0.0
214.0	26.25087152893476	23.70474699760032	23.728547787786557	26.315833685678363	0.0
215.0	26.22511067367437	23.73386796441642	23.87107251960765	26.169948842301565	0.0
216.0	26.150421415170943	23.840058242096713	23.63621090359253	26.37330943913981	0.0
217.0	26.312267241620695	23.753255117184217	23.77201579256853	26.16246184862655	0.0
218.0	26.364069106487836	23.695013020468735	23.750735026460955	26.190182846582477	0.0
219.0	26.31814745330832	23.707333464004705	23.766135580880913	26.208383501806065	0.0
220.0	26.286226304146947	23.779296054657966	23.741214683728614	26.193262957466466	0.0
221.0	26.244224792092513	23.758575308711112	23.726094139389016	26.27110575980735	0.0
222.0	26.25605873507892	23.772082356795444	23.708519890571754	26.263339017553882	0.0
223.0	26.375697229004725	23.730427185770928	23.75394816424363	26.13992742098071	0.0
224.0	26.25865235993817	23.74582782643758	23.838511682085976	26.157008131538273	0.0
225.0	26.19480970408369	23.833471472413255	23.755348222486056	26.216370601017005	0.0
226.0	26.219450729150335	23.79174973678905	23.734907372146683	26.25389216191393	0.0
227.0	26.274053000604823	23.725666987746692	23.86875294012231	26.13152707152618	0.0
228.0	26.195089715732173	23.865952823637464	23.766828700073923	26.17212876055644	0.0
229.0	26.26432613608044	23.74393423067984	23.70053230363428	26.291207329605438	0.0
230.0	26.266079758964622	23.78740276541053	23.651876368564594	26.29464110706025	0.0
231.0	26.364364397999584	23.594753672373336	23.854045910967	26.18683601866008	0.0
232.0	26.234438265486133	23.737280399634862	23.7823625275113	26.24591880736771	0.0
233.0	26.14938746937347	23.77906895344767	23.814910745537276	26.25663283164158	0.0
234.0	26.126426321316064	23.781589079453973	23.879873993699686	26.212110605530274	0.0
235.0	26.31123556177809	23.634021701085054	23.769828491424573	26.284914245712287	0.0
236.0	26.126426321316064	23.77738886944347	23.749387469373467	26.346797339866995	0.0
237.0	26.16590829541477	23.76618830941547	23.83843192159608	26.22947147357368	0.0
238.0	26.15834791739587	23.734266713335668	23.896114805740286	26.211270563528178	0.0
239.0	26.24963248162408	23.702625131256564	23.736786839341967	26.310955547777386	0.0
240.0	26.21092513924554	23.730128282316308	23.86902378305419	26.189922795383964	0.0
241.0	26.137741571428975	23.842235409099693	23.638644707621907	26.381378311849428	0.0
242.0	26.317130822485606	23.744482781798222	23.77500952210248	26.163376873613693	0.0
243.0	26.368400267756364	23.688876067454437	23.751053800543914	26.19166986424528	0.0
244.0	26.325047265597647	23.70086128422379	23.761921434073244	26.21217001610531	0.0
245.0	26.296977896544288	23.78467407836909	23.736215101833878	26.182132923252745	0.0
246.0	26.23655733250415	23.743133349580788	23.719882682174582	26.300426635740475	0.0
247.0	26.24769567824104	23.75594641086127	23.72989146574475	26.266466445152943	0.0
248.0	26.381143475263563	23.724505523452958	23.750567478043504	26.14378352323998	0.0
249.0	26.278296837255706	23.722543870956894	23.844726797854513	26.154432493932887	0.0
