# Position (bp)	A	C	G	T	N
0.0	26.310342584433787	23.72543569667114	23.749682135105886	26.214539583789186	0.0
1.0	26.34937343654825	23.763579483964826	23.624310307101844	26.262736772385082	0.0
2.0	26.21318758627621	23.78902936125308	23.712766366245646	26.28501668622507	0.0
3.0	26.266978756605315	23.719426416521852	23.69341892163469	26.32017590523815	0.0
4.0	26.332991521692232	23.685773641889753	23.751968864604173	26.229265971813838	0.0
5.0	26.33731358278594	23.76093682129655	23.69652001501089	26.205229580906625	0.0
6.0	26.206937304260475	23.838858358447084	23.643266560302546	26.310937776989896	0.0
7.0	26.10362868799428	23.83713888158536	23.783667211230824	26.275565219189534	0.0
8.0	26.22317406395392	23.710508825049846	23.850232626837016	26.216084484159218	0.0
9.0	26.273471907556793	23.745875708551058	23.735241904278038	26.24541047961411	0.0
10.0	26.180623857329778	23.67686541375369	23.83842679969637	26.304083929220162	0.0
11.0	26.216362299192784	23.74627478431407	23.714671368782323	26.322691547710818	0.0
12.0	26.312058622859013	23.632266201180848	23.80357443490435	26.252100741055788	0.0
13.0	26.137501439875237	23.82395420753697	23.749819092598006	26.288725259989782	0.0
14.0	26.189702633413276	23.808229859527664	23.767470434649056	26.234597072410004	0.0
15.0	26.222192030055645	23.636331415474405	23.800550547594014	26.340926006875936	0.0
16.0	26.288647614096856	23.687723733799608	23.790213012298715	26.233415639804825	0.0
17.0	26.235483146863885	23.91751237550654	23.637808206230876	26.2091962713987	0.0
18.0	26.32940703897546	23.727006367921742	23.672365109932304	26.271221483170493	0.0
19.0	26.402655860496438	23.65287147194688	23.642829294802876	26.3016433727538	0.0
20.0	26.210968420306465	23.81206951549449	23.749453587420106	26.227508476778944	0.0
21.0	26.303120163510275	23.81709060406649	23.710761669600558	26.169027562822677	0.0
22.0	26.24552532400789	23.80793450137637	23.719622414139387	26.226917760476354	0.0
23.0	26.196495870893045	23.802027338350484	23.744432498848102	26.257044291908365	0.0
24.0	26.256966739816818	23.586936938267375	23.848328130122603	26.3077681917932	0.0
25.0	26.31692426744011	23.71010092358221	23.761197732837527	26.21177707614015	0.0
26.0	26.324603556692356	23.777442383178812	23.64157803486988	26.256376025258955	0.0
27.0	26.208232788792962	23.772125952158028	23.729594503991756	26.290046755057254	0.0
28.0	26.249287450564573	23.745543797054104	23.687358413104413	26.317810339276903	0.0
29.0	26.312493908256123	23.700058776098505	23.76385594834792	26.22359136729745	0.0
30.0	26.32667105764488	23.76031166100073	23.709510209024344	26.203507072330044	0.0
31.0	26.206460645119368	23.837695268081035	23.6572319706533	26.2986121161463	0.0
32.0	26.104857741166605	23.84537455733328	23.7818727423628	26.267894959137323	0.0
33.0	26.21532136348734	23.73048057582855	23.845079200054347	26.20911886062976	0.0
34.0	26.262283170837602	23.74849736984343	23.729889861270685	26.259329598048282	0.0
35.0	26.1840134919205	23.68233733936256	23.838876697196763	26.294772471520172	0.0
36.0	26.213549219813746	23.747315940727702	23.699468061540642	26.33966677791791	0.0
37.0	26.305996048119606	23.62946838643365	23.80579668195633	26.258738883490413	0.0
38.0	26.14177740103316	23.824699547808006	23.75086022807489	26.282662823083943	0.0
39.0	26.1821640173197	23.79538889578054	23.780916431858323	26.24153065504144	0.0
40.0	26.222332488614008	23.636191792636176	23.797161034219993	26.344314684529824	0.0
41.0	26.28937839290672	23.682267392062002	23.792730688121356	26.235623526909922	0.0
42.0	26.232669962844163	23.91116860715826	23.643280346393993	26.212881083603584	0.0
43.0	26.313892974652514	23.742224742596893	23.67547419471076	26.268408088039834	0.0
44.0	26.418153786173775	23.65834352312936	23.6370778618559	26.28642482884096	0.0
45.0	26.194273629989308	23.823743110811815	23.755515780892804	26.22646747830607	0.0
46.0	26.307985846521	23.824924536438118	23.70560054818149	26.161489068859396	0.0
47.0	26.24271208066774	23.802182093131783	23.73454547602592	26.220560350174555	0.0
48.0	26.202248252966854	23.797161034219993	23.739271178531133	26.26131953428202	0.0
49.0	26.263309458760986	23.582957985675257	23.842575500258437	26.311157055305323	0.0
50.0	26.321789854537396	23.702872332570333	23.761057372812523	26.214280440079747	0.0
51.0	26.321789854537396	23.76755519456546	23.64793620320461	26.26271874769254	0.0
52.0	26.221368972901132	23.764601639223216	23.733293952595435	26.280735435280217	0.0
53.0	26.259174481281843	23.74156390755372	23.685446356051095	26.313815255113344	0.0
54.0	26.31027098870265	23.705825887912575	23.765783061360114	26.218120062024663	0.0
55.0	26.330945876098355	23.75249206232002	23.72000295355534	26.196559108026285	0.0
56.0	26.20630584065569	23.850845455216717	23.650299047478402	26.29254965664919	0.0
57.0	26.108247803293217	23.849959388614046	23.771394816510373	26.270397991582367	0.0
58.0	26.22816215018829	23.705235176844123	23.848482610942924	26.218120062024663	0.0
59.0	26.264195525363654	23.75249206232002	23.73506608580078	26.248246326515545	0.0
60.0	26.194196263752488	23.679834600900833	23.84139407812154	26.284575057225133	0.0
61.0	26.212508306874398	23.744812818430187	23.703167688104557	26.339511186590858	0.0
62.0	26.321494499003173	23.62755667134313	23.809791035959535	26.241157793694157	0.0
63.0	26.148120800413498	23.826035590341874	23.758103817470282	26.267739791774346	0.0
64.0	26.195300316620195	23.796725107509097	23.765122158688154	26.242852417182554	0.0
65.0	26.213907660318508	23.638710363404375	23.799974008789754	26.347407967487356	0.0
66.0	26.301627994896272	23.67297150418222	23.807062520674826	26.21833798024668	0.0
67.0	26.23989887056377	23.9133901989509	23.6437313926563	26.202979537829023	0.0
68.0	26.335003071688483	23.729974953924675	23.66647370162091	26.268548272765933	0.0
69.0	26.414158121071786	23.662929445678373	23.640777846037523	26.282134587212326	0.0
70.0	26.20475166580029	23.818581352488067	23.756261518831813	26.220405462879825	0.0
71.0	26.316100373328293	23.827737347006288	23.70427909834129	26.15188318132413	0.0
72.0	26.24344312650631	23.801450782099145	23.733223855205328	26.221882236189213	0.0
73.0	26.192346770001418	23.79879259014224	23.755375454846178	26.253485185010163	0.0
74.0	26.277331301299263	23.590202524093485	23.840662537620688	26.291803636986565	0.0
75.0	26.313069109833215	23.705390502012836	23.767414797815565	26.214125590338387	0.0
76.0	26.31809012425534	23.7733218736063	23.647501159263623	26.261086842874736	0.0
77.0	26.223576911603562	23.763575198551585	23.737879418861883	26.27496847098297	0.0
78.0	26.255179767084	23.735811942335125	23.694462411799975	26.314545878780898	0.0
79.0	26.303322434778497	23.702436964117467	23.76032630686668	26.233914294237355	0.0
80.0	26.329608922047278	23.76032630686668	23.721044252858288	26.189020518227757	0.0
81.0	26.207923160758114	23.860451241519655	23.649273282000845	26.282352315721386	0.0
82.0	26.109865702631897	23.847751028569572	23.775684703922593	26.266698564875934	0.0
83.0	26.234800355605962	23.695053119379047	23.84538819825328	26.22475832676171	0.0
84.0	26.250749460240954	23.748216801495673	23.739651541599105	26.26138219666427	0.0
85.0	26.182818088647487	23.700369487590713	23.844797490674203	26.2720149330876	0.0
86.0	26.22210014265588	23.749693570443355	23.699188072432563	26.329018214468203	0.0
87.0	26.325769322783295	23.629484578101877	23.80758291319257	26.237163185922256	0.0
88.0	26.134970774742527	23.838299707304394	23.760917014445752	26.265812503507323	0.0
89.0	26.194259520701284	23.790677480521474	23.777977305081844	26.237085693695395	0.0
90.0	26.217297048242944	23.646840609844705	23.802196244292304	26.333666097620046	0.0
91.0	26.294384159632344	23.67755731323358	23.80367300887831	26.224385518255765	0.0
92.0	26.25776039789945	23.89729988363095	23.628233376061054	26.216706342408546	0.0
93.0	26.323919451352424	23.731902249998523	23.66456178487675	26.279616513772307	0.0
94.0	26.42256732569748	23.66042684403594	23.642705669003895	26.274300161262694	0.0
95.0	26.207550401975322	23.816963890152344	23.756121189208987	26.21936451866335	0.0
96.0	26.316240275505205	23.82346165433076	23.71831601580729	26.14198205435675	0.0
97.0	26.239743869950203	23.805740479298716	23.735151132087733	26.21936451866335	0.0
98.0	26.198099108624895	23.804263714712707	23.743421013769353	26.25421616289304	0.0
99.0	26.288104105688774	23.58149796650117	23.83343326077518	26.29696466703487	0.0
100.0	26.317343958130895	23.686643294474848	23.78765369382035	26.20835905357391	0.0
101.0	26.313209029502715	23.768751162948675	23.644112600013585	26.27392720753502	0.0
102.0	26.242915242823685	23.76727440272433	23.722380891904105	26.267429462547888	0.0
103.0	26.24409665100316	23.741283422775776	23.696980616045295	26.317639310175768	0.0
104.0	26.309074100874536	23.691959631282508	23.752506800480834	26.246459467362122	0.0
105.0	26.3389046574064	23.75605102501927	23.73035539711559	26.17468892045874	0.0
106.0	26.2045194769906	23.86090100094808	23.637910207071318	26.29666931499	0.0
107.0	26.107348654228407	23.86237776117243	23.774362851801204	26.25591073279796	0.0
108.0	26.21987778332383	23.68546188629537	23.86474057753139	26.229919752849405	0.0
109.0	26.249117635765952	23.754278912750053	23.73744384619247	26.259159605291526	0.0
110.0	26.184140185894577	23.697571320135037	23.84170311803154	26.27658537593885	0.0
111.0	26.214856798561044	23.724448356218193	23.718541315320795	26.342153529899964	0.0
112.0	26.3389046574064	23.631117110039312	23.807146928781762	26.22283130377253	0.0
113.0	26.137769914850008	23.828116923967524	23.75368820866031	26.280424952522157	0.0
114.0	26.189969874180402	23.79378581132967	23.776360092149567	26.239884222340365	0.0
115.0	26.210053753913403	23.656447516096637	23.803237048851084	26.33026168113887	0.0
116.0	26.311949908441136	23.657333569614273	23.800578888298187	26.230137633646404	0.0
117.0	26.25110756689704	23.890660995924154	23.638431094571448	26.219800342607357	0.0
118.0	26.328489574103607	23.711382834189852	23.680961663417804	26.279165928288734	0.0
119.0	26.42654616338827	23.6407939039518	23.643452064504697	26.289207868155234	0.0
120.0	26.216846830881916	23.814460393407764	23.74830173075787	26.220391044952446	0.0
121.0	26.32553606237817	23.806190560576525	23.719061964676	26.149211412369304	0.0
122.0	26.236635359442378	23.797625376572746	23.739441195581545	26.22629806840333	0.0
123.0	26.20916770039577	23.782857817945537	23.755685510071476	26.252288971587216	0.0
124.0	26.288104105688774	23.574114165379424	23.83993100576232	26.297850723169482	0.0
125.0	26.314390437682196	23.692550335372246	23.789721158134437	26.20333806881112	0.0
126.0	26.322660294938554	23.762548770006408	23.642340487744367	26.272450447310675	0.0
127.0	26.24498270713777	23.770818627262766	23.725925116442546	26.258273549156918	0.0
128.0	26.240552426464724	23.736557790057862	23.700524840583732	26.322364942893685	0.0
129.0	26.314390437682196	23.696094559910684	23.752211448435965	26.23730355397116	0.0
130.0	26.336541841047435	23.75782313728849	23.724153004173324	26.181482017490747	0.0
131.0	26.19743102791372	23.877736067505666	23.63525203866749	26.289580865913127	0.0
132.0	26.110892878766844	23.855584664140423	23.774362851801204	26.259159605291526	0.0
133.0	26.223422007862276	23.71322497851314	23.846724102794326	26.216628910830263	0.0
134.0	26.238189610105767	23.751325392301354	23.746009055493698	26.264475942099185	0.0
135.0	26.17498427250361	23.691959631282508	23.849972975287894	26.283083120925987	0.0
136.0	26.213380038336698	23.72799258075663	23.73153680529507	26.3270905756116	0.0
137.0	26.33093015219491	23.632298518218793	23.799467775615142	26.23730355397116	0.0
138.0	26.14227740727395	23.83143618309518	23.756711895043388	26.26957451458748	0.0
139.0	26.184590211384705	23.778047534238887	23.790452393399434	26.24690986097697	0.0
140.0	26.207037099389503	23.63864054557752	23.80492472908674	26.349397625946242	0.0
141.0	26.31336446362275	23.66345026389861	23.79813159192739	26.225053680551248	0.0
142.0	26.238049247290867	23.905345017529246	23.655771065370654	26.200834669809232	0.0
143.0	26.328722860678667	23.716318592225697	23.669652693478884	26.28530585361675	0.0
144.0	26.417033643750166	23.634210238734468	23.658133895686948	26.290622221828418	0.0
145.0	26.21678377444422	23.805810790455347	23.756486707602704	26.220918727497732	0.0
146.0	26.307239733471953	23.815923160531167	23.71579793015453	26.161039175842348	0.0
147.0	26.23605925995936	23.803222910070414	23.738835593781012	26.221882236189213	0.0
148.0	26.197072444591463	23.79613439818534	23.747105524313596	26.259687632909596	0.0
149.0	26.290482167909623	23.560510965074208	23.836373034039728	26.312633832976445	0.0
150.0	26.31883629919516	23.696374510817396	23.789706859632282	26.195082330355163	0.0
151.0	26.33065052056413	23.74304068522484	23.6514804696153	26.274828324595735	0.0
152.0	26.24322528243373	23.761057372812523	23.73211253045854	26.26360481429521	0.0
153.0	26.241748504762608	23.727091486376725	23.725910064239827	26.30524994462084	0.0
154.0	26.307317433360407	23.70080484383076	23.75396883999114	26.23790888281769	0.0
155.0	26.323561987742742	23.75485490659381	23.728272908513624	26.19331019714982	0.0
156.0	26.20423835191612	23.862068965517242	23.6514804696153	26.28221221295134	0.0
157.0	26.100863914937605	23.868271431735952	23.781436904674003	26.249427748652444	0.0
158.0	26.228752861256737	23.70553053237835	23.85114081075094	26.21457579561397	0.0
159.0	26.244997415639077	23.756922395333383	23.7389057077457	26.259174481281843	0.0
160.0	26.194491619286715	23.68219744517463	23.85114081075094	26.272170124787714	0.0
161.0	26.216347928819317	23.726500775308278	23.720889020158015	26.33626227571439	0.0
162.0	26.32267592114007	23.63848482610943	23.821309901794287	26.217529350956216	0.0
163.0	26.154991227914724	23.816063844240844	23.75581113729938	26.27313379054505	0.0
164.0	26.190215994778082	23.77714702589988	23.783349528757462	26.249287450564573	0.0
165.0	26.209414217908694	23.65693661337437	23.79752667814622	26.33612249057072	0.0
166.0	26.31692426744011	23.63803374752269	23.800480250935543	26.24456173410166	0.0
167.0	26.250764236959238	23.90090172577258	23.66195768711622	26.186376350151964	0.0
168.0	26.312789265535052	23.720143071065916	23.680860552967896	26.286207110431132	0.0
169.0	26.423843602413662	23.63212660194404	23.6581180424901	26.285911753152202	0.0
170.0	26.213549219813746	23.804319895561665	23.77360273855269	26.208528146071895	0.0
171.0	26.304596954266746	23.820044185579434	23.713419892962207	26.161938967191617	0.0
172.0	26.233710997956123	23.80586699431731	23.749453587420106	26.210968420306465	0.0
173.0	26.200630885011165	23.788440863390946	23.74709072220975	26.263837529388134	0.0
174.0	26.282818079516556	23.553996059910627	23.859692649399978	26.30349321117284	0.0
175.0	26.311467904811693	23.699608058575603	23.808300179282927	26.180623857329778	0.0
176.0	26.32328226575814	23.748342297479702	23.644375921150957	26.2839995156112	0.0
177.0	26.24737499667721	23.76517776182839	23.72441821656314	26.263029024931257	0.0
178.0	26.24885179179552	23.720578549255546	23.722941421444837	26.307628237504098	0.0
179.0	26.307037519456777	23.700198776622923	23.74775157943238	26.24501212448792	0.0
180.0	26.33952701205951	23.7536587599056	23.721759985350193	26.185054242684696	0.0
181.0	26.20513865629366	23.867371984015172	23.64348984407997	26.2839995156112	0.0
182.0	26.094379022420704	23.873279164488395	23.78732968860298	26.24501212448792	0.0
183.0	26.219020530405736	23.707878111238117	23.850241160642817	26.22286019771333	0.0
184.0	26.24737499667721	23.75454483697659	23.74095832188817	26.25712184445803	0.0
185.0	26.18594031975568	23.693110160055056	23.849355083571837	26.27159443661743	0.0
186.0	26.234674558659776	23.725304293634128	23.714671368782323	26.325349778923773	0.0
187.0	26.321805470639838	23.636696586535763	23.830747465081178	26.210750477743222	0.0
188.0	26.16947750834392	23.81427769737425	23.743982042118322	26.27226275216351	0.0
189.0	26.207656341838735	23.76472742631487	23.780676907809042	26.246939324037342	0.0
190.0	26.189934695734102	23.66046507506594	23.808145459271227	26.34145476992873	0.0
191.0	26.307488281561515	23.64038054281402	23.81050834541851	26.24162283020596	0.0
192.0	26.246939324037342	23.90177482285738	23.66164651813958	26.18963933496569	0.0
193.0	26.319302712297937	23.718946507211232	23.66519084736051	26.29655993313032	0.0
194.0	26.439219184272627	23.628270751309184	23.658397549687066	26.27411251473112	0.0
195.0	26.22242438025927	23.802238243903016	23.771816084756725	26.20352129108099	0.0
196.0	26.317608279577513	23.81441837385695	23.71281396942416	26.155159377141374	0.0
197.0	26.237565274922613	23.793447697360648	23.75121098272725	26.21777604498948	0.0
198.0	26.208324472484108	23.793152335719856	23.740873325299496	26.25764986649654	0.0
199.0	26.28755903558232	23.54748100080634	23.856134827080016	26.308825136531322	0.0
200.0	26.323888624703528	23.700774145147047	23.78908753658803	26.186249693561393	0.0
201.0	26.337475300309837	23.742420259505504	23.641701642510935	26.27840279767372	0.0
202.0	26.246208283737044	23.76604926055995	23.722926333635588	26.26481612206742	0.0
203.0	26.24207320855252	23.72351705866195	23.721154158556505	26.31325557422903	0.0
204.0	26.29051266071413	23.695457619909796	23.76161882286224	26.252410896513833	0.0
205.0	26.342496463033903	23.743897072071405	23.722630971122406	26.190975493772285	0.0
206.0	26.20928796958947	23.865881790014974	23.651743967959074	26.273086272436473	0.0
207.0	26.105025002436737	23.877400928029015	23.785247823916684	26.23232624561756	0.0
208.0	26.224056095248503	23.70343240776567	23.867063240067697	26.205448256918128	0.0
209.0	26.248275821329308	23.75187185992728	23.742124896992323	26.25772742175109	0.0
210.0	26.180933168324145	23.695162257396614	23.850227576816405	26.273676997462836	0.0
211.0	26.24207320855252	23.7303103964651	23.69604834493616	26.331568050046222	0.0
212.0	26.349880525863416	23.63963410491867	23.816556250313823	26.193929118904087	0.0
213.0	26.15944897006787	23.823124590183305	23.749283743789984	26.26814269595884	0.0
214.0	26.206784517005598	23.767371110421927	23.78656978719005	26.23927458538242	0.0
215.0	26.204716967199797	23.654837328134924	23.8137432989234	26.32670240574188	0.0
216.0	26.31666002097086	23.634752558592883	23.817878398534994	26.230709021901262	0.0
217.0	26.243705049251993	23.90560158315242	23.67049163380739	26.180201733788195	0.0
218.0	26.32670240574188	23.719817464888575	23.659858520520434	26.293621608849115	0.0
219.0	26.42948916751584	23.627368452143607	23.669014812517535	26.27412756782302	0.0
220.0	26.23602557854474	23.787751244221937	23.764712832100187	26.21151034513314	0.0
221.0	26.3217589584244	23.798454649637883	23.712208031568625	26.167578360369088	0.0
222.0	26.243782564005624	23.787230774683664	23.749719403126143	26.21926725818457	0.0
223.0	26.216313606880824	23.786640044422917	23.751491593908387	26.245554754787868	0.0
224.0	26.294367665692942	23.55514335588945	23.848441796652324	26.302047181765285	0.0
225.0	26.323313533965614	23.69219318118046	23.803841530232187	26.180651754621742	0.0
226.0	26.34162622613812	23.761899557837094	23.634596810637902	26.261877405386887	0.0
227.0	26.2482905692589	23.764557851862133	23.719366853436437	26.26778472544253	0.0
228.0	26.236180563144824	23.72232051346426	23.720548317447566	26.320950605943356	0.0
229.0	26.28609741761504	23.69219318118046	23.75599223778145	26.26571716342306	0.0
230.0	26.343693788157594	23.752152479745277	23.719366853436437	26.18478687866069	0.0
231.0	26.206939328869368	23.856416678727445	23.642571692713023	26.294072299690164	0.0
232.0	26.084953169720258	23.882704252975074	23.798524942182105	26.233817635122563	0.0
233.0	26.22347982502518	23.71523172939748	23.85434911670797	26.206939328869368	0.0
234.0	26.243860079217164	23.75126638173693	23.740928571639547	26.26394496740636	0.0
235.0	26.181833218632867	23.69189781517768	23.863505462794222	26.26276350339523	0.0
236.0	26.245632275233856	23.7249788074893	23.709619775344617	26.319769141932227	0.0
237.0	26.336309638088036	23.63814120267129	23.823926418421387	26.201622740819285	0.0
238.0	26.16034876920623	23.814545046402134	23.751631901985455	26.273474282406177	0.0
239.0	26.21447833625255	23.764402869793035	23.78005736041659	26.241061433537826	0.0
240.0	26.19363414814268	23.651133594269254	23.81389853038919	26.34133372719888	0.0
241.0	26.314918759231904	23.63810930576071	23.805317577548006	26.24165435745938	0.0
242.0	26.261083321761276	23.89477011986681	23.660472908092263	26.183673650279648	0.0
243.0	26.33322301937192	23.699280201401777	23.66884536740459	26.298651411821716	0.0
244.0	26.424784723494543	23.628110944970775	23.65647957163374	26.290624759900943	0.0
245.0	26.244255633542668	23.78958256372368	23.742002216475804	26.22415958625785	0.0
246.0	26.34028982594483	23.77985523480749	23.69355177173325	26.18630316751443	0.0
247.0	26.239753098828462	23.78493110594106	23.757142899374173	26.218172895856306	0.0
248.0	26.227554472544888	23.769488277461022	23.734297002531406	26.268660247462677	0.0
249.0	26.295648985216662	23.541553921177226	23.857093428675356	26.305703664930757	0.0
