# Position (bp)	A	C	G	T	N
0.0	26.279880107055458	23.59747605866272	23.670546567405395	26.45209726687642	0.0
1.0	26.227154720354868	23.70521924018133	23.794336605745922	26.273289433717885	0.0
2.0	26.23070092520982	23.780470338861676	23.7168800664547	26.271948669473804	0.0
3.0	26.35932451939601	23.661583759136633	23.695953532066998	26.28313818940036	0.0
4.0	26.252359226832322	23.6678781421751	23.825971400013174	26.253791230979406	0.0
5.0	26.464481578532865	23.682288758108168	23.605538611337828	26.247691052021132	0.0
6.0	26.330756013745706	23.657502863688432	23.676689576174113	26.335051546391753	0.0
7.0	26.311810590701352	23.74259761978397	23.612017914619198	26.333573874895478	0.0
8.0	26.15418536261307	23.78525265656632	23.689040715404506	26.371521265416103	0.0
9.0	26.250490346263206	23.67320175350687	23.823813218876253	26.25249468135367	0.0
10.0	26.22810006327682	23.806974193936306	23.66266867854515	26.302257064241726	0.0
11.0	26.317718369462206	23.674407817694032	23.77633790396239	26.231535908881376	0.0
12.0	26.238980241024567	23.729953988300945	23.774906301627162	26.256159469047326	0.0
13.0	26.19775009376995	23.7826369542374	23.71621060588274	26.303402346109905	0.0
14.0	26.381854154080496	23.614280519614383	23.723082297091842	26.28078302921328	0.0
15.0	26.23840760009048	23.763167162478275	23.677843663298585	26.32058157413266	0.0
16.0	26.408768277982812	23.697027134590662	23.623442774559855	26.270761812866667	0.0
17.0	26.367824451195244	23.616857403817797	23.70647571000318	26.30884243498378	0.0
18.0	26.259881635118926	23.684715354507684	23.75285962566462	26.30254338470877	0.0
19.0	26.276774542674637	23.639476720714427	23.657228589671277	26.426520146939662	0.0
20.0	26.34484338315295	23.735326118078223	23.655156616847048	26.26467388192178	0.0
21.0	26.344481634078814	23.773338563423916	23.564325819372904	26.31785398312437	0.0
22.0	26.259731261148538	23.808269460374905	23.57549225364412	26.356507024832432	0.0
23.0	26.239688943225843	23.671409060845612	23.67284065498295	26.416061340945596	0.0
24.0	26.347917460008418	23.796816707276218	23.61758112128179	26.237684711433566	0.0
25.0	26.283209405000846	23.579214398401195	23.677708075049892	26.45986812154807	0.0
26.0	26.227377233644756	23.697177755317654	23.783073403557797	26.292371607479794	0.0
27.0	26.252000652806927	23.7621721291527	23.71349792848328	26.272329289557096	0.0
28.0	26.333887837462527	23.681716538634433	23.708057870761408	26.276337753141632	0.0
29.0	26.25142801515199	23.665396365468805	23.83861925608642	26.24455636329278	0.0
30.0	26.450992237896585	23.681143900979496	23.615576889489525	26.25228697163439	0.0
31.0	26.327588823258253	23.675417524430152	23.671409060845612	26.325584591465983	0.0
32.0	26.301820128786208	23.749287781916674	23.62388013548607	26.325011953811046	0.0
33.0	26.14549004898915	23.78879978010714	23.710348421381145	26.355361749522565	0.0
34.0	26.258013348183734	23.684293408081636	23.810273692167176	26.247419551567454	0.0
35.0	26.252000652806927	23.807410503892505	23.649076192303177	26.29151265099739	0.0
36.0	26.32644354794838	23.673126973810415	23.776488070526053	26.223941407715145	0.0
37.0	26.239116305570903	23.717506392067822	23.786509229487404	26.256868072873868	0.0
38.0	26.194450568486033	23.783646041212734	23.72094221799743	26.300961172303804	0.0
39.0	26.377121980410067	23.598111441014026	23.736403434680653	26.288363143895253	0.0
40.0	26.247133232739984	23.75558679612095	23.677135437394956	26.320144533744106	0.0
41.0	26.411193920878656	23.678280712704826	23.62903387438048	26.28149149203604	0.0
42.0	26.37654934275513	23.607559962320444	23.700040943592327	26.3158497513321	0.0
43.0	26.256581754046397	23.676562799740022	23.764176360944965	26.30267908526861	0.0
44.0	26.277196709624036	23.646499322855973	23.654516250025054	26.421787717494936	0.0
45.0	26.331521894738046	23.74320710526768	23.658456974992987	26.26681402500129	0.0
46.0	26.350629754654804	23.77463401505456	23.559896124124226	26.314840106166415	0.0
47.0	26.24268817481382	23.808133126039692	23.5870962569754	26.362082442171086	0.0
48.0	26.248987152947777	23.666119800837766	23.662111360207064	26.42278168600739	0.0
49.0	26.351775023406432	23.788377240074098	23.62431749140333	26.235530245116145	0.0
50.0	26.29451158582501	23.56963090851307	23.681867246172654	26.453990259489267	0.0
51.0	26.22837231541847	23.693033616501033	23.790095143201544	26.28849892487896	0.0
52.0	26.258435620148713	23.767476085356883	23.712503185278717	26.26158510921569	0.0
53.0	26.32886964837386	23.67270509615963	23.713648454030345	26.284776801436166	0.0
54.0	26.252709276390572	23.67442299928707	23.838196430769937	26.234671293552424	0.0
55.0	26.443396523536705	23.683871466488004	23.624031174215418	26.24870083575987	0.0
56.0	26.330301234313396	23.69045676180987	23.665547166461952	26.313694837414786	0.0
57.0	26.310259031159898	23.74571597907594	23.63290700704054	26.31111798272362	0.0
58.0	26.155361432502154	23.792671997892707	23.70734947589639	26.34461709370875	0.0
59.0	26.26444828109476	23.679576708669398	23.81500473854946	26.240970271686383	0.0
60.0	26.244978712317078	23.803552051033176	23.649513403939153	26.301955832710593	0.0
61.0	26.329442282749678	23.66239767739497	23.780074041624793	26.22808599823056	0.0
62.0	26.24669661544452	23.717656894661044	23.786659336946656	26.248987152947777	0.0
63.0	26.19630479037287	23.779215090061072	23.719661114976393	26.304819004589664	0.0
64.0	26.379834107821328	23.592822600733545	23.74657493063966	26.280768360805467	0.0
65.0	26.24526502950499	23.764899230665716	23.66841033834102	26.321425401488273	0.0
66.0	26.417627976625063	23.674709316474978	23.630902786725187	26.27675992017477	0.0
67.0	26.36838142030504	23.6151553413903	23.702768400889873	26.313694837414786	0.0
68.0	26.25070505607522	23.679004074293584	23.76260869316246	26.307682176468735	0.0
69.0	26.27647360298686	23.633479641416354	23.665833483649855	26.42421327194693	0.0
70.0	26.341678501076547	23.74393009299556	23.652308855192633	26.26208255073526	0.0
71.0	26.342748342948763	23.77821997623581	23.56119279057449	26.317838890240935	0.0
72.0	26.247977896439668	23.807710477717492	23.593832763088198	26.35047886275464	0.0
73.0	26.248264211988033	23.66684322792149	23.66197586359927	26.422916696491207	0.0
74.0	26.34589781398079	23.795971540234493	23.62761799779537	26.23051264798935	0.0
75.0	26.298655748500423	23.56405594605815	23.685167423016907	26.452120882424516	0.0
76.0	26.23108527908608	23.695474782758076	23.788241020428615	26.285198917727225	0.0
77.0	26.264011567148156	23.772207349720127	23.70979056017637	26.253990522955352	0.0
78.0	26.32241993901479	23.66970638340515	23.728114755271783	26.27975892230828	0.0
79.0	26.252845260761887	23.673428485533908	23.83204729932859	26.24167895437562	0.0
80.0	26.4355145806193	23.687744262952197	23.62761799779537	26.249123158633132	0.0
81.0	26.33129572101413	23.679727427597953	23.66483901908293	26.324137832304984	0.0
82.0	26.318411521337666	23.743289479335175	23.628763259988833	26.309535739338326	0.0
83.0	26.15950639199462	23.79053154481554	23.704064249209054	26.34589781398079	0.0
84.0	26.260289465019397	23.667988490114954	23.82374414842598	26.247977896439668	0.0
85.0	26.24024737663379	23.810287317652783	23.65453165934176	26.294933646371664	0.0
86.0	26.320988361272956	23.671424276695348	23.78766838933188	26.219918972699812	0.0
87.0	26.247691580891303	23.728687386368517	23.793967331395933	26.22965370134425	0.0
88.0	26.189855840121396	23.78022418507437	23.73069159520708	26.299228379597157	0.0
89.0	26.37109358223698	23.596982234120222	23.755028416818174	26.276895766824616	0.0
90.0	26.2350936967632	23.765335776559347	23.6760053254692	26.323565201208254	0.0
91.0	26.412036705653303	23.663980072437834	23.641933775213666	26.282049446695204	0.0
92.0	26.36994832004352	23.614733798118905	23.70291898701559	26.312398894821982	0.0
93.0	26.25112736747169	23.674001116630638	23.767339985397907	26.307531530499762	0.0
94.0	26.27575050463115	23.63391693985942	23.671424276695348	26.41890827881408	0.0
95.0	26.342100290323135	23.740072036785715	23.65847233913407	26.259355333757078	0.0
96.0	26.355481622941763	23.77092596781259	23.567643092533793	26.305949316711857	0.0
97.0	26.253840185302362	23.80299312560305	23.600855505959625	26.342311183134964	0.0
98.0	26.25069073230508	23.6647035076317	23.665562449358227	26.419043310704993	0.0
99.0	26.34975534476489	23.785527977163603	23.63263634984124	26.232080328230268	0.0
100.0	26.299364096808457	23.560198930903866	23.689899131609916	26.45053784067776	0.0
101.0	26.23895186204251	23.698488548875215	23.790681627522783	26.271877961559493	0.0
102.0	26.27302321719487	23.75632395846158	23.718816836403096	26.25183598794046	0.0
103.0	26.336871218866943	23.661840368543263	23.729983078847987	26.271305333741807	0.0
104.0	26.257562266117322	23.67672869180312	23.82876137739895	26.236947664680603	0.0
105.0	26.439657912141712	23.683886539524206	23.619752223943287	26.256703324390795	0.0
106.0	26.34460169440571	23.676442377894276	23.67014347189972	26.30881245580029	0.0
107.0	26.316256617430216	23.736568298751383	23.629200582935116	26.317974500883277	0.0
108.0	26.16336499010786	23.78094695462211	23.704501140960925	26.35118691430911	0.0
109.0	26.25183598794046	23.670429785808565	23.838782364208473	26.23895186204251	0.0
110.0	26.25040441839624	23.803279439511893	23.659836171181357	26.28647997091051	0.0
111.0	26.31568398961253	23.667566646720132	23.807860462053387	26.208888901613953	0.0
112.0	26.257562266117322	23.720821033765	23.789822685796253	26.23179401432142	0.0
113.0	26.19772265916906	23.776652245989457	23.73255990402758	26.293065190813902	0.0
114.0	26.37495096874311	23.597706052962348	23.754319761099673	26.27302321719487	0.0
115.0	26.226354050053395	23.766058631362252	23.686749678612635	26.32083763997171	0.0
116.0	26.418470682887303	23.660981426816733	23.638935255835793	26.28161263446017	0.0
117.0	26.36979731838393	23.619752223943287	23.703642199234395	26.306808258438387	0.0
118.0	26.246109709763594	23.679878144800394	23.76577231745341	26.308239827982604	0.0
119.0	26.27416847283024	23.63464054720314	23.671575041443937	26.41961593852268	0.0
120.0	26.34267291978034	23.731482594927648	23.65217341510482	26.273671070187195	0.0
121.0	26.3533420182383	23.766194723204443	23.56806436373527	26.312398894821982	0.0
122.0	26.26286630495469	23.7942536469443	23.602994860635906	26.339885187465107	0.0
123.0	26.248264211988033	23.651954819406466	23.672855854437174	26.426925114168327	0.0
124.0	26.356491489270322	23.78652312713842	23.637352726439808	26.219632657151447	0.0
125.0	26.308963108241596	23.56062015947776	23.675146378824103	26.455270353456545	0.0
126.0	26.23194422573118	23.697478991596636	23.80227048229854	26.268306300373638	0.0
127.0	26.268019984825276	23.750447368044323	23.72582423088486	26.255708416245543	0.0
128.0	26.32785993443374	23.66369375688947	23.736131590626027	26.272314718050765	0.0
129.0	26.253704207406987	23.678868480952858	23.83548308590898	26.23194422573118	0.0
130.0	26.446108255908836	23.682590583081613	23.620460109086224	26.250841051923324	0.0
131.0	26.34561149843242	23.672855854437174	23.672855854437174	26.308676792693227	0.0
132.0	26.32843256553047	23.738422115012956	23.62360958011825	26.309535739338326	0.0
133.0	26.156356920962594	23.77879260733254	23.719525288820808	26.345325182884054	0.0
134.0	26.26229367385796	23.66970638340515	23.837487294747543	26.23051264798935	0.0
135.0	26.250841051923324	23.806565215524028	23.663121125792735	26.279472606759914	0.0
136.0	26.32041573017623	23.669992698953514	23.79826206462142	26.211329506248838	0.0
137.0	26.249982105278225	23.71465792449859	23.799407326814883	26.2359526434083	0.0
138.0	26.19701372883054	23.77592945184888	23.72782843972342	26.299228379597157	0.0
139.0	26.38082831088142	23.590110660959443	23.764190514365882	26.264870513793255	0.0
140.0	26.23860460854826	23.761109075083606	23.686953135736864	26.313333180631272	0.0
141.0	26.41791429381297	23.658961871140086	23.64264179142938	26.28048204361756	0.0
142.0	26.37840252188179	23.62574907734286	23.700764180574524	26.29508422020082	0.0
143.0	26.256145082645453	23.671273510220093	23.772916111927113	26.299665295207337	0.0
144.0	26.271033576416624	23.643214425805194	23.673277730535442	26.412474267242736	0.0
145.0	26.345551477114604	23.737480745113984	23.650726388785497	26.266241388985918	0.0
146.0	26.359942850762035	23.75530047729349	23.57520593481666	26.309550737127825	0.0
147.0	26.266030275352815	23.785363954177534	23.608418918802844	26.340186851666804	0.0
148.0	26.257154391701338	23.650507786440514	23.679139669187226	26.413198152670926	0.0
149.0	26.34742025997824	23.78142358128615	23.644849109545895	26.226307049189717	0.0
150.0	26.309053427246177	23.556662658191605	23.684361220866975	26.449922693695243	0.0
151.0	26.22810006327682	23.697886095991798	23.79952986179311	26.274483978938267	0.0
152.0	26.288800002290564	23.739975204647553	23.71621060588274	26.255014187179142	0.0
153.0	26.331748072347455	23.67240357442471	23.725945501762304	26.26990285146553	0.0
154.0	26.249860418772315	23.683570072639505	23.832170395036346	26.23439911355183	0.0
155.0	26.439118247489684	23.684715354507684	23.628596542966683	26.247569855035945	0.0
156.0	26.338619763556558	23.679847906567904	23.663813960413332	26.317718369462206	0.0
157.0	26.33117543141336	23.740834166048693	23.622297492691672	26.30569290984627	0.0
158.0	26.16396427865853	23.78120535190217	23.72165069475661	26.333179674682683	0.0
159.0	26.2578773918496	23.658087551072413	23.84047368858068	26.243561368497303	0.0
160.0	26.25959531465188	23.795807695721514	23.66410028088038	26.28049670874623	0.0
161.0	26.33117543141336	23.6623823580781	23.78750440217718	26.218937808331354	0.0
162.0	26.25930899418483	23.715637964948648	23.805542591601075	26.219510449265442	0.0
163.0	26.206912348715424	23.759731316873726	23.738543602312323	26.294812732098528	0.0
164.0	26.382713115481632	23.586793754777975	23.768320930885103	26.26217219885529	0.0
165.0	26.241918581678874	23.75493188416586	23.69766762679738	26.305481907357887	0.0
166.0	26.42724412109135	23.661945215128114	23.641043701343136	26.2697669624374	0.0
167.0	26.371983954509144	23.61527471174522	23.71348319432395	26.29925813942169	0.0
168.0	26.259459366598236	23.671966488860637	23.76530749562643	26.303266648914697	0.0
169.0	26.26661741926433	23.643334278196285	23.673398099393854	26.416650203145537	0.0
170.0	26.35115788991456	23.734166342167352	23.650560047644134	26.264115720273956	0.0
171.0	26.36211364189489	23.74855048603456	23.5862049219052	26.303130950165354	0.0
172.0	26.267054158136606	23.776323889421768	23.619704800217605	26.33691715222402	0.0
173.0	26.257605474510026	23.659217477201473	23.682696024394783	26.400481023893718	0.0
174.0	26.34901819306293	23.771238124688622	23.646686938445946	26.233056743802507	0.0
175.0	26.30950540294456	23.556781024698356	23.68333648290356	26.450377089453518	0.0
176.0	26.237426736491887	23.699724841304153	23.796502821736677	26.266345600467282	0.0
177.0	26.28782000440941	23.73923774455767	23.722630872175756	26.250311378857162	0.0
178.0	26.341076526185887	23.670233326556968	23.722917197561653	26.265772949695492	0.0
179.0	26.25431993425969	23.6682290488557	23.8414559073222	26.23599510956241	0.0
180.0	26.440145109705572	23.681686341992766	23.62499391558555	26.25317463271611	0.0
181.0	26.343653454658945	23.666224771154436	23.671951278872335	26.318170495314284	0.0
182.0	26.32761923304882	23.73981039532946	23.6393101848803	26.293260186741417	0.0
183.0	26.167563342333494	23.774742092408655	23.714041110598906	26.343653454658945	0.0
184.0	26.246589148840528	23.656489708034005	23.846323438882415	26.250597704243056	0.0
185.0	26.262050719678857	23.798793424823838	23.657635009577586	26.28152084591972	0.0
186.0	26.334777367696198	23.663647842681378	23.79363956787773	26.207935221744695	0.0
187.0	26.273217409728765	23.706596650565636	23.79363956787773	26.226546371827876	0.0
188.0	26.210798475603646	23.751549736151155	23.743246299960198	26.294405488284994	0.0
189.0	26.384025334070145	23.57946817922824	23.771306187777917	26.265200298923702	0.0
190.0	26.237788187326057	23.75734426717671	23.710386769438685	26.29448077605855	0.0
191.0	26.42626649601576	23.654048234650723	23.646603731986453	26.273081537347064	0.0
192.0	26.381599480030122	23.606231621384048	23.72362570185912	26.28854319672671	0.0
193.0	26.259051513095166	23.67695439669464	23.76772006379366	26.296274026416533	0.0
194.0	26.276517461653654	23.629137783427964	23.662924372442742	26.43142038247564	0.0
195.0	26.346743020758765	23.728274874731568	23.65526127415891	26.26972083035075	0.0
196.0	26.364570836280134	23.74265924884538	23.586610126299572	26.306159788574913	0.0
197.0	26.25891555881334	23.789617149941733	23.609516419517306	26.341950871727622	0.0
198.0	26.250898356187136	23.65991026459632	23.683389215144494	26.40580216407205	0.0
199.0	26.353193146417446	23.773650815466375	23.64251191130658	26.230644126809604	0.0
200.0	26.314252336448597	23.55145913505589	23.68402968664101	26.450258841854502	0.0
201.0	26.241886114984524	23.700131998270564	23.79290301706242	26.26507886968249	0.0
202.0	26.296439462268605	23.72861458288594	23.721456284270353	26.253489670575096	0.0
203.0	26.334235278958896	23.668484874515023	23.72088362038111	26.27639622614497	0.0
204.0	26.2572119858552	23.67907915646609	23.833984738507354	26.229724119171355	0.0
205.0	26.442182422081917	23.675070509241365	23.630689057824735	26.252058010851982	0.0
206.0	26.34727109777433	23.67177008558511	23.668047748988528	26.312911067652035	0.0
207.0	26.338108423075052	23.729036802455596	23.636264721125404	26.296590053343948	0.0
208.0	26.15714559776431	23.78086318122339	23.725314465859014	26.336676755153288	0.0
209.0	26.253790362529028	23.658161556060143	23.843420446053013	26.24462763535782	0.0
210.0	26.260089737459236	23.792452776163163	23.66703794800725	26.280419538370353	0.0
211.0	26.322510816313088	23.672191982041056	23.79961115676567	26.20568604488018	0.0
212.0	26.278204100332147	23.7011797045012	23.79996563967472	26.220650555491925	0.0
213.0	26.209197113732674	23.74756614362616	23.752147520329856	26.291089222311303	0.0
214.0	26.388157141220937	23.57805520558928	23.772477379452525	26.26131027373726	0.0
215.0	26.247068626356164	23.754506226395105	23.703538264626804	26.29488688262193	0.0
216.0	26.440573136790025	23.654777857952787	23.63788383786322	26.26676516739397	0.0
217.0	26.402927550009448	23.600794882514304	23.715617608823884	26.280659958652365	0.0
218.0	26.268633638191012	23.674384510099244	23.75513266176833	26.30184918994141	0.0
219.0	26.288963846589965	23.626279228253836	23.6606401438577	26.4241167812985	0.0
220.0	26.36434701188032	23.723416744694802	23.650399589958564	26.261836653466307	0.0
221.0	26.365854217253858	23.739519860722957	23.582604114170522	26.31202180785266	0.0
222.0	26.26391625051542	23.793352270124156	23.607802263251937	26.33492921610849	0.0
223.0	26.252748888990702	23.651899024144406	23.689982590369727	26.40536949649517	0.0
224.0	26.367361431258967	23.769081209858232	23.64452182080056	26.21903553808224	0.0
225.0	26.319828423020862	23.54487430955442	23.691482142192417	26.443815125232295	0.0
226.0	26.241023056570494	23.697126232719025	23.803646901164853	26.258203809545627	0.0
227.0	26.297433195505516	23.729196971605944	23.715166023342917	26.258203809545627	0.0
228.0	26.339255034018283	23.674489725792043	23.720878290151877	26.2653769500378	0.0
229.0	26.256786475156346	23.673630678303898	23.831695416122603	26.237887430417157	0.0
230.0	26.442913430921127	23.667330996724164	23.63583258882551	26.2539229835292	0.0
231.0	26.336677891553844	23.678498614070055	23.665612901747878	26.319210592628227	0.0
232.0	26.344695668109868	23.72717797173161	23.6432776670561	26.28484869310242	0.0
233.0	26.164868393924817	23.77585732939317	23.72259638512817	26.336677891553844	0.0
234.0	26.260509014271644	23.65329988775113	23.84629922342107	26.23989187455616	0.0
235.0	26.250200444413903	23.783588756786475	23.685370993975212	26.280839804824414	0.0
236.0	26.32951916248597	23.667330996724164	23.790747485854354	26.212402354935517	0.0
237.0	26.26852679082766	23.692243373880377	23.826827480356446	26.212402354935517	0.0
238.0	26.216697592376242	23.747795111447097	23.75724463381669	26.278262662359975	0.0
239.0	26.389938835818842	23.593166563580965	23.769271298650725	26.247623301949464	0.0
240.0	26.242887456437014	23.764987528886877	23.69454220562589	26.29758280905022	0.0
241.0	26.448638277155702	23.634411065608983	23.649016294853805	26.267934362381514	0.0
242.0	26.4045088622168	23.582460571798418	23.71391177590863	26.299118790076147	0.0
243.0	26.26987581908995	23.67112679283325	23.75217660266691	26.30682078540989	0.0
244.0	26.283742177542923	23.625323996505852	23.648522862339075	26.44241096361215	0.0
245.0	26.36488882396579	23.708292875740053	23.65702272213009	26.269795578164068	0.0
246.0	26.367969658601982	23.738591897884238	23.55955702475551	26.33388141875827	0.0
247.0	26.25273579392453	23.79596420263782	23.626373626373624	26.324926377064024	0.0
248.0	26.243852388540507	23.660709167822628	23.677905283793237	26.417533159843632	0.0
249.0	26.34452517088689	23.75936832752963	23.661350185575284	26.234756316008195	0.0
