# Position (bp)	A	C	G	T	N
0.0	26.24941324666219	23.843576016494453	23.719986452682427	26.187024284160927	0.0
1.0	26.212574049756682	23.828424411315574	23.80346882631507	26.155532712612672	0.0
2.0	26.068756944320658	23.840335585224267	23.86231974474608	26.22858772570899	0.0
3.0	26.073329847660244	24.027972526558454	23.92221403617178	25.97648358960953	0.0
4.0	26.110437758448597	23.965314416084414	23.810245258805075	26.114002566661913	0.0
5.0	26.18259701989116	23.883647425081396	23.756208560089355	26.177546994938094	0.0
6.0	26.161258796514964	23.862059951461358	23.85879235620353	26.11788889582015	0.0
7.0	26.01582063217179	23.883926582286	23.793624813975388	26.306627971566826	0.0
8.0	26.193503160496174	23.926797680718597	23.704909462478017	26.17478969630721	0.0
9.0	26.223630822605458	23.810528066725677	23.82686492684057	26.138976183828287	0.0
10.0	26.147329901714723	23.80024534191931	23.8718281537278	26.18059660263817	0.0
11.0	26.027926207328772	23.761038158688102	23.964202653613448	26.24683298036968	0.0
12.0	26.141983467637736	23.85163051388142	23.74618695291871	26.260199065562134	0.0
13.0	26.109013790829678	23.80915606538095	23.91192640930517	26.1699037344842	0.0
14.0	26.362969409486357	23.84064062161207	23.72985062657237	26.066539342329204	0.0
15.0	26.18178469909972	23.87509541899707	23.755097676380345	26.188022205522866	0.0
16.0	26.180893626753555	23.836185259881248	23.924698446266852	26.05822266709834	0.0
17.0	26.153864432253254	23.84925432095832	23.805294751880904	26.191586494907522	0.0
18.0	26.021688700905628	23.874204346650902	23.902421637612758	26.201685314830712	0.0
19.0	26.243862739215796	23.759850062226555	23.82578941584267	26.17049778271498	0.0
20.0	26.175985742927153	23.757332739288632	23.88297319373283	26.183708324051384	0.0
21.0	26.116878295091706	23.987822083611793	23.65901834113017	26.236281280166335	0.0
22.0	26.154303111309122	23.771292789782432	23.92247716640677	26.151926932501674	0.0
23.0	26.09430459642088	23.836637706987453	23.849409668077524	26.219648028514147	0.0
24.0	26.222321229672534	23.72881859359917	23.811984851860103	26.236875324868198	0.0
25.0	26.271626939927227	23.82119254473899	23.736541174723396	26.17063934061038	0.0
26.0	26.21875696146135	23.814064008316628	23.79624266726071	26.17093636296131	0.0
27.0	26.08658201529665	23.817331254176878	23.859508428009207	26.236578302517266	0.0
28.0	26.083908814138262	24.014554095195663	23.92039800995025	25.981139080715828	0.0
29.0	26.12846216677805	23.947427043885053	23.82505383530111	26.09905695403579	0.0
30.0	26.18816365931536	23.87554763495953	23.74277864409297	26.193510061632136	0.0
31.0	26.166481027697337	23.87554763495953	23.85059775748125	26.107373579861886	0.0
32.0	26.021237098091632	23.882379149030964	23.81346996361476	26.28291378926264	0.0
33.0	26.194698151035865	23.919803965248384	23.69822529145318	26.187272592262566	0.0
34.0	26.24162768248311	23.818816365931536	23.830994282319747	26.10856166926561	0.0
35.0	26.154303111309122	23.79594564490978	23.876141679661394	26.173609564119698	0.0
36.0	26.03371203683077	23.76327318630727	23.9515853567981	26.25142942006386	0.0
37.0	26.154303111309122	23.85178584688498	23.748422068760675	26.245488973045223	0.0
38.0	26.10173015519418	23.812281874211035	23.893665998366377	26.19232197222841	0.0
39.0	26.33845696888691	23.85059775748125	23.741293532338307	26.06965174129353	0.0
40.0	26.172718497066903	23.874656567906737	23.77069874508057	26.18192618994579	0.0
41.0	26.18489641345511	23.846439444568205	23.92544738991609	26.043216752060594	0.0
42.0	26.12816514442712	23.8538650033415	23.818519343580604	26.199450508650774	0.0
43.0	26.028068612163064	23.873468478503007	23.909111160614835	26.18935174871909	0.0
44.0	26.23390510135888	23.760599985148882	23.82832108116136	26.177173832330887	0.0
45.0	26.177315349726886	23.75659756977756	23.864713063262418	26.201374017233135	0.0
46.0	26.119099314773507	23.970155371468795	23.68531262901832	26.22543268473938	0.0
47.0	26.142860961693255	23.772636681448393	23.930948654051214	26.15355370280714	0.0
48.0	26.106030408967644	23.832634839920754	23.843030560448145	26.218304190663456	0.0
49.0	26.21563100538498	23.74263760221221	23.814813604730944	26.226917787671866	0.0
50.0	26.285133822625244	23.823724222325847	23.728974655233355	26.162167299815547	0.0
51.0	26.2141459024525	23.802932781271068	23.798774493060115	26.184146823216313	0.0
52.0	26.06712071213656	23.82015997528789	23.876890907308784	26.23582840526677	0.0
53.0	26.087021091431843	24.025401200557212	23.926196324667263	25.961381383343678	0.0
54.0	26.126227808849436	23.955304342143954	23.814516584144446	26.103951264862168	0.0
55.0	26.18919617318676	23.887583648422673	23.742043561039218	26.181176617351348	0.0
56.0	26.18503788497581	23.848970972178083	23.85312926038904	26.11286188245707	0.0
57.0	26.03593355055439	23.870356454405854	23.78956685487871	26.304143140161045	0.0
58.0	26.204047202511603	23.920849954110317	23.71323256414902	26.161870279229056	0.0
59.0	26.227511828844857	23.826397407604322	23.830555695815278	26.115535067735546	0.0
60.0	26.15860305277759	23.801447678338587	23.870356454405854	26.169592814477973	0.0
61.0	26.03177526234343	23.756300549191064	23.967482186190324	26.244442002275175	0.0
62.0	26.166622608613004	23.846000766313114	23.749766096288134	26.237610528785748	0.0
63.0	26.11375294421656	23.822239119393366	23.88401940138471	26.17998853500536	0.0
64.0	26.336221363502705	23.85105011628356	23.756300549191064	26.05642797102267	0.0
65.0	26.173157061515933	23.869762413232863	23.78243836080279	26.174642164448418	0.0
66.0	26.16484048509402	23.851941178043052	23.92352313938879	26.059695197474138	0.0
67.0	26.13395034409835	23.843030560448145	23.820456995874384	26.202562099579126	0.0
68.0	26.042765024043817	23.860554775051458	23.918473789418346	26.178206411486382	0.0
69.0	26.2423628581697	23.75451842567208	23.829961654642283	26.173157061515933	0.0
70.0	26.15725958553994	23.761802785442512	23.873481862545628	26.20745576647192	0.0
71.0	26.136171249172058	23.96288452799254	23.674776270572266	26.226167952263136	0.0
72.0	26.142705663257882	23.773683538325823	23.93407370225051	26.14953709616578	0.0
73.0	26.103202159920873	23.84110681093861	23.849126319134843	26.206564710005676	0.0
74.0	26.22260372639814	23.73120984676799	23.81853338046032	26.22765304637355	0.0
75.0	26.277849227305534	23.83338432156446	23.722299282105507	26.1664671690245	0.0
76.0	26.225276895796885	23.80873175933159	23.79685100644828	26.169140338423247	0.0
77.0	26.083004880019246	23.82803798276697	23.880313295453533	26.208643841760253	0.0
78.0	26.083895936485497	24.02525848062992	23.921598911723034	25.96924667116155	0.0
79.0	26.12755770333166	23.954568000974223	23.8292260580553	26.088648237638818	0.0
80.0	26.183694260705302	23.888332803649767	23.760020672510016	26.167952263134914	0.0
81.0	26.19319886301195	23.8550666955765	23.843185942693186	26.108548498718363	0.0
82.0	26.031323604976848	23.875263975478127	23.804276477000347	26.28913594254468	0.0
83.0	26.198248182987356	23.923678043477615	23.709230453933866	26.168843319601166	0.0
84.0	26.22705900872938	23.82625586983447	23.836057490963203	26.110627630472944	0.0
85.0	26.15666554789577	23.803682439356184	23.874372919011876	26.16527909373617	0.0
86.0	26.03251168026518	23.743684637295466	23.983081807894166	26.24072187454519	0.0
87.0	26.181318110128636	23.844671036803604	23.742793580829215	26.231217272238545	0.0
88.0	26.10409321638712	23.821503568681145	23.89308510480309	26.181318110128636	0.0
89.0	26.346163556384568	23.844671036803604	23.752298183135863	26.056867223675965	0.0
90.0	26.167655244312833	23.871699749613132	23.781109008877895	26.17953599719614	0.0
91.0	26.17478369604282	23.83368134038654	23.94149917280258	26.05003579076806	0.0
92.0	26.158447660828266	23.83160220863196	23.827740963944883	26.182209166594888	0.0
93.0	26.031026586154766	23.84764122502443	23.920410836434705	26.200921352386104	0.0
94.0	26.23507851692562	23.75289222078003	23.84140382976069	26.17062543253366	0.0
95.0	26.167202782455796	23.750374984035332	23.892349137610974	26.190073095897898	0.0
96.0	26.123838292033113	23.961554112052657	23.698991033055027	26.215616562859207	0.0
97.0	26.135718974340694	23.781561775092744	23.930961355110625	26.151757895455933	0.0
98.0	26.099779910360255	23.83858905016915	23.859677261265112	26.201953778205482	0.0
99.0	26.21056727287848	23.72869273882399	23.813342600265532	26.247397388031995	0.0
100.0	26.279475230262474	23.84155922074605	23.71473293711258	26.1642326118789	0.0
101.0	26.21294340934	23.819876975534704	23.79225438916957	26.174925225955725	0.0
102.0	26.080473801610427	23.81631277084243	23.883141608822594	26.22007181872455	0.0
103.0	26.104532183283286	23.9974931760331	23.9259120651299	25.97206257555371	0.0
104.0	26.14344141784063	23.946703259168174	23.835024845476877	26.074830477514322	0.0
105.0	26.199874658801654	23.881656523534147	23.75215708638147	26.166311731282725	0.0
106.0	26.17076698714807	23.86621163653429	23.84898464718829	26.114036729129353	0.0
107.0	26.03740632824543	23.868587772995802	23.810075412630948	26.283930486127815	0.0
108.0	26.19660747116707	23.918783655745347	23.723049414727885	26.161559458359697	0.0
109.0	26.2185867334361	23.806511207938673	23.850469732476736	26.12443232614849	0.0
110.0	26.157995253667416	23.7999768326695	23.88046845530339	26.161559458359697	0.0
111.0	26.048098942322255	23.738494301727748	23.979078118456343	26.234328637493654	0.0
112.0	26.17344014066728	23.848093596015218	23.74591972816999	26.232546535147517	0.0
113.0	26.10037394447563	23.828193453150014	23.8944282570148	26.177004345359556	0.0
114.0	26.351650375281054	23.833836777246116	23.763146717515987	26.051366129956843	0.0
115.0	26.18116258416721	23.86145936361125	23.795224559746465	26.16215349247507	0.0
116.0	26.168687867744246	23.839480101342218	23.954722719725794	26.037109311187738	0.0
117.0	26.15116386134056	23.839777118399912	23.827302401976947	26.181756618282588	0.0
118.0	26.012456895399506	23.864726551245838	23.94343607153359	26.17938048182107	0.0
119.0	26.24234809805127	23.767304956323642	23.84185623780374	26.14849070782135	0.0
120.0	26.177753884263645	23.738932336142142	23.874966956656042	26.20834682293817	0.0
121.0	26.129339816264157	23.953676944507972	23.689924230498487	26.22705900872938	0.0
122.0	26.13082491037457	23.791207648828706	23.9308064952076	26.14716094558912	0.0
123.0	26.12191434571209	23.829523076877383	23.855660733220667	26.192901844189866	0.0
124.0	26.210128935870664	23.728239658547164	23.827443945122802	26.234187460459367	0.0
125.0	26.276661152017205	23.835463453319036	23.725863507970498	26.16201188669326	0.0
126.0	26.24250398747769	23.808434740509508	23.79239572411704	26.15666554789577	0.0
127.0	26.090727369393395	23.80991983461992	23.892491067158925	26.206861728827757	0.0
128.0	26.099043896411718	24.00921946423745	23.933182645784264	25.958553993566575	0.0
129.0	26.148943058521617	23.93496475871676	23.833087302742374	26.083004880019246	0.0
130.0	26.20300048414068	23.866947448459808	23.765069992485426	26.16498207491409	0.0
131.0	26.18317799202799	23.860483904502225	23.867612377405116	26.088725726064666	0.0
132.0	26.028133706390083	23.872661712377997	23.817119027676295	26.282085553555625	0.0
133.0	26.177909390899885	23.93807714812714	23.711747461216536	26.172265999756444	0.0
134.0	26.208502511309057	23.824318263498842	23.857881589772987	26.10929763541911	0.0
135.0	26.171374937996955	23.787487710773235	23.891147895460634	26.14998945576918	0.0
136.0	26.01692423301859	23.744122705144694	23.98767958607211	26.251273475764602	0.0
137.0	26.162761340988546	23.83679312813171	23.753627363912592	26.246818166967152	0.0
138.0	26.110782738351595	23.800556616579094	23.895603204258087	26.193057440811224	0.0
139.0	26.34899324872207	23.822833160566358	23.77917113435132	26.04900245636025	0.0
140.0	26.18979021435976	23.849862033937573	23.786596649013745	26.173751102688925	0.0
141.0	26.161276238056058	23.838575251650692	23.948472868654527	26.05167564163872	0.0
142.0	26.156226888085616	23.83293186050725	23.8376841898912	26.173157061515933	0.0
143.0	26.02167656240254	23.87451474261681	23.933621839329682	26.170186855650968	0.0
144.0	26.26879769036792	23.747686952182654	23.846000766313114	26.137514591136313	0.0
145.0	26.173609564119698	23.742184599391102	23.896042177173832	26.18816365931536	0.0
146.0	26.138560926709737	23.94237766391921	23.702086582015298	26.21697482735576	0.0
147.0	26.147768619588625	23.77277790153709	23.936734239251503	26.14271923962278	0.0
148.0	26.1177693621445	23.841984109304228	23.85356798099057	26.186678547560703	0.0
149.0	26.20249855943732	23.710176610014436	23.844134088168374	26.24319074237987	0.0
150.0	26.27972460005822	23.828688880044197	23.725324794905458	26.16626172499213	0.0
151.0	26.251210369675114	23.811164509287917	23.794828231464265	26.1427968895727	0.0
152.0	26.08911317509869	23.80440367953474	23.888461504189525	26.218021641177046	0.0
153.0	26.09297448859873	24.012023536190906	23.933906193843878	25.961095781366488	0.0
154.0	26.144062636445454	23.93360916972849	23.851333489766034	26.070994704060023	0.0
155.0	26.212972231215453	23.85757099618918	23.766384592765085	26.163072179830284	0.0
156.0	26.175030890599754	23.85407755916738	23.867740709058076	26.103150841174795	0.0
157.0	26.024439216804485	23.870710959034312	23.81873158445015	26.286118239711055	0.0
158.0	26.202732044042996	23.919494105521412	23.711575989615973	26.16619786081961	0.0
159.0	26.23184058026976	23.802168882974772	23.859494877788702	26.106495658966764	0.0
160.0	26.161445446741777	23.787020563101663	23.89454393161276	26.1569900585438	0.0
161.0	26.021249231445537	23.730288620047464	23.974146867416557	26.274315281090445	0.0
162.0	26.19382126764705	23.817911254607612	23.73979344820314	26.248474029542194	0.0
163.0	26.13560419519353	23.783753278423152	23.892761776333572	26.187880750049754	0.0
164.0	26.344116362858692	23.81523802168883	23.782268149023825	26.058377466428652	0.0
165.0	26.182237258332318	23.840188195597484	23.80751534881234	26.170059197257856	0.0
166.0	26.176593766614886	23.83395065212032	23.95959259930318	26.029862981961614	0.0
167.0	26.169762171377993	23.843455480275995	23.827119056883426	26.159663291462586	0.0
168.0	26.020061127926077	23.872266990622894	23.926919752518035	26.180752128932994	0.0
169.0	26.265701530574358	23.756129871595714	23.838703066198157	26.13946553163177	0.0
170.0	26.186254154674177	23.755676940852887	23.890527491393623	26.167541413079316	0.0
171.0	26.1452643397521	23.942804356801485	23.72300389997297	26.18892740347344	0.0
172.0	26.139620814509207	23.772607516581566	23.933299472181876	26.15447219672735	0.0
173.0	26.10962102242856	23.836468460119583	23.859636616379888	26.194273901071973	0.0
174.0	26.20860907481555	23.713272422683474	23.83535114712417	26.242767355376813	0.0
175.0	26.26445043782005	23.837727375337128	23.722183278482063	26.17563890836076	0.0
176.0	26.24959901148906	23.798222581296706	23.80386612330248	26.148312283911746	0.0
177.0	26.089281099721685	23.800966533696503	23.890075356361034	26.21967701022078	0.0
178.0	26.103835540756894	23.997600002376235	23.929283238333426	25.969281218533446	0.0
179.0	26.153439452040146	23.91918423843145	23.854728856704103	26.072647452824306	0.0
180.0	26.213142363225383	23.827699180495863	23.775124975123788	26.184033481154966	0.0
181.0	26.137477499955448	23.87024528761443	23.881829468969247	26.11044774346088	0.0
182.0	26.029655504268323	23.86816607557639	23.826284804524363	26.275893615630924	0.0
183.0	26.200525745176957	23.916058990391043	23.728038257615136	26.155377006816867	0.0
184.0	26.234090267773603	23.79368214694132	23.851900256931966	26.12032732835311	0.0
185.0	26.151218570388963	23.78625636760578	23.8908113406502	26.171713721355054	0.0
186.0	26.025574384031604	23.718533260065644	23.9772474121159	26.27864494378685	0.0
187.0	26.19725840226932	23.814474329080838	23.743780909806482	26.24448635884336	0.0
188.0	26.146169040440792	23.765761216639685	23.899128213506007	26.188941529413512	0.0
189.0	26.341615552552238	23.80823667443898	23.77883058827024	26.07131718473854	0.0
190.0	26.195476215228787	23.835860573567196	23.80615745622503	26.162505754978987	0.0
191.0	26.17290184604874	23.82754370071139	23.95883147936376	26.040722973876107	0.0
192.0	26.185971217679295	23.84922697637117	23.819523859029005	26.14527794692053	0.0
193.0	26.031217976326616	23.875068688458853	23.938336328397668	26.155377006816867	0.0
194.0	26.272110257971576	23.744672003326748	23.830216981272184	26.15300075742949	0.0
195.0	26.1807801867149	23.758476577467675	23.88679480667611	26.17394842914131	0.0
196.0	26.147512497660863	23.942934031954806	23.70560471450679	26.203948755877537	0.0
197.0	26.171572165637446	23.77065492792496	23.91620106753638	26.141571838901218	0.0
198.0	26.124046895560248	23.84521019535856	23.85174491999418	26.178997989087012	0.0
199.0	26.194224474398652	23.713398007497133	23.83815221201086	26.254225306093353	0.0
200.0	26.278441157250636	23.837402720845958	23.726014376522308	26.158141745381098	0.0
201.0	26.263886413592346	23.795520703380266	23.806213984435335	26.134378898592054	0.0
202.0	26.09630687978423	23.78858943778906	23.891959970652273	26.223143711774437	0.0
203.0	26.11487861316319	23.99755236134751	23.92982643746788	25.95774258802142	0.0
204.0	26.154243737542664	23.894620212743835	23.857192506141413	26.09394354357209	0.0
205.0	26.22553460726157	23.823032297734436	23.784119364679533	26.167313730324466	0.0
206.0	26.17006487488415	23.869145219932985	23.888750267341553	26.072039637841304	0.0
207.0	26.031796011240292	23.851761197222007	23.825620978713545	26.290821812824156	0.0
208.0	26.20298775253163	23.92221981279761	23.719333058064823	26.15545937660594	0.0
209.0	26.24874865210895	23.773382010890067	23.849725371839696	26.12814396516129	0.0
210.0	26.157849553079433	23.781699575507147	23.88774852437492	26.172702347038502	0.0
211.0	26.0479388777823	23.706544438074246	23.971815338183266	26.273701345960188	0.0
212.0	26.19290214682284	23.800711151774763	23.759717440447723	26.24666926095468	0.0
213.0	26.148357409998425	23.770099782255453	23.89427061518033	26.187272192565793	0.0
214.0	26.334175996863035	23.82163258879901	23.78360875855165	26.06058265578631	0.0
215.0	26.19233637030678	23.831280133321847	23.808406287040036	26.16797720933134	0.0
216.0	26.181345041573955	23.82207118222138	23.97357328097104	26.023010495233624	0.0
217.0	26.186395111532278	23.868115937723726	23.81910055283413	26.126388397909867	0.0
218.0	26.026278187559598	23.872571881804596	23.949214119995606	26.151935810640197	0.0
219.0	26.26868154555906	23.76087621684406	23.823556496915003	26.14688574068188	0.0
220.0	26.180609398533093	23.76903813419601	23.874793168700077	26.17555929857082	0.0
221.0	26.150902928166786	23.946385762282883	23.709031064056063	26.19368024549427	0.0
222.0	26.174371039756167	23.774088234158285	23.905687897881037	26.145852828204514	0.0
223.0	26.10931386965395	23.840630727778816	23.859345804109594	26.19070959845764	0.0
224.0	26.190065949735608	23.72289228209851	23.84558255599786	26.24145921216802	0.0
225.0	26.288396411383758	23.832511437228924	23.71249480125958	26.16659735012774	0.0
226.0	26.25082437659305	23.795816028851696	23.81987891318943	26.13348068136582	0.0
227.0	26.072825902896817	23.779674461024744	23.906824197664367	26.240675438414073	0.0
228.0	26.10922464937063	23.980939309406462	23.951528331090373	25.958307710132527	0.0
229.0	26.153942134299047	23.906514124780532	23.84620640687805	26.09333733404237	0.0
230.0	26.227915640494704	23.817686500874906	23.783819112496175	26.170578746134215	0.0
231.0	26.17393836043755	23.85071984123683	23.895579943078175	26.07976185524744	0.0
232.0	26.02986351671727	23.84624982917308	23.813866986731945	26.310019667377706	0.0
233.0	26.219046628737804	23.90083037478275	23.71603856266433	26.16408443381512	0.0
234.0	26.24861479591079	23.757178550950258	23.862944268003197	26.131262385135756	0.0
235.0	26.161566045639688	23.774707138888807	23.87690771941187	26.186819096059633	0.0
236.0	26.04243106659972	23.7200417120974	23.972869311007656	26.264657910295224	0.0
237.0	26.182815345627187	23.806340632993752	23.762667451001363	26.2481765703777	0.0
238.0	26.151181411157225	23.787170703736603	23.884916025182047	26.176731859924125	0.0
239.0	26.334788124389092	23.82163409974776	23.788953293185457	26.054624482677685	0.0
240.0	26.218870884361017	23.825991883107235	23.800738007380073	26.15439922515167	0.0
241.0	26.165730754375016	23.835160590664646	23.978370027037464	26.020738627922867	0.0
242.0	26.207822769464816	23.8492256860671	23.81594742034015	26.127004124127932	0.0
243.0	26.039116171821142	23.880951814961847	23.938597950887868	26.14133406232914	0.0
244.0	26.268839442780394	23.764441591784337	23.82446631483859	26.14225265059668	0.0
245.0	26.187462111756943	23.765883345814167	23.883856933994224	26.16279760843467	0.0
246.0	26.1430702572911	23.953213315661532	23.718744985230575	26.18497144181679	0.0
247.0	26.169446392696234	23.77646485419812	23.91852212883822	26.135566624267426	0.0
248.0	26.11397577828962	23.852886544319787	23.8626941080318	26.170443569358792	0.0
249.0	26.20039706127107	23.712522884519366	23.859934853420196	26.227145200789366	0.0
