# Position (bp)	A	C	G	T	N
0.0	26.308753127305607	23.771128381789236	23.671831228122727	26.248287262782426	0.0
1.0	26.319847781346557	23.79720081878547	23.669334930963515	26.213616468904462	0.0
2.0	26.142500145612086	23.76777507509423	23.77221277669763	26.317512002596054	0.0
3.0	26.098062218672258	23.84466687189898	23.76950747017891	26.28776343924985	0.0
4.0	26.244179500192743	23.72018337174378	23.808652195496688	26.226984932566786	0.0
5.0	26.277679945645392	23.6517422593214	23.814251445527532	26.256326349505677	0.0
6.0	26.235268018080475	23.78081583982696	23.809933168797315	26.173982973295253	0.0
7.0	26.20442004270305	23.996062446274575	23.728475168455205	26.071042342567175	0.0
8.0	26.312141100399	23.732084480564314	23.75565297198677	26.200121447049916	0.0
9.0	26.326485910982584	23.769307762476053	23.774575721363792	26.129630605177574	0.0
10.0	26.276757074458207	23.805998907676486	23.693994161336736	26.223249856528575	0.0
11.0	26.180554977973326	23.71700503744119	23.878912888585774	26.22352709599971	0.0
12.0	26.118730575909556	23.820969839117932	23.74362002667044	26.316679558302074	0.0
13.0	26.159689492653175	23.721097865261992	23.893817576933742	26.225395065151098	0.0
14.0	26.25589132242861	23.7782090379817	23.816190740227334	26.149708899362352	0.0
15.0	26.1890767951206	23.85056833934017	23.670640421402826	26.289714444136404	0.0
16.0	26.34959800388134	23.621014693651237	23.79428888272803	26.235098419739394	0.0
17.0	26.273911838092594	23.727474355420018	23.745772109786525	26.252841696700855	0.0
18.0	26.273080121985032	23.824507901303022	23.729969503742723	26.172442472969227	0.0
19.0	26.27807041863044	23.740504574438592	23.70280011089548	26.278624896035485	0.0
20.0	26.21236484613252	23.774604934848906	23.661768782922096	26.35126143609648	0.0
21.0	26.179096201829775	23.68145273080122	23.927640698641532	26.211810368727473	0.0
22.0	26.272248405877463	23.80870529525922	23.670640421402826	26.248405877460495	0.0
23.0	26.271693928472416	23.687829220959248	23.71056279456612	26.329914056002217	0.0
24.0	26.19212642084835	23.679789298586083	23.852786248960356	26.27529803160521	0.0
25.0	26.321042417521483	23.763238148045467	23.67369004713058	26.242029387302466	0.0
26.0	26.317438314388692	23.794566121430552	23.672026614915442	26.215968949265317	0.0
27.0	26.1430551705018	23.753257554754644	23.782367618519544	26.321319656224006	0.0
28.0	26.09869697809814	23.832825062378706	23.778763515386746	26.289714444136404	0.0
29.0	26.24112492064064	23.717428008239512	23.808084812628742	26.233362258491105	0.0
30.0	26.275779662379644	23.649227476497153	23.815570236844366	26.259422624278834	0.0
31.0	26.23447121022675	23.77509349849321	23.802817291884416	26.187617999395624	0.0
32.0	26.2009254202234	23.99827003529239	23.723527242785575	26.077277301698636	0.0
33.0	26.31209783172212	23.733507808406408	23.752082749978516	26.20231160989296	0.0
34.0	26.32568249048381	23.76261779146717	23.776479688162773	26.13522002988625	0.0
35.0	26.279660993454414	23.804203481553973	23.688040787244837	26.228094737746776	0.0
36.0	26.174033340633933	23.7171507703056	23.88987000313279	26.21894588592768	0.0
37.0	26.11193204343764	23.81473852304263	23.746537991300272	26.326791442219456	0.0
38.0	26.15150456609611	23.715144357391974	23.900893258146613	26.2324578183653	0.0
39.0	26.24631967663057	23.781958514230585	23.81300907674479	26.15871273239405	0.0
40.0	26.201407255851088	23.84877267106919	23.665796141967608	26.28402393111211	0.0
41.0	26.367749555034347	23.618665823865683	23.790275629189747	26.223308991910223	0.0
42.0	26.27459786749172	23.7267883183348	23.75423479770004	26.244379016473435	0.0
43.0	26.2732116816652	23.83241567831617	23.737600567781712	26.156772072236915	0.0
44.0	26.267944175524395	23.745917682740878	23.71597606888789	26.270162072846837	0.0
45.0	26.20334791600823	23.77974061690814	23.66745956495944	26.349451902124194	0.0
46.0	26.17562419947769	23.68132142322471	23.9308348719996	26.212219505298002	0.0
47.0	26.26517180387134	23.816058685563153	23.67161812243902	26.24715138812649	0.0
48.0	26.27487510465703	23.692133672671623	23.702391447787925	26.330599774883424	0.0
49.0	26.195030801049064	23.668845750785966	23.846277536581447	26.289845911583527	0.0
50.0	26.318124102444678	23.75977954100615	23.672172596769634	26.24992375977954	0.0
51.0	26.30814356449368	23.793048000842802	23.676331154249215	26.222477280414303	0.0
52.0	26.143741925467562	23.754512034865346	23.785285360214246	26.316460679452845	0.0
53.0	26.090789626894225	23.828811595167203	23.78389917438772	26.296499603550856	0.0
54.0	26.247355857866445	23.71202901001655	23.803239784531876	26.237375347585136	0.0
55.0	26.278683570693893	23.643828856427586	23.808784512465937	26.268703060412584	0.0
56.0	26.240702184345572	23.768862471340686	23.801853602548356	26.188581741765386	0.0
57.0	26.205215925567572	23.992592243480093	23.717850974347314	26.08434085660502	0.0
58.0	26.323318630563097	23.729217666612143	23.743911195637406	26.203552507187354	0.0
59.0	26.331912958860894	23.762486034216515	23.778288508828595	26.127312498094003	0.0
60.0	26.279515279884002	23.809616221656043	23.688186679900085	26.222681818559867	0.0
61.0	26.179710177070888	23.70676151847919	23.898054632204335	26.215473672245587	0.0
62.0	26.11677751501928	23.825973169061527	23.75333723312531	26.30391208279388	0.0
63.0	26.159122161107167	23.72859740951029	23.896047728885737	26.216232700496807	0.0
64.0	26.246451383960256	23.790420954577716	23.80788679914833	26.1552408623137	0.0
65.0	26.1993213271824	23.856957505322924	23.660951916252664	26.282769251242016	0.0
66.0	26.363167583392478	23.631564939673527	23.780717707594036	26.224549769339955	0.0
67.0	26.268630234208658	23.727211231369765	23.747726667849538	26.25643186657204	0.0
68.0	26.274729418026972	23.831729063165366	23.73303317955997	26.160508339247695	0.0
69.0	26.263639992902764	23.747726667849538	23.711686036195882	26.276947303051813	0.0
70.0	26.20680668914124	23.773232345635204	23.660674680624556	26.359286284599005	0.0
71.0	26.179360361958835	23.67841776082328	23.923771291696237	26.218450585521648	0.0
72.0	26.2874822569198	23.80705509226402	23.66344703690561	26.242015613910574	0.0
73.0	26.286650550035485	23.68229905961675	23.701428317955997	26.329622072391768	0.0
74.0	26.19987579843861	23.676754347054647	23.832838005677786	26.29053184882896	0.0
75.0	26.312433463449253	23.75937056422995	23.67231857700497	26.255877395315824	0.0
76.0	26.310215578424412	23.786539655784246	23.6795267033357	26.223718062455642	0.0
77.0	26.139992902767922	23.75160796664301	23.78626242015614	26.32213671043293	0.0
78.0	26.090644960965225	23.82590711497516	23.78681689141235	26.296631032647266	0.0
79.0	26.244437975631058	23.701085374474985	23.808652499965348	26.24582414992861	0.0
80.0	26.273824870739247	23.63870753108496	23.816969545750684	26.27049805242511	0.0
81.0	26.2430518013335	23.767621740757683	23.800335454180008	26.188991003728805	0.0
82.0	26.201743807266325	23.99162750724276	23.714669882591036	26.091958802899878	0.0
83.0	26.327885668343935	23.727699920988066	23.735462497054378	26.208951913613614	0.0
84.0	26.32760843348443	23.765958331600615	23.772889203088397	26.13354403182656	0.0
85.0	26.277428923912893	23.81669231089117	23.684451282904313	26.221427482291627	0.0
86.0	26.176792669910316	23.707184541384233	23.89681318528992	26.219209603415532	0.0
87.0	26.10997906876811	23.82750447041211	23.75375999778212	26.308756463037664	0.0
88.0	26.15703647846168	23.735673928351623	23.8925884238133	26.214701169373395	0.0
89.0	26.254622878466122	23.798328832899923	23.78945734199043	26.157590946643527	0.0
90.0	26.199730528463622	23.85627075790256	23.664979235166587	26.27901947846723	0.0
91.0	26.368011621653093	23.62699816471032	23.778922446535404	26.226067767101185	0.0
92.0	26.279851180739993	23.717099244259867	23.748149462443095	26.25490011255704	0.0
93.0	26.28428692619474	23.82189373062827	23.732624353351483	26.16119498982551	0.0
94.0	26.270147987557735	23.739277971533603	23.703514773804706	26.287059267103956	0.0
95.0	26.201393933009154	23.778922446535404	23.66525646925751	26.35442715119793	0.0
96.0	26.184759887553856	23.682167748803735	23.91753949199625	26.215532871646165	0.0
97.0	26.275692669376166	23.800823939718217	23.670523916985022	26.25295947392059	0.0
98.0	26.28927713983133	23.685771791985715	23.69935626244088	26.325594805742075	0.0
99.0	26.19778988982717	23.674959662439772	23.829379051083155	26.297871396649903	0.0
100.0	26.30286161028649	23.762842869261945	23.680504344258203	26.253791176193353	0.0
101.0	26.30202990801373	23.782526489717387	23.681613280621892	26.233830321646995	0.0
102.0	26.11850093982357	23.75175350562508	23.789180107899508	26.340565446651844	0.0
103.0	26.084678380731123	23.823002666991954	23.783358191990153	26.30896076028677	0.0
104.0	26.23708439259565	23.705666926341877	23.808797722251025	26.248450958811446	0.0
105.0	26.275619824400415	23.638021995691794	23.81073835550738	26.275619824400415	0.0
106.0	26.24623309223275	23.760559124164487	23.8010351892256	26.192172594377155	0.0
107.0	26.219341459966124	23.98899938176969	23.70261735979618	26.08904179846801	0.0
108.0	26.328294155644333	23.7195285924587	23.739766624989254	26.21241062690771	0.0
109.0	26.33772008860377	23.751687657849725	23.76416315735486	26.146429096191646	0.0
110.0	26.290035957161905	23.811015588829715	23.675725727529546	26.223222726478834	0.0
111.0	26.182746661417717	23.705944159664217	23.883650719281853	26.227658459636217	0.0
112.0	26.115656197412306	23.83596658783999	23.74170725824561	26.306669956502095	0.0
113.0	26.16798074897147	23.730274903800304	23.887465761779612	26.214278585448618	0.0
114.0	26.267507235769656	23.782394623906317	23.80041473990042	26.149683400423612	0.0
115.0	26.203743748405913	23.85974250640407	23.660689532807698	26.275824212382314	0.0
116.0	26.37507346662675	23.63352074253967	23.778236135599986	26.2131696552336	0.0
117.0	26.287467979640038	23.720017299311355	23.74857225234816	26.243942468700443	0.0
118.0	26.294121560930172	23.820929948878316	23.734987857214147	26.149960632977365	0.0
119.0	26.283586723887463	23.734433392106634	23.706987369284853	26.274992514721045	0.0
120.0	26.209288399481025	23.7762955077237	23.659303370038923	26.355112722756356	0.0
121.0	26.189050423056877	23.687858323075726	23.90936713352629	26.21372412034111	0.0
122.0	26.277487607704845	23.80152367011544	23.661521230468967	26.259467491710748	0.0
123.0	26.293844328376416	23.686472160306952	23.683422602215643	26.33626090910099	0.0
124.0	26.207625004158487	23.676214555818003	23.810672344389367	26.305488095634143	0.0
125.0	26.302715770096587	23.76603790323475	23.67760071858678	26.253645608081882	0.0
126.0	26.302438537542834	23.789879902857713	23.68536323009193	26.222318329507527	0.0
127.0	26.121405679940562	23.754116903423267	23.78710757732016	26.33736983931601	0.0
128.0	26.07926633176974	23.825088437184647	23.798196879470375	26.297448351575238	0.0
129.0	26.228767392925562	23.708162026242906	23.81739195524345	26.24567862558808	0.0
130.0	26.273124724499386	23.63913092898114	23.80685708899467	26.280887257524803	0.0
131.0	26.238470559207332	23.759172957552806	23.81073835550738	26.19161812773248	0.0
132.0	26.209361060362014	23.9898310817367	23.72645942551711	26.07434843238418	0.0
133.0	26.3166503561062	23.72645942551711	23.748360857981684	26.208529360395	0.0
134.0	26.333284355446384	23.752242124494398	23.770816757090934	26.14365676296828	0.0
135.0	26.278742244376307	23.81108160108232	23.678840939712675	26.2313352148287	0.0
136.0	26.18780946255399	23.698801794259037	23.89397459426791	26.219414148919064	0.0
137.0	26.11545136482343	23.836032669265276	23.74343648289743	26.305079483013866	0.0
138.0	26.170416268141555	23.72908609528562	23.88378314689289	26.216714489679934	0.0
139.0	26.269666347846577	23.776770491121553	23.794236287270763	26.159326873761106	0.0
140.0	26.199803163249747	23.84386132712327	23.670035070209728	26.286300439417253	0.0
141.0	26.369617108812516	23.62885809100562	23.77801127243189	26.223513527749976	0.0
142.0	26.292268154132348	23.71092006442974	23.744465668430813	26.252346113007103	0.0
143.0	26.291159208545533	23.813220294813185	23.73337621256269	26.16224428407859	0.0
144.0	26.28727789899169	23.737257522116533	23.70371191811546	26.271752660776315	0.0
145.0	26.200021070024565	23.789166680528524	23.649439149214587	26.361373100232328	0.0
146.0	26.19565789947907	23.666970704267523	23.917039320656166	26.22033207559724	0.0
147.0	26.285482990066566	23.79949043667747	23.662812135258843	26.252214437997125	0.0
148.0	26.290750510810895	23.688040787244837	23.678891935425742	26.342316766518532	0.0
149.0	26.21755969625812	23.67501060435097	23.808084812628742	26.299344886762167	0.0
150.0	26.30329914056002	23.77100083171611	23.680343775991126	26.245356251732744	0.0
151.0	26.301081230939836	23.802606043803713	23.680898253396172	26.21541447186027	0.0
152.0	26.12059883559745	23.756307180482395	23.784031050734683	26.339062933185474	0.0
153.0	26.085112281674522	23.827557527030773	23.79733850845578	26.289991682838927	0.0
154.0	26.244597295806198	23.70730165595136	23.804058231378516	26.24404281686392	0.0
155.0	26.28147014546755	23.628011167205898	23.815425049695175	26.275093637631375	0.0
156.0	26.25374619835375	23.764690226476922	23.804058231378516	26.17750534379081	0.0
157.0	26.207447206673706	23.99784862170397	23.720609150565984	26.074095021056337	0.0
158.0	26.327214658205317	23.718945713739156	23.737243518834266	26.216596109221264	0.0
159.0	26.342462829117906	23.759977155467578	23.76607642383261	26.1314835915819	0.0
160.0	26.29013745571087	23.815491075636682	23.669939949764068	26.224431518888373	0.0
161.0	26.192344266794564	23.70687862665894	23.884867354039542	26.21590975250695	0.0
162.0	26.111389892347315	23.84522188984106	23.750128223966378	26.293259993845247	0.0
163.0	26.16829684831548	23.737718189278507	23.886319781755272	26.207665180650743	0.0
164.0	26.261727327167478	23.797602413112426	23.79732517133542	26.143345088384677	0.0
165.0	26.18992170692217	23.856654911615323	23.67173464635039	26.28168873511212	0.0
166.0	26.371588183922707	23.635481500991144	23.784637990546027	26.20829232454012	0.0
167.0	26.285365752228333	23.728357753780895	23.75358682543423	26.232689668556535	0.0
168.0	26.28619747986526	23.823174704390134	23.743883336336793	26.146744479407808	0.0
169.0	26.276493990767825	23.74194263851731	23.712277686133714	26.269285684581156	0.0
170.0	26.202542875678553	23.78636739175035	23.654122330839993	26.356967401731108	0.0
171.0	26.16574205765013	23.6813578306205	23.927827820334745	26.225072291394618	0.0
172.0	26.270817565076115	23.815821210835807	23.659178303987048	26.254182920101027	0.0
173.0	26.283570792890355	23.682189562869254	23.692724838020144	26.34151480622025	0.0
174.0	26.207605914170777	23.675812948962136	23.80944459692869	26.307136539938398	0.0
175.0	26.29445621194814	23.75239816796602	23.69001807636432	26.263127543721517	0.0
176.0	26.30194182294035	23.781231632528584	23.692790524879953	26.224036019651116	0.0
177.0	26.11812848635401	23.7487939848957	23.790380712630167	26.342696816120124	0.0
178.0	26.087077062978942	23.828640502145877	23.786222039856717	26.298060395018464	0.0
179.0	26.231594356388154	23.70366879129227	23.812349074415497	26.25238777790408	0.0
180.0	26.273735690660427	23.629921456315795	23.823161653603776	26.273181199420005	0.0
181.0	26.24933807608174	23.76355384525813	23.807913144492098	26.179194934168027	0.0
182.0	26.201651829405225	23.99976711367902	23.727234669010315	26.071346387905436	0.0
183.0	26.31864948113482	23.724739458428406	23.742483178121994	26.21412788231478	0.0
184.0	26.334452481486924	23.754404739791124	23.766326301460253	26.1448164772617	0.0
185.0	26.284066650031885	23.827386398292163	23.665474507194546	26.22307244448141	0.0
186.0	26.199856385972403	23.70130500237046	23.88401087917846	26.214827732478675	0.0
187.0	26.109473812619736	23.846305265755262	23.748714266306983	26.295506655318018	0.0
188.0	26.1616688107173	23.735194960741694	23.888790311848467	26.214345916692544	0.0
189.0	26.258982832808407	23.791199041831167	23.798684735838176	26.151133389522247	0.0
190.0	26.194106818081003	23.860788271303733	23.672259681497582	26.272845229117685	0.0
191.0	26.368291621267193	23.64570943782282	23.773243837454636	26.212755103455347	0.0
192.0	26.28927574323444	23.73027028975261	23.745241719274606	26.235212247738342	0.0
193.0	26.28650325628592	23.822871353833104	23.73803325320846	26.152592136672514	0.0
194.0	26.279294790219776	23.74385547580035	23.710308383723284	26.266541350256595	0.0
195.0	26.192865816804645	23.781349983087782	23.671004696605912	26.354779503501664	0.0
196.0	26.159113908257897	23.674951827772155	23.934458045108613	26.23147621886133	0.0
197.0	26.28387651274658	23.804704936440384	23.654435310589573	26.256983240223462	0.0
198.0	26.269736750904528	23.67911058125511	23.70766735517141	26.343485312668953	0.0
199.0	26.208464449588973	23.681883083577084	23.809418190387735	26.300234276446204	0.0
200.0	26.287830899069547	23.76235153208903	23.688048263854235	26.261769304987194	0.0
201.0	26.31028823014051	23.790631134178394	23.692761530869127	26.20631910481197	0.0
202.0	26.11371727051935	23.765401293098666	23.796453405196793	26.324428031185192	0.0
203.0	26.07906089540983	23.8288917722993	23.800612170209934	26.291435162080933	0.0
204.0	26.215818322460443	23.712234843338887	23.8214720405453	26.25047479365537	0.0
205.0	26.26960516575497	23.636267858479606	23.81620425692367	26.27792271884175	0.0
206.0	26.2440980029555	23.770457714946367	23.80622319321953	26.179221088878602	0.0
207.0	26.1969652021304	24.004458208454515	23.726374683586418	26.072201905828663	0.0
208.0	26.3145199524236	23.73108796366893	23.733028726055842	26.22136335785163	0.0
209.0	26.335868338679674	23.770734966715924	23.7552088676206	26.138187826983806	0.0
210.0	26.280213595355466	23.832905440249306	23.66683116983936	26.220049794555873	0.0
211.0	26.202655532173857	23.709316542873065	23.876223033650234	26.211804891302844	0.0
212.0	26.117538766943643	23.845170663273084	23.746745739309805	26.29054483047347	0.0
213.0	26.165853388044802	23.733226128424086	23.889042918930908	26.2118775646002	0.0
214.0	26.263037945203198	23.787699831983097	23.795462989148216	26.153799233665488	0.0
215.0	26.20176445472139	23.863945125569067	23.666261873471626	26.26802854623792	0.0
216.0	26.3742905702332	23.641097158953855	23.77944809344649	26.205164177366452	0.0
217.0	26.279468887675122	23.736750610657182	23.74784086592713	26.235939635740568	0.0
218.0	26.289450117418077	23.82491814005329	23.74340476381915	26.14222697870948	0.0
219.0	26.276287516462187	23.745477230193387	23.726900949608375	26.25133430373605	0.0
220.0	26.20427311089793	23.791013491407753	23.65765206252738	26.347061335166938	0.0
221.0	26.1685792948183	23.677957595938704	23.92915466364269	26.224308445600307	0.0
222.0	26.282255672035333	23.812705691859385	23.65050890973264	26.254529726372645	0.0
223.0	26.263402028984707	23.68655263909414	23.705683541601395	26.344361790319766	0.0
224.0	26.205454802549678	23.67906663376521	23.80854680000998	26.306931763675127	0.0
225.0	26.28316032295271	23.751219944991572	23.70325392600479	26.262365806050923	0.0
226.0	26.303954839854494	23.78781829473871	23.68911365451158	26.219113210895216	0.0
227.0	26.11458610593559	23.759260491526927	23.795027060597995	26.33112634193949	0.0
228.0	26.080760358442017	23.821644042232275	23.800849525330495	26.29674607399521	0.0
229.0	26.228335519074168	23.70553773383499	23.805906213696137	26.2602205333947	0.0
230.0	26.28711484982158	23.62235943560752	23.813946782524795	26.276578932046103	0.0
231.0	26.262993143335617	23.761821715635577	23.79315220796793	26.182032933060878	0.0
232.0	26.218076862292783	23.99000751377294	23.718569000557295	26.073346623376985	0.0
233.0	26.327186423008353	23.727572926977366	23.736722590519285	26.208518059494995	0.0
234.0	26.34132681211859	23.773875769750102	23.75252655481896	26.132270863312346	0.0
235.0	26.277074761276296	23.826344449743253	23.6688588951612	26.227721893819243	0.0
236.0	26.192027548957903	23.71051413076328	23.886022286485872	26.211436033792946	0.0
237.0	26.10136219837135	23.846373524608573	23.75127194891687	26.300992328103206	0.0
238.0	26.149401385215132	23.743019857707683	23.889138427242933	26.21844032983425	0.0
239.0	26.25115758069793	23.783500524030543	23.80318632751632	26.162155567755207	0.0
240.0	26.18961133309117	23.86099272687949	23.672717895536582	26.27667804449275	0.0
241.0	26.361032313165683	23.636333386019352	23.79245037115912	26.21018392965585	0.0
242.0	26.276236720455003	23.733330375390658	23.748304960192563	26.242127943961773	0.0
243.0	26.278307459358725	23.823746374038393	23.745264757594413	26.152681409008473	0.0
244.0	26.278086849447273	23.74021709588494	23.72163581804769	26.26006023662009	0.0
245.0	26.204779179285786	23.786068492694778	23.65654918405609	26.35260314396335	0.0
246.0	26.168776418119084	23.67091205609239	23.939114902870077	26.22119662291845	0.0
247.0	26.271454406266297	23.805653867063118	23.660867828653213	26.26202389801737	0.0
248.0	26.26678131587707	23.684400310662376	23.709364251636526	26.33945412182403	0.0
249.0	26.209364251636526	23.6710862088095	23.815322312215688	26.304227227338288	0.0
