# Position (bp)	A	C	G	T	N
0.0	26.191855768320067	23.58974644685747	23.87165787318443	26.34673991163804	0.0
1.0	26.241162411066977	23.83739393500437	23.64880299071252	26.27264066321613	0.0
2.0	26.181462631935215	23.70920071423995	23.803634155377832	26.305702498447005	0.0
3.0	26.21388160771937	23.78625767076238	23.692941087987787	26.306919633530455	0.0
4.0	26.23209276802701	23.72264298627031	23.720136043431392	26.32512820227129	0.0
5.0	26.16869805476949	23.795650526972526	23.778381871253814	26.25726954700417	0.0
6.0	26.449068490785177	23.77249394915901	23.55775524243749	26.220682317618323	0.0
7.0	26.311303965174865	23.739802980635062	23.73005506181573	26.218837992374343	0.0
8.0	26.38082771681613	23.60886759873002	23.69241909430179	26.317885590152063	0.0
9.0	26.266584232864354	23.60614466018336	23.79022825251479	26.3370428544375	0.0
10.0	26.27196524548163	23.747249993037958	23.63530034253251	26.345484418947894	0.0
11.0	26.253306970397393	23.72887019967139	23.742237322119802	26.27558550781141	0.0
12.0	26.370269291820993	23.68737642373778	23.731655016848144	26.210699267593085	0.0
13.0	26.257484196162522	23.7400094683784	23.698237210727115	26.30426912473196	0.0
14.0	26.29563619148403	23.790136177559944	23.690718204349885	26.223509426606146	0.0
15.0	26.114623074995123	23.8277312094461	23.617477512601297	26.440168202957476	0.0
16.0	26.187863766743714	23.767300676710573	23.77509816480548	26.269737391740232	0.0
17.0	26.332117296499487	23.701857473056894	23.75699685315659	26.20902837728703	0.0
18.0	26.37444651758612	23.767022194992897	23.619983848060375	26.238547439360605	0.0
19.0	26.3218134729455	23.66816118521819	23.646161129521847	26.363864212314464	0.0
20.0	26.322018652653504	23.727133233637158	23.673943373685223	26.276904740024115	0.0
21.0	26.36657560339858	23.792576255043986	23.614069971121527	26.226778170435907	0.0
22.0	26.252325309391466	23.684738172947323	23.729851959943414	26.3330845577178	0.0
23.0	26.245641785392042	23.654662314949928	23.79891504127076	26.300780858387267	0.0
24.0	26.293540374054558	23.679725529947756	23.8030922437704	26.223641852227285	0.0
25.0	26.203869760395666	23.596738440288284	23.848484510933133	26.35090728838292	0.0
26.0	26.25260378955811	23.832611141434505	23.64045982645116	26.274325242556223	0.0
27.0	26.183540708230762	23.701725463112517	23.784434072605347	26.330299756051375	0.0
28.0	26.213616566228154	23.775244227106146	23.69002929611353	26.32110991055217	0.0
29.0	26.23004689606006	23.719269713610995	23.72205451527742	26.328628875051518	0.0
30.0	26.177414144564626	23.770788544439863	23.78582647343856	26.26597083755695	0.0
31.0	26.433894378042393	23.75380125427467	23.5700043442906	26.242300023392335	0.0
32.0	26.302173259220478	23.733472202109766	23.732358281443194	26.23199625722656	0.0
33.0	26.399919797712005	23.596181479954996	23.685295133280608	26.318603589052387	0.0
34.0	26.26792019872345	23.608991567620556	23.78749735443842	26.33559087921758	0.0
35.0	26.26931259955666	23.741548126942398	23.634890223118312	26.354249050382634	0.0
36.0	26.254274670557965	23.734586122776335	23.74043420627583	26.27070500038987	0.0
37.0	26.38126162654696	23.681953371280898	23.718712753277714	26.218072248894437	0.0
38.0	26.262629075557236	23.73597852360955	23.70089002261259	26.300502378220624	0.0
39.0	26.29799605672084	23.795294799104408	23.69225713744667	26.214452006728077	0.0
40.0	26.12784467490225	23.81952257360231	23.607320686620696	26.445312064874738	0.0
41.0	26.176578704064696	23.772737905606363	23.784434072605347	26.266249317723588	0.0
42.0	26.330578236218017	23.712307709444932	23.746839250108607	26.210274804228444	0.0
43.0	26.379033785213817	23.7677252626068	23.610940928787052	26.242300023392335	0.0
44.0	26.327236474218306	23.669421763781983	23.647700310783865	26.355641451215845	0.0
45.0	26.332732746113123	23.7122416755548	23.67464695775189	26.280378620580187	0.0
46.0	26.382859036517004	23.7821400027291	23.606976465706655	26.228024495047244	0.0
47.0	26.259976496404843	23.68404930185411	23.724150222504413	26.331823979236635	0.0
48.0	26.244938651160975	23.66483427737584	23.793212919179936	26.297014152283243	0.0
49.0	26.282254785655006	23.672353199997772	23.811870986426953	26.233521027920265	0.0
50.0	26.196204893426234	23.5935437517753	23.841389719683427	26.36886163511504	0.0
51.0	26.251622137936025	23.820782302127018	23.64923947490072	26.27835608503623	0.0
52.0	26.18590118464803	23.70103649740736	23.787364868251768	26.325697449692836	0.0
53.0	26.207344038051318	23.774833330548546	23.682935387391602	26.33488724400853	0.0
54.0	26.213192088979486	23.716631299882483	23.73417545266699	26.33600115847104	0.0
55.0	26.17420508279169	23.7620233142297	23.7815168173236	26.282254785655006	0.0
56.0	26.436810417328054	23.760352442535936	23.563746539903203	26.239090600232807	0.0
57.0	26.3036976390583	23.726378051429432	23.728048923123193	26.24187538638908	0.0
58.0	26.41035494884348	23.59493614485344	23.668176020763365	26.32653288553972	0.0
59.0	26.289495229661313	23.5935437517753	23.76703592931099	26.349925089252395	0.0
60.0	26.270837162414296	23.73974502497953	23.625011835341166	26.364405977265005	0.0
61.0	26.258027146095454	23.724150222504413	23.737517196054515	26.280305435345618	0.0
62.0	26.37220337850256	23.67820125092594	23.722200872195025	26.227394498376473	0.0
63.0	26.263318239792365	23.734453931282616	23.702150411869873	26.300077417055146	0.0
64.0	26.30982416860209	23.777339638089188	23.694909967863566	26.217926225445147	0.0
65.0	26.124914367825696	23.814655772583222	23.60245506747537	26.457974792115714	0.0
66.0	26.20400229466379	23.753668955760887	23.76620049346411	26.276128256111214	0.0
67.0	26.339899859089822	23.70521367664177	23.74587155452333	26.209014909745083	0.0
68.0	26.38584883066829	23.775390287779803	23.614429647947336	26.22433123360457	0.0
69.0	26.35326683263992	23.69268213893855	23.63141684350059	26.32263418492094	0.0
70.0	26.358206045753906	23.70431222935435	23.673679666940505	26.263802057951242	0.0
71.0	26.387446218967124	23.77783037914758	23.60211086202815	26.232612539857143	0.0
72.0	26.261222625704544	23.677512420077083	23.73432174126139	26.326943212956984	0.0
73.0	26.266792166997128	23.666373337491926	23.793637356027357	26.27319713948359	0.0
74.0	26.297146167041685	23.66442399803952	23.80310557622474	26.235324258694053	0.0
75.0	26.211375231135964	23.58004544745695	23.834295007463187	26.374284313943903	0.0
76.0	26.24980506605476	23.840143025820392	23.630728273219418	26.279323634905428	0.0
77.0	26.205527212778755	23.695056475148707	23.769688328469268	26.32972798360327	0.0
78.0	26.20357787332635	23.76940985140464	23.691993227437788	26.33501904783122	0.0
79.0	26.205805689843388	23.71566377793125	23.744346915588032	26.334183616637336	0.0
80.0	26.17127453382939	23.762169447724286	23.798928420255308	26.267627598191012	0.0
81.0	26.429979726869696	23.76356183304743	23.574197429099737	26.232261010983137	0.0
82.0	26.298538552364825	23.730423062356586	23.724296566934747	26.246741818343843	0.0
83.0	26.40435983692383	23.59285539242988	23.68336043843429	26.319424332211998	0.0
84.0	26.28461469913338	23.57364047497048	23.779991979860537	26.361752846035603	0.0
85.0	26.26929846057879	23.729866108227327	23.636297814511998	26.364537616681886	0.0
86.0	26.255653084411968	23.715106823801992	23.741562144941742	26.287677946844294	0.0
87.0	26.373727359814648	23.685588254951323	23.71566377793125	26.225020607302785	0.0
88.0	26.26289348809232	23.730423062356586	23.703132310022944	26.303551139528146	0.0
89.0	26.31998128634126	23.76913137434001	23.700626016441287	26.21026132287745	0.0
90.0	26.127832111747278	23.809510548711206	23.602323612627263	26.460333726914254	0.0
91.0	26.205805689843388	23.756878383496336	23.76105553946577	26.27626038719451	0.0
92.0	26.34560117628712	23.69422104395482	23.749081025686724	26.211096754071335	0.0
93.0	26.38848664423998	23.764397264241317	23.619867667698887	26.227248423819816	0.0
94.0	26.342537928576203	23.7017399246998	23.6276650255085	26.328057121215497	0.0
95.0	26.36641353171984	23.700560015817455	23.663522669362315	26.26950378310039	0.0
96.0	26.395375065790024	23.768229754077588	23.612561508450362	26.223833671682023	0.0
97.0	26.25857008393252	23.678494449983013	23.736695832335464	26.326239633749005	0.0
98.0	26.26163331458265	23.66150744365048	23.806593186261132	26.270266055505743	0.0
99.0	26.296442753788657	23.669861709059923	23.79406178814697	26.239633749004447	0.0
100.0	26.22153284061732	23.572395279283093	23.83750396827607	26.368567911823515	0.0
101.0	26.246038685818355	23.82775732529839	23.648697570022666	26.27750641886059	0.0
102.0	26.21819113445355	23.69213975015177	23.76036625099555	26.329302864399136	0.0
103.0	26.209279918016808	23.770112893973234	23.69074737258353	26.32985981542643	0.0
104.0	26.209001442503162	23.72667071384413	23.738088209903704	26.326239633749005	0.0
105.0	26.173913527783505	23.755075216236236	23.800466724960874	26.270544531019386	0.0
106.0	26.428997098285144	23.76482185921392	23.575458509933224	26.230722532567714	0.0
107.0	26.306467872279992	23.73279717514439	23.727227664871428	26.233507287704192	0.0
108.0	26.401428022433986	23.575458509933224	23.695759931829194	26.3273535358036	0.0
109.0	26.28029117399707	23.586319054965497	23.77651783078714	26.356871940250294	0.0
110.0	26.262468741123595	23.724442909734947	23.653710129268333	26.359378219873125	0.0
111.0	26.27110148204668	23.709962183025247	23.747834852881386	26.27110148204668	0.0
112.0	26.37051724041905	23.677659023442068	23.729176993466965	26.22264674267192	0.0
113.0	26.256620755336986	23.73725278336276	23.701329442102157	26.3047970191981	0.0
114.0	26.322897927585228	23.76426490818662	23.697987735938376	26.21484942828977	0.0
115.0	26.145509025391394	23.79963129841993	23.60748319400275	26.44737648218592	0.0
116.0	26.20510278531209	23.76175862856379	23.76454338370027	26.26859520242385	0.0
117.0	26.356314989222994	23.692975176692713	23.74310076914937	26.20760906493492	0.0
118.0	26.37914998134214	23.757859971372717	23.623913249307986	26.239076797977155	0.0
119.0	26.347682248299908	23.698823162479325	23.628647333040007	26.324847256180767	0.0
120.0	26.372261533791708	23.69164877456509	23.678003436397407	26.2580862552458	0.0
121.0	26.40010916270534	23.756533749933862	23.612283032161226	26.23107405519957	0.0
122.0	26.26567825873861	23.679461759529485	23.730144585291953	26.324715396439952	0.0
123.0	26.277095818388396	23.652171007195847	23.796700603738277	26.27403257067748	0.0
124.0	26.29993093768797	23.67055049346136	23.804776438612514	26.224742130238155	0.0
125.0	26.219729543074834	23.579210016263062	23.850725154276294	26.35033528638581	0.0
126.0	26.24340009356829	23.837079778109473	23.64409517232161	26.275424956000627	0.0
127.0	26.21276761645911	23.696448860471854	23.760498585336514	26.33028493773253	0.0
128.0	26.217780203622432	23.756878383496336	23.695334952213333	26.3300064606679	0.0
129.0	26.20469178158487	23.71538530086662	23.75019493394524	26.32972798360327	0.0
130.0	26.174337781540313	23.756878383496336	23.79558669547976	26.27319713948359	0.0
131.0	26.420511506672312	23.773030053244813	23.585614988749526	26.220843451333348	0.0
132.0	26.30633591017444	23.7401697596186	23.73432174126139	26.219172588945572	0.0
133.0	26.40185354334217	23.575311337358254	23.7084233742509	26.314411745048677	0.0
134.0	26.28517165326264	23.578096108004544	23.77943502573128	26.357297213001534	0.0
135.0	26.253146790830307	23.727359814645666	23.65439882371288	26.36509457081115	0.0
136.0	26.272361708289704	23.709258805444783	23.73961280548934	26.278766680776172	0.0
137.0	26.371499543297617	23.66720876868581	23.73181544767973	26.229476240336847	0.0
138.0	26.253425267894936	23.74462539265266	23.703132310022944	26.298817029429454	0.0
139.0	26.32220910285829	23.77163766792167	23.69672733753648	26.209425891683562	0.0
140.0	26.15178113930537	23.80644730100029	23.60872858511373	26.433042974580612	0.0
141.0	26.211932185265223	23.74796711742821	23.76384031011206	26.27626038719451	0.0
142.0	26.36119589190634	23.69366408982556	23.73905585136008	26.20608416690801	0.0
143.0	26.389043598369238	23.753815135785416	23.625158731926838	26.231982533918508	0.0
144.0	26.347550515739528	23.694777998084078	23.63295608973645	26.324715396439952	0.0
145.0	26.375471671841716	23.688995948147426	23.68259095782453	26.252941422186332	0.0
146.0	26.40610423425556	23.75694454113814	23.60990824155168	26.22704298305462	0.0
147.0	26.263596718407996	23.669568413841503	23.734732409898243	26.332102457852262	0.0
148.0	26.28141934980813	23.6562014402914	23.7918205261018	26.270558683798672	0.0
149.0	26.307596339677076	23.66761906353211	23.79293444056431	26.231850156226503	0.0
150.0	26.220989490217043	23.56569589021259	23.856706043542918	26.356608576027448	0.0
151.0	26.245495608392233	23.83526319013963	23.65035338936323	26.268887812104907	0.0
152.0	26.209571866976333	23.701314976022992	23.76313722869221	26.325975928308466	0.0
153.0	26.21597687513576	23.747263947601464	23.71106172756994	26.325697449692836	0.0
154.0	26.21068578143884	23.706606069719907	23.748099383448345	26.334608765392904	0.0
155.0	26.175040518638575	23.752276562682752	23.800174884570612	26.27250803410806	0.0
156.0	26.424278879624836	23.755896784685902	23.592151358697166	26.227672976992096	0.0
157.0	26.306760903830195	23.740580460826415	23.724150222504413	26.22850841283898	0.0
158.0	26.407013205455954	23.564025018518826	23.706049112488653	26.32291266353657	0.0
159.0	26.301469810133284	23.57850590653144	23.78402312486424	26.33600115847104	0.0
160.0	26.258305624711078	23.724985658351294	23.653973611366382	26.362735105571243	0.0
161.0	26.268052376258026	23.709669334491803	23.7486563406796	26.273621948570568	0.0
162.0	26.3735957715807	23.667062106300857	23.743086768367057	26.216255353751382	0.0
163.0	26.259698017789212	23.74197285390455	23.70799846279804	26.290330665508193	0.0
164.0	26.33906442324294	23.753111998529633	23.694353010632312	26.213470567595117	0.0
165.0	26.16000267339471	23.794326833642447	23.607467682556656	26.438202810406185	0.0
166.0	26.213192088979486	23.748099383448345	23.765086579001597	26.273621948570568	0.0
167.0	26.364962934496262	23.699644104329227	23.742251332520176	26.193141628654338	0.0
168.0	26.39838036837151	23.745036118676445	23.628075100113062	26.22850841283898	0.0
169.0	26.34296312386172	23.696859318172958	23.636150979966246	26.324026577999078	0.0
170.0	26.380352721996807	23.686343092179463	23.679381107401145	26.25392307842258	0.0
171.0	26.4237955070135	23.745937681881852	23.60781190388005	26.22245490722459	0.0
172.0	26.25928731355753	23.678611609281187	23.738763325275976	26.32333775188531	0.0
173.0	26.2715404408898	23.647421830617223	23.80086440243726	26.280173326055717	0.0
174.0	26.289363171554918	23.674155926614908	23.8122820892696	26.224198812560566	0.0
175.0	26.216958328227864	23.57780178895659	23.854889554765908	26.350350328049636	0.0
176.0	26.248983547391752	23.819244093435664	23.65438383478329	26.277388524389295	0.0
177.0	26.216401367894576	23.686409053947177	23.763269579940516	26.333919998217723	0.0
178.0	26.225312733227142	23.73848484510933	23.71091530861172	26.32528711305181	0.0
179.0	26.20554064139552	23.71091530861172	23.756586055941096	26.326957994051664	0.0
180.0	26.179641985897767	23.746560769941965	23.79696568010426	26.276831564056007	0.0
181.0	26.42303365154334	23.752130373274817	23.595902999788354	26.228932975393494	0.0
182.0	26.30774286255333	23.734307642609693	23.74266204760897	26.215287447228008	0.0
183.0	26.408831163044567	23.56666258229089	23.711472268945005	26.313033985719535	0.0
184.0	26.284907488888642	23.578358749289876	23.784991032938635	26.351742728882847	0.0
185.0	26.264856916890377	23.722332995444066	23.65911799761621	26.353692090049346	0.0
186.0	26.269869559889948	23.71286466977822	23.75157341294153	26.265692357390307	0.0
187.0	26.37290722154768	23.68111793078097	23.72511779711049	26.22085705056086	0.0
188.0	26.242181538684328	23.73247634271456	23.709640587491577	26.315701531109536	0.0
189.0	26.342993043449205	23.748628462262523	23.701286042897802	26.207092451390473	0.0
190.0	26.13914215536111	23.79235057896994	23.620803929977775	26.44770333569117	0.0
191.0	26.20995029032123	23.746466714009216	23.761504936157177	26.282078059512372	0.0
192.0	26.357826141442835	23.703579932328	23.738390631744576	26.20020329448459	0.0
193.0	26.409624462174698	23.73504880460058	23.627831850397538	26.227494882827184	0.0
194.0	26.345294289652866	23.682971998273388	23.64760432766615	26.32412938440759	0.0
195.0	26.386305154225752	23.678303683817713	23.682202493009992	26.253188668946542	0.0
196.0	26.42557173251941	23.741520090006794	23.61174544117811	26.221162736295682	0.0
197.0	26.260223959363156	23.684217854924906	23.738244361331503	26.317313824380435	0.0
198.0	26.28222444393079	23.668622574725063	23.782245330466772	26.266907650877375	0.0
199.0	26.28222444393079	23.692015495024826	23.810929506548625	26.214830554495755	0.0
200.0	26.209817785860096	23.58674735367589	23.869133320151608	26.334301540312406	0.0
201.0	26.25827454933817	23.81789168520927	23.660546447478715	26.263287317973838	0.0
202.0	26.216222990227887	23.680597522021372	23.781688356173923	26.321491131576824	0.0
203.0	26.22429911747423	23.740750745649333	23.70816774951752	26.32678238735891	0.0
204.0	26.224856091767084	23.71206656956748	23.752447205799214	26.31063013286622	0.0
205.0	26.20814686298154	23.746320488577847	23.79087843200597	26.25465421643464	0.0
206.0	26.442296981174113	23.755709034198507	23.590286287178344	26.21170769744904	0.0
207.0	26.31809067617244	23.729531023727304	23.742898518436004	26.209479781664253	0.0
208.0	26.405814860198284	23.58443800824329	23.716998997437898	26.29274813412053	0.0
209.0	26.287178344658575	23.5830455608778	23.7832794920352	26.346496602428427	0.0
210.0	26.262392781552858	23.72618915005013	23.669098808065055	26.34231926033196	0.0
211.0	26.277225902935008	23.721520890946003	23.74519256208244	26.25606064403655	0.0
212.0	26.369684665491437	23.680025843895073	23.738508796114505	26.21178069449898	0.0
213.0	26.244861811984094	23.744555470151166	23.713085809132327	26.297496908732416	0.0
214.0	26.328131092025085	23.77240472768996	23.70333856899375	26.196125611291205	0.0
215.0	26.145996947721372	23.814178613998152	23.627310095912843	26.412514342367633	0.0
216.0	26.200932952725754	23.762445171621525	23.76968599874678	26.26693587690594	0.0
217.0	26.356889229269655	23.710645408340874	23.73431734317343	26.19814801921604	0.0
218.0	26.389194457982317	23.7568753046021	23.630996309963102	26.22293392745248	0.0
219.0	26.32040660029242	23.696999234143284	23.656896191603423	26.32569797396087	0.0
220.0	26.3664314319611	23.68787492271788	23.685925463831968	26.25976818148905	0.0
221.0	26.40792705681837	23.746358689295242	23.62215030884999	26.2235639450364	0.0
222.0	26.2578918492897	23.673737652232276	23.756172143268916	26.31219835520911	0.0
223.0	26.275437028125197	23.655356988690322	23.803794771536708	26.26541121164777	0.0
224.0	26.26931014027788	23.684041963611858	23.824403394295867	26.222244501814394	0.0
225.0	26.208876746511155	23.57988487020745	23.86562063981419	26.345617743467205	0.0
226.0	26.245638073595064	23.827188343317378	23.654243009081718	26.272930574005844	0.0
227.0	26.221409017107945	23.697688213817248	23.775945281321626	26.30495748775319	0.0
228.0	26.215282129260626	23.757843112681822	23.71328392833769	26.313590829719864	0.0
229.0	26.20247136376169	23.719689311087162	23.761742041311933	26.31609728383922	0.0
230.0	26.19133156767565	23.741133418552774	23.80880767977542	26.258727333996152	0.0
231.0	26.42366990464308	23.762922199447463	23.60473665448712	26.208671241422334	0.0
232.0	26.312828624899744	23.738136084127976	23.742870510649674	26.20616478032261	0.0
233.0	26.408925328907056	23.56907326745909	23.70887965510711	26.31312174852674	0.0
234.0	26.290006349772188	23.59469515523522	23.778504350150946	26.336794144841647	0.0
235.0	26.266333953457284	23.730324061180614	23.657635879554846	26.345706105807253	0.0
236.0	26.269470600194396	23.72342766113288	23.753784112714342	26.25331762595839	0.0
237.0	26.364160449164082	23.68443772332183	23.741251632703648	26.21015019481044	0.0
238.0	26.245460419312433	23.747298531738075	23.701345721097073	26.30589532785242	0.0
239.0	26.331796002940983	23.779883252010784	23.698003698505	26.190317046543232	0.0
240.0	26.15504588433527	23.803317040564817	23.613095486763864	26.428541588336046	0.0
241.0	26.20791649027428	23.74807825137586	23.77732225217798	26.266683006171874	0.0
242.0	26.344990474492807	23.71210686393565	23.753328357044975	26.189574304526563	0.0
243.0	26.386405289926522	23.749240993588135	23.64116962191732	26.22318409456802	0.0
244.0	26.308444796024666	23.690162500626716	23.67818525182862	26.32320745152	0.0
245.0	26.358260423891455	23.6906244167941	23.69619533880955	26.25491982050489	0.0
246.0	26.392831177802723	23.743520176936425	23.646583973771516	26.217064671489336	0.0
247.0	26.232161411543164	23.687751230559666	23.77354916528081	26.30653819261636	0.0
248.0	26.273887124630903	23.676527940275225	23.80188311326536	26.24770182182851	0.0
249.0	26.272215722324365	23.68822775642097	23.841161067468942	26.19839545378573	0.0
